((-3.19665, 55.94686), (-3.195879, 55.94686), (-3.195879, 55.946424), (-3.19665, 55.946424), (-3.19665, 55.94686))
((-3.195879, 55.94686), (-3.195108, 55.94686), (-3.195108, 55.946424), (-3.195879, 55.946424), (-3.195879, 55.94686))
((-3.195108, 55.94686), (-3.194337, 55.94686), (-3.194337, 55.946424), (-3.195108, 55.946424), (-3.195108, 55.94686))
((-3.194337, 55.94686), (-3.193566, 55.94686), (-3.193566, 55.946424), (-3.194337, 55.946424), (-3.194337, 55.94686))
((-3.193566, 55.94686), (-3.192795, 55.94686), (-3.192795, 55.946424), (-3.193566, 55.946424), (-3.193566, 55.94686))
((-3.192795, 55.94686), (-3.192024, 55.94686), (-3.192024, 55.946424), (-3.192795, 55.946424), (-3.192795, 55.94686))
((-3.192024, 55.94686), (-3.191253, 55.94686), (-3.191253, 55.946424), (-3.192024, 55.946424), (-3.192024, 55.94686))
((-3.191253, 55.94686), (-3.190482, 55.94686), (-3.190482, 55.946424), (-3.191253, 55.946424), (-3.191253, 55.94686))
((-3.190482, 55.94686), (-3.189711, 55.94686), (-3.189711, 55.946424), (-3.190482, 55.946424), (-3.190482, 55.94686))
((-3.189711, 55.94686), (-3.1889399999999997, 55.94686), (-3.1889399999999997, 55.946424), (-3.189711, 55.946424), (-3.189711, 55.94686))
((-3.1889399999999997, 55.94686), (-3.188169, 55.94686), (-3.188169, 55.946424), (-3.1889399999999997, 55.946424), (-3.1889399999999997, 55.94686))
((-3.188169, 55.94686), (-3.187398, 55.94686), (-3.187398, 55.946424), (-3.188169, 55.946424), (-3.188169, 55.94686))
((-3.187398, 55.94686), (-3.1866269999999997, 55.94686), (-3.1866269999999997, 55.946424), (-3.187398, 55.946424), (-3.187398, 55.94686))
((-3.1866269999999997, 55.94686), (-3.185856, 55.94686), (-3.185856, 55.946424), (-3.1866269999999997, 55.946424), (-3.1866269999999997, 55.94686))
((-3.185856, 55.94686), (-3.185085, 55.94686), (-3.185085, 55.946424), (-3.185856, 55.946424), (-3.185856, 55.94686))
((-3.185085, 55.94686), (-3.1843139999999996, 55.94686), (-3.1843139999999996, 55.946424), (-3.185085, 55.946424), (-3.185085, 55.94686))
((-3.1843139999999996, 55.94686), (-3.183543, 55.94686), (-3.183543, 55.946424), (-3.1843139999999996, 55.946424), (-3.1843139999999996, 55.94686))
((-3.183543, 55.94686), (-3.182772, 55.94686), (-3.182772, 55.946424), (-3.183543, 55.946424), (-3.183543, 55.94686))
((-3.182772, 55.94686), (-3.1820009999999996, 55.94686), (-3.1820009999999996, 55.946424), (-3.182772, 55.946424), (-3.182772, 55.94686))
((-3.1820009999999996, 55.94686), (-3.18123, 55.94686), (-3.18123, 55.946424), (-3.1820009999999996, 55.946424), (-3.1820009999999996, 55.94686))
((-3.19665, 55.946424), (-3.195879, 55.946424), (-3.195879, 55.945988), (-3.19665, 55.945988), (-3.19665, 55.946424))
((-3.195879, 55.946424), (-3.195108, 55.946424), (-3.195108, 55.945988), (-3.195879, 55.945988), (-3.195879, 55.946424))
((-3.195108, 55.946424), (-3.194337, 55.946424), (-3.194337, 55.945988), (-3.195108, 55.945988), (-3.195108, 55.946424))
((-3.194337, 55.946424), (-3.193566, 55.946424), (-3.193566, 55.945988), (-3.194337, 55.945988), (-3.194337, 55.946424))
((-3.193566, 55.946424), (-3.192795, 55.946424), (-3.192795, 55.945988), (-3.193566, 55.945988), (-3.193566, 55.946424))
((-3.192795, 55.946424), (-3.192024, 55.946424), (-3.192024, 55.945988), (-3.192795, 55.945988), (-3.192795, 55.946424))
((-3.192024, 55.946424), (-3.191253, 55.946424), (-3.191253, 55.945988), (-3.192024, 55.945988), (-3.192024, 55.946424))
((-3.191253, 55.946424), (-3.190482, 55.946424), (-3.190482, 55.945988), (-3.191253, 55.945988), (-3.191253, 55.946424))
((-3.190482, 55.946424), (-3.189711, 55.946424), (-3.189711, 55.945988), (-3.190482, 55.945988), (-3.190482, 55.946424))
((-3.189711, 55.946424), (-3.1889399999999997, 55.946424), (-3.1889399999999997, 55.945988), (-3.189711, 55.945988), (-3.189711, 55.946424))
((-3.1889399999999997, 55.946424), (-3.188169, 55.946424), (-3.188169, 55.945988), (-3.1889399999999997, 55.945988), (-3.1889399999999997, 55.946424))
((-3.188169, 55.946424), (-3.187398, 55.946424), (-3.187398, 55.945988), (-3.188169, 55.945988), (-3.188169, 55.946424))
((-3.187398, 55.946424), (-3.1866269999999997, 55.946424), (-3.1866269999999997, 55.945988), (-3.187398, 55.945988), (-3.187398, 55.946424))
((-3.1866269999999997, 55.946424), (-3.185856, 55.946424), (-3.185856, 55.945988), (-3.1866269999999997, 55.945988), (-3.1866269999999997, 55.946424))
((-3.185856, 55.946424), (-3.185085, 55.946424), (-3.185085, 55.945988), (-3.185856, 55.945988), (-3.185856, 55.946424))
((-3.185085, 55.946424), (-3.1843139999999996, 55.946424), (-3.1843139999999996, 55.945988), (-3.185085, 55.945988), (-3.185085, 55.946424))
((-3.1843139999999996, 55.946424), (-3.183543, 55.946424), (-3.183543, 55.945988), (-3.1843139999999996, 55.945988), (-3.1843139999999996, 55.946424))
((-3.183543, 55.946424), (-3.182772, 55.946424), (-3.182772, 55.945988), (-3.183543, 55.945988), (-3.183543, 55.946424))
((-3.182772, 55.946424), (-3.1820009999999996, 55.946424), (-3.1820009999999996, 55.945988), (-3.182772, 55.945988), (-3.182772, 55.946424))
((-3.1820009999999996, 55.946424), (-3.18123, 55.946424), (-3.18123, 55.945988), (-3.1820009999999996, 55.945988), (-3.1820009999999996, 55.946424))
((-3.19665, 55.945988), (-3.195879, 55.945988), (-3.195879, 55.945552), (-3.19665, 55.945552), (-3.19665, 55.945988))
((-3.195879, 55.945988), (-3.195108, 55.945988), (-3.195108, 55.945552), (-3.195879, 55.945552), (-3.195879, 55.945988))
((-3.195108, 55.945988), (-3.194337, 55.945988), (-3.194337, 55.945552), (-3.195108, 55.945552), (-3.195108, 55.945988))
((-3.194337, 55.945988), (-3.193566, 55.945988), (-3.193566, 55.945552), (-3.194337, 55.945552), (-3.194337, 55.945988))
((-3.193566, 55.945988), (-3.192795, 55.945988), (-3.192795, 55.945552), (-3.193566, 55.945552), (-3.193566, 55.945988))
((-3.192795, 55.945988), (-3.192024, 55.945988), (-3.192024, 55.945552), (-3.192795, 55.945552), (-3.192795, 55.945988))
((-3.192024, 55.945988), (-3.191253, 55.945988), (-3.191253, 55.945552), (-3.192024, 55.945552), (-3.192024, 55.945988))
((-3.191253, 55.945988), (-3.190482, 55.945988), (-3.190482, 55.945552), (-3.191253, 55.945552), (-3.191253, 55.945988))
((-3.190482, 55.945988), (-3.189711, 55.945988), (-3.189711, 55.945552), (-3.190482, 55.945552), (-3.190482, 55.945988))
((-3.189711, 55.945988), (-3.1889399999999997, 55.945988), (-3.1889399999999997, 55.945552), (-3.189711, 55.945552), (-3.189711, 55.945988))
((-3.1889399999999997, 55.945988), (-3.188169, 55.945988), (-3.188169, 55.945552), (-3.1889399999999997, 55.945552), (-3.1889399999999997, 55.945988))
((-3.188169, 55.945988), (-3.187398, 55.945988), (-3.187398, 55.945552), (-3.188169, 55.945552), (-3.188169, 55.945988))
((-3.187398, 55.945988), (-3.1866269999999997, 55.945988), (-3.1866269999999997, 55.945552), (-3.187398, 55.945552), (-3.187398, 55.945988))
((-3.1866269999999997, 55.945988), (-3.185856, 55.945988), (-3.185856, 55.945552), (-3.1866269999999997, 55.945552), (-3.1866269999999997, 55.945988))
((-3.185856, 55.945988), (-3.185085, 55.945988), (-3.185085, 55.945552), (-3.185856, 55.945552), (-3.185856, 55.945988))
((-3.185085, 55.945988), (-3.1843139999999996, 55.945988), (-3.1843139999999996, 55.945552), (-3.185085, 55.945552), (-3.185085, 55.945988))
((-3.1843139999999996, 55.945988), (-3.183543, 55.945988), (-3.183543, 55.945552), (-3.1843139999999996, 55.945552), (-3.1843139999999996, 55.945988))
((-3.183543, 55.945988), (-3.182772, 55.945988), (-3.182772, 55.945552), (-3.183543, 55.945552), (-3.183543, 55.945988))
((-3.182772, 55.945988), (-3.1820009999999996, 55.945988), (-3.1820009999999996, 55.945552), (-3.182772, 55.945552), (-3.182772, 55.945988))
((-3.1820009999999996, 55.945988), (-3.18123, 55.945988), (-3.18123, 55.945552), (-3.1820009999999996, 55.945552), (-3.1820009999999996, 55.945988))
((-3.19665, 55.945552), (-3.195879, 55.945552), (-3.195879, 55.945116), (-3.19665, 55.945116), (-3.19665, 55.945552))
((-3.195879, 55.945552), (-3.195108, 55.945552), (-3.195108, 55.945116), (-3.195879, 55.945116), (-3.195879, 55.945552))
((-3.195108, 55.945552), (-3.194337, 55.945552), (-3.194337, 55.945116), (-3.195108, 55.945116), (-3.195108, 55.945552))
((-3.194337, 55.945552), (-3.193566, 55.945552), (-3.193566, 55.945116), (-3.194337, 55.945116), (-3.194337, 55.945552))
((-3.193566, 55.945552), (-3.192795, 55.945552), (-3.192795, 55.945116), (-3.193566, 55.945116), (-3.193566, 55.945552))
((-3.192795, 55.945552), (-3.192024, 55.945552), (-3.192024, 55.945116), (-3.192795, 55.945116), (-3.192795, 55.945552))
((-3.192024, 55.945552), (-3.191253, 55.945552), (-3.191253, 55.945116), (-3.192024, 55.945116), (-3.192024, 55.945552))
((-3.191253, 55.945552), (-3.190482, 55.945552), (-3.190482, 55.945116), (-3.191253, 55.945116), (-3.191253, 55.945552))
((-3.190482, 55.945552), (-3.189711, 55.945552), (-3.189711, 55.945116), (-3.190482, 55.945116), (-3.190482, 55.945552))
((-3.189711, 55.945552), (-3.1889399999999997, 55.945552), (-3.1889399999999997, 55.945116), (-3.189711, 55.945116), (-3.189711, 55.945552))
((-3.1889399999999997, 55.945552), (-3.188169, 55.945552), (-3.188169, 55.945116), (-3.1889399999999997, 55.945116), (-3.1889399999999997, 55.945552))
((-3.188169, 55.945552), (-3.187398, 55.945552), (-3.187398, 55.945116), (-3.188169, 55.945116), (-3.188169, 55.945552))
((-3.187398, 55.945552), (-3.1866269999999997, 55.945552), (-3.1866269999999997, 55.945116), (-3.187398, 55.945116), (-3.187398, 55.945552))
((-3.1866269999999997, 55.945552), (-3.185856, 55.945552), (-3.185856, 55.945116), (-3.1866269999999997, 55.945116), (-3.1866269999999997, 55.945552))
((-3.185856, 55.945552), (-3.185085, 55.945552), (-3.185085, 55.945116), (-3.185856, 55.945116), (-3.185856, 55.945552))
((-3.185085, 55.945552), (-3.1843139999999996, 55.945552), (-3.1843139999999996, 55.945116), (-3.185085, 55.945116), (-3.185085, 55.945552))
((-3.1843139999999996, 55.945552), (-3.183543, 55.945552), (-3.183543, 55.945116), (-3.1843139999999996, 55.945116), (-3.1843139999999996, 55.945552))
((-3.183543, 55.945552), (-3.182772, 55.945552), (-3.182772, 55.945116), (-3.183543, 55.945116), (-3.183543, 55.945552))
((-3.182772, 55.945552), (-3.1820009999999996, 55.945552), (-3.1820009999999996, 55.945116), (-3.182772, 55.945116), (-3.182772, 55.945552))
((-3.1820009999999996, 55.945552), (-3.18123, 55.945552), (-3.18123, 55.945116), (-3.1820009999999996, 55.945116), (-3.1820009999999996, 55.945552))
((-3.19665, 55.945116), (-3.195879, 55.945116), (-3.195879, 55.94468), (-3.19665, 55.94468), (-3.19665, 55.945116))
((-3.195879, 55.945116), (-3.195108, 55.945116), (-3.195108, 55.94468), (-3.195879, 55.94468), (-3.195879, 55.945116))
((-3.195108, 55.945116), (-3.194337, 55.945116), (-3.194337, 55.94468), (-3.195108, 55.94468), (-3.195108, 55.945116))
((-3.194337, 55.945116), (-3.193566, 55.945116), (-3.193566, 55.94468), (-3.194337, 55.94468), (-3.194337, 55.945116))
((-3.193566, 55.945116), (-3.192795, 55.945116), (-3.192795, 55.94468), (-3.193566, 55.94468), (-3.193566, 55.945116))
((-3.192795, 55.945116), (-3.192024, 55.945116), (-3.192024, 55.94468), (-3.192795, 55.94468), (-3.192795, 55.945116))
((-3.192024, 55.945116), (-3.191253, 55.945116), (-3.191253, 55.94468), (-3.192024, 55.94468), (-3.192024, 55.945116))
((-3.191253, 55.945116), (-3.190482, 55.945116), (-3.190482, 55.94468), (-3.191253, 55.94468), (-3.191253, 55.945116))
((-3.190482, 55.945116), (-3.189711, 55.945116), (-3.189711, 55.94468), (-3.190482, 55.94468), (-3.190482, 55.945116))
((-3.189711, 55.945116), (-3.1889399999999997, 55.945116), (-3.1889399999999997, 55.94468), (-3.189711, 55.94468), (-3.189711, 55.945116))
((-3.1889399999999997, 55.945116), (-3.188169, 55.945116), (-3.188169, 55.94468), (-3.1889399999999997, 55.94468), (-3.1889399999999997, 55.945116))
((-3.188169, 55.945116), (-3.187398, 55.945116), (-3.187398, 55.94468), (-3.188169, 55.94468), (-3.188169, 55.945116))
((-3.187398, 55.945116), (-3.1866269999999997, 55.945116), (-3.1866269999999997, 55.94468), (-3.187398, 55.94468), (-3.187398, 55.945116))
((-3.1866269999999997, 55.945116), (-3.185856, 55.945116), (-3.185856, 55.94468), (-3.1866269999999997, 55.94468), (-3.1866269999999997, 55.945116))
((-3.185856, 55.945116), (-3.185085, 55.945116), (-3.185085, 55.94468), (-3.185856, 55.94468), (-3.185856, 55.945116))
((-3.185085, 55.945116), (-3.1843139999999996, 55.945116), (-3.1843139999999996, 55.94468), (-3.185085, 55.94468), (-3.185085, 55.945116))
((-3.1843139999999996, 55.945116), (-3.183543, 55.945116), (-3.183543, 55.94468), (-3.1843139999999996, 55.94468), (-3.1843139999999996, 55.945116))
((-3.183543, 55.945116), (-3.182772, 55.945116), (-3.182772, 55.94468), (-3.183543, 55.94468), (-3.183543, 55.945116))
((-3.182772, 55.945116), (-3.1820009999999996, 55.945116), (-3.1820009999999996, 55.94468), (-3.182772, 55.94468), (-3.182772, 55.945116))
((-3.1820009999999996, 55.945116), (-3.18123, 55.945116), (-3.18123, 55.94468), (-3.1820009999999996, 55.94468), (-3.1820009999999996, 55.945116))
((-3.19665, 55.94468), (-3.195879, 55.94468), (-3.195879, 55.944244), (-3.19665, 55.944244), (-3.19665, 55.94468))
((-3.195879, 55.94468), (-3.195108, 55.94468), (-3.195108, 55.944244), (-3.195879, 55.944244), (-3.195879, 55.94468))
((-3.195108, 55.94468), (-3.194337, 55.94468), (-3.194337, 55.944244), (-3.195108, 55.944244), (-3.195108, 55.94468))
((-3.194337, 55.94468), (-3.193566, 55.94468), (-3.193566, 55.944244), (-3.194337, 55.944244), (-3.194337, 55.94468))
((-3.193566, 55.94468), (-3.192795, 55.94468), (-3.192795, 55.944244), (-3.193566, 55.944244), (-3.193566, 55.94468))
((-3.192795, 55.94468), (-3.192024, 55.94468), (-3.192024, 55.944244), (-3.192795, 55.944244), (-3.192795, 55.94468))
((-3.192024, 55.94468), (-3.191253, 55.94468), (-3.191253, 55.944244), (-3.192024, 55.944244), (-3.192024, 55.94468))
((-3.191253, 55.94468), (-3.190482, 55.94468), (-3.190482, 55.944244), (-3.191253, 55.944244), (-3.191253, 55.94468))
((-3.190482, 55.94468), (-3.189711, 55.94468), (-3.189711, 55.944244), (-3.190482, 55.944244), (-3.190482, 55.94468))
((-3.189711, 55.94468), (-3.1889399999999997, 55.94468), (-3.1889399999999997, 55.944244), (-3.189711, 55.944244), (-3.189711, 55.94468))
((-3.1889399999999997, 55.94468), (-3.188169, 55.94468), (-3.188169, 55.944244), (-3.1889399999999997, 55.944244), (-3.1889399999999997, 55.94468))
((-3.188169, 55.94468), (-3.187398, 55.94468), (-3.187398, 55.944244), (-3.188169, 55.944244), (-3.188169, 55.94468))
((-3.187398, 55.94468), (-3.1866269999999997, 55.94468), (-3.1866269999999997, 55.944244), (-3.187398, 55.944244), (-3.187398, 55.94468))
((-3.1866269999999997, 55.94468), (-3.185856, 55.94468), (-3.185856, 55.944244), (-3.1866269999999997, 55.944244), (-3.1866269999999997, 55.94468))
((-3.185856, 55.94468), (-3.185085, 55.94468), (-3.185085, 55.944244), (-3.185856, 55.944244), (-3.185856, 55.94468))
((-3.185085, 55.94468), (-3.1843139999999996, 55.94468), (-3.1843139999999996, 55.944244), (-3.185085, 55.944244), (-3.185085, 55.94468))
((-3.1843139999999996, 55.94468), (-3.183543, 55.94468), (-3.183543, 55.944244), (-3.1843139999999996, 55.944244), (-3.1843139999999996, 55.94468))
((-3.183543, 55.94468), (-3.182772, 55.94468), (-3.182772, 55.944244), (-3.183543, 55.944244), (-3.183543, 55.94468))
((-3.182772, 55.94468), (-3.1820009999999996, 55.94468), (-3.1820009999999996, 55.944244), (-3.182772, 55.944244), (-3.182772, 55.94468))
((-3.1820009999999996, 55.94468), (-3.18123, 55.94468), (-3.18123, 55.944244), (-3.1820009999999996, 55.944244), (-3.1820009999999996, 55.94468))
((-3.19665, 55.944244), (-3.195879, 55.944244), (-3.195879, 55.943808), (-3.19665, 55.943808), (-3.19665, 55.944244))
((-3.195879, 55.944244), (-3.195108, 55.944244), (-3.195108, 55.943808), (-3.195879, 55.943808), (-3.195879, 55.944244))
((-3.195108, 55.944244), (-3.194337, 55.944244), (-3.194337, 55.943808), (-3.195108, 55.943808), (-3.195108, 55.944244))
((-3.194337, 55.944244), (-3.193566, 55.944244), (-3.193566, 55.943808), (-3.194337, 55.943808), (-3.194337, 55.944244))
((-3.193566, 55.944244), (-3.192795, 55.944244), (-3.192795, 55.943808), (-3.193566, 55.943808), (-3.193566, 55.944244))
((-3.192795, 55.944244), (-3.192024, 55.944244), (-3.192024, 55.943808), (-3.192795, 55.943808), (-3.192795, 55.944244))
((-3.192024, 55.944244), (-3.191253, 55.944244), (-3.191253, 55.943808), (-3.192024, 55.943808), (-3.192024, 55.944244))
((-3.191253, 55.944244), (-3.190482, 55.944244), (-3.190482, 55.943808), (-3.191253, 55.943808), (-3.191253, 55.944244))
((-3.190482, 55.944244), (-3.189711, 55.944244), (-3.189711, 55.943808), (-3.190482, 55.943808), (-3.190482, 55.944244))
((-3.189711, 55.944244), (-3.1889399999999997, 55.944244), (-3.1889399999999997, 55.943808), (-3.189711, 55.943808), (-3.189711, 55.944244))
((-3.1889399999999997, 55.944244), (-3.188169, 55.944244), (-3.188169, 55.943808), (-3.1889399999999997, 55.943808), (-3.1889399999999997, 55.944244))
((-3.188169, 55.944244), (-3.187398, 55.944244), (-3.187398, 55.943808), (-3.188169, 55.943808), (-3.188169, 55.944244))
((-3.187398, 55.944244), (-3.1866269999999997, 55.944244), (-3.1866269999999997, 55.943808), (-3.187398, 55.943808), (-3.187398, 55.944244))
((-3.1866269999999997, 55.944244), (-3.185856, 55.944244), (-3.185856, 55.943808), (-3.1866269999999997, 55.943808), (-3.1866269999999997, 55.944244))
((-3.185856, 55.944244), (-3.185085, 55.944244), (-3.185085, 55.943808), (-3.185856, 55.943808), (-3.185856, 55.944244))
((-3.185085, 55.944244), (-3.1843139999999996, 55.944244), (-3.1843139999999996, 55.943808), (-3.185085, 55.943808), (-3.185085, 55.944244))
((-3.1843139999999996, 55.944244), (-3.183543, 55.944244), (-3.183543, 55.943808), (-3.1843139999999996, 55.943808), (-3.1843139999999996, 55.944244))
((-3.183543, 55.944244), (-3.182772, 55.944244), (-3.182772, 55.943808), (-3.183543, 55.943808), (-3.183543, 55.944244))
((-3.182772, 55.944244), (-3.1820009999999996, 55.944244), (-3.1820009999999996, 55.943808), (-3.182772, 55.943808), (-3.182772, 55.944244))
((-3.1820009999999996, 55.944244), (-3.18123, 55.944244), (-3.18123, 55.943808), (-3.1820009999999996, 55.943808), (-3.1820009999999996, 55.944244))
((-3.19665, 55.943808), (-3.195879, 55.943808), (-3.195879, 55.943372), (-3.19665, 55.943372), (-3.19665, 55.943808))
((-3.195879, 55.943808), (-3.195108, 55.943808), (-3.195108, 55.943372), (-3.195879, 55.943372), (-3.195879, 55.943808))
((-3.195108, 55.943808), (-3.194337, 55.943808), (-3.194337, 55.943372), (-3.195108, 55.943372), (-3.195108, 55.943808))
((-3.194337, 55.943808), (-3.193566, 55.943808), (-3.193566, 55.943372), (-3.194337, 55.943372), (-3.194337, 55.943808))
((-3.193566, 55.943808), (-3.192795, 55.943808), (-3.192795, 55.943372), (-3.193566, 55.943372), (-3.193566, 55.943808))
((-3.192795, 55.943808), (-3.192024, 55.943808), (-3.192024, 55.943372), (-3.192795, 55.943372), (-3.192795, 55.943808))
((-3.192024, 55.943808), (-3.191253, 55.943808), (-3.191253, 55.943372), (-3.192024, 55.943372), (-3.192024, 55.943808))
((-3.191253, 55.943808), (-3.190482, 55.943808), (-3.190482, 55.943372), (-3.191253, 55.943372), (-3.191253, 55.943808))
((-3.190482, 55.943808), (-3.189711, 55.943808), (-3.189711, 55.943372), (-3.190482, 55.943372), (-3.190482, 55.943808))
((-3.189711, 55.943808), (-3.1889399999999997, 55.943808), (-3.1889399999999997, 55.943372), (-3.189711, 55.943372), (-3.189711, 55.943808))
((-3.1889399999999997, 55.943808), (-3.188169, 55.943808), (-3.188169, 55.943372), (-3.1889399999999997, 55.943372), (-3.1889399999999997, 55.943808))
((-3.188169, 55.943808), (-3.187398, 55.943808), (-3.187398, 55.943372), (-3.188169, 55.943372), (-3.188169, 55.943808))
((-3.187398, 55.943808), (-3.1866269999999997, 55.943808), (-3.1866269999999997, 55.943372), (-3.187398, 55.943372), (-3.187398, 55.943808))
((-3.1866269999999997, 55.943808), (-3.185856, 55.943808), (-3.185856, 55.943372), (-3.1866269999999997, 55.943372), (-3.1866269999999997, 55.943808))
((-3.185856, 55.943808), (-3.185085, 55.943808), (-3.185085, 55.943372), (-3.185856, 55.943372), (-3.185856, 55.943808))
((-3.185085, 55.943808), (-3.1843139999999996, 55.943808), (-3.1843139999999996, 55.943372), (-3.185085, 55.943372), (-3.185085, 55.943808))
((-3.1843139999999996, 55.943808), (-3.183543, 55.943808), (-3.183543, 55.943372), (-3.1843139999999996, 55.943372), (-3.1843139999999996, 55.943808))
((-3.183543, 55.943808), (-3.182772, 55.943808), (-3.182772, 55.943372), (-3.183543, 55.943372), (-3.183543, 55.943808))
((-3.182772, 55.943808), (-3.1820009999999996, 55.943808), (-3.1820009999999996, 55.943372), (-3.182772, 55.943372), (-3.182772, 55.943808))
((-3.1820009999999996, 55.943808), (-3.18123, 55.943808), (-3.18123, 55.943372), (-3.1820009999999996, 55.943372), (-3.1820009999999996, 55.943808))
((-3.19665, 55.943372), (-3.195879, 55.943372), (-3.195879, 55.942935999999996), (-3.19665, 55.942935999999996), (-3.19665, 55.943372))
((-3.195879, 55.943372), (-3.195108, 55.943372), (-3.195108, 55.942935999999996), (-3.195879, 55.942935999999996), (-3.195879, 55.943372))
((-3.195108, 55.943372), (-3.194337, 55.943372), (-3.194337, 55.942935999999996), (-3.195108, 55.942935999999996), (-3.195108, 55.943372))
((-3.194337, 55.943372), (-3.193566, 55.943372), (-3.193566, 55.942935999999996), (-3.194337, 55.942935999999996), (-3.194337, 55.943372))
((-3.193566, 55.943372), (-3.192795, 55.943372), (-3.192795, 55.942935999999996), (-3.193566, 55.942935999999996), (-3.193566, 55.943372))
((-3.192795, 55.943372), (-3.192024, 55.943372), (-3.192024, 55.942935999999996), (-3.192795, 55.942935999999996), (-3.192795, 55.943372))
((-3.192024, 55.943372), (-3.191253, 55.943372), (-3.191253, 55.942935999999996), (-3.192024, 55.942935999999996), (-3.192024, 55.943372))
((-3.191253, 55.943372), (-3.190482, 55.943372), (-3.190482, 55.942935999999996), (-3.191253, 55.942935999999996), (-3.191253, 55.943372))
((-3.190482, 55.943372), (-3.189711, 55.943372), (-3.189711, 55.942935999999996), (-3.190482, 55.942935999999996), (-3.190482, 55.943372))
((-3.189711, 55.943372), (-3.1889399999999997, 55.943372), (-3.1889399999999997, 55.942935999999996), (-3.189711, 55.942935999999996), (-3.189711, 55.943372))
((-3.1889399999999997, 55.943372), (-3.188169, 55.943372), (-3.188169, 55.942935999999996), (-3.1889399999999997, 55.942935999999996), (-3.1889399999999997, 55.943372))
((-3.188169, 55.943372), (-3.187398, 55.943372), (-3.187398, 55.942935999999996), (-3.188169, 55.942935999999996), (-3.188169, 55.943372))
((-3.187398, 55.943372), (-3.1866269999999997, 55.943372), (-3.1866269999999997, 55.942935999999996), (-3.187398, 55.942935999999996), (-3.187398, 55.943372))
((-3.1866269999999997, 55.943372), (-3.185856, 55.943372), (-3.185856, 55.942935999999996), (-3.1866269999999997, 55.942935999999996), (-3.1866269999999997, 55.943372))
((-3.185856, 55.943372), (-3.185085, 55.943372), (-3.185085, 55.942935999999996), (-3.185856, 55.942935999999996), (-3.185856, 55.943372))
((-3.185085, 55.943372), (-3.1843139999999996, 55.943372), (-3.1843139999999996, 55.942935999999996), (-3.185085, 55.942935999999996), (-3.185085, 55.943372))
((-3.1843139999999996, 55.943372), (-3.183543, 55.943372), (-3.183543, 55.942935999999996), (-3.1843139999999996, 55.942935999999996), (-3.1843139999999996, 55.943372))
((-3.183543, 55.943372), (-3.182772, 55.943372), (-3.182772, 55.942935999999996), (-3.183543, 55.942935999999996), (-3.183543, 55.943372))
((-3.182772, 55.943372), (-3.1820009999999996, 55.943372), (-3.1820009999999996, 55.942935999999996), (-3.182772, 55.942935999999996), (-3.182772, 55.943372))
((-3.1820009999999996, 55.943372), (-3.18123, 55.943372), (-3.18123, 55.942935999999996), (-3.1820009999999996, 55.942935999999996), (-3.1820009999999996, 55.943372))
((-3.19665, 55.942935999999996), (-3.195879, 55.942935999999996), (-3.195879, 55.942499999999995), (-3.19665, 55.942499999999995), (-3.19665, 55.942935999999996))
((-3.195879, 55.942935999999996), (-3.195108, 55.942935999999996), (-3.195108, 55.942499999999995), (-3.195879, 55.942499999999995), (-3.195879, 55.942935999999996))
((-3.195108, 55.942935999999996), (-3.194337, 55.942935999999996), (-3.194337, 55.942499999999995), (-3.195108, 55.942499999999995), (-3.195108, 55.942935999999996))
((-3.194337, 55.942935999999996), (-3.193566, 55.942935999999996), (-3.193566, 55.942499999999995), (-3.194337, 55.942499999999995), (-3.194337, 55.942935999999996))
((-3.193566, 55.942935999999996), (-3.192795, 55.942935999999996), (-3.192795, 55.942499999999995), (-3.193566, 55.942499999999995), (-3.193566, 55.942935999999996))
((-3.192795, 55.942935999999996), (-3.192024, 55.942935999999996), (-3.192024, 55.942499999999995), (-3.192795, 55.942499999999995), (-3.192795, 55.942935999999996))
((-3.192024, 55.942935999999996), (-3.191253, 55.942935999999996), (-3.191253, 55.942499999999995), (-3.192024, 55.942499999999995), (-3.192024, 55.942935999999996))
((-3.191253, 55.942935999999996), (-3.190482, 55.942935999999996), (-3.190482, 55.942499999999995), (-3.191253, 55.942499999999995), (-3.191253, 55.942935999999996))
((-3.190482, 55.942935999999996), (-3.189711, 55.942935999999996), (-3.189711, 55.942499999999995), (-3.190482, 55.942499999999995), (-3.190482, 55.942935999999996))
((-3.189711, 55.942935999999996), (-3.1889399999999997, 55.942935999999996), (-3.1889399999999997, 55.942499999999995), (-3.189711, 55.942499999999995), (-3.189711, 55.942935999999996))
((-3.1889399999999997, 55.942935999999996), (-3.188169, 55.942935999999996), (-3.188169, 55.942499999999995), (-3.1889399999999997, 55.942499999999995), (-3.1889399999999997, 55.942935999999996))
((-3.188169, 55.942935999999996), (-3.187398, 55.942935999999996), (-3.187398, 55.942499999999995), (-3.188169, 55.942499999999995), (-3.188169, 55.942935999999996))
((-3.187398, 55.942935999999996), (-3.1866269999999997, 55.942935999999996), (-3.1866269999999997, 55.942499999999995), (-3.187398, 55.942499999999995), (-3.187398, 55.942935999999996))
((-3.1866269999999997, 55.942935999999996), (-3.185856, 55.942935999999996), (-3.185856, 55.942499999999995), (-3.1866269999999997, 55.942499999999995), (-3.1866269999999997, 55.942935999999996))
((-3.185856, 55.942935999999996), (-3.185085, 55.942935999999996), (-3.185085, 55.942499999999995), (-3.185856, 55.942499999999995), (-3.185856, 55.942935999999996))
((-3.185085, 55.942935999999996), (-3.1843139999999996, 55.942935999999996), (-3.1843139999999996, 55.942499999999995), (-3.185085, 55.942499999999995), (-3.185085, 55.942935999999996))
((-3.1843139999999996, 55.942935999999996), (-3.183543, 55.942935999999996), (-3.183543, 55.942499999999995), (-3.1843139999999996, 55.942499999999995), (-3.1843139999999996, 55.942935999999996))
((-3.183543, 55.942935999999996), (-3.182772, 55.942935999999996), (-3.182772, 55.942499999999995), (-3.183543, 55.942499999999995), (-3.183543, 55.942935999999996))
((-3.182772, 55.942935999999996), (-3.1820009999999996, 55.942935999999996), (-3.1820009999999996, 55.942499999999995), (-3.182772, 55.942499999999995), (-3.182772, 55.942935999999996))
((-3.1820009999999996, 55.942935999999996), (-3.18123, 55.942935999999996), (-3.18123, 55.942499999999995), (-3.1820009999999996, 55.942499999999995), (-3.1820009999999996, 55.942935999999996))
((-3.19665, 55.942499999999995), (-3.195879, 55.942499999999995), (-3.195879, 55.942064), (-3.19665, 55.942064), (-3.19665, 55.942499999999995))
((-3.195879, 55.942499999999995), (-3.195108, 55.942499999999995), (-3.195108, 55.942064), (-3.195879, 55.942064), (-3.195879, 55.942499999999995))
((-3.195108, 55.942499999999995), (-3.194337, 55.942499999999995), (-3.194337, 55.942064), (-3.195108, 55.942064), (-3.195108, 55.942499999999995))
((-3.194337, 55.942499999999995), (-3.193566, 55.942499999999995), (-3.193566, 55.942064), (-3.194337, 55.942064), (-3.194337, 55.942499999999995))
((-3.193566, 55.942499999999995), (-3.192795, 55.942499999999995), (-3.192795, 55.942064), (-3.193566, 55.942064), (-3.193566, 55.942499999999995))
((-3.192795, 55.942499999999995), (-3.192024, 55.942499999999995), (-3.192024, 55.942064), (-3.192795, 55.942064), (-3.192795, 55.942499999999995))
((-3.192024, 55.942499999999995), (-3.191253, 55.942499999999995), (-3.191253, 55.942064), (-3.192024, 55.942064), (-3.192024, 55.942499999999995))
((-3.191253, 55.942499999999995), (-3.190482, 55.942499999999995), (-3.190482, 55.942064), (-3.191253, 55.942064), (-3.191253, 55.942499999999995))
((-3.190482, 55.942499999999995), (-3.189711, 55.942499999999995), (-3.189711, 55.942064), (-3.190482, 55.942064), (-3.190482, 55.942499999999995))
((-3.189711, 55.942499999999995), (-3.1889399999999997, 55.942499999999995), (-3.1889399999999997, 55.942064), (-3.189711, 55.942064), (-3.189711, 55.942499999999995))
((-3.1889399999999997, 55.942499999999995), (-3.188169, 55.942499999999995), (-3.188169, 55.942064), (-3.1889399999999997, 55.942064), (-3.1889399999999997, 55.942499999999995))
((-3.188169, 55.942499999999995), (-3.187398, 55.942499999999995), (-3.187398, 55.942064), (-3.188169, 55.942064), (-3.188169, 55.942499999999995))
((-3.187398, 55.942499999999995), (-3.1866269999999997, 55.942499999999995), (-3.1866269999999997, 55.942064), (-3.187398, 55.942064), (-3.187398, 55.942499999999995))
((-3.1866269999999997, 55.942499999999995), (-3.185856, 55.942499999999995), (-3.185856, 55.942064), (-3.1866269999999997, 55.942064), (-3.1866269999999997, 55.942499999999995))
((-3.185856, 55.942499999999995), (-3.185085, 55.942499999999995), (-3.185085, 55.942064), (-3.185856, 55.942064), (-3.185856, 55.942499999999995))
((-3.185085, 55.942499999999995), (-3.1843139999999996, 55.942499999999995), (-3.1843139999999996, 55.942064), (-3.185085, 55.942064), (-3.185085, 55.942499999999995))
((-3.1843139999999996, 55.942499999999995), (-3.183543, 55.942499999999995), (-3.183543, 55.942064), (-3.1843139999999996, 55.942064), (-3.1843139999999996, 55.942499999999995))
((-3.183543, 55.942499999999995), (-3.182772, 55.942499999999995), (-3.182772, 55.942064), (-3.183543, 55.942064), (-3.183543, 55.942499999999995))
((-3.182772, 55.942499999999995), (-3.1820009999999996, 55.942499999999995), (-3.1820009999999996, 55.942064), (-3.182772, 55.942064), (-3.182772, 55.942499999999995))
((-3.1820009999999996, 55.942499999999995), (-3.18123, 55.942499999999995), (-3.18123, 55.942064), (-3.1820009999999996, 55.942064), (-3.1820009999999996, 55.942499999999995))
((-3.19665, 55.942064), (-3.195879, 55.942064), (-3.195879, 55.941628), (-3.19665, 55.941628), (-3.19665, 55.942064))
((-3.195879, 55.942064), (-3.195108, 55.942064), (-3.195108, 55.941628), (-3.195879, 55.941628), (-3.195879, 55.942064))
((-3.195108, 55.942064), (-3.194337, 55.942064), (-3.194337, 55.941628), (-3.195108, 55.941628), (-3.195108, 55.942064))
((-3.194337, 55.942064), (-3.193566, 55.942064), (-3.193566, 55.941628), (-3.194337, 55.941628), (-3.194337, 55.942064))
((-3.193566, 55.942064), (-3.192795, 55.942064), (-3.192795, 55.941628), (-3.193566, 55.941628), (-3.193566, 55.942064))
((-3.192795, 55.942064), (-3.192024, 55.942064), (-3.192024, 55.941628), (-3.192795, 55.941628), (-3.192795, 55.942064))
((-3.192024, 55.942064), (-3.191253, 55.942064), (-3.191253, 55.941628), (-3.192024, 55.941628), (-3.192024, 55.942064))
((-3.191253, 55.942064), (-3.190482, 55.942064), (-3.190482, 55.941628), (-3.191253, 55.941628), (-3.191253, 55.942064))
((-3.190482, 55.942064), (-3.189711, 55.942064), (-3.189711, 55.941628), (-3.190482, 55.941628), (-3.190482, 55.942064))
((-3.189711, 55.942064), (-3.1889399999999997, 55.942064), (-3.1889399999999997, 55.941628), (-3.189711, 55.941628), (-3.189711, 55.942064))
((-3.1889399999999997, 55.942064), (-3.188169, 55.942064), (-3.188169, 55.941628), (-3.1889399999999997, 55.941628), (-3.1889399999999997, 55.942064))
((-3.188169, 55.942064), (-3.187398, 55.942064), (-3.187398, 55.941628), (-3.188169, 55.941628), (-3.188169, 55.942064))
((-3.187398, 55.942064), (-3.1866269999999997, 55.942064), (-3.1866269999999997, 55.941628), (-3.187398, 55.941628), (-3.187398, 55.942064))
((-3.1866269999999997, 55.942064), (-3.185856, 55.942064), (-3.185856, 55.941628), (-3.1866269999999997, 55.941628), (-3.1866269999999997, 55.942064))
((-3.185856, 55.942064), (-3.185085, 55.942064), (-3.185085, 55.941628), (-3.185856, 55.941628), (-3.185856, 55.942064))
((-3.185085, 55.942064), (-3.1843139999999996, 55.942064), (-3.1843139999999996, 55.941628), (-3.185085, 55.941628), (-3.185085, 55.942064))
((-3.1843139999999996, 55.942064), (-3.183543, 55.942064), (-3.183543, 55.941628), (-3.1843139999999996, 55.941628), (-3.1843139999999996, 55.942064))
((-3.183543, 55.942064), (-3.182772, 55.942064), (-3.182772, 55.941628), (-3.183543, 55.941628), (-3.183543, 55.942064))
((-3.182772, 55.942064), (-3.1820009999999996, 55.942064), (-3.1820009999999996, 55.941628), (-3.182772, 55.941628), (-3.182772, 55.942064))
((-3.1820009999999996, 55.942064), (-3.18123, 55.942064), (-3.18123, 55.941628), (-3.1820009999999996, 55.941628), (-3.1820009999999996, 55.942064))
((-3.19665, 55.941628), (-3.195879, 55.941628), (-3.195879, 55.941192), (-3.19665, 55.941192), (-3.19665, 55.941628))
((-3.195879, 55.941628), (-3.195108, 55.941628), (-3.195108, 55.941192), (-3.195879, 55.941192), (-3.195879, 55.941628))
((-3.195108, 55.941628), (-3.194337, 55.941628), (-3.194337, 55.941192), (-3.195108, 55.941192), (-3.195108, 55.941628))
((-3.194337, 55.941628), (-3.193566, 55.941628), (-3.193566, 55.941192), (-3.194337, 55.941192), (-3.194337, 55.941628))
((-3.193566, 55.941628), (-3.192795, 55.941628), (-3.192795, 55.941192), (-3.193566, 55.941192), (-3.193566, 55.941628))
((-3.192795, 55.941628), (-3.192024, 55.941628), (-3.192024, 55.941192), (-3.192795, 55.941192), (-3.192795, 55.941628))
((-3.192024, 55.941628), (-3.191253, 55.941628), (-3.191253, 55.941192), (-3.192024, 55.941192), (-3.192024, 55.941628))
((-3.191253, 55.941628), (-3.190482, 55.941628), (-3.190482, 55.941192), (-3.191253, 55.941192), (-3.191253, 55.941628))
((-3.190482, 55.941628), (-3.189711, 55.941628), (-3.189711, 55.941192), (-3.190482, 55.941192), (-3.190482, 55.941628))
((-3.189711, 55.941628), (-3.1889399999999997, 55.941628), (-3.1889399999999997, 55.941192), (-3.189711, 55.941192), (-3.189711, 55.941628))
((-3.1889399999999997, 55.941628), (-3.188169, 55.941628), (-3.188169, 55.941192), (-3.1889399999999997, 55.941192), (-3.1889399999999997, 55.941628))
((-3.188169, 55.941628), (-3.187398, 55.941628), (-3.187398, 55.941192), (-3.188169, 55.941192), (-3.188169, 55.941628))
((-3.187398, 55.941628), (-3.1866269999999997, 55.941628), (-3.1866269999999997, 55.941192), (-3.187398, 55.941192), (-3.187398, 55.941628))
((-3.1866269999999997, 55.941628), (-3.185856, 55.941628), (-3.185856, 55.941192), (-3.1866269999999997, 55.941192), (-3.1866269999999997, 55.941628))
((-3.185856, 55.941628), (-3.185085, 55.941628), (-3.185085, 55.941192), (-3.185856, 55.941192), (-3.185856, 55.941628))
((-3.185085, 55.941628), (-3.1843139999999996, 55.941628), (-3.1843139999999996, 55.941192), (-3.185085, 55.941192), (-3.185085, 55.941628))
((-3.1843139999999996, 55.941628), (-3.183543, 55.941628), (-3.183543, 55.941192), (-3.1843139999999996, 55.941192), (-3.1843139999999996, 55.941628))
((-3.183543, 55.941628), (-3.182772, 55.941628), (-3.182772, 55.941192), (-3.183543, 55.941192), (-3.183543, 55.941628))
((-3.182772, 55.941628), (-3.1820009999999996, 55.941628), (-3.1820009999999996, 55.941192), (-3.182772, 55.941192), (-3.182772, 55.941628))
((-3.1820009999999996, 55.941628), (-3.18123, 55.941628), (-3.18123, 55.941192), (-3.1820009999999996, 55.941192), (-3.1820009999999996, 55.941628))
((-3.19665, 55.941192), (-3.195879, 55.941192), (-3.195879, 55.940756), (-3.19665, 55.940756), (-3.19665, 55.941192))
((-3.195879, 55.941192), (-3.195108, 55.941192), (-3.195108, 55.940756), (-3.195879, 55.940756), (-3.195879, 55.941192))
((-3.195108, 55.941192), (-3.194337, 55.941192), (-3.194337, 55.940756), (-3.195108, 55.940756), (-3.195108, 55.941192))
((-3.194337, 55.941192), (-3.193566, 55.941192), (-3.193566, 55.940756), (-3.194337, 55.940756), (-3.194337, 55.941192))
((-3.193566, 55.941192), (-3.192795, 55.941192), (-3.192795, 55.940756), (-3.193566, 55.940756), (-3.193566, 55.941192))
((-3.192795, 55.941192), (-3.192024, 55.941192), (-3.192024, 55.940756), (-3.192795, 55.940756), (-3.192795, 55.941192))
((-3.192024, 55.941192), (-3.191253, 55.941192), (-3.191253, 55.940756), (-3.192024, 55.940756), (-3.192024, 55.941192))
((-3.191253, 55.941192), (-3.190482, 55.941192), (-3.190482, 55.940756), (-3.191253, 55.940756), (-3.191253, 55.941192))
((-3.190482, 55.941192), (-3.189711, 55.941192), (-3.189711, 55.940756), (-3.190482, 55.940756), (-3.190482, 55.941192))
((-3.189711, 55.941192), (-3.1889399999999997, 55.941192), (-3.1889399999999997, 55.940756), (-3.189711, 55.940756), (-3.189711, 55.941192))
((-3.1889399999999997, 55.941192), (-3.188169, 55.941192), (-3.188169, 55.940756), (-3.1889399999999997, 55.940756), (-3.1889399999999997, 55.941192))
((-3.188169, 55.941192), (-3.187398, 55.941192), (-3.187398, 55.940756), (-3.188169, 55.940756), (-3.188169, 55.941192))
((-3.187398, 55.941192), (-3.1866269999999997, 55.941192), (-3.1866269999999997, 55.940756), (-3.187398, 55.940756), (-3.187398, 55.941192))
((-3.1866269999999997, 55.941192), (-3.185856, 55.941192), (-3.185856, 55.940756), (-3.1866269999999997, 55.940756), (-3.1866269999999997, 55.941192))
((-3.185856, 55.941192), (-3.185085, 55.941192), (-3.185085, 55.940756), (-3.185856, 55.940756), (-3.185856, 55.941192))
((-3.185085, 55.941192), (-3.1843139999999996, 55.941192), (-3.1843139999999996, 55.940756), (-3.185085, 55.940756), (-3.185085, 55.941192))
((-3.1843139999999996, 55.941192), (-3.183543, 55.941192), (-3.183543, 55.940756), (-3.1843139999999996, 55.940756), (-3.1843139999999996, 55.941192))
((-3.183543, 55.941192), (-3.182772, 55.941192), (-3.182772, 55.940756), (-3.183543, 55.940756), (-3.183543, 55.941192))
((-3.182772, 55.941192), (-3.1820009999999996, 55.941192), (-3.1820009999999996, 55.940756), (-3.182772, 55.940756), (-3.182772, 55.941192))
((-3.1820009999999996, 55.941192), (-3.18123, 55.941192), (-3.18123, 55.940756), (-3.1820009999999996, 55.940756), (-3.1820009999999996, 55.941192))
((-3.19665, 55.940756), (-3.195879, 55.940756), (-3.195879, 55.94032), (-3.19665, 55.94032), (-3.19665, 55.940756))
((-3.195879, 55.940756), (-3.195108, 55.940756), (-3.195108, 55.94032), (-3.195879, 55.94032), (-3.195879, 55.940756))
((-3.195108, 55.940756), (-3.194337, 55.940756), (-3.194337, 55.94032), (-3.195108, 55.94032), (-3.195108, 55.940756))
((-3.194337, 55.940756), (-3.193566, 55.940756), (-3.193566, 55.94032), (-3.194337, 55.94032), (-3.194337, 55.940756))
((-3.193566, 55.940756), (-3.192795, 55.940756), (-3.192795, 55.94032), (-3.193566, 55.94032), (-3.193566, 55.940756))
((-3.192795, 55.940756), (-3.192024, 55.940756), (-3.192024, 55.94032), (-3.192795, 55.94032), (-3.192795, 55.940756))
((-3.192024, 55.940756), (-3.191253, 55.940756), (-3.191253, 55.94032), (-3.192024, 55.94032), (-3.192024, 55.940756))
((-3.191253, 55.940756), (-3.190482, 55.940756), (-3.190482, 55.94032), (-3.191253, 55.94032), (-3.191253, 55.940756))
((-3.190482, 55.940756), (-3.189711, 55.940756), (-3.189711, 55.94032), (-3.190482, 55.94032), (-3.190482, 55.940756))
((-3.189711, 55.940756), (-3.1889399999999997, 55.940756), (-3.1889399999999997, 55.94032), (-3.189711, 55.94032), (-3.189711, 55.940756))
((-3.1889399999999997, 55.940756), (-3.188169, 55.940756), (-3.188169, 55.94032), (-3.1889399999999997, 55.94032), (-3.1889399999999997, 55.940756))
((-3.188169, 55.940756), (-3.187398, 55.940756), (-3.187398, 55.94032), (-3.188169, 55.94032), (-3.188169, 55.940756))
((-3.187398, 55.940756), (-3.1866269999999997, 55.940756), (-3.1866269999999997, 55.94032), (-3.187398, 55.94032), (-3.187398, 55.940756))
((-3.1866269999999997, 55.940756), (-3.185856, 55.940756), (-3.185856, 55.94032), (-3.1866269999999997, 55.94032), (-3.1866269999999997, 55.940756))
((-3.185856, 55.940756), (-3.185085, 55.940756), (-3.185085, 55.94032), (-3.185856, 55.94032), (-3.185856, 55.940756))
((-3.185085, 55.940756), (-3.1843139999999996, 55.940756), (-3.1843139999999996, 55.94032), (-3.185085, 55.94032), (-3.185085, 55.940756))
((-3.1843139999999996, 55.940756), (-3.183543, 55.940756), (-3.183543, 55.94032), (-3.1843139999999996, 55.94032), (-3.1843139999999996, 55.940756))
((-3.183543, 55.940756), (-3.182772, 55.940756), (-3.182772, 55.94032), (-3.183543, 55.94032), (-3.183543, 55.940756))
((-3.182772, 55.940756), (-3.1820009999999996, 55.940756), (-3.1820009999999996, 55.94032), (-3.182772, 55.94032), (-3.182772, 55.940756))
((-3.1820009999999996, 55.940756), (-3.18123, 55.940756), (-3.18123, 55.94032), (-3.1820009999999996, 55.94032), (-3.1820009999999996, 55.940756))
((-3.19665, 55.94032), (-3.195879, 55.94032), (-3.195879, 55.939884), (-3.19665, 55.939884), (-3.19665, 55.94032))
((-3.195879, 55.94032), (-3.195108, 55.94032), (-3.195108, 55.939884), (-3.195879, 55.939884), (-3.195879, 55.94032))
((-3.195108, 55.94032), (-3.194337, 55.94032), (-3.194337, 55.939884), (-3.195108, 55.939884), (-3.195108, 55.94032))
((-3.194337, 55.94032), (-3.193566, 55.94032), (-3.193566, 55.939884), (-3.194337, 55.939884), (-3.194337, 55.94032))
((-3.193566, 55.94032), (-3.192795, 55.94032), (-3.192795, 55.939884), (-3.193566, 55.939884), (-3.193566, 55.94032))
((-3.192795, 55.94032), (-3.192024, 55.94032), (-3.192024, 55.939884), (-3.192795, 55.939884), (-3.192795, 55.94032))
((-3.192024, 55.94032), (-3.191253, 55.94032), (-3.191253, 55.939884), (-3.192024, 55.939884), (-3.192024, 55.94032))
((-3.191253, 55.94032), (-3.190482, 55.94032), (-3.190482, 55.939884), (-3.191253, 55.939884), (-3.191253, 55.94032))
((-3.190482, 55.94032), (-3.189711, 55.94032), (-3.189711, 55.939884), (-3.190482, 55.939884), (-3.190482, 55.94032))
((-3.189711, 55.94032), (-3.1889399999999997, 55.94032), (-3.1889399999999997, 55.939884), (-3.189711, 55.939884), (-3.189711, 55.94032))
((-3.1889399999999997, 55.94032), (-3.188169, 55.94032), (-3.188169, 55.939884), (-3.1889399999999997, 55.939884), (-3.1889399999999997, 55.94032))
((-3.188169, 55.94032), (-3.187398, 55.94032), (-3.187398, 55.939884), (-3.188169, 55.939884), (-3.188169, 55.94032))
((-3.187398, 55.94032), (-3.1866269999999997, 55.94032), (-3.1866269999999997, 55.939884), (-3.187398, 55.939884), (-3.187398, 55.94032))
((-3.1866269999999997, 55.94032), (-3.185856, 55.94032), (-3.185856, 55.939884), (-3.1866269999999997, 55.939884), (-3.1866269999999997, 55.94032))
((-3.185856, 55.94032), (-3.185085, 55.94032), (-3.185085, 55.939884), (-3.185856, 55.939884), (-3.185856, 55.94032))
((-3.185085, 55.94032), (-3.1843139999999996, 55.94032), (-3.1843139999999996, 55.939884), (-3.185085, 55.939884), (-3.185085, 55.94032))
((-3.1843139999999996, 55.94032), (-3.183543, 55.94032), (-3.183543, 55.939884), (-3.1843139999999996, 55.939884), (-3.1843139999999996, 55.94032))
((-3.183543, 55.94032), (-3.182772, 55.94032), (-3.182772, 55.939884), (-3.183543, 55.939884), (-3.183543, 55.94032))
((-3.182772, 55.94032), (-3.1820009999999996, 55.94032), (-3.1820009999999996, 55.939884), (-3.182772, 55.939884), (-3.182772, 55.94032))
((-3.1820009999999996, 55.94032), (-3.18123, 55.94032), (-3.18123, 55.939884), (-3.1820009999999996, 55.939884), (-3.1820009999999996, 55.94032))
((-3.19665, 55.939884), (-3.195879, 55.939884), (-3.195879, 55.939448), (-3.19665, 55.939448), (-3.19665, 55.939884))
((-3.195879, 55.939884), (-3.195108, 55.939884), (-3.195108, 55.939448), (-3.195879, 55.939448), (-3.195879, 55.939884))
((-3.195108, 55.939884), (-3.194337, 55.939884), (-3.194337, 55.939448), (-3.195108, 55.939448), (-3.195108, 55.939884))
((-3.194337, 55.939884), (-3.193566, 55.939884), (-3.193566, 55.939448), (-3.194337, 55.939448), (-3.194337, 55.939884))
((-3.193566, 55.939884), (-3.192795, 55.939884), (-3.192795, 55.939448), (-3.193566, 55.939448), (-3.193566, 55.939884))
((-3.192795, 55.939884), (-3.192024, 55.939884), (-3.192024, 55.939448), (-3.192795, 55.939448), (-3.192795, 55.939884))
((-3.192024, 55.939884), (-3.191253, 55.939884), (-3.191253, 55.939448), (-3.192024, 55.939448), (-3.192024, 55.939884))
((-3.191253, 55.939884), (-3.190482, 55.939884), (-3.190482, 55.939448), (-3.191253, 55.939448), (-3.191253, 55.939884))
((-3.190482, 55.939884), (-3.189711, 55.939884), (-3.189711, 55.939448), (-3.190482, 55.939448), (-3.190482, 55.939884))
((-3.189711, 55.939884), (-3.1889399999999997, 55.939884), (-3.1889399999999997, 55.939448), (-3.189711, 55.939448), (-3.189711, 55.939884))
((-3.1889399999999997, 55.939884), (-3.188169, 55.939884), (-3.188169, 55.939448), (-3.1889399999999997, 55.939448), (-3.1889399999999997, 55.939884))
((-3.188169, 55.939884), (-3.187398, 55.939884), (-3.187398, 55.939448), (-3.188169, 55.939448), (-3.188169, 55.939884))
((-3.187398, 55.939884), (-3.1866269999999997, 55.939884), (-3.1866269999999997, 55.939448), (-3.187398, 55.939448), (-3.187398, 55.939884))
((-3.1866269999999997, 55.939884), (-3.185856, 55.939884), (-3.185856, 55.939448), (-3.1866269999999997, 55.939448), (-3.1866269999999997, 55.939884))
((-3.185856, 55.939884), (-3.185085, 55.939884), (-3.185085, 55.939448), (-3.185856, 55.939448), (-3.185856, 55.939884))
((-3.185085, 55.939884), (-3.1843139999999996, 55.939884), (-3.1843139999999996, 55.939448), (-3.185085, 55.939448), (-3.185085, 55.939884))
((-3.1843139999999996, 55.939884), (-3.183543, 55.939884), (-3.183543, 55.939448), (-3.1843139999999996, 55.939448), (-3.1843139999999996, 55.939884))
((-3.183543, 55.939884), (-3.182772, 55.939884), (-3.182772, 55.939448), (-3.183543, 55.939448), (-3.183543, 55.939884))
((-3.182772, 55.939884), (-3.1820009999999996, 55.939884), (-3.1820009999999996, 55.939448), (-3.182772, 55.939448), (-3.182772, 55.939884))
((-3.1820009999999996, 55.939884), (-3.18123, 55.939884), (-3.18123, 55.939448), (-3.1820009999999996, 55.939448), (-3.1820009999999996, 55.939884))
((-3.19665, 55.939448), (-3.195879, 55.939448), (-3.195879, 55.939012), (-3.19665, 55.939012), (-3.19665, 55.939448))
((-3.195879, 55.939448), (-3.195108, 55.939448), (-3.195108, 55.939012), (-3.195879, 55.939012), (-3.195879, 55.939448))
((-3.195108, 55.939448), (-3.194337, 55.939448), (-3.194337, 55.939012), (-3.195108, 55.939012), (-3.195108, 55.939448))
((-3.194337, 55.939448), (-3.193566, 55.939448), (-3.193566, 55.939012), (-3.194337, 55.939012), (-3.194337, 55.939448))
((-3.193566, 55.939448), (-3.192795, 55.939448), (-3.192795, 55.939012), (-3.193566, 55.939012), (-3.193566, 55.939448))
((-3.192795, 55.939448), (-3.192024, 55.939448), (-3.192024, 55.939012), (-3.192795, 55.939012), (-3.192795, 55.939448))
((-3.192024, 55.939448), (-3.191253, 55.939448), (-3.191253, 55.939012), (-3.192024, 55.939012), (-3.192024, 55.939448))
((-3.191253, 55.939448), (-3.190482, 55.939448), (-3.190482, 55.939012), (-3.191253, 55.939012), (-3.191253, 55.939448))
((-3.190482, 55.939448), (-3.189711, 55.939448), (-3.189711, 55.939012), (-3.190482, 55.939012), (-3.190482, 55.939448))
((-3.189711, 55.939448), (-3.1889399999999997, 55.939448), (-3.1889399999999997, 55.939012), (-3.189711, 55.939012), (-3.189711, 55.939448))
((-3.1889399999999997, 55.939448), (-3.188169, 55.939448), (-3.188169, 55.939012), (-3.1889399999999997, 55.939012), (-3.1889399999999997, 55.939448))
((-3.188169, 55.939448), (-3.187398, 55.939448), (-3.187398, 55.939012), (-3.188169, 55.939012), (-3.188169, 55.939448))
((-3.187398, 55.939448), (-3.1866269999999997, 55.939448), (-3.1866269999999997, 55.939012), (-3.187398, 55.939012), (-3.187398, 55.939448))
((-3.1866269999999997, 55.939448), (-3.185856, 55.939448), (-3.185856, 55.939012), (-3.1866269999999997, 55.939012), (-3.1866269999999997, 55.939448))
((-3.185856, 55.939448), (-3.185085, 55.939448), (-3.185085, 55.939012), (-3.185856, 55.939012), (-3.185856, 55.939448))
((-3.185085, 55.939448), (-3.1843139999999996, 55.939448), (-3.1843139999999996, 55.939012), (-3.185085, 55.939012), (-3.185085, 55.939448))
((-3.1843139999999996, 55.939448), (-3.183543, 55.939448), (-3.183543, 55.939012), (-3.1843139999999996, 55.939012), (-3.1843139999999996, 55.939448))
((-3.183543, 55.939448), (-3.182772, 55.939448), (-3.182772, 55.939012), (-3.183543, 55.939012), (-3.183543, 55.939448))
((-3.182772, 55.939448), (-3.1820009999999996, 55.939448), (-3.1820009999999996, 55.939012), (-3.182772, 55.939012), (-3.182772, 55.939448))
((-3.1820009999999996, 55.939448), (-3.18123, 55.939448), (-3.18123, 55.939012), (-3.1820009999999996, 55.939012), (-3.1820009999999996, 55.939448))
((-3.19665, 55.939012), (-3.195879, 55.939012), (-3.195879, 55.938576), (-3.19665, 55.938576), (-3.19665, 55.939012))
((-3.195879, 55.939012), (-3.195108, 55.939012), (-3.195108, 55.938576), (-3.195879, 55.938576), (-3.195879, 55.939012))
((-3.195108, 55.939012), (-3.194337, 55.939012), (-3.194337, 55.938576), (-3.195108, 55.938576), (-3.195108, 55.939012))
((-3.194337, 55.939012), (-3.193566, 55.939012), (-3.193566, 55.938576), (-3.194337, 55.938576), (-3.194337, 55.939012))
((-3.193566, 55.939012), (-3.192795, 55.939012), (-3.192795, 55.938576), (-3.193566, 55.938576), (-3.193566, 55.939012))
((-3.192795, 55.939012), (-3.192024, 55.939012), (-3.192024, 55.938576), (-3.192795, 55.938576), (-3.192795, 55.939012))
((-3.192024, 55.939012), (-3.191253, 55.939012), (-3.191253, 55.938576), (-3.192024, 55.938576), (-3.192024, 55.939012))
((-3.191253, 55.939012), (-3.190482, 55.939012), (-3.190482, 55.938576), (-3.191253, 55.938576), (-3.191253, 55.939012))
((-3.190482, 55.939012), (-3.189711, 55.939012), (-3.189711, 55.938576), (-3.190482, 55.938576), (-3.190482, 55.939012))
((-3.189711, 55.939012), (-3.1889399999999997, 55.939012), (-3.1889399999999997, 55.938576), (-3.189711, 55.938576), (-3.189711, 55.939012))
((-3.1889399999999997, 55.939012), (-3.188169, 55.939012), (-3.188169, 55.938576), (-3.1889399999999997, 55.938576), (-3.1889399999999997, 55.939012))
((-3.188169, 55.939012), (-3.187398, 55.939012), (-3.187398, 55.938576), (-3.188169, 55.938576), (-3.188169, 55.939012))
((-3.187398, 55.939012), (-3.1866269999999997, 55.939012), (-3.1866269999999997, 55.938576), (-3.187398, 55.938576), (-3.187398, 55.939012))
((-3.1866269999999997, 55.939012), (-3.185856, 55.939012), (-3.185856, 55.938576), (-3.1866269999999997, 55.938576), (-3.1866269999999997, 55.939012))
((-3.185856, 55.939012), (-3.185085, 55.939012), (-3.185085, 55.938576), (-3.185856, 55.938576), (-3.185856, 55.939012))
((-3.185085, 55.939012), (-3.1843139999999996, 55.939012), (-3.1843139999999996, 55.938576), (-3.185085, 55.938576), (-3.185085, 55.939012))
((-3.1843139999999996, 55.939012), (-3.183543, 55.939012), (-3.183543, 55.938576), (-3.1843139999999996, 55.938576), (-3.1843139999999996, 55.939012))
((-3.183543, 55.939012), (-3.182772, 55.939012), (-3.182772, 55.938576), (-3.183543, 55.938576), (-3.183543, 55.939012))
((-3.182772, 55.939012), (-3.1820009999999996, 55.939012), (-3.1820009999999996, 55.938576), (-3.182772, 55.938576), (-3.182772, 55.939012))
((-3.1820009999999996, 55.939012), (-3.18123, 55.939012), (-3.18123, 55.938576), (-3.1820009999999996, 55.938576), (-3.1820009999999996, 55.939012))
((-3.19665, 55.938576), (-3.195879, 55.938576), (-3.195879, 55.93814), (-3.19665, 55.93814), (-3.19665, 55.938576))
((-3.195879, 55.938576), (-3.195108, 55.938576), (-3.195108, 55.93814), (-3.195879, 55.93814), (-3.195879, 55.938576))
((-3.195108, 55.938576), (-3.194337, 55.938576), (-3.194337, 55.93814), (-3.195108, 55.93814), (-3.195108, 55.938576))
((-3.194337, 55.938576), (-3.193566, 55.938576), (-3.193566, 55.93814), (-3.194337, 55.93814), (-3.194337, 55.938576))
((-3.193566, 55.938576), (-3.192795, 55.938576), (-3.192795, 55.93814), (-3.193566, 55.93814), (-3.193566, 55.938576))
((-3.192795, 55.938576), (-3.192024, 55.938576), (-3.192024, 55.93814), (-3.192795, 55.93814), (-3.192795, 55.938576))
((-3.192024, 55.938576), (-3.191253, 55.938576), (-3.191253, 55.93814), (-3.192024, 55.93814), (-3.192024, 55.938576))
((-3.191253, 55.938576), (-3.190482, 55.938576), (-3.190482, 55.93814), (-3.191253, 55.93814), (-3.191253, 55.938576))
((-3.190482, 55.938576), (-3.189711, 55.938576), (-3.189711, 55.93814), (-3.190482, 55.93814), (-3.190482, 55.938576))
((-3.189711, 55.938576), (-3.1889399999999997, 55.938576), (-3.1889399999999997, 55.93814), (-3.189711, 55.93814), (-3.189711, 55.938576))
((-3.1889399999999997, 55.938576), (-3.188169, 55.938576), (-3.188169, 55.93814), (-3.1889399999999997, 55.93814), (-3.1889399999999997, 55.938576))
((-3.188169, 55.938576), (-3.187398, 55.938576), (-3.187398, 55.93814), (-3.188169, 55.93814), (-3.188169, 55.938576))
((-3.187398, 55.938576), (-3.1866269999999997, 55.938576), (-3.1866269999999997, 55.93814), (-3.187398, 55.93814), (-3.187398, 55.938576))
((-3.1866269999999997, 55.938576), (-3.185856, 55.938576), (-3.185856, 55.93814), (-3.1866269999999997, 55.93814), (-3.1866269999999997, 55.938576))
((-3.185856, 55.938576), (-3.185085, 55.938576), (-3.185085, 55.93814), (-3.185856, 55.93814), (-3.185856, 55.938576))
((-3.185085, 55.938576), (-3.1843139999999996, 55.938576), (-3.1843139999999996, 55.93814), (-3.185085, 55.93814), (-3.185085, 55.938576))
((-3.1843139999999996, 55.938576), (-3.183543, 55.938576), (-3.183543, 55.93814), (-3.1843139999999996, 55.93814), (-3.1843139999999996, 55.938576))
((-3.183543, 55.938576), (-3.182772, 55.938576), (-3.182772, 55.93814), (-3.183543, 55.93814), (-3.183543, 55.938576))
((-3.182772, 55.938576), (-3.1820009999999996, 55.938576), (-3.1820009999999996, 55.93814), (-3.182772, 55.93814), (-3.182772, 55.938576))
((-3.1820009999999996, 55.938576), (-3.18123, 55.938576), (-3.18123, 55.93814), (-3.1820009999999996, 55.93814), (-3.1820009999999996, 55.938576))