2018-07-24 00:30:00
3.786538243293762207e-01 3.525786399841308594e-01 8.358098864555358887e-01 2.063992470502853394e-01 4.217863082885742188e-01 4.751477241516113281e-01 3.249254226684570312e-01 5.270971059799194336e-01 4.677730202674865723e-01 3.026555478572845459e-01 3.217245936393737793e-01 4.561720788478851318e-01 5.726392269134521484e-01 5.419715642929077148e-01 5.682992339134216309e-01 6.118952035903930664e-01 7.207874059677124023e-01 8.391402363777160645e-01 5.974220633506774902e-01 3.124493360519409180e-01
2.606484293937683105e-01 7.011471986770629883e-01 3.763745129108428955e-01 5.102299451828002930e-01 4.117558300495147705e-01 1.372512429952621460e-01 3.874210417270660400e-01 4.150922894477844238e-01 5.738077163696289062e-01 6.074248552322387695e-01 5.664643049240112305e-01 3.367256820201873779e-01 6.123038530349731445e-01 5.052038431167602539e-01 4.916374087333679199e-01 9.844738245010375977e-01 3.808900415897369385e-01 5.358654856681823730e-01 2.930888235569000244e-01 7.413942813873291016e-01
5.558981895446777344e-01 4.312983155250549316e-01 5.398275256156921387e-01 3.941320776939392090e-01 4.882775843143463135e-01 3.694337010383605957e-01 4.361862540245056152e-01 6.516719460487365723e-01 3.827553093433380127e-01 7.217118740081787109e-01 4.920197129249572754e-01 3.743161261081695557e-01 5.491393804550170898e-01 5.418304204940795898e-01 7.356988191604614258e-01 8.181346654891967773e-01 7.762802243232727051e-01 5.494371652603149414e-01 4.569756686687469482e-01 5.378761291503906250e-01
2.639318704605102539e-01 4.667371213436126709e-01 1.795650869607925415e-01 5.180357694625854492e-01 4.321371912956237793e-01 4.237571954727172852e-01 4.404658973217010498e-01 6.222084760665893555e-01 4.819106757640838623e-01 7.744526267051696777e-01 4.834730923175811768e-01 3.554757833480834961e-01 8.361576795578002930e-01 4.633558690547943115e-01 7.199088335037231445e-01 8.038120269775390625e-01 9.675174355506896973e-01 6.223714351654052734e-01 6.337972879409790039e-01 4.979744553565979004e-01
2.873323559761047363e-01 2.946237921714782715e-01 2.923791110515594482e-01 2.730432450771331787e-01 4.447197318077087402e-01 4.807553291320800781e-01 2.072794884443283081e-01 4.085289239883422852e-01 4.841528236865997314e-01 4.904816150665283203e-01 4.266604781150817871e-01 8.343662023544311523e-01 2.683596611022949219e-01 4.737802147865295410e-01 8.634241223335266113e-01 6.990198493003845215e-01 7.870607376098632812e-01 4.384679198265075684e-01 5.675930976867675781e-01 7.058166265487670898e-01
1.653822064399719238e-01 4.145336449146270752e-01 3.143771886825561523e-01 4.202998280525207520e-01 4.533412754535675049e-01 3.623349964618682861e-01 2.430806905031204224e-01 5.148271322250366211e-01 7.585263252258300781e-01 6.673313379287719727e-01 4.064478278160095215e-01 6.521975994110107422e-01 5.202123522758483887e-01 6.598535776138305664e-01 5.541027784347534180e-01 4.736645519733428955e-01 9.584043025970458984e-01 5.223474502563476562e-01 5.521612167358398438e-01 5.152168273925781250e-01
5.149523168802261353e-02 4.493895769119262695e-01 5.445247888565063477e-01 8.649402260780334473e-01 3.332374095916748047e-01 5.132969617843627930e-01 3.574177324771881104e-01 3.038161098957061768e-01 6.290557980537414551e-01 4.473150074481964111e-01 5.446664094924926758e-01 2.845698595046997070e-01 6.289968490600585938e-01 4.712240099906921387e-01 5.553327202796936035e-01 5.039039850234985352e-01 8.249624967575073242e-01 7.250756025314331055e-01 4.700751006603240967e-01 3.176928162574768066e-01
2.727404832839965820e-01 2.572103738784790039e-01 2.667279839515686035e-01 1.967366039752960205e-01 3.175373077392578125e-01 3.297067284584045410e-01 6.369339227676391602e-01 3.716328144073486328e-01 4.183303117752075195e-01 4.520803689956665039e-01 3.451396822929382324e-01 2.759106457233428955e-01 3.481869399547576904e-01 6.742972135543823242e-01 6.859620213508605957e-01 6.676770448684692383e-01 6.378768682479858398e-01 9.169692993164062500e-01 6.899064779281616211e-01 3.886505961418151855e-01
4.455252885818481445e-01 1.777953952550888062e-01 3.802765011787414551e-01 2.395204901695251465e-01 4.539537429809570312e-01 4.005334377288818359e-01 4.153948128223419189e-01 6.897193193435668945e-01 3.954654633998870850e-01 3.724496960639953613e-01 3.034616112709045410e-01 3.863229155540466309e-01 6.325305700302124023e-01 7.267979383468627930e-01 4.419910609722137451e-01 5.413778424263000488e-01 4.124189615249633789e-01 6.489995718002319336e-01 3.992600142955780029e-01 2.946414351463317871e-01
2.664189338684082031e-01 2.796419262886047363e-01 3.627278208732604980e-01 3.092692494392395020e-01 5.281597971916198730e-01 4.004011750221252441e-01 3.002929687500000000e-01 5.068106055259704590e-01 2.763079106807708740e-01 4.934957325458526611e-01 3.864709436893463135e-01 6.296501159667968750e-01 4.363707304000854492e-01 6.839908361434936523e-01 5.015082955360412598e-01 5.361235141754150391e-01 3.449700474739074707e-01 6.465168595314025879e-01 5.807522535324096680e-01 3.373765051364898682e-01
3.349654674530029297e-01 2.870321869850158691e-01 2.493679970502853394e-01 3.291597068309783936e-01 3.929255604743957520e-01 3.194011151790618896e-01 2.948095798492431641e-01 5.311319828033447266e-01 6.247378587722778320e-01 6.847139596939086914e-01 6.946773529052734375e-01 5.520100593566894531e-01 4.828929901123046875e-01 5.331984162330627441e-01 4.057842493057250977e-01 5.568484663963317871e-01 4.078986346721649170e-01 7.424374818801879883e-01 6.378903388977050781e-01 5.238667130470275879e-01
4.522531926631927490e-01 2.253600358963012695e-01 3.463671505451202393e-01 1.964920759201049805e-01 5.033887624740600586e-01 2.992518842220306396e-01 4.268845319747924805e-01 4.596450924873352051e-01 2.761817872524261475e-01 2.839055061340332031e-01 4.259219765663146973e-01 4.073880612850189209e-01 3.183187246322631836e-01 5.195031166076660156e-01 3.797479569911956787e-01 3.693927824497222900e-01 3.877471089363098145e-01 5.914922952651977539e-01 5.161390304565429688e-01 5.019072294235229492e-01
2.493040561676025391e-01 4.183459281921386719e-01 4.264131784439086914e-01 4.747536480426788330e-01 5.401335954666137695e-01 4.720658063888549805e-01 3.202880620956420898e-01 3.462972342967987061e-01 4.753319025039672852e-01 2.825693786144256592e-01 1.504435241222381592e-01 3.833971917629241943e-01 7.251840233802795410e-01 3.332183063030242920e-01 1.527439057826995850e-01 2.991760373115539551e-01 4.648251831531524658e-01 3.336125016212463379e-01 1.799466013908386230e-01 3.815856277942657471e-01
3.866414725780487061e-01 4.466374516487121582e-01 2.407430112361907959e-01 4.078813195228576660e-01 3.995758295059204102e-01 4.277468919754028320e-01 3.422291576862335205e-01 4.072897732257843018e-01 3.862510919570922852e-01 3.323237299919128418e-01 4.144976437091827393e-01 3.777952194213867188e-01 1.054420992732048035e-01 2.378611117601394653e-01 3.747443258762359619e-01 3.074975013732910156e-01 2.948519587516784668e-01 5.102683305740356445e-01 3.045327365398406982e-01 3.590915799140930176e-01
3.008538484573364258e-01 5.628573894500732422e-01 4.434662461280822754e-01 5.024536252021789551e-01 5.336412787437438965e-01 3.862369954586029053e-01 5.265365839004516602e-01 4.367642104625701904e-01 3.460619151592254639e-01 4.480192661285400391e-01 2.812088727951049805e-01 3.391066193580627441e-01 3.427377343177795410e-01 2.227843403816223145e-01 7.430242300033569336e-01 2.378377467393875122e-01 4.361717104911804199e-01 1.232500523328781128e-01 4.097543358802795410e-01 3.568923175334930420e-01
1.902494430541992188e-01 5.947586297988891602e-01 3.176446855068206787e-01 4.840890467166900635e-01 3.672155141830444336e-01 2.847135961055755615e-01 4.173212349414825439e-01 2.216812223196029663e-01 2.828831374645233154e-01 3.591355383396148682e-01 2.127391397953033447e-01 5.113317370414733887e-01 3.343417644500732422e-01 3.600495159626007080e-01 2.302121967077255249e-01 2.375048398971557617e-01 3.135580420494079590e-01 2.971830368041992188e-01 3.771124482154846191e-01 6.209906339645385742e-01
4.595686495304107666e-01 5.614200830459594727e-01 4.069770872592926025e-01 4.694294035434722900e-01 5.729404687881469727e-01 2.452389597892761230e-01 5.732154846191406250e-01 4.459744095802307129e-01 4.603203535079956055e-01 3.063972890377044678e-01 3.857356607913970947e-01 4.659376144409179688e-01 3.169338107109069824e-01 4.791301488876342773e-01 3.670386970043182373e-01 1.412282437086105347e-01 3.776165246963500977e-01 3.203912973403930664e-01 3.254085779190063477e-01 3.186653852462768555e-01
4.816168248653411865e-01 4.435353279113769531e-01 4.066268205642700195e-01 4.190800189971923828e-01 4.392927885055541992e-01 2.311349809169769287e-01 4.667882323265075684e-01 4.393123686313629150e-01 4.624312520027160645e-01 3.061791062355041504e-01 2.664592564105987549e-01 4.028529524803161621e-01 2.841704189777374268e-01 3.748733401298522949e-01 2.662939131259918213e-01 4.815058708190917969e-01 3.300224542617797852e-01 2.260970920324325562e-01 3.993209004402160645e-01 4.019423723220825195e-01
3.165538012981414795e-01 5.783749818801879883e-01 4.256042242050170898e-01 5.133069753646850586e-01 3.895869255065917969e-01 5.112460851669311523e-01 2.388379275798797607e-01 2.071003317832946777e-01 4.765785634517669678e-01 4.892998337745666504e-01 2.280939519405364990e-01 8.733074665069580078e-01 3.187168240547180176e-01 1.797923147678375244e-01 3.254160284996032715e-01 1.731705218553543091e-01 2.517594397068023682e-01 3.185173273086547852e-01 3.014569878578186035e-01 4.784841537475585938e-01
3.856060802936553955e-01 3.027826845645904541e-01 4.383182227611541748e-01 4.423874020576477051e-01 5.366384983062744141e-01 1.200132817029953003e-01 2.554411292076110840e-01 4.566999971866607666e-01 3.183504343032836914e-01 4.179858565330505371e-01 2.787010073661804199e-01 6.832189559936523438e-01 3.716191649436950684e-01 3.131460547447204590e-01 1.247001960873603821e-01 3.280776739120483398e-01 4.141818583011627197e-01 3.059456050395965576e-01 2.960393428802490234e-01 4.627892374992370605e-01
