2018-07-24 05:30:00
5.047242045402526855e-01 8.056288957595825195e-01 4.883491098880767822e-01 6.356267929077148438e-01 7.174454331398010254e-01 7.787584066390991211e-01 6.150590181350708008e-01 7.358803749084472656e-01 6.571558117866516113e-01 7.644317150115966797e-01 8.159856796264648438e-01 6.449775695800781250e-01 8.605299592018127441e-01 1.709523677825927734e+00 1.016542077064514160e+00 6.365561485290527344e-01 6.815521121025085449e-01 1.300451278686523438e+00 1.340576410293579102e+00 1.156532645225524902e+00
9.248406887054443359e-01 6.538864374160766602e-01 8.164814710617065430e-01 1.120820045471191406e+00 5.950130224227905273e-01 1.992641538381576538e-01 5.234839916229248047e-01 8.452259302139282227e-01 6.828488707542419434e-01 4.448879957199096680e-01 7.816329002380371094e-01 8.046285510063171387e-01 1.163665413856506348e+00 1.009811997413635254e+00 1.530586838722229004e+00 1.307888269424438477e+00 5.366293191909790039e-01 1.305911779403686523e+00 6.505672335624694824e-01 1.127925753593444824e+00
8.728343844413757324e-01 7.922962903976440430e-01 9.284071922302246094e-01 8.650035858154296875e-01 6.181489825248718262e-01 6.157453060150146484e-01 3.199851512908935547e-01 5.501539707183837891e-01 6.703804731369018555e-01 7.005986571311950684e-01 6.162779331207275391e-01 6.731030941009521484e-01 1.370337486267089844e+00 1.025505661964416504e+00 1.149001002311706543e+00 1.496607661247253418e+00 1.162948131561279297e+00 2.072922229766845703e+00 1.210542917251586914e+00 7.982628345489501953e-01
6.756089925765991211e-01 4.626610577106475830e-01 6.651605367660522461e-01 4.830761551856994629e-01 8.036320209503173828e-01 7.479749917984008789e-01 6.496726870536804199e-01 8.220248818397521973e-01 8.520250916481018066e-01 8.880382776260375977e-01 5.614247322082519531e-01 1.134038448333740234e+00 6.924657225608825684e-01 1.055054664611816406e+00 9.215331077575683594e-01 1.566198110580444336e+00 1.929494380950927734e+00 6.724415421485900879e-01 1.170276761054992676e+00 1.895299673080444336e+00
4.924842715263366699e-01 6.966059207916259766e-01 6.246204376220703125e-01 4.145990312099456787e-01 6.479803323745727539e-01 8.326629996299743652e-01 3.584563434123992920e-01 4.563556909561157227e-01 6.307317018508911133e-01 3.028045296669006348e-01 5.676727294921875000e-01 1.032748222351074219e+00 1.101750969886779785e+00 7.899991869926452637e-01 1.407052397727966309e+00 1.839056253433227539e+00 1.205155611038208008e+00 1.068516969680786133e+00 7.060605287551879883e-01 1.565031051635742188e+00
5.820614099502563477e-01 4.503887891769409180e-01 3.021563291549682617e-01 4.778524935245513916e-01 4.443987309932708740e-01 5.557566881179809570e-01 5.486618280410766602e-01 7.518800497055053711e-01 4.817726612091064453e-01 4.537841379642486572e-01 8.327702879905700684e-01 5.309836864471435547e-01 6.648467779159545898e-01 1.079868435859680176e+00 9.972488880157470703e-01 1.106315851211547852e+00 1.023515820503234863e+00 1.195594787597656250e+00 1.561233520507812500e+00 8.654866218566894531e-01
8.292810916900634766e-01 2.965889573097229004e-01 8.050196170806884766e-01 4.250352382659912109e-01 4.710237681865692139e-01 7.786876559257507324e-01 4.177289605140686035e-01 4.755020737648010254e-01 4.797967076301574707e-01 6.876856088638305664e-01 5.842282772064208984e-01 2.760325968265533447e-01 8.104654550552368164e-01 6.947224736213684082e-01 1.310474753379821777e+00 6.772530078887939453e-01 1.560918092727661133e+00 1.550032377243041992e+00 1.243523240089416504e+00 1.090047121047973633e+00
3.589717745780944824e-01 6.613755226135253906e-01 6.297144889831542969e-01 3.360093235969543457e-01 4.855623245239257812e-01 4.696626067161560059e-01 5.491379499435424805e-01 5.817335247993469238e-01 5.403426289558410645e-01 2.968030571937561035e-01 4.908775985240936279e-01 7.184977531433105469e-01 8.670270442962646484e-01 5.796555280685424805e-01 1.116489171981811523e+00 1.042790889739990234e+00 7.105039954185485840e-01 1.012674093246459961e+00 8.187787532806396484e-01 1.073293447494506836e+00
5.730821490287780762e-01 5.253258943557739258e-01 4.549728035926818848e-01 6.824748516082763672e-01 5.603586435317993164e-01 4.328863024711608887e-01 6.226825118064880371e-01 5.103911161422729492e-01 4.220201373100280762e-01 5.691361427307128906e-01 7.218155860900878906e-01 6.986827850341796875e-01 8.578991889953613281e-01 9.999141693115234375e-01 1.162917971611022949e+00 1.227712392807006836e+00 9.663066864013671875e-01 1.052584648132324219e+00 1.279559731483459473e+00 1.552601337432861328e+00
4.127253890037536621e-01 4.740511775016784668e-01 6.924774646759033203e-01 3.812432885169982910e-01 2.410603761672973633e-01 3.985478281974792480e-01 3.979348242282867432e-01 3.989765048027038574e-01 2.096571177244186401e-01 3.937315940856933594e-01 6.526927947998046875e-01 8.372275233268737793e-01 6.544367671012878418e-01 7.680856585502624512e-01 8.272659182548522949e-01 9.350543022155761719e-01 1.412501573562622070e+00 1.103866100311279297e+00 1.479274511337280273e+00 1.171386480331420898e+00
5.232974886894226074e-01 5.370607972145080566e-01 3.335869014263153076e-01 2.916769087314605713e-01 4.266977310180664062e-01 1.803892999887466431e-01 3.578039705753326416e-01 5.464025735855102539e-01 4.773566126823425293e-01 3.218247294425964355e-01 4.280623197555541992e-01 9.138624668121337891e-01 6.282500028610229492e-01 7.747792005538940430e-01 7.711673974990844727e-01 7.497727870941162109e-01 7.005641460418701172e-01 9.483538866043090820e-01 8.679038882255554199e-01 9.873379468917846680e-01
5.159676671028137207e-01 4.778436422348022461e-01 6.195603609085083008e-01 3.927057683467864990e-01 2.904670834541320801e-01 3.703238368034362793e-01 3.786120414733886719e-01 4.486969709396362305e-01 4.021126925945281982e-01 6.523811817169189453e-01 3.610571324825286865e-01 3.670316338539123535e-01 5.836132168769836426e-01 5.208088159561157227e-01 5.411692261695861816e-01 4.217914938926696777e-01 7.887170314788818359e-01 6.378942728042602539e-01 8.711068034172058105e-01 4.903883039951324463e-01
6.304828524589538574e-01 5.305035114288330078e-01 6.168873906135559082e-01 7.977941036224365234e-01 4.628401696681976318e-01 3.757306039333343506e-01 4.190313518047332764e-01 5.127677917480468750e-01 5.382624864578247070e-01 3.370761275291442871e-01 4.331358671188354492e-01 2.600972652435302734e-01 2.538390755653381348e-01 4.164589047431945801e-01 4.449283480644226074e-01 3.381056785583496094e-01 1.136495351791381836e+00 6.626015901565551758e-01 7.343529462814331055e-01 8.400710225105285645e-01
6.085411310195922852e-01 3.178360462188720703e-01 3.621903359889984131e-01 3.586595356464385986e-01 2.213701009750366211e-01 4.688045978546142578e-01 4.091652035713195801e-01 5.687433481216430664e-01 6.749244332313537598e-01 3.653370141983032227e-01 2.767365872859954834e-01 5.069917440414428711e-01 3.689150512218475342e-01 3.540082573890686035e-01 4.293700158596038818e-01 3.288311362266540527e-01 4.781138002872467041e-01 1.767201721668243408e-01 4.922260940074920654e-01 6.175904273986816406e-01
6.101210713386535645e-01 4.156017303466796875e-01 7.842527627944946289e-01 3.761411905288696289e-01 3.643435537815093994e-01 7.138044238090515137e-01 6.731520891189575195e-01 3.028651475906372070e-01 5.941650867462158203e-01 5.347210168838500977e-01 2.867390811443328857e-01 2.547664642333984375e-01 2.427599132061004639e-01 2.974322736263275146e-01 3.607278764247894287e-01 5.303077697753906250e-01 4.382053315639495850e-01 6.278084516525268555e-01 6.217631101608276367e-01 4.658196568489074707e-01
5.766355991363525391e-01 8.696612715721130371e-01 4.540289342403411865e-01 6.852145791053771973e-01 7.947939038276672363e-01 4.885544180870056152e-01 7.002366185188293457e-01 7.858580946922302246e-01 3.496652245521545410e-01 4.778844714164733887e-01 4.251801967620849609e-01 5.925028920173645020e-01 3.920980393886566162e-01 4.735658168792724609e-01 4.155352711677551270e-01 5.357309579849243164e-01 5.485889911651611328e-01 4.784412384033203125e-01 9.361767768859863281e-01 5.598185062408447266e-01
5.629429817199707031e-01 5.555585622787475586e-01 5.869872570037841797e-01 7.708967924118041992e-01 8.721268177032470703e-01 9.683294892311096191e-01 7.578355073928833008e-01 4.563449323177337646e-01 8.147411346435546875e-01 6.198784112930297852e-01 5.127163529396057129e-01 5.125910043716430664e-01 4.226613640785217285e-01 6.768819689750671387e-01 3.577892184257507324e-01 2.035833299160003662e-01 6.276447176933288574e-01 6.467630267143249512e-01 4.424675107002258301e-01 5.536180734634399414e-01
2.757953405380249023e-01 7.118157744407653809e-01 6.815092563629150391e-01 5.205835700035095215e-01 5.786893367767333984e-01 4.803306460380554199e-01 6.699250936508178711e-01 7.046892046928405762e-01 5.326752662658691406e-01 6.712356805801391602e-01 5.738020539283752441e-01 4.708519876003265381e-01 5.478426814079284668e-01 2.059630602598190308e-01 7.009934186935424805e-01 4.969583749771118164e-01 4.880115985870361328e-01 3.531542122364044189e-01 6.421557068824768066e-01 6.200094223022460938e-01
5.892955064773559570e-01 5.692408084869384766e-01 8.390911817550659180e-01 2.657249867916107178e-01 4.531098604202270508e-01 7.169555425643920898e-01 6.776022911071777344e-01 5.595847368240356445e-01 1.082230329513549805e+00 1.086757898330688477e+00 6.499586105346679688e-01 5.179202556610107422e-01 3.235982060432434082e-01 5.842189788818359375e-01 3.222770690917968750e-01 5.417582988739013672e-01 5.728458762168884277e-01 5.839236974716186523e-01 4.263151288032531738e-01 8.419710397720336914e-01
7.805098891258239746e-01 1.109062433242797852e+00 7.029004096984863281e-01 8.342725634574890137e-01 9.748949408531188965e-01 3.223606050014495850e-01 7.239199876785278320e-01 5.924380421638488770e-01 5.551456809043884277e-01 4.913597404956817627e-01 7.122031450271606445e-01 6.930445432662963867e-01 4.712699651718139648e-01 7.427818179130554199e-01 3.361839056015014648e-01 6.224908828735351562e-01 5.268457531929016113e-01 4.585785269737243652e-01 6.228880882263183594e-01 6.842499375343322754e-01
