2018-07-24 06:30:00
5.113576650619506836e-01 5.706591606140136719e-01 6.142435669898986816e-01 4.514391124248504639e-01 5.038022398948669434e-01 5.536750555038452148e-01 3.457593917846679688e-01 5.474382638931274414e-01 3.783212900161743164e-01 5.065853595733642578e-01 5.452378988265991211e-01 6.458550095558166504e-01 5.115522146224975586e-01 9.385099411010742188e-01 7.475960254669189453e-01 5.120658874511718750e-01 7.776334285736083984e-01 8.787792921066284180e-01 7.363990545272827148e-01 1.136436939239501953e+00
3.408862948417663574e-01 5.618110895156860352e-01 4.750607311725616455e-01 5.842939615249633789e-01 5.374971032142639160e-01 4.863371849060058594e-01 4.443524479866027832e-01 6.938480138778686523e-01 4.602796733379364014e-01 3.689934015274047852e-01 6.566835641860961914e-01 7.904096841812133789e-01 7.963491678237915039e-01 6.796371340751647949e-01 9.689003229141235352e-01 1.586071729660034180e+00 9.661208391189575195e-01 1.098030328750610352e+00 9.275420904159545898e-01 6.948099136352539062e-01
1.071754336357116699e+00 8.968476057052612305e-01 5.579986572265625000e-01 5.532003045082092285e-01 7.565578222274780273e-01 3.345486819744110107e-01 5.914035439491271973e-01 3.627240657806396484e-01 5.937387347221374512e-01 6.166750192642211914e-01 3.716959059238433838e-01 5.930018424987792969e-01 6.616792678833007812e-01 6.398446559906005859e-01 7.880342006683349609e-01 1.748689174652099609e+00 9.577571153640747070e-01 1.688259601593017578e+00 8.842885494232177734e-01 1.272655725479125977e+00
4.755288660526275635e-01 8.872691392898559570e-01 6.445944309234619141e-01 6.657874584197998047e-01 5.888633728027343750e-01 4.597239196300506592e-01 4.417403340339660645e-01 5.108406543731689453e-01 4.052584171295166016e-01 3.226031064987182617e-01 1.438423991203308105e-01 5.803403854370117188e-01 7.210682630538940430e-01 1.141794204711914062e+00 7.684887647628784180e-01 1.467956066131591797e+00 1.619632601737976074e+00 1.035861730575561523e+00 1.012613177299499512e+00 1.291277170181274414e+00
8.072739839553833008e-01 6.001443266868591309e-01 5.602127313613891602e-01 5.377260446548461914e-01 3.890088200569152832e-01 6.186521053314208984e-01 3.633248805999755859e-01 3.834851384162902832e-01 4.695734381675720215e-01 4.166644215583801270e-01 5.449039340019226074e-01 7.927888631820678711e-01 5.111503601074218750e-01 7.075503468513488770e-01 7.439487576484680176e-01 6.183685064315795898e-01 1.048528671264648438e+00 1.463798284530639648e+00 1.046134114265441895e+00 8.283890485763549805e-01
4.867063760757446289e-01 4.214536249637603760e-01 6.115217208862304688e-01 3.299255371093750000e-01 3.843467235565185547e-01 6.590882539749145508e-01 3.282301127910614014e-01 6.554881334304809570e-01 1.419987082481384277e-01 5.252158641815185547e-01 7.293137907981872559e-01 4.534541964530944824e-01 7.288355231285095215e-01 1.282624244689941406e+00 1.003263473510742188e+00 1.270207166671752930e+00 9.329319000244140625e-01 1.005456328392028809e+00 1.049385190010070801e+00 1.044513940811157227e+00
4.582719504833221436e-01 2.668231725692749023e-01 4.837356209754943848e-01 5.139549970626831055e-01 4.523325562477111816e-01 6.507850885391235352e-01 3.364517092704772949e-01 3.494812846183776855e-01 5.543805956840515137e-01 3.347928524017333984e-01 3.616262078285217285e-01 4.609402418136596680e-01 5.764268636703491211e-01 1.211055994033813477e+00 6.676902770996093750e-01 8.932872414588928223e-01 1.853667378425598145e+00 1.063012599945068359e+00 1.062304377555847168e+00 6.871894598007202148e-01
6.356242895126342773e-01 3.767597079277038574e-01 4.295973777770996094e-01 3.100993633270263672e-01 5.946922302246093750e-01 1.824759691953659058e-01 2.118092626333236694e-01 2.463163733482360840e-01 3.583909571170806885e-01 3.231604099273681641e-01 3.130984902381896973e-01 4.432515501976013184e-01 4.708420336246490479e-01 3.868111968040466309e-01 6.925785541534423828e-01 1.659080982208251953e+00 9.314779043197631836e-01 2.078439712524414062e+00 9.194433093070983887e-01 1.448096036911010742e+00
4.191619753837585449e-01 5.048894882202148438e-01 5.289453268051147461e-01 4.619611799716949463e-01 1.484263241291046143e-01 4.654448628425598145e-01 3.359804749488830566e-01 4.542077779769897461e-01 1.907822191715240479e-01 3.495789766311645508e-01 3.748235106468200684e-01 3.745727539062500000e-01 8.255076408386230469e-01 1.732835620641708374e-01 1.116062641143798828e+00 7.417666912078857422e-01 7.299324274063110352e-01 1.378550887107849121e+00 7.733496427536010742e-01 8.611648082733154297e-01
6.362801790237426758e-01 3.550125062465667725e-01 5.461260676383972168e-01 1.539061963558197021e-01 4.900312125682830811e-01 2.989744246006011963e-01 2.976751923561096191e-01 3.618476688861846924e-01 4.574400782585144043e-01 3.619425892829895020e-01 2.057432234287261963e-01 3.808895945549011230e-01 5.143029689788818359e-01 5.951071977615356445e-01 7.980723381042480469e-01 5.700702667236328125e-01 7.732974290847778320e-01 1.018655419349670410e+00 9.911216497421264648e-01 8.466948270797729492e-01
2.972887158393859863e-01 2.755712866783142090e-01 1.159171909093856812e-01 4.136525988578796387e-01 3.902471661567687988e-01 5.072771310806274414e-01 3.737064599990844727e-01 4.339412748813629150e-01 2.704451978206634521e-01 4.871380925178527832e-01 3.959580957889556885e-01 5.983217954635620117e-01 6.695737838745117188e-01 4.149994850158691406e-01 3.159642517566680908e-01 1.023024320602416992e+00 6.543129086494445801e-01 1.004308581352233887e+00 6.318669319152832031e-01 5.496901869773864746e-01
3.187564909458160400e-01 3.246841430664062500e-01 3.018199205398559570e-01 4.275920391082763672e-01 3.039983808994293213e-01 4.319477379322052002e-01 2.759070694446563721e-01 3.523894548416137695e-01 2.856026589870452881e-01 4.517763257026672363e-01 4.012099504470825195e-01 4.391041398048400879e-01 4.756880998611450195e-01 3.697107434272766113e-01 4.098306894302368164e-01 5.117679834365844727e-01 7.645926475524902344e-01 5.406305789947509766e-01 5.400390028953552246e-01 5.479863882064819336e-01
6.715627908706665039e-01 5.555493235588073730e-01 4.547376930713653564e-01 3.764769136905670166e-01 5.506347417831420898e-01 4.044173955917358398e-01 5.496804714202880859e-01 4.087421298027038574e-01 4.794169366359710693e-01 4.110756516456604004e-01 4.545497894287109375e-01 3.627427518367767334e-01 2.033763229846954346e-01 2.050136029720306396e-01 3.755912184715270996e-01 3.414238095283508301e-01 5.411192178726196289e-01 3.609297573566436768e-01 5.781425237655639648e-01 9.688924551010131836e-01
3.276971578598022461e-01 2.080165594816207886e-01 5.747304558753967285e-01 4.307190775871276855e-01 5.534591674804687500e-01 3.027324378490447998e-01 4.908226728439331055e-01 3.241239786148071289e-01 3.913894891738891602e-01 7.566288709640502930e-01 2.273302525281906128e-01 3.535729050636291504e-01 4.341780245304107666e-01 3.630716800689697266e-01 3.300928473472595215e-01 4.451458156108856201e-01 1.937967538833618164e-01 5.549198389053344727e-01 4.073776304721832275e-01 4.827332794666290283e-01
3.669183254241943359e-01 5.717381834983825684e-01 6.495317220687866211e-01 4.765005111694335938e-01 6.397407054901123047e-01 4.995219111442565918e-01 4.318078160285949707e-01 5.848256945610046387e-01 5.701526403427124023e-01 3.231580257415771484e-01 4.762508571147918701e-01 5.182332396507263184e-01 4.092888832092285156e-01 3.242495954036712646e-01 5.046217441558837891e-01 2.286890447139739990e-01 4.482321739196777344e-01 2.992250919342041016e-01 4.521574378013610840e-01 4.071321487426757812e-01
2.677462995052337646e-01 2.080261558294296265e-01 5.310398340225219727e-01 6.430233716964721680e-01 5.918436050415039062e-01 5.527868866920471191e-01 4.897687435150146484e-01 5.575696825981140137e-01 4.174541831016540527e-01 2.530737817287445068e-01 2.728009819984436035e-01 4.445322453975677490e-01 4.854224622249603271e-01 4.282693862915039062e-01 3.471450805664062500e-01 2.930301427841186523e-01 4.271499514579772949e-01 3.780086040496826172e-01 5.886365175247192383e-01 5.693883895874023438e-01
4.588977098464965820e-01 6.095107197761535645e-01 6.392757892608642578e-01 3.842849731445312500e-01 6.449460983276367188e-01 7.101628780364990234e-01 3.988984823226928711e-01 7.231147885322570801e-01 5.953688025474548340e-01 5.270235538482666016e-01 5.132626891136169434e-01 3.166830241680145264e-01 4.070891737937927246e-01 2.472488880157470703e-01 3.822652101516723633e-01 1.798791885375976562e-01 4.506204128265380859e-01 3.299860954284667969e-01 4.604539275169372559e-01 4.382517337799072266e-01
5.338354110717773438e-01 4.549833834171295166e-01 1.020942091941833496e+00 6.384960412979125977e-01 7.376112937927246094e-01 5.476858019828796387e-01 3.001651167869567871e-01 8.535320758819580078e-01 3.821997046470642090e-01 6.219391822814941406e-01 3.610733151435852051e-01 4.016429185867309570e-01 2.857261300086975098e-01 4.732720851898193359e-01 3.172541558742523193e-01 1.778869628906250000e-01 2.709738314151763916e-01 2.273576706647872925e-01 2.801850140094757080e-01 3.821325898170471191e-01
4.594993591308593750e-01 3.083600401878356934e-01 1.875539571046829224e-01 6.388064622879028320e-01 5.644412636756896973e-01 7.981157898902893066e-01 4.196978807449340820e-01 4.884821176528930664e-01 5.859389901161193848e-01 5.559726953506469727e-01 7.104328870773315430e-01 7.330213785171508789e-01 3.175522983074188232e-01 5.754185914993286133e-01 4.042465090751647949e-01 4.924611002206802368e-02 2.554905414581298828e-01 2.231058478355407715e-01 2.874206304550170898e-01 4.513479173183441162e-01
4.379520714282989502e-01 3.221908807754516602e-01 4.252807796001434326e-01 2.832052707672119141e-01 3.317700326442718506e-01 5.522470474243164062e-01 5.255702137947082520e-01 4.317187368869781494e-01 7.517281770706176758e-01 6.064488887786865234e-01 7.863080501556396484e-01 4.675510525703430176e-01 3.770107030868530273e-01 3.376780450344085693e-01 3.401431441307067871e-01 4.342237114906311035e-01 6.275415420532226562e-01 4.177527725696563721e-01 2.754154801368713379e-01 4.727412462234497070e-01
