2018-07-24 07:00:00
7.819064855575561523e-01 7.753379344940185547e-01 1.007071018218994141e+00 4.956781566143035889e-01 2.338009178638458252e-01 5.286126732826232910e-01 6.672522425651550293e-01 3.483617901802062988e-01 5.038822293281555176e-01 5.683047771453857422e-01 3.333086371421813965e-01 6.299363374710083008e-01 6.659269332885742188e-01 7.569842338562011719e-01 4.089488387107849121e-01 7.748004198074340820e-01 6.969372630119323730e-01 2.822999358177185059e-01 3.484576940536499023e-01 5.460322499275207520e-01
4.892010092735290527e-01 8.908680677413940430e-01 3.051562309265136719e-01 5.767209529876708984e-01 5.007956027984619141e-01 4.043085873126983643e-01 4.266053438186645508e-01 5.180634856224060059e-01 6.245998144149780273e-01 6.594495177268981934e-01 6.410199403762817383e-01 6.680563092231750488e-01 6.638832092285156250e-01 3.512109816074371338e-01 6.193045377731323242e-01 6.049128174781799316e-01 6.787010431289672852e-01 6.574018597602844238e-01 5.549226999282836914e-01 6.334346532821655273e-01
6.327830553054809570e-01 5.880047082901000977e-01 2.958540916442871094e-01 5.374469757080078125e-01 7.734676599502563477e-01 1.372154653072357178e-01 2.768580615520477295e-01 3.168943524360656738e-01 4.799658060073852539e-01 5.455570816993713379e-01 6.409190893173217773e-01 4.254609942436218262e-01 6.293565630912780762e-01 5.526798963546752930e-01 6.435177922248840332e-01 1.193860769271850586e+00 2.181549072265625000e-01 6.868854761123657227e-01 6.927411556243896484e-01 7.072807550430297852e-01
3.619823455810546875e-01 5.583521723747253418e-01 4.099496006965637207e-01 4.036519527435302734e-01 4.712558090686798096e-01 6.271065473556518555e-01 5.923696756362915039e-01 3.533889055252075195e-01 4.223563671112060547e-01 1.295906305313110352e-01 6.146045923233032227e-01 3.232592642307281494e-01 7.094008922576904297e-01 5.423388481140136719e-01 6.106567382812500000e-01 6.758740544319152832e-01 9.055591225624084473e-01 7.457615137100219727e-01 6.776787638664245605e-01 6.741734743118286133e-01
2.739033699035644531e-01 5.630397796630859375e-01 2.394085824489593506e-01 4.998571574687957764e-01 6.645178794860839844e-01 4.754202365875244141e-01 3.388676047325134277e-01 3.165124058723449707e-01 4.710368812084197998e-01 4.417244791984558105e-01 2.763121128082275391e-01 4.875814914703369141e-01 4.018470346927642822e-01 7.067239284515380859e-01 6.466907858848571777e-01 5.039173364639282227e-01 8.537185192108154297e-01 7.937424182891845703e-01 8.291897773742675781e-01 7.901839613914489746e-01
6.388721466064453125e-01 3.721770644187927246e-01 3.575945198535919189e-01 5.329673290252685547e-01 4.657711386680603027e-01 4.988978505134582520e-01 2.965420782566070557e-01 9.764547348022460938e-01 5.826312899589538574e-01 2.558022141456604004e-01 6.322002410888671875e-01 3.402816653251647949e-01 4.611112475395202637e-01 8.421542048454284668e-01 7.432337999343872070e-01 5.176122188568115234e-01 1.167584180831909180e+00 6.000083684921264648e-01 5.012646317481994629e-01 9.208891391754150391e-01
6.958063840866088867e-01 5.532426834106445312e-01 2.855117022991180420e-01 2.609483599662780762e-01 6.114888191223144531e-01 7.706110477447509766e-01 3.230661153793334961e-01 3.805766999721527100e-01 3.875045776367187500e-01 5.001519918441772461e-01 1.541109383106231689e-01 5.127004981040954590e-01 8.737238645553588867e-01 6.427986025810241699e-01 7.927498817443847656e-01 6.402544379234313965e-01 8.742115497589111328e-01 1.071618914604187012e+00 6.664953231811523438e-01 4.890780448913574219e-01
3.590755164623260498e-01 4.448110461235046387e-01 5.085805058479309082e-01 4.690330028533935547e-01 6.150112152099609375e-01 3.038826584815979004e-01 4.972716569900512695e-01 5.464247465133666992e-01 3.459196686744689941e-01 2.957444489002227783e-01 4.245863854885101318e-01 4.513832926750183105e-01 3.885320425033569336e-01 7.314990758895874023e-01 5.430254340171813965e-01 1.007875323295593262e+00 8.402109146118164062e-01 1.238347768783569336e+00 9.806740880012512207e-01 8.414052128791809082e-01
4.964966177940368652e-01 3.453917503356933594e-01 4.190655648708343506e-01 3.515129089355468750e-01 5.727408528327941895e-01 4.360162019729614258e-01 3.668934702873229980e-01 9.415582418441772461e-01 5.695201754570007324e-01 3.535036742687225342e-01 3.583762049674987793e-01 4.854027926921844482e-01 8.575165271759033203e-01 5.342799425125122070e-01 6.910862922668457031e-01 7.427811026573181152e-01 9.171548485755920410e-01 5.730353593826293945e-01 2.494926154613494873e-01 4.449052214622497559e-01
2.177176326513290405e-01 3.368762433528900146e-01 4.532409310340881348e-01 2.359194159507751465e-01 7.525532841682434082e-01 3.780811131000518799e-01 4.890264272689819336e-01 5.024507045745849609e-01 2.403931319713592529e-01 4.454662203788757324e-01 3.718324899673461914e-01 3.147408962249755859e-01 1.912683546543121338e-01 4.274165630340576172e-01 7.159193754196166992e-01 3.923007249832153320e-01 6.491064429283142090e-01 6.918107867240905762e-01 6.964975595474243164e-01 5.555999279022216797e-01
2.012478709220886230e-01 5.203687548637390137e-01 5.128591656684875488e-01 5.753099918365478516e-01 5.742100477218627930e-01 3.348574638366699219e-01 4.699437320232391357e-01 3.924047946929931641e-01 6.248570680618286133e-01 5.704628229141235352e-01 6.961967349052429199e-01 4.204586744308471680e-01 4.565105140209197998e-01 6.574282050132751465e-01 3.960302174091339111e-01 4.509265422821044922e-01 5.386940836906433105e-01 7.679721117019653320e-01 8.767629265785217285e-01 4.667691886425018311e-01
7.118495702743530273e-01 4.669325053691864014e-01 4.311695992946624756e-01 4.415295720100402832e-01 5.578223466873168945e-01 5.979053378105163574e-01 2.810190320014953613e-01 5.260666608810424805e-01 5.489079356193542480e-01 6.654607057571411133e-01 2.243276834487915039e-01 3.502303361892700195e-01 3.642036020755767822e-01 3.912433385848999023e-01 4.567880630493164062e-01 4.528788328170776367e-01 3.549875617027282715e-01 2.157133221626281738e-01 5.344448089599609375e-01 5.262176394462585449e-01
1.996949017047882080e-01 6.097608804702758789e-01 4.791819453239440918e-01 2.399028390645980835e-01 4.219588339328765869e-01 5.991376042366027832e-01 5.406596660614013672e-01 4.607595205307006836e-01 5.977561473846435547e-01 5.223708152770996094e-01 5.720275267958641052e-02 3.565952777862548828e-01 5.287299156188964844e-01 3.995439708232879639e-01 2.868061661720275879e-01 5.111286640167236328e-01 3.868208229541778564e-01 6.733763217926025391e-01 4.429379701614379883e-01 6.900640726089477539e-01
3.095873594284057617e-01 5.052557587623596191e-01 5.693134069442749023e-01 4.844525754451751709e-01 7.735426425933837891e-01 4.631893038749694824e-01 4.044286012649536133e-01 5.727471113204956055e-01 6.580777764320373535e-01 5.902271270751953125e-01 6.085157394409179688e-01 5.041463375091552734e-01 3.426469564437866211e-01 4.150110483169555664e-01 3.776293396949768066e-01 3.332522511482238770e-01 2.346051037311553955e-01 4.606993198394775391e-01 5.112271904945373535e-01 7.459430694580078125e-01
6.563135385513305664e-01 5.062313675880432129e-01 6.190407276153564453e-01 5.608253479003906250e-01 4.607407748699188232e-01 7.457105517387390137e-01 5.953700542449951172e-01 4.303599298000335693e-01 4.632034301757812500e-01 4.238657653331756592e-01 3.229517042636871338e-01 4.088874459266662598e-01 3.071171939373016357e-01 3.460929393768310547e-01 3.056114315986633301e-01 3.431427180767059326e-01 4.373154938220977783e-01 5.243536233901977539e-01 5.431612133979797363e-01 4.619009792804718018e-01
4.652790725231170654e-01 3.328169584274291992e-01 5.654282569885253906e-01 4.728811383247375488e-01 4.285350441932678223e-01 5.972396135330200195e-01 4.100270271301269531e-01 4.871778488159179688e-01 4.193505644798278809e-01 4.766627848148345947e-01 4.163454174995422363e-01 4.370829164981842041e-01 3.735189437866210938e-01 3.176367878913879395e-01 4.756555557250976562e-01 1.594087630510330200e-01 5.205349922180175781e-01 5.061764121055603027e-01 6.857345700263977051e-01 7.437278032302856445e-01
5.173219442367553711e-01 5.438304543495178223e-01 7.150566577911376953e-01 4.108594655990600586e-01 1.216158151626586914e+00 7.477653622627258301e-01 7.157567739486694336e-01 5.829527974128723145e-01 6.802815198898315430e-01 3.840444684028625488e-01 4.964872300624847412e-01 3.277374505996704102e-01 2.709159553050994873e-01 4.428198337554931641e-01 2.693894505500793457e-01 3.965084552764892578e-01 3.931471407413482666e-01 5.830820798873901367e-01 7.594004869461059570e-01 4.619703590869903564e-01
4.876600503921508789e-01 4.682853221893310547e-01 6.365942358970642090e-01 7.624065876007080078e-01 5.403881669044494629e-01 4.422734975814819336e-01 4.198531508445739746e-01 6.297231912612915039e-01 4.669883251190185547e-01 3.857566416263580322e-01 2.696415781974792480e-01 3.858265280723571777e-01 4.380521774291992188e-01 3.887045383453369141e-01 4.517853260040283203e-01 2.203384339809417725e-01 2.281603813171386719e-01 3.501268625259399414e-01 3.272846937179565430e-01 5.601307749748229980e-01
5.149509906768798828e-01 4.391847848892211914e-01 7.288608551025390625e-01 2.974841296672821045e-01 9.095344543457031250e-01 3.875593841075897217e-01 7.631834745407104492e-01 6.352469921112060547e-01 3.379505872726440430e-01 5.907230377197265625e-01 3.919707834720611572e-01 6.663919687271118164e-01 3.717525005340576172e-01 3.562082052230834961e-01 4.285832643508911133e-01 4.793393313884735107e-01 6.055740714073181152e-01 2.607232630252838135e-01 5.303699374198913574e-01 5.669089555740356445e-01
4.939831495285034180e-01 3.172107338905334473e-01 6.315082311630249023e-01 3.371770977973937988e-01 5.369801521301269531e-01 5.898482799530029297e-01 2.988921999931335449e-01 6.198773384094238281e-01 5.369105339050292969e-01 2.332963645458221436e-01 7.057831883430480957e-01 5.311782360076904297e-01 5.664346218109130859e-01 2.010450512170791626e-01 3.595263361930847168e-01 3.701237142086029053e-01 5.462640523910522461e-01 6.099422574043273926e-01 4.635773897171020508e-01 4.018531739711761475e-01
