2018-07-24 00:45:00
2.267255485057830811e-01 5.226873159408569336e-01 6.800737977027893066e-01 4.762194454669952393e-01 2.309463620185852051e-01 5.863887071609497070e-01 3.767513632774353027e-01 6.084033846855163574e-01 4.656278491020202637e-01 5.111312270164489746e-01 4.971862435340881348e-01 7.682873010635375977e-01 6.052461862564086914e-01 4.641734063625335693e-01 1.043622016906738281e+00 5.370714664459228516e-01 7.072589397430419922e-01 5.321561098098754883e-01 8.207480907440185547e-01 8.762183785438537598e-01
4.733422100543975830e-01 6.302274465560913086e-01 3.498566448688507080e-01 2.546501755714416504e-01 3.162150382995605469e-01 6.000763177871704102e-01 4.776779413223266602e-01 9.151360988616943359e-01 5.157362222671508789e-01 5.623220801353454590e-01 3.709357380867004395e-01 9.346363544464111328e-01 7.462655305862426758e-01 5.525926351547241211e-01 8.714700937271118164e-01 1.005052447319030762e+00 6.820893287658691406e-01 1.187239646911621094e+00 8.614801168441772461e-01 7.536813616752624512e-01
2.987614870071411133e-01 5.021497607231140137e-01 2.050288766622543335e-01 4.723194539546966553e-01 3.937528729438781738e-01 6.994411945343017578e-01 5.780190229415893555e-01 3.485493659973144531e-01 5.589298605918884277e-01 3.553550541400909424e-01 5.332049131393432617e-01 4.990212023258209229e-01 9.050045609474182129e-01 6.839807033538818359e-01 9.127145409584045410e-01 8.341930508613586426e-01 9.020949602127075195e-01 7.304614782333374023e-01 6.370840072631835938e-01 1.268532276153564453e+00
7.223926782608032227e-01 4.781568944454193115e-01 3.476765155792236328e-01 5.081818699836730957e-01 7.481269836425781250e-01 4.479836821556091309e-01 3.522862195968627930e-01 4.967366755008697510e-01 6.108147501945495605e-01 8.147801160812377930e-01 8.595938086509704590e-01 4.611439704895019531e-01 8.674095273017883301e-01 5.468693971633911133e-01 8.650699257850646973e-01 8.832055926322937012e-01 1.108236312866210938e+00 5.421897172927856445e-01 1.026389360427856445e+00 6.833371520042419434e-01
5.335361957550048828e-01 4.157677888870239258e-01 3.781233131885528564e-01 5.403506159782409668e-01 4.701290428638458252e-01 3.322358131408691406e-01 1.193335205316543579e-01 5.875674486160278320e-01 6.522835493087768555e-01 7.677969932556152344e-01 6.843751668930053711e-01 1.003126382827758789e+00 9.838188886642456055e-01 1.075197577476501465e+00 6.242034435272216797e-01 8.967625498771667480e-01 7.877736091613769531e-01 8.325288295745849609e-01 7.975243330001831055e-01 1.100358486175537109e+00
3.159877657890319824e-01 4.754591882228851318e-01 3.521857559680938721e-01 3.624458611011505127e-01 1.785586476325988770e-01 4.156149625778198242e-01 3.155304193496704102e-01 5.885625481605529785e-01 4.269932508468627930e-01 7.886064052581787109e-01 7.282521724700927734e-01 5.989869832992553711e-01 1.022463083267211914e+00 1.001623630523681641e+00 9.698472619056701660e-01 8.821662664413452148e-01 1.195017933845520020e+00 1.066933989524841309e+00 1.159191131591796875e+00 7.063927650451660156e-01
4.182737171649932861e-01 6.968745589256286621e-01 6.210933923721313477e-01 4.407506585121154785e-01 8.653545379638671875e-01 2.792073488235473633e-01 3.886181116104125977e-01 5.666575431823730469e-01 5.638020038604736328e-01 4.181423187255859375e-01 4.806750416755676270e-01 5.158860683441162109e-01 8.528539538383483887e-01 7.878770232200622559e-01 4.596828222274780273e-01 1.237368941307067871e+00 1.385140776634216309e+00 8.514042496681213379e-01 8.837543129920959473e-01 1.020083189010620117e+00
4.741719067096710205e-01 2.787310779094696045e-01 4.826138019561767578e-01 3.767026066780090332e-01 4.510222673416137695e-01 4.163031280040740967e-01 4.032088518142700195e-01 5.122930407524108887e-01 5.983343124389648438e-01 1.421606689691543579e-01 6.068142056465148926e-01 3.387126028537750244e-01 5.191552042961120605e-01 2.745428681373596191e-01 8.494852781295776367e-01 1.251475811004638672e+00 1.029901027679443359e+00 1.016281723976135254e+00 9.583215117454528809e-01 8.438142538070678711e-01
6.883462667465209961e-01 2.683966457843780518e-01 5.913029909133911133e-01 5.991365909576416016e-01 5.715468525886535645e-01 4.235234856605529785e-01 4.790468513965606689e-01 4.912754595279693604e-01 4.775412082672119141e-01 4.854081869125366211e-01 6.874835491180419922e-01 6.854747533798217773e-01 4.028152227401733398e-01 9.659435749053955078e-01 1.016187191009521484e+00 6.351426243782043457e-01 8.808320760726928711e-01 7.568802833557128906e-01 5.162930488586425781e-01 4.687029123306274414e-01
6.445561051368713379e-01 5.920461416244506836e-01 6.660732030868530273e-01 3.701373338699340820e-01 2.109909057617187500e-01 3.662032485008239746e-01 6.230010986328125000e-01 4.499406218528747559e-01 5.352305173873901367e-01 5.155271887779235840e-01 5.146291851997375488e-01 6.816544532775878906e-01 5.910493731498718262e-01 9.246976375579833984e-01 7.209316492080688477e-01 1.040518522262573242e+00 7.168678045272827148e-01 8.769429922103881836e-01 5.896295309066772461e-01 6.414194107055664062e-01
3.920826911926269531e-01 5.796144008636474609e-01 3.520216047763824463e-01 5.408806204795837402e-01 4.225838780403137207e-01 5.110661387443542480e-01 3.555556535720825195e-01 3.366459608078002930e-01 6.755264997482299805e-01 5.155949592590332031e-01 4.582440257072448730e-01 7.795428037643432617e-01 6.176899075508117676e-01 7.002300024032592773e-01 6.462075114250183105e-01 6.949087977409362793e-01 9.095304012298583984e-01 7.727724313735961914e-01 6.621900200843811035e-01 5.275347232818603516e-01
4.242733120918273926e-01 5.074125528335571289e-01 1.508070826530456543e-01 3.119310736656188965e-01 5.933279991149902344e-01 2.583214640617370605e-01 5.942862033843994141e-01 4.095730483531951904e-01 4.214863777160644531e-01 2.587655186653137207e-01 4.257134497165679932e-01 3.796698749065399170e-01 3.736983835697174072e-01 7.489552497863769531e-01 4.323481321334838867e-01 7.584332823753356934e-01 5.520796775817871094e-01 5.458835959434509277e-01 5.461052656173706055e-01 1.018748044967651367e+00
5.678980350494384766e-01 4.936138093471527100e-01 4.392500221729278564e-01 2.714461684226989746e-01 4.847018122673034668e-01 4.143441021442413330e-01 4.562524557113647461e-01 6.688445806503295898e-01 7.330770492553710938e-01 4.323718547821044922e-01 1.954833865165710449e-01 6.608741283416748047e-01 3.511595726013183594e-01 6.047163605690002441e-01 5.439862608909606934e-01 4.568839669227600098e-01 6.939265727996826172e-01 8.163765668869018555e-01 7.933790683746337891e-01 6.512117385864257812e-01
8.205731511116027832e-01 5.096243023872375488e-01 3.470813632011413574e-01 5.714861750602722168e-01 6.760336756706237793e-01 3.457710742950439453e-01 3.619865775108337402e-01 6.516693234443664551e-01 5.206037163734436035e-01 4.779752492904663086e-01 8.109762668609619141e-01 7.049242258071899414e-01 6.578223705291748047e-01 5.659722089767456055e-01 5.777224898338317871e-01 4.513118863105773926e-01 7.484284639358520508e-01 8.008326888084411621e-01 4.581968188285827637e-01 7.060143351554870605e-01
3.591881990432739258e-01 3.140907883644104004e-01 5.725618600845336914e-01 6.427408456802368164e-01 4.585798382759094238e-01 6.073603630065917969e-01 3.938247859477996826e-01 4.176207184791564941e-01 3.998714387416839600e-01 3.813184499740600586e-01 5.810685157775878906e-01 3.239965438842773438e-01 4.549450874328613281e-01 6.817879676818847656e-01 6.886132359504699707e-01 3.463500738143920898e-01 4.756602346897125244e-01 5.941935777664184570e-01 1.049100399017333984e+00 6.426198482513427734e-01
3.945207893848419189e-01 5.739115476608276367e-01 6.475672721862792969e-01 4.111445546150207520e-01 4.278685450553894043e-01 7.210380434989929199e-01 7.914847135543823242e-01 5.388934612274169922e-01 6.666007041931152344e-01 7.298913002014160156e-01 6.360273361206054688e-01 3.476572036743164062e-01 4.988554418087005615e-01 6.417368650436401367e-01 4.993233680725097656e-01 8.716437816619873047e-01 6.002636551856994629e-01 5.938355922698974609e-01 7.529361248016357422e-01 5.819556117057800293e-01
4.369360208511352539e-01 4.536373019218444824e-01 3.083711564540863037e-01 4.642102122306823730e-01 6.580981016159057617e-01 6.596685051918029785e-01 4.804356098175048828e-01 7.199838161468505859e-01 7.447503805160522461e-01 5.718759298324584961e-01 5.474773645401000977e-01 4.605222940444946289e-01 6.583639383316040039e-01 2.591989040374755859e-01 7.221535444259643555e-01 2.763723433017730713e-01 6.613349914550781250e-01 4.531625509262084961e-01 8.845674991607666016e-01 3.946028947830200195e-01
7.782116532325744629e-01 5.305919051170349121e-01 7.861253619194030762e-01 4.032280743122100830e-01 6.857039332389831543e-01 4.629291892051696777e-01 5.110298991203308105e-01 7.769588828086853027e-01 6.019984483718872070e-01 5.765813589096069336e-01 5.664888620376586914e-01 5.842028260231018066e-01 4.718925654888153076e-01 5.074320435523986816e-01 5.335733890533447266e-01 3.126922845840454102e-01 4.077683091163635254e-01 6.734591722488403320e-01 6.231430172920227051e-01 6.987762451171875000e-01
3.460989594459533691e-01 4.717490673065185547e-01 5.431706905364990234e-01 6.072932481765747070e-01 6.280233860015869141e-01 5.441735982894897461e-01 5.092727541923522949e-01 4.974520802497863770e-01 6.680594682693481445e-01 8.531824350357055664e-01 6.695834398269653320e-01 6.416982412338256836e-01 5.183532238006591797e-01 5.979422330856323242e-01 4.331842064857482910e-01 4.388604760169982910e-01 3.647625744342803955e-01 5.972557067871093750e-01 3.986538648605346680e-01 5.650874972343444824e-01
6.555832624435424805e-01 4.441525042057037354e-01 7.368530631065368652e-01 6.739884614944458008e-01 4.856999516487121582e-01 2.916886210441589355e-01 7.294669151306152344e-01 4.114890396595001221e-01 1.122902274131774902e+00 5.214285850524902344e-01 5.957065820693969727e-01 7.775143384933471680e-01 3.016271591186523438e-01 5.493698120117187500e-01 4.482063055038452148e-01 5.151344537734985352e-01 4.279612004756927490e-01 6.466115713119506836e-01 1.933296024799346924e-01 3.257181048393249512e-01
