2018-07-24 07:45:00
5.516961812973022461e-01 8.086175322532653809e-01 5.079132318496704102e-01 5.357275009155273438e-01 4.790467619895935059e-01 4.249509871006011963e-01 7.140526771545410156e-01 6.966032385826110840e-01 6.741695404052734375e-01 5.289689302444458008e-01 9.462224245071411133e-01 6.330448389053344727e-01 6.938563585281372070e-01 6.958420276641845703e-01 9.594013094902038574e-01 5.906167030334472656e-01 8.746954202651977539e-01 6.354506611824035645e-01 8.222601413726806641e-01 9.061022996902465820e-01
6.584464311599731445e-01 7.446486949920654297e-01 5.408575534820556641e-01 7.224303483963012695e-01 6.248860955238342285e-01 5.958839654922485352e-01 5.545172691345214844e-01 6.742515563964843750e-01 7.057261466979980469e-01 5.879502892494201660e-01 8.257712125778198242e-01 7.605525851249694824e-01 6.790517568588256836e-01 6.413026452064514160e-01 1.013935804367065430e+00 1.373687028884887695e+00 6.060792207717895508e-01 1.053696393966674805e+00 5.446587204933166504e-01 8.274300098419189453e-01
8.335651159286499023e-01 7.643676996231079102e-01 3.920870423316955566e-01 8.394886851310729980e-01 1.234967783093452454e-01 5.662107467651367188e-01 4.262131154537200928e-01 5.681917667388916016e-01 5.876693129539489746e-01 6.822919249534606934e-01 9.713754057884216309e-01 8.390989899635314941e-01 5.828104019165039062e-01 8.429647088050842285e-01 9.470127820968627930e-01 8.885080814361572266e-01 5.193223953247070312e-01 1.156011819839477539e+00 8.706630468368530273e-01 6.603215336799621582e-01
9.651373624801635742e-01 3.896498382091522217e-01 4.158877134323120117e-01 6.523829102516174316e-01 4.583887457847595215e-01 8.068488836288452148e-01 5.160727500915527344e-01 4.408582448959350586e-01 5.236076712608337402e-01 4.301649928092956543e-01 2.976773977279663086e-01 8.423119187355041504e-01 7.697219848632812500e-01 7.754725217819213867e-01 7.415033578872680664e-01 1.325658202171325684e+00 1.466020584106445312e+00 9.969221353530883789e-01 6.314720511436462402e-01 6.347993612289428711e-01
4.560864269733428955e-01 7.331296205520629883e-01 6.234838962554931641e-01 5.258109569549560547e-01 4.989857077598571777e-01 4.518337249755859375e-01 3.058144450187683105e-01 4.743597507476806641e-01 6.419671773910522461e-01 5.859627723693847656e-01 4.180347323417663574e-01 8.436782360076904297e-01 7.387355566024780273e-01 7.730438709259033203e-01 3.109876513481140137e-01 8.772518634796142578e-01 1.153325438499450684e+00 6.848073005676269531e-01 1.403187036514282227e+00 6.618174910545349121e-01
6.116140484809875488e-01 5.609070062637329102e-01 7.533940076828002930e-01 5.237127542495727539e-01 4.843443632125854492e-01 7.851490974426269531e-01 3.941530585289001465e-01 4.160451889038085938e-01 3.427065610885620117e-01 3.965906500816345215e-01 5.768646001815795898e-01 1.005306243896484375e+00 4.559697806835174561e-01 1.182901024818420410e+00 1.141858100891113281e+00 1.172656774520874023e+00 1.511831521987915039e+00 9.809359312057495117e-01 4.569529891014099121e-01 1.342687129974365234e+00
7.044745683670043945e-01 2.659690082073211670e-01 7.923287153244018555e-01 4.607535600662231445e-01 8.954921960830688477e-01 4.858788847923278809e-01 5.460661053657531738e-01 5.372252464294433594e-01 2.998402118682861328e-01 6.389153599739074707e-01 4.970148503780364990e-01 4.939094483852386475e-01 7.324330806732177734e-01 7.657136321067810059e-01 8.334468603134155273e-01 1.190600872039794922e+00 9.525490999221801758e-01 1.420906066894531250e+00 1.176094532012939453e+00 1.146152973175048828e+00
9.081987142562866211e-01 8.728144168853759766e-01 2.784664034843444824e-01 4.803219735622406006e-01 4.078642129898071289e-01 6.900650858879089355e-01 4.441422224044799805e-01 6.717533469200134277e-01 5.257877111434936523e-01 3.343935608863830566e-01 5.212152004241943359e-01 5.283735990524291992e-01 6.952925920486450195e-01 1.035152912139892578e+00 1.485215902328491211e+00 5.446981191635131836e-01 9.337831139564514160e-01 1.056059002876281738e+00 1.128819584846496582e+00 1.370502233505249023e+00
4.921522140502929688e-01 6.244621872901916504e-01 4.676704108715057373e-01 4.840902388095855713e-01 6.778798103332519531e-01 5.248036980628967285e-01 5.982010364532470703e-01 3.282930254936218262e-01 9.958608150482177734e-01 3.537369966506958008e-01 4.085698127746582031e-01 2.425788491964340210e-01 1.225654602050781250e+00 7.823296785354614258e-01 7.565243840217590332e-01 7.176288366317749023e-01 1.158300399780273438e+00 1.075510501861572266e+00 7.334134578704833984e-01 7.021971344947814941e-01
5.613301992416381836e-01 8.434777259826660156e-01 4.608867168426513672e-01 5.035140514373779297e-01 3.846867084503173828e-01 5.187466740608215332e-01 3.632069230079650879e-01 8.290153741836547852e-01 5.380116105079650879e-01 7.952767610549926758e-01 7.847453951835632324e-01 5.241070389747619629e-01 4.784143865108489990e-01 5.283035039901733398e-01 7.358018755912780762e-01 5.090927481651306152e-01 7.578241825103759766e-01 7.482398748397827148e-01 8.467743992805480957e-01 5.399655103683471680e-01
3.101944625377655029e-01 2.625301778316497803e-01 6.063359975814819336e-01 6.222660541534423828e-01 4.870761036872863770e-01 3.214861750602722168e-01 6.866724491119384766e-01 5.244866609573364258e-01 6.069479584693908691e-01 8.006809353828430176e-01 6.834794878959655762e-01 5.606389045715332031e-01 5.168913602828979492e-01 5.243226289749145508e-01 5.135644078254699707e-01 1.151145696640014648e+00 8.592940568923950195e-01 6.503148078918457031e-01 9.441738128662109375e-01 9.054238200187683105e-01
3.994003832340240479e-01 6.299891471862792969e-01 6.630126237869262695e-01 4.957667291164398193e-01 4.779038429260253906e-01 3.896911144256591797e-01 4.560020565986633301e-01 5.944069027900695801e-01 4.324145913124084473e-01 7.106739282608032227e-01 5.435205698013305664e-01 5.375075340270996094e-01 2.458482682704925537e-01 4.899656176567077637e-01 3.676649332046508789e-01 7.033283710479736328e-01 4.768188595771789551e-01 6.341577172279357910e-01 4.928804636001586914e-01 5.615907907485961914e-01
6.612977385520935059e-01 2.519671618938446045e-01 4.124314785003662109e-01 5.540107488632202148e-01 6.023797988891601562e-01 6.295103430747985840e-01 5.778778791427612305e-01 1.007568717002868652e+00 7.586367130279541016e-01 6.325321197509765625e-01 7.348232269287109375e-01 3.288500607013702393e-01 5.525645017623901367e-01 6.657850146293640137e-01 4.232096672058105469e-01 4.559808075428009033e-01 6.851774454116821289e-01 3.930651843547821045e-01 5.637280344963073730e-01 5.234600305557250977e-01
6.266978979110717773e-01 5.990168452262878418e-01 6.235058903694152832e-01 6.859949827194213867e-01 4.223212003707885742e-01 4.907918274402618408e-01 9.048879742622375488e-01 7.200535535812377930e-01 3.599969446659088135e-01 8.636677265167236328e-01 5.456683635711669922e-01 5.044872760772705078e-01 3.149561285972595215e-01 3.436899483203887939e-01 4.218350350856781006e-01 2.616705298423767090e-01 3.252778947353363037e-01 5.789405703544616699e-01 5.878216028213500977e-01 7.200021743774414062e-01
6.841378211975097656e-01 7.127305269241333008e-01 8.002514243125915527e-01 7.040207982063293457e-01 9.315998554229736328e-01 7.308777570724487305e-01 9.545206427574157715e-01 1.058731317520141602e+00 9.981271028518676758e-01 5.732957124710083008e-01 6.520776748657226562e-01 4.277058243751525879e-01 3.495365679264068604e-01 4.568510651588439941e-01 1.534845083951950073e-01 2.453120350837707520e-01 2.157740741968154907e-01 3.190507292747497559e-01 7.760073542594909668e-01 5.559260845184326172e-01
6.247513890266418457e-01 3.193218708038330078e-01 3.997470736503601074e-01 7.800725698471069336e-01 7.841088771820068359e-01 8.365398049354553223e-01 6.452100872993469238e-01 6.514778137207031250e-01 5.316284894943237305e-01 1.003258824348449707e+00 5.596850514411926270e-01 5.337185859680175781e-01 4.275880455970764160e-01 3.291881680488586426e-01 4.001919329166412354e-01 5.423967838287353516e-01 3.917557895183563232e-01 5.805656313896179199e-01 7.115336656570434570e-01 5.422911643981933594e-01
5.846048593521118164e-01 7.916159033775329590e-01 8.354435563087463379e-01 5.758152008056640625e-01 4.343191385269165039e-01 8.697635531425476074e-01 1.169752955436706543e+00 5.410364866256713867e-01 7.985917329788208008e-01 4.812949001789093018e-01 7.328987121582031250e-01 6.540280580520629883e-01 4.840321242809295654e-01 4.041655957698822021e-01 5.760108828544616699e-01 5.476021766662597656e-01 2.202913910150527954e-01 6.135732531547546387e-01 8.581373095512390137e-01 6.734291315078735352e-01
6.861118078231811523e-01 1.149523496627807617e+00 5.855466127395629883e-01 5.230619311332702637e-01 6.723712086677551270e-01 8.232469558715820312e-01 9.513824582099914551e-01 4.875897765159606934e-01 7.988474369049072266e-01 5.389879941940307617e-01 6.147919893264770508e-01 7.135134935379028320e-01 4.864760041236877441e-01 3.267052471637725830e-01 3.925860822200775146e-01 4.613957107067108154e-01 3.478896617889404297e-01 4.766958057880401611e-01 4.962495267391204834e-01 7.522857785224914551e-01
2.076256424188613892e-01 3.694989085197448730e-01 6.475173234939575195e-01 6.548737883567810059e-01 5.622245669364929199e-01 5.173444151878356934e-01 7.202698588371276855e-01 5.924152731895446777e-01 7.881616353988647461e-01 6.673985123634338379e-01 5.250958204269409180e-01 5.063158869743347168e-01 7.064814567565917969e-01 3.488405346870422363e-01 6.783459186553955078e-01 6.773186326026916504e-01 3.004294037818908691e-01 5.271698832511901855e-01 6.679562330245971680e-01 7.595631480216979980e-01
8.303235769271850586e-01 6.636341810226440430e-01 6.579413414001464844e-01 4.418133497238159180e-01 5.659801959991455078e-01 4.504114687442779541e-01 7.335710525512695312e-01 7.825621962547302246e-01 6.465680599212646484e-01 9.075523018836975098e-01 3.944697380065917969e-01 3.089203834533691406e-01 6.388223171234130859e-01 5.496511459350585938e-01 4.383676350116729736e-01 1.958490759134292603e-01 7.332371473312377930e-01 7.109259366989135742e-01 2.391806691884994507e-01 4.538807272911071777e-01
