2018-07-24 10:00:00
3.284491002559661865e-01 4.533266723155975342e-01 3.379222750663757324e-01 4.981842637062072754e-01 4.818615317344665527e-01 3.374203443527221680e-01 3.294169306755065918e-01 2.775893211364746094e-01 3.062363266944885254e-01 1.793927848339080811e-01 2.376850843429565430e-01 1.992946863174438477e-01 4.831328988075256348e-01 2.817676365375518799e-01 6.205568313598632812e-01 6.547288894653320312e-01 3.748285770416259766e-01 3.337362706661224365e-01 3.735279142856597900e-01 2.026732265949249268e-01
6.701065897941589355e-01 3.583965301513671875e-01 4.740322828292846680e-01 3.020146787166595459e-01 3.575133085250854492e-01 2.557954192161560059e-01 2.758001685142517090e-01 3.854030370712280273e-01 2.981192171573638916e-01 2.963878512382507324e-01 2.553256750106811523e-01 2.516388297080993652e-01 2.963680028915405273e-01 2.353099584579467773e-01 2.277288585901260376e-01 4.549520611763000488e-01 4.441531896591186523e-01 4.305638074874877930e-01 2.911992371082305908e-01 4.270536899566650391e-01
2.782323956489562988e-01 1.674630045890808105e-01 4.938465654850006104e-01 3.115886747837066650e-01 5.531284213066101074e-01 2.708206772804260254e-01 6.976435184478759766e-01 4.917222559452056885e-01 2.883130908012390137e-01 3.801380693912506104e-01 3.619528412818908691e-01 2.703421115875244141e-01 2.821527123451232910e-01 2.686374783515930176e-01 2.895105481147766113e-01 2.930734157562255859e-01 3.037564754486083984e-01 2.112976461648941040e-01 5.405052304267883301e-01 4.146274328231811523e-01
4.161237776279449463e-01 1.205466240644454956e-01 4.523964524269104004e-01 3.249977827072143555e-01 2.941489219665527344e-01 2.024613022804260254e-01 2.903920412063598633e-01 4.542427659034729004e-01 4.152398109436035156e-01 4.299633502960205078e-01 1.116945147514343262e-01 5.871425867080688477e-01 2.435801327228546143e-01 2.447866797447204590e-01 5.853456258773803711e-01 3.763567209243774414e-01 2.556844353675842285e-01 1.787525713443756104e-01 2.462456524372100830e-01 2.850252985954284668e-01
3.908572494983673096e-01 3.094224929809570312e-01 2.112257182598114014e-01 2.043469548225402832e-01 2.893527746200561523e-01 5.625838041305541992e-01 4.328904151916503906e-01 2.806574702262878418e-01 5.293096303939819336e-01 5.577059388160705566e-01 5.320702195167541504e-01 2.747267484664916992e-01 2.865088880062103271e-01 3.466382920742034912e-01 4.757578969001770020e-01 3.118509054183959961e-01 6.113561391830444336e-01 5.226621031761169434e-01 2.869548797607421875e-01 3.557196259498596191e-01
4.178121089935302734e-01 2.617934346199035645e-01 3.027808070182800293e-01 4.193751215934753418e-01 4.795208275318145752e-01 2.708477079868316650e-01 3.019880652427673340e-01 -2.695657312870025635e-02 8.020102977752685547e-02 2.863393425941467285e-01 4.636771678924560547e-01 2.631533145904541016e-01 4.077836275100708008e-01 2.562884092330932617e-01 2.346878796815872192e-01 6.221586465835571289e-01 4.272815585136413574e-01 1.500352621078491211e-01 3.957482576370239258e-01 3.346194028854370117e-01
4.279690384864807129e-01 5.275609493255615234e-01 2.343832552433013916e-01 4.876658022403717041e-01 4.624145627021789551e-01 4.972421526908874512e-01 2.651821970939636230e-01 3.248586952686309814e-01 4.233091771602630615e-01 2.825089097023010254e-01 1.769095063209533691e-01 4.254696965217590332e-01 4.234295189380645752e-01 3.805829286575317383e-01 3.217775225639343262e-01 2.879332304000854492e-01 4.722971320152282715e-01 1.867199540138244629e-01 6.643953919410705566e-01 3.111075162887573242e-01
1.694868505001068115e-01 1.979105174541473389e-01 2.233919799327850342e-01 2.663016021251678467e-01 3.632057830691337585e-02 2.578316032886505127e-01 2.358974218368530273e-01 3.207311332225799561e-01 1.927559971809387207e-01 2.504335641860961914e-01 2.936254739761352539e-01 4.016378521919250488e-01 3.674753308296203613e-01 2.467939853668212891e-01 3.551632463932037354e-01 1.849473416805267334e-01 2.651810646057128906e-01 2.607865631580352783e-01 2.181040793657302856e-01 2.889461517333984375e-01
3.213812708854675293e-01 2.286765426397323608e-01 2.112986296415328979e-01 4.658088088035583496e-01 3.262600302696228027e-01 2.879606783390045166e-01 3.989106118679046631e-01 2.924107015132904053e-01 1.997847408056259155e-01 3.538669943809509277e-01 3.435004353523254395e-01 2.657970786094665527e-01 5.617461204528808594e-01 4.459777772426605225e-01 3.895694017410278320e-01 2.918969094753265381e-01 2.641268670558929443e-01 4.909506738185882568e-01 4.898887276649475098e-01 5.452867746353149414e-01
3.789832293987274170e-01 3.849788606166839600e-01 2.644878625869750977e-01 5.213228464126586914e-01 1.843814700841903687e-01 1.969426572322845459e-01 2.877942621707916260e-01 2.740904688835144043e-01 5.435292720794677734e-01 2.221072912216186523e-01 3.070428669452667236e-01 2.685213387012481689e-01 5.977837443351745605e-01 3.209698796272277832e-01 2.163668870925903320e-01 2.941117882728576660e-01 3.688520789146423340e-01 4.036574959754943848e-01 2.003171145915985107e-01 2.549217343330383301e-01
2.860299050807952881e-01 2.505756616592407227e-01 6.545721888542175293e-01 1.920251399278640747e-01 2.079744935035705566e-01 4.612269401550292969e-01 2.669203281402587891e-01 4.098297655582427979e-01 3.397499322891235352e-01 4.387424290180206299e-01 3.411269187927246094e-01 2.699460983276367188e-01 2.844761610031127930e-01 2.531804442405700684e-01 2.777286469936370850e-01 3.406141996383666992e-01 3.287680745124816895e-01 4.370566010475158691e-01 2.266173511743545532e-01 5.050807595252990723e-01
1.500529497861862183e-01 3.445039987564086914e-01 4.897578954696655273e-01 4.838906824588775635e-01 1.196545958518981934e-01 2.134055495262145996e-01 5.130963921546936035e-01 4.192185699939727783e-01 4.770639240741729736e-01 4.740526676177978516e-01 3.984554409980773926e-01 1.751568317413330078e-01 2.631680369377136230e-01 4.355863034725189209e-01 4.476415812969207764e-01 2.706416547298431396e-01 4.214850366115570068e-01 2.858304083347320557e-01 4.496858119964599609e-01 5.017838478088378906e-01
3.244739770889282227e-01 4.378837347030639648e-01 3.278039991855621338e-01 5.168296098709106445e-01 2.321350723505020142e-01 2.931601703166961670e-01 3.053569495677947998e-01 4.189532399177551270e-01 3.931409120559692383e-01 1.490542739629745483e-01 3.213224112987518311e-01 2.618256807327270508e-01 2.215867340564727783e-01 3.423510491847991943e-01 1.826170086860656738e-01 4.264688491821289062e-01 3.087101578712463379e-01 5.928438901901245117e-01 1.912223100662231445e-01 5.050140619277954102e-01
2.123190760612487793e-01 3.107603490352630615e-01 3.978633880615234375e-01 4.187991917133331299e-01 3.364236950874328613e-01 1.095283925533294678e-01 3.932589888572692871e-01 3.463476598262786865e-01 4.964113831520080566e-01 3.216859400272369385e-01 2.766655087471008301e-01 1.059112548828125000e-01 3.291329145431518555e-01 3.419079184532165527e-01 2.915347516536712646e-01 4.053704738616943359e-01 3.456227779388427734e-01 3.510396778583526611e-01 2.628978788852691650e-01 2.224681377410888672e-01
4.095546305179595947e-01 3.785360455513000488e-01 4.139930009841918945e-01 5.344227552413940430e-01 2.289646267890930176e-01 2.587702274322509766e-01 6.226687431335449219e-01 3.037942051887512207e-01 3.173906505107879639e-01 6.181215047836303711e-01 3.894917666912078857e-01 3.198744654655456543e-01 3.403778076171875000e-01 1.926641166210174561e-01 2.745874524116516113e-01 3.015506267547607422e-01 2.222400605678558350e-01 1.820236146450042725e-01 1.404982805252075195e-01 5.272884368896484375e-01
1.976281553506851196e-01 4.574558138847351074e-01 4.183165431022644043e-01 2.101877778768539429e-01 4.942001402378082275e-01 3.328194022178649902e-01 2.984176278114318848e-01 2.033641338348388672e-01 3.757590055465698242e-01 3.473392128944396973e-01 4.177883267402648926e-01 4.247547686100006104e-01 4.040731191635131836e-01 1.861090362071990967e-01 1.322595328092575073e-01 3.140965402126312256e-01 2.112154811620712280e-01 4.792535305023193359e-01 4.557460844516754150e-01 2.383380234241485596e-01
5.214705467224121094e-01 6.405010819435119629e-01 2.534456849098205566e-01 3.982752859592437744e-01 5.220408439636230469e-01 3.282922506332397461e-01 3.387625217437744141e-01 3.027722239494323730e-01 1.913761496543884277e-01 3.771337270736694336e-01 4.539882540702819824e-01 4.298238754272460938e-01 3.897749185562133789e-01 1.398611664772033691e-01 2.647773325443267822e-01 5.533677935600280762e-01 3.746892809867858887e-01 3.015902638435363770e-01 4.278455674648284912e-01 2.595309615135192871e-01
7.602777481079101562e-01 2.353549003601074219e-01 2.326031029224395752e-01 3.313468396663665771e-01 3.073623776435852051e-01 3.586790263652801514e-01 9.090578556060791016e-02 3.424149751663208008e-01 2.461967468261718750e-01 2.110684216022491455e-01 3.357417583465576172e-01 2.967488169670104980e-01 2.104780673980712891e-01 2.845788300037384033e-01 2.894199192523956299e-01 5.440481305122375488e-01 2.378233671188354492e-01 2.463383674621582031e-01 3.607422113418579102e-01 2.239442169666290283e-01
4.474460482597351074e-01 3.806104063987731934e-01 4.327369034290313721e-01 5.276190042495727539e-01 2.542793750762939453e-01 2.633767127990722656e-01 2.606335282325744629e-01 3.328665494918823242e-01 3.066140711307525635e-01 2.990739047527313232e-01 3.498120307922363281e-01 3.552604913711547852e-01 2.889060974121093750e-01 1.888904720544815063e-01 4.019858241081237793e-01 2.243072092533111572e-01 3.816765546798706055e-01 1.042006537318229675e-01 4.906688332557678223e-01 2.945840358734130859e-01
1.309000849723815918e-01 1.940843760967254639e-01 3.775157332420349121e-01 2.820490002632141113e-01 3.754930794239044189e-01 3.931484222412109375e-01 3.422206342220306396e-01 3.984203338623046875e-01 5.212793350219726562e-01 3.519385457038879395e-01 2.033839672803878784e-01 7.131895422935485840e-01 2.722034752368927002e-01 4.018173515796661377e-01 4.252245426177978516e-01 2.468328773975372314e-01 2.212967276573181152e-01 4.538629055023193359e-01 3.380383849143981934e-01 2.499661743640899658e-01
