2018-07-24 11:00:00
4.080997705459594727e-01 4.586604535579681396e-01 1.656957566738128662e-01 4.788025617599487305e-01 1.750670373439788818e-01 4.360387623310089111e-01 4.309147000312805176e-01 3.589706420898437500e-01 3.392430245876312256e-01 2.997401952743530273e-01 3.968134522438049316e-01 2.892882227897644043e-01 3.361939787864685059e-01 4.497691094875335693e-01 3.192975819110870361e-01 6.867194175720214844e-01 5.214741826057434082e-01 4.804367423057556152e-01 4.061954021453857422e-01 4.145909249782562256e-01
4.606800675392150879e-01 7.384219169616699219e-01 4.856744706630706787e-01 4.114134311676025391e-01 4.103670120239257812e-01 6.567268371582031250e-01 2.681164741516113281e-01 1.229762956500053406e-01 2.832176685333251953e-01 3.897341489791870117e-01 4.292306005954742432e-01 4.659719765186309814e-01 3.936085104942321777e-01 3.502684235572814941e-01 5.145287513732910156e-01 5.171689987182617188e-01 4.870465993881225586e-01 3.834612369537353516e-01 2.761273980140686035e-01 4.691789150238037109e-01
3.438260257244110107e-01 3.139697611331939697e-01 6.269054412841796875e-01 3.979559838771820068e-01 6.597369909286499023e-01 5.373817682266235352e-01 6.304334998130798340e-01 3.455498218536376953e-01 3.081045150756835938e-01 3.874441385269165039e-01 5.528106689453125000e-01 5.553928017616271973e-01 3.004953861236572266e-01 3.177674412727355957e-01 3.026631474494934082e-01 5.664944648742675781e-01 4.887558817863464355e-01 3.126991093158721924e-01 5.579719543457031250e-01 5.072211623191833496e-01
4.227845072746276855e-01 5.141639709472656250e-01 5.402160882949829102e-01 3.157287836074829102e-01 4.416695535182952881e-01 2.364879548549652100e-01 3.557284176349639893e-01 4.963580965995788574e-01 3.459957838058471680e-01 2.197012305259704590e-01 3.884160816669464111e-01 2.877697050571441650e-01 3.277050852775573730e-01 2.498247474431991577e-01 5.343098640441894531e-01 2.182502746582031250e-01 6.584157943725585938e-01 3.410611152648925781e-01 2.514464259147644043e-01 3.241553604602813721e-01
3.749596774578094482e-01 4.177888035774230957e-01 2.780923545360565186e-01 3.975243866443634033e-01 4.406906962394714355e-01 3.209534287452697754e-01 4.200144112110137939e-01 1.765328049659729004e-01 3.863519430160522461e-01 7.008537650108337402e-01 6.402534842491149902e-01 4.449684321880340576e-01 7.501702308654785156e-01 2.462865710258483887e-01 7.738046050071716309e-01 4.453350901603698730e-01 4.543860554695129395e-01 3.933823704719543457e-01 3.780711293220520020e-01 3.194791078567504883e-01
4.506209790706634521e-01 3.093864619731903076e-01 3.664064407348632812e-01 3.718486428260803223e-01 3.550363481044769287e-01 5.378150939941406250e-01 2.627588808536529541e-01 5.841395854949951172e-01 1.643851697444915771e-01 4.328235089778900146e-01 5.534420609474182129e-01 3.495656251907348633e-01 4.663929343223571777e-01 4.264361858367919922e-01 3.113942444324493408e-01 2.144599854946136475e-01 3.297702670097351074e-01 3.825554847717285156e-01 4.778650701045989990e-01 3.692309558391571045e-01
5.290211439132690430e-01 1.758106052875518799e-01 3.439075946807861328e-01 3.248931169509887695e-01 3.570063114166259766e-01 2.423308342695236206e-01 3.527036309242248535e-01 2.814245223999023438e-01 4.965024590492248535e-01 3.320778608322143555e-01 4.485384821891784668e-01 2.952729463577270508e-01 5.506471395492553711e-01 2.178690135478973389e-01 5.115115046501159668e-01 2.613745927810668945e-01 7.275229692459106445e-01 2.472755163908004761e-01 3.569837808609008789e-01 4.028276205062866211e-01
3.606121242046356201e-01 3.959148228168487549e-01 4.390775561332702637e-01 1.778007298707962036e-01 3.310811519622802734e-01 1.966126561164855957e-01 4.365021586418151855e-01 3.930096626281738281e-01 2.691363692283630371e-01 2.085190415382385254e-01 4.733925759792327881e-01 2.268880903720855713e-01 4.851583242416381836e-01 3.626092672348022461e-01 3.583834171295166016e-01 4.726411700248718262e-01 3.602831959724426270e-01 4.062124192714691162e-01 -2.518729865550994873e-02 4.381819963455200195e-01
3.779184222221374512e-01 2.961157262325286865e-01 3.444634079933166504e-01 2.577620744705200195e-01 1.800097823143005371e-01 3.969428539276123047e-01 3.205245435237884521e-01 6.093790531158447266e-01 3.918279111385345459e-01 2.582713365554809570e-01 2.325224429368972778e-01 3.228541910648345947e-01 2.781404256820678711e-01 5.592531561851501465e-01 3.866080939769744873e-01 3.915954828262329102e-01 3.820252120494842529e-01 4.710963070392608643e-01 1.025526747107505798e-01 2.621629238128662109e-01
4.550279974937438965e-01 4.496722817420959473e-01 3.229005932807922363e-01 4.142210483551025391e-01 6.581408977508544922e-01 5.375430583953857422e-01 4.625858664512634277e-01 2.929658591747283936e-01 2.895934581756591797e-01 2.582242190837860107e-01 2.963225245475769043e-01 3.907643556594848633e-01 2.772534191608428955e-01 2.123481929302215576e-01 3.451330363750457764e-01 3.002099692821502686e-01 3.590333461761474609e-01 3.700330555438995361e-01 3.499971926212310791e-01 4.142370223999023438e-01
2.846938669681549072e-01 3.372821807861328125e-01 2.467900216579437256e-01 2.709509730339050293e-01 3.298107683658599854e-01 5.301125049591064453e-01 1.513627022504806519e-01 4.155478477478027344e-01 1.346558332443237305e-01 3.735355734825134277e-01 5.137635469436645508e-01 3.189082741737365723e-01 3.873493075370788574e-01 4.151862859725952148e-01 3.853962123394012451e-01 4.173060655593872070e-01 3.377745747566223145e-01 5.164057016372680664e-01 2.924029827117919922e-01 4.798668324947357178e-01
2.573173642158508301e-01 3.873909413814544678e-01 2.306678891181945801e-01 4.495175182819366455e-01 4.651744365692138672e-01 3.794683814048767090e-01 2.953155934810638428e-01 3.220549821853637695e-01 3.514251708984375000e-01 5.057905316352844238e-01 3.436687588691711426e-01 3.270000815391540527e-01 3.079817891120910645e-01 5.540596246719360352e-01 1.499755382537841797e-01 5.707789957523345947e-02 4.663054347038269043e-01 4.299249053001403809e-01 4.475584626197814941e-01 3.043573796749114990e-01
4.895191192626953125e-01 1.851025223731994629e-01 5.344206094741821289e-01 5.125228166580200195e-01 2.231492698192596436e-01 4.760269820690155029e-01 2.320468723773956299e-01 4.982155561447143555e-01 2.266000658273696899e-01 1.431958377361297607e-01 2.290498316287994385e-01 4.168423712253570557e-01 5.474050045013427734e-01 3.956427872180938721e-01 3.906645774841308594e-01 5.441430807113647461e-01 3.466178774833679199e-01 3.254816532135009766e-01 5.314319133758544922e-01 5.693500638008117676e-01
4.204588532447814941e-01 2.620771527290344238e-01 4.145110845565795898e-01 2.417538017034530640e-01 2.732602059841156006e-01 2.685664892196655273e-01 4.001740217208862305e-01 3.909484744071960449e-01 4.550943374633789062e-01 4.663524031639099121e-01 4.352524578571319580e-01 3.111294507980346680e-01 4.117181301116943359e-01 2.133230566978454590e-01 3.767290413379669189e-01 4.011303186416625977e-01 3.260036706924438477e-01 2.419850379228591919e-01 2.282441556453704834e-01 2.701604366302490234e-01
2.727614939212799072e-01 3.374590277671813965e-01 3.454711437225341797e-01 3.487606048583984375e-01 2.458014786243438721e-01 1.990507096052169800e-01 2.341274321079254150e-01 4.112441241741180420e-01 2.613040804862976074e-01 1.938230097293853760e-01 3.582679033279418945e-01 2.909039855003356934e-01 4.071332216262817383e-01 2.858654856681823730e-01 4.423283934593200684e-01 4.704111218452453613e-01 3.013758063316345215e-01 2.946984767913818359e-01 5.932692289352416992e-01 4.662844538688659668e-01
2.787097394466400146e-01 2.969517409801483154e-01 4.033738970756530762e-01 4.087585508823394775e-01 2.018180638551712036e-01 1.910656988620758057e-01 5.542136430740356445e-01 2.732332348823547363e-01 4.360785186290740967e-01 2.337080836296081543e-01 2.632692158222198486e-01 2.075011581182479858e-01 3.639932870864868164e-01 2.358176410198211670e-01 4.277625679969787598e-01 3.637128472328186035e-01 2.863665521144866943e-01 4.554364383220672607e-01 4.085920453071594238e-01 4.787745475769042969e-01
2.848407030105590820e-01 2.420751452445983887e-01 2.888763248920440674e-01 2.974745333194732666e-01 3.540935516357421875e-01 4.200450479984283447e-01 3.445866703987121582e-01 2.077304273843765259e-01 3.065988421440124512e-01 4.361248612403869629e-01 3.202754557132720947e-01 3.371247947216033936e-01 2.936187982559204102e-01 6.791140139102935791e-02 2.347834855318069458e-01 4.019582271575927734e-01 3.566164374351501465e-01 3.165014088153839111e-01 4.224602282047271729e-01 3.618066012859344482e-01
3.872269392013549805e-01 3.382999897003173828e-01 3.478608727455139160e-01 3.387973904609680176e-01 3.973757028579711914e-01 3.455933034420013428e-01 3.426500856876373291e-01 1.736524254083633423e-01 2.934024631977081299e-01 2.235866338014602661e-01 4.143196344375610352e-01 4.357630014419555664e-01 2.615129053592681885e-01 5.075216889381408691e-01 3.895425498485565186e-01 3.028922080993652344e-01 3.761158585548400879e-01 2.497760057449340820e-01 1.480047106742858887e-01 4.531443119049072266e-01
5.543836355209350586e-01 3.289611637592315674e-01 3.614547252655029297e-01 1.846799552440643311e-01 4.540677070617675781e-01 3.649370074272155762e-01 4.224598407745361328e-01 4.670910239219665527e-01 2.702980637550354004e-01 9.524701535701751709e-02 4.739177525043487549e-01 4.084756374359130859e-01 5.313735008239746094e-01 2.987533211708068848e-01 3.148242533206939697e-01 4.404549896717071533e-01 6.030700802803039551e-01 4.290493130683898926e-01 3.071003556251525879e-01 2.063217759132385254e-01
2.544033229351043701e-01 3.299949765205383301e-01 3.527725040912628174e-01 7.821368426084518433e-02 2.799427509307861328e-01 3.177502155303955078e-01 2.690915763378143311e-01 2.943361401557922363e-01 1.356146782636642456e-01 4.063769578933715820e-01 2.412827759981155396e-01 6.728464961051940918e-01 2.382425665855407715e-01 1.910926550626754761e-01 3.960517048835754395e-01 4.003315567970275879e-01 2.646830379962921143e-01 1.903306841850280762e-01 2.331338226795196533e-01 2.086444944143295288e-01
