2018-07-24 12:00:00
4.471311867237091064e-01 2.644549608230590820e-01 1.777200996875762939e-01 5.377289056777954102e-01 2.205792516469955444e-01 1.974732875823974609e-01 2.476309388875961304e-01 1.387799233198165894e-01 3.703517913818359375e-01 1.725430041551589966e-01 7.888446748256683350e-02 1.107925027608871460e-01 4.275195598602294922e-01 1.671201884746551514e-01 1.248171329498291016e-01 2.839130163192749023e-01 9.937426447868347168e-02 2.561947703361511230e-01 2.733902335166931152e-01 1.383592486381530762e-01
4.360724985599517822e-02 3.880101144313812256e-01 5.678116083145141602e-01 3.293282389640808105e-01 1.787126511335372925e-01 3.496884703636169434e-01 3.480056226253509521e-01 4.596308618783950806e-02 8.828888833522796631e-02 1.085899174213409424e-01 1.677757054567337036e-01 1.397825777530670166e-01 9.990499913692474365e-02 2.098805457353591919e-01 1.256313174962997437e-01 1.749480962753295898e-01 3.437186777591705322e-01 1.037838682532310486e-01 3.153518438339233398e-01 1.862382590770721436e-01
3.716242313385009766e-01 2.199568301439285278e-01 2.642335295677185059e-01 3.562067747116088867e-01 7.525637149810791016e-01 5.561969876289367676e-01 6.443085670471191406e-01 3.268032670021057129e-01 1.698528975248336792e-01 1.330760419368743896e-01 4.778771698474884033e-01 2.243400812149047852e-01 1.936613917350769043e-01 2.643063664436340332e-01 2.881461679935455322e-01 1.447993665933609009e-01 4.191330373287200928e-01 2.189862579107284546e-01 4.858973026275634766e-01 9.262371063232421875e-02
2.393644005060195923e-01 3.447385132312774658e-01 2.927733957767486572e-01 2.954183518886566162e-01 1.230556517839431763e-01 1.762079745531082153e-01 5.941888689994812012e-02 1.379533112049102783e-01 2.045166492462158203e-01 4.198035001754760742e-01 3.017829060554504395e-01 3.725699782371520996e-01 9.671344608068466187e-02 2.437032759189605713e-01 3.059511482715606689e-01 1.419816464185714722e-01 1.084105670452117920e-01 2.598060965538024902e-01 2.700422406196594238e-01 1.600111424922943115e-01
2.283068150281906128e-01 1.315143555402755737e-01 2.216660529375076294e-01 1.570855975151062012e-01 8.523433655500411987e-02 1.425054073333740234e-01 3.603868484497070312e-01 3.142332732677459717e-01 4.467913508415222168e-01 2.274753600358963013e-01 3.747183978557586670e-01 2.806562185287475586e-01 5.407167077064514160e-01 1.724735200405120850e-01 1.604592055082321167e-01 1.700834631919860840e-01 2.037946581840515137e-01 4.115849733352661133e-01 4.796145856380462646e-01 1.338196992874145508e-01
2.283510118722915649e-01 4.153731465339660645e-01 -1.826067268848419189e-02 4.096497297286987305e-01 6.233900785446166992e-01 6.314620375633239746e-02 3.543483018875122070e-01 4.591795206069946289e-01 3.219430744647979736e-01 2.227104902267456055e-01 1.815627515316009521e-01 2.504898309707641602e-01 1.342047452926635742e-01 1.339441537857055664e-01 2.234621495008468628e-01 2.632947564125061035e-01 1.882229447364807129e-01 3.461729288101196289e-01 1.329570561647415161e-01 2.167814970016479492e-01
1.497880965471267700e-01 1.457619667053222656e-02 8.769000321626663208e-02 1.520173847675323486e-01 2.877402603626251221e-01 4.144468009471893311e-01 4.650110006332397461e-01 2.173147052526473999e-01 4.285979866981506348e-01 2.275651395320892334e-01 1.956231594085693359e-01 3.021138906478881836e-01 1.539893150329589844e-01 2.967536449432373047e-01 1.776068806648254395e-01 2.399017363786697388e-01 1.158427074551582336e-01 1.076378226280212402e-01 3.371954262256622314e-01 5.058643817901611328e-01
5.270334482192993164e-01 2.641381025314331055e-01 1.490916311740875244e-01 2.511577904224395752e-01 1.896499097347259521e-01 2.802170217037200928e-01 3.352875113487243652e-01 2.146805822849273682e-01 2.414011955261230469e-01 3.231081962585449219e-01 3.924478292465209961e-01 4.954983592033386230e-01 4.005942642688751221e-01 3.815107345581054688e-01 3.518003225326538086e-01 1.172511875629425049e-01 9.599654376506805420e-02 1.836323738098144531e-01 1.392644196748733521e-01 2.297075688838958740e-01
2.666404247283935547e-01 1.844928413629531860e-01 4.038586914539337158e-01 2.806451022624969482e-01 4.661150872707366943e-01 3.809788227081298828e-01 4.951289892196655273e-01 3.131132125854492188e-01 3.312980532646179199e-01 3.734419345855712891e-01 2.645261585712432861e-01 2.619664967060089111e-01 8.276410400867462158e-02 7.104165107011795044e-02 2.844024300575256348e-01 1.518457382917404175e-01 3.418909907341003418e-01 7.642467319965362549e-02 2.854689955711364746e-01 4.143832921981811523e-01
2.165049761533737183e-01 3.412528932094573975e-01 4.872436225414276123e-01 3.522987067699432373e-01 3.134661912918090820e-01 2.294582575559616089e-01 2.020708918571472168e-01 2.059918642044067383e-01 2.057394981384277344e-01 2.710237503051757812e-01 2.102746665477752686e-01 1.219068765640258789e-01 2.569240927696228027e-01 7.458767294883728027e-02 1.989016532897949219e-01 2.121677100658416748e-01 -2.167798951268196106e-02 1.547213047742843628e-01 2.689253687858581543e-01 4.643246531486511230e-01
2.402687966823577881e-01 2.059551179409027100e-01 2.985159456729888916e-01 3.649873733520507812e-01 2.766940593719482422e-01 4.100126028060913086e-01 1.414028853178024292e-01 9.104382991790771484e-02 5.425201058387756348e-01 4.793748557567596436e-01 1.557461023330688477e-01 2.569364309310913086e-01 2.806380391120910645e-01 1.957585066556930542e-01 2.289466857910156250e-01 1.731741130352020264e-01 1.536514908075332642e-01 3.513209521770477295e-01 1.218979507684707642e-01 2.225597798824310303e-01
3.281718790531158447e-01 5.564177408814430237e-02 1.118053421378135681e-01 1.560079753398895264e-01 2.193015217781066895e-01 1.929242014884948730e-01 1.102074310183525085e-01 9.717294946312904358e-03 3.181155920028686523e-01 1.713302284479141235e-01 2.521367967128753662e-01 3.140721619129180908e-01 2.964083552360534668e-01 3.738323450088500977e-01 1.544746756553649902e-01 3.530398011207580566e-01 1.783724576234817505e-01 2.775598764419555664e-01 3.329066038131713867e-01 1.575143933296203613e-01
2.122392952442169189e-01 3.519774675369262695e-01 2.116725146770477295e-01 2.941831052303314209e-01 2.438534051179885864e-01 2.948625087738037109e-01 1.595087498426437378e-01 4.483266174793243408e-01 3.711943030357360840e-01 2.798350453376770020e-01 3.467859327793121338e-01 3.928243517875671387e-01 4.014231264591217041e-01 1.395127624273300171e-01 4.431568682193756104e-01 3.040284812450408936e-01 1.100167930126190186e-01 2.728753387928009033e-01 3.145412504673004150e-01 1.553668379783630371e-01
2.415926456451416016e-01 2.298220098018646240e-01 2.210804224014282227e-01 4.026711881160736084e-01 3.669745028018951416e-01 2.463393807411193848e-01 2.620973587036132812e-01 1.569965034723281860e-01 3.382315039634704590e-01 3.239366710186004639e-01 3.358479738235473633e-01 4.374192059040069580e-01 9.206799417734146118e-02 4.223342537879943848e-01 2.390718609094619751e-01 2.918725609779357910e-01 2.341803163290023804e-01 2.732661962509155273e-01 2.125155776739120483e-01 9.642904996871948242e-02
1.815099269151687622e-01 1.956013590097427368e-01 3.041377663612365723e-01 1.247341930866241455e-01 1.905045658349990845e-01 2.884652614593505859e-01 2.509976625442504883e-01 3.679605722427368164e-01 3.041320741176605225e-01 3.342503011226654053e-01 3.080212771892547607e-01 2.210200428962707520e-01 1.715754270553588867e-01 2.813217937946319580e-01 1.734507083892822266e-01 2.587268948554992676e-01 3.060175180435180664e-01 1.745449900627136230e-01 1.832675635814666748e-01 1.334856152534484863e-01
3.432315587997436523e-01 3.412821292877197266e-01 3.100289106369018555e-01 2.243420183658599854e-01 1.901954859495162964e-01 1.469238549470901489e-01 3.080750405788421631e-01 2.941154241561889648e-01 2.447586655616760254e-01 2.840871214866638184e-01 2.601872682571411133e-01 3.637565374374389648e-01 2.500819861888885498e-01 2.893322110176086426e-01 1.419298797845840454e-01 1.586022377014160156e-01 4.084985256195068359e-01 2.816880941390991211e-01 1.125720441341400146e-01 3.195815086364746094e-01
1.979176104068756104e-01 2.986854910850524902e-01 3.783794343471527100e-01 3.625572919845581055e-01 3.919685482978820801e-01 3.464659452438354492e-01 3.314841985702514648e-01 3.009704053401947021e-01 3.942302167415618896e-01 4.533446431159973145e-01 5.018578171730041504e-01 2.962735593318939209e-01 3.782837390899658203e-01 1.838117539882659912e-01 2.863954305648803711e-01 2.305425405502319336e-01 9.047988802194595337e-02 1.118558868765830994e-01 1.241464465856552124e-01 2.402682155370712280e-01
2.457446306943893433e-01 2.299457788467407227e-01 1.743450760841369629e-01 3.003257811069488525e-01 2.521928250789642334e-01 3.298000097274780273e-01 3.539519309997558594e-01 3.419238030910491943e-01 2.529366314411163330e-01 2.878724932670593262e-01 1.518824696540832520e-01 1.743739843368530273e-01 2.275960594415664673e-01 2.741821408271789551e-01 2.744375467300415039e-01 1.767343878746032715e-01 7.180160284042358398e-02 2.229682803153991699e-01 2.571566104888916016e-01 3.505910634994506836e-01
3.194337487220764160e-01 5.092671513557434082e-01 2.688742876052856445e-01 2.128824591636657715e-01 1.835127174854278564e-01 2.071922123432159424e-01 7.933726161718368530e-02 3.685690164566040039e-01 2.032145410776138306e-01 3.595622479915618896e-01 3.151541352272033691e-01 3.488472104072570801e-01 1.780404597520828247e-01 2.983724772930145264e-01 3.706210553646087646e-01 3.432996869087219238e-01 1.651310175657272339e-01 2.417194694280624390e-01 2.304767072200775146e-01 3.452099561691284180e-01
2.754892110824584961e-01 2.786390185356140137e-01 2.494695037603378296e-01 1.485705971717834473e-01 1.594401001930236816e-01 1.227612346410751343e-01 2.500491440296173096e-01 1.858655810356140137e-01 5.690926313400268555e-01 8.613045513629913330e-02 1.323571056127548218e-01 2.337754964828491211e-01 4.079004228115081787e-01 4.081114232540130615e-01 2.694563269615173340e-01 2.001427710056304932e-01 2.359594106674194336e-01 2.374749779701232910e-01 1.173633858561515808e-01 2.568427920341491699e-01
