2018-07-24 15:15:00
4.004855155944824219e-01 2.396304011344909668e-01 5.487583875656127930e-01 3.054040670394897461e-01 2.318088114261627197e-01 6.255698949098587036e-02 6.582881212234497070e-01 3.336387276649475098e-01 4.045926928520202637e-01 6.247458457946777344e-01 2.007560133934020996e-01 1.932213902473449707e-01 5.132508277893066406e-01 2.002848982810974121e-01 2.854532301425933838e-01 4.894365668296813965e-01 6.206466555595397949e-01 3.955010175704956055e-01 3.704785704612731934e-01 2.206613719463348389e-01
1.931508183479309082e-01 2.036325037479400635e-01 6.402601003646850586e-01 2.876212298870086670e-01 4.675407409667968750e-01 4.965234994888305664e-01 2.755330204963684082e-01 2.505763769149780273e-01 1.282814443111419678e-01 3.575019836425781250e-01 2.429712563753128052e-01 1.838803440332412720e-01 2.124749571084976196e-01 5.034709572792053223e-01 3.158046007156372070e-01 3.676650226116180420e-01 2.963439524173736572e-01 2.260636538267135620e-01 5.999976992607116699e-01 2.687175869941711426e-01
3.373913764953613281e-01 3.721421957015991211e-01 2.055879235267639160e-01 2.300413548946380615e-01 1.423183083534240723e-01 2.428701221942901611e-01 6.928977370262145996e-01 1.249380931258201599e-01 4.164170920848846436e-01 2.425587624311447144e-01 1.590141952037811279e-01 4.179391264915466309e-01 2.753760218620300293e-01 2.485430240631103516e-01 2.515915632247924805e-01 2.117386460304260254e-01 4.246118664741516113e-01 1.917687952518463135e-01 3.893192410469055176e-01 4.500775933265686035e-01
1.857879459857940674e-01 1.585822999477386475e-01 1.783053278923034668e-01 4.705386161804199219e-01 9.372323006391525269e-02 1.919565647840499878e-01 1.411293148994445801e-01 1.350889503955841064e-01 9.485848993062973022e-02 4.854337275028228760e-01 2.876878678798675537e-01 1.638950407505035400e-01 2.683233916759490967e-01 3.014942407608032227e-01 2.387173622846603394e-01 2.062550634145736694e-01 4.230441451072692871e-01 3.672858178615570068e-01 3.369874358177185059e-01 3.639557063579559326e-01
2.739509940147399902e-01 2.214994430541992188e-01 3.683458566665649414e-01 2.197473496198654175e-01 1.646080464124679565e-01 1.254800856113433838e-01 3.073571622371673584e-01 3.723903000354766846e-01 3.712642788887023926e-01 6.526694297790527344e-01 2.116106450557708740e-01 8.979792892932891846e-02 3.691974878311157227e-01 2.776618897914886475e-01 3.752565383911132812e-01 3.475003242492675781e-01 2.927846908569335938e-01 6.212654709815979004e-01 1.563128679990768433e-01 2.182866632938385010e-01
3.883226513862609863e-01 2.381520271301269531e-01 2.583108842372894287e-01 2.260111421346664429e-01 2.123579978942871094e-01 4.586686789989471436e-01 1.399345993995666504e-01 2.956507503986358643e-01 1.416606158018112183e-01 1.778652966022491455e-01 3.889425396919250488e-01 2.655329704284667969e-01 2.153936475515365601e-01 2.162046879529953003e-01 3.188028931617736816e-01 6.125262975692749023e-01 6.395668387413024902e-01 4.173808097839355469e-01 2.486492246389389038e-01 3.250190019607543945e-01
4.894276857376098633e-01 3.800770640373229980e-01 2.918291091918945312e-01 2.675850689411163330e-01 3.519280850887298584e-01 5.564981698989868164e-01 3.412837386131286621e-01 1.680925488471984863e-01 3.213307261466979980e-01 3.067215681076049805e-01 4.338986873626708984e-01 3.144228458404541016e-01 3.182696104049682617e-01 4.436084628105163574e-01 2.979643940925598145e-01 4.726706445217132568e-01 5.519833564758300781e-01 4.964289069175720215e-01 5.852361917495727539e-01 4.198499321937561035e-01
5.710001587867736816e-01 2.450359612703323364e-01 1.314689218997955322e-01 4.651061296463012695e-01 4.927040338516235352e-01 2.225868254899978638e-01 2.646123170852661133e-01 2.974813878536224365e-01 9.519060701131820679e-02 5.038713812828063965e-01 1.632982045412063599e-01 3.649775385856628418e-01 3.145424127578735352e-01 5.763595104217529297e-01 2.110682427883148193e-01 2.005991190671920776e-01 4.066580533981323242e-01 3.107927739620208740e-01 4.603695869445800781e-01 2.445636391639709473e-01
2.136610597372055054e-01 1.271285265684127808e-01 1.837368607521057129e-01 5.523275136947631836e-01 3.785413205623626709e-01 2.401526570320129395e-01 3.056018650531768799e-01 2.696436047554016113e-01 2.726286649703979492e-01 3.550244569778442383e-01 2.054975628852844238e-01 4.083259403705596924e-01 1.790050864219665527e-01 2.176531851291656494e-01 4.306440651416778564e-01 2.359827756881713867e-01 5.820596218109130859e-01 1.193753182888031006e-01 3.576318025588989258e-01 4.092395305633544922e-01
1.933971345424652100e-01 5.609730482101440430e-01 4.051628708839416504e-01 3.903394937515258789e-01 2.411605417728424072e-01 3.214570879936218262e-01 2.243542969226837158e-01 3.837131857872009277e-01 2.290581464767456055e-01 3.018043637275695801e-01 3.693910539150238037e-01 2.840587496757507324e-01 1.631841361522674561e-01 2.332898080348968506e-01 3.062961101531982422e-01 2.530100643634796143e-01 3.198968768119812012e-01 3.343524932861328125e-01 2.961155027151107788e-03 3.551973700523376465e-01
3.808029890060424805e-01 3.271633982658386230e-01 2.476547211408615112e-01 3.375062942504882812e-01 4.223578870296478271e-01 3.357064723968505859e-01 3.459464311599731445e-01 3.504728078842163086e-01 2.174926698207855225e-01 3.782576620578765869e-01 3.956037759780883789e-01 2.180644571781158447e-01 1.317315399646759033e-01 4.145874977111816406e-01 2.620043754577636719e-01 2.134888470172882080e-01 2.222905158996582031e-01 1.321551650762557983e-01 2.055327594280242920e-01 4.977981448173522949e-01
2.327314615249633789e-01 2.857953906059265137e-01 3.396587967872619629e-01 3.582009673118591309e-01 1.191079840064048767e-01 2.264885604381561279e-01 2.876200675964355469e-01 3.198609352111816406e-01 4.622338414192199707e-01 2.284588515758514404e-01 2.791063785552978516e-01 2.954851984977722168e-01 2.229707241058349609e-01 7.684097439050674438e-02 2.139008790254592896e-01 2.781180441379547119e-01 1.608980596065521240e-01 3.407858610153198242e-01 3.914541006088256836e-01 1.941735148429870605e-01
3.058125376701354980e-01 4.424401372671127319e-02 3.649967312812805176e-01 3.058360815048217773e-01 3.705726265907287598e-01 9.894119948148727417e-02 3.407775759696960449e-01 2.685146331787109375e-01 3.468590974807739258e-01 3.490091860294342041e-01 5.862867832183837891e-01 1.944034546613693237e-01 5.066176652908325195e-01 1.641361415386199951e-01 2.754118442535400391e-01 3.281111121177673340e-01 1.895553320646286011e-01 2.052285671234130859e-01 3.739804923534393311e-01 2.345771491527557373e-01
3.486144542694091797e-01 4.169980585575103760e-01 4.556297361850738525e-01 4.326594471931457520e-01 4.672592282295227051e-01 3.852366507053375244e-01 4.076406359672546387e-01 4.646997451782226562e-01 4.071094393730163574e-01 3.822670578956604004e-01 5.389707088470458984e-01 4.491789937019348145e-01 3.108814060688018799e-01 1.583484709262847900e-01 3.532401919364929199e-01 3.269194364547729492e-01 3.009974360466003418e-01 2.770358324050903320e-01 2.934896349906921387e-01 1.794334203004837036e-01
3.832581937313079834e-01 2.888405323028564453e-01 4.343962669372558594e-01 4.157879650592803955e-01 3.248816728591918945e-01 2.338639199733734131e-01 2.226872742176055908e-01 3.538222312927246094e-01 4.143165946006774902e-01 4.065479040145874023e-01 4.898845851421356201e-01 4.102234244346618652e-01 3.316336870193481445e-01 1.487835645675659180e-01 3.306254744529724121e-01 3.295128941535949707e-01 2.227104008197784424e-01 4.685470163822174072e-01 2.191633284091949463e-01 3.490845561027526855e-01
2.606654763221740723e-01 3.181003332138061523e-01 4.435427784919738770e-01 3.171225786209106445e-01 1.854261904954910278e-01 3.002516925334930420e-01 2.920355796813964844e-01 4.322317242622375488e-01 2.476615011692047119e-01 2.791527509689331055e-01 3.057886958122253418e-01 2.900669574737548828e-01 2.874912023544311523e-01 2.269969582557678223e-01 2.670554518699645996e-01 3.812568187713623047e-01 5.284654498100280762e-01 2.300539910793304443e-01 1.186382845044136047e-01 2.640791237354278564e-01
2.806978225708007812e-01 4.358462095260620117e-01 3.182360529899597168e-01 3.390312790870666504e-01 3.678772151470184326e-01 1.815931946039199829e-01 5.294715166091918945e-01 4.481609165668487549e-01 4.260418713092803955e-01 2.003107368946075439e-01 3.106049299240112305e-01 5.793536901473999023e-01 1.383185088634490967e-01 3.425247967243194580e-01 2.134680449962615967e-01 3.967892527580261230e-01 3.325724303722381592e-01 3.127868473529815674e-01 2.867409586906433105e-01 2.640261352062225342e-01
8.175541460514068604e-02 2.956831157207489014e-01 3.891198337078094482e-01 3.503031730651855469e-01 5.334218591451644897e-02 2.902776002883911133e-01 2.444508075714111328e-01 3.245504498481750488e-01 1.959317922592163086e-01 2.011213898658752441e-01 1.757592856884002686e-01 5.773931741714477539e-02 3.582530319690704346e-01 2.467130720615386963e-01 2.878674268722534180e-01 2.859182357788085938e-01 2.874130606651306152e-01 2.700278759002685547e-01 1.877659112215042114e-01 3.649721145629882812e-01
2.137780487537384033e-01 2.894467115402221680e-01 2.032547891139984131e-01 4.015643000602722168e-01 2.601435780525207520e-01 1.651948690414428711e-01 1.947422325611114502e-01 3.085110783576965332e-01 2.966881990432739258e-01 1.352881789207458496e-01 3.506823480129241943e-01 1.412251293659210205e-01 3.237954676151275635e-01 2.745150327682495117e-01 2.380829751491546631e-01 2.309023439884185791e-01 2.147108167409896851e-01 5.556869506835937500e-01 2.511725425720214844e-01 1.754004061222076416e-01
2.232462465763092041e-01 1.889701485633850098e-01 2.070988714694976807e-01 2.538546025753021240e-01 3.438286185264587402e-01 2.295479178428649902e-01 3.435353636741638184e-01 3.184159696102142334e-01 4.737044572830200195e-01 2.806939482688903809e-01 3.175886273384094238e-01 3.693572580814361572e-01 2.883805036544799805e-01 8.447821438312530518e-02 3.396148681640625000e-01 1.952733248472213745e-01 3.483193516731262207e-01 2.572806775569915771e-01 2.079186439514160156e-01 3.650408387184143066e-01
