2018-07-24 16:00:00
2.071337848901748657e-01 2.702204585075378418e-01 5.004584789276123047e-01 4.441883563995361328e-01 4.927728772163391113e-01 2.745821177959442139e-01 4.895929098129272461e-01 2.998258471488952637e-01 2.800965309143066406e-01 2.216160148382186890e-01 3.447406291961669922e-01 4.377330541610717773e-01 3.354636132717132568e-01 2.274592667818069458e-01 4.486623704433441162e-01 4.435242116451263428e-01 3.364908397197723389e-01 3.521741628646850586e-01 2.745331823825836182e-01 4.015772342681884766e-01
3.081275224685668945e-01 5.475175380706787109e-01 2.474745213985443115e-01 4.440752267837524414e-01 7.676256299018859863e-01 5.008007287979125977e-01 3.739377558231353760e-01 4.374666213989257812e-01 4.652155041694641113e-01 4.497027397155761719e-01 2.243886888027191162e-01 4.966928362846374512e-01 4.186663627624511719e-01 2.603754401206970215e-01 4.372676014900207520e-01 1.905205547809600830e-01 5.366035699844360352e-01 4.196115732192993164e-01 4.927906394004821777e-01 2.826827466487884521e-01
2.714620828628540039e-01 5.680065155029296875e-01 6.029510498046875000e-01 2.266620993614196777e-01 8.884661793708801270e-01 9.095512628555297852e-01 3.127001225948333740e-01 4.593521356582641602e-01 4.494875669479370117e-01 2.602621614933013916e-01 3.720826208591461182e-01 2.358332127332687378e-01 2.406232953071594238e-01 3.033210635185241699e-01 3.888949155807495117e-01 2.914426326751708984e-01 6.876618266105651855e-01 3.095034658908843994e-01 3.749861419200897217e-01 3.724764287471771240e-01
3.491216897964477539e-01 4.077628254890441895e-01 1.215387731790542603e-01 2.903577387332916260e-01 3.464141786098480225e-01 2.632375955581665039e-01 3.297322988510131836e-01 3.333339691162109375e-01 4.124019145965576172e-01 3.541644811630249023e-01 6.905166506767272949e-01 2.872100472450256348e-01 1.759642958641052246e-01 3.831727504730224609e-01 4.419904351234436035e-01 3.757555782794952393e-01 5.325666666030883789e-01 4.557559490203857422e-01 2.527210712432861328e-01 4.337209165096282959e-01
3.860895335674285889e-01 4.002648293972015381e-01 3.674533069133758545e-01 5.023516416549682617e-01 4.411755800247192383e-01 6.030049324035644531e-01 3.925127387046813965e-01 4.387863278388977051e-01 3.390487730503082275e-01 4.572194516658782959e-01 2.905565500259399414e-01 3.023136258125305176e-01 7.086446285247802734e-01 3.321669101715087891e-01 6.469544172286987305e-01 5.123340487480163574e-01 4.034849405288696289e-01 3.226999044418334961e-01 4.053504467010498047e-01 3.451747298240661621e-01
2.774425745010375977e-01 3.233099579811096191e-01 2.282711118459701538e-01 4.556333422660827637e-01 2.901495695114135742e-01 4.427804350852966309e-01 3.297904431819915771e-01 3.052074313163757324e-01 2.811463475227355957e-01 1.259349435567855835e-01 2.636708617210388184e-01 3.502850234508514404e-01 3.671512007713317871e-01 2.253075987100601196e-01 1.959830224514007568e-01 5.105356574058532715e-01 3.138640224933624268e-01 2.735924124717712402e-01 4.810470342636108398e-01 2.840899229049682617e-01
4.212928414344787598e-01 3.029053509235382080e-01 2.421511709690093994e-01 4.436545670032501221e-01 6.513013839721679688e-01 5.889182090759277344e-01 3.113610148429870605e-01 3.880794048309326172e-01 3.204279839992523193e-01 4.944301545619964600e-01 4.213792383670806885e-01 4.423098564147949219e-01 4.911251664161682129e-01 3.578167855739593506e-01 4.656552076339721680e-01 5.589385628700256348e-01 3.326000571250915527e-01 4.345622658729553223e-01 4.730217158794403076e-01 3.745406568050384521e-01
4.289335310459136963e-01 2.855028510093688965e-01 2.959787547588348389e-01 4.046369791030883789e-01 6.312647461891174316e-01 5.992902517318725586e-01 4.847862720489501953e-01 4.640582501888275146e-01 1.799408048391342163e-01 4.050678014755249023e-01 2.827084958553314209e-01 3.550823926925659180e-01 7.238447666168212891e-01 6.221126317977905273e-01 1.922635585069656372e-01 4.042708873748779297e-01 3.361884355545043945e-01 3.543128967285156250e-01 1.996527016162872314e-01 3.516341447830200195e-01
3.454639613628387451e-01 1.669950336217880249e-01 2.017353773117065430e-01 5.936102867126464844e-01 2.949263751506805420e-01 1.523087322711944580e-01 3.814106285572052002e-01 1.924791783094406128e-01 4.150857329368591309e-01 3.459514975547790527e-01 3.001121282577514648e-01 2.167243361473083496e-01 9.888079762458801270e-01 2.469543218612670898e-01 2.064319700002670288e-01 5.268599390983581543e-01 3.112514019012451172e-01 2.119806706905364990e-01 3.465926349163055420e-01 4.116119742393493652e-01
3.333480358123779297e-01 2.229916900396347046e-01 2.798650860786437988e-01 2.521193623542785645e-01 1.796762198209762573e-01 5.356912612915039062e-01 3.004842996597290039e-01 4.744650721549987793e-01 1.592073142528533936e-01 4.145874977111816406e-01 1.797063946723937988e-01 3.471093177795410156e-01 3.575833439826965332e-01 1.877994388341903687e-01 4.926764369010925293e-01 3.698163926601409912e-01 3.287543654441833496e-01 3.710988461971282959e-01 2.706042528152465820e-01 4.140783250331878662e-01
3.386324048042297363e-01 5.899295806884765625e-01 4.441565275192260742e-01 3.956041634082794189e-01 2.545791864395141602e-01 3.718737959861755371e-01 3.150670528411865234e-01 3.612205088138580322e-01 3.716666698455810547e-01 5.672635436058044434e-01 4.025655984878540039e-01 2.105825543403625488e-01 3.504192233085632324e-01 2.583628892898559570e-01 2.988299727439880371e-01 2.871321439743041992e-01 2.431263327598571777e-01 4.992295801639556885e-01 4.955540597438812256e-01 2.846640050411224365e-01
3.056983351707458496e-01 2.918397188186645508e-01 3.194010853767395020e-01 3.208506703376770020e-01 2.713453769683837891e-01 2.573126256465911865e-01 1.247356235980987549e-01 5.637516975402832031e-01 3.358708024024963379e-01 4.863365590572357178e-01 1.994406580924987793e-01 1.855446100234985352e-01 5.989416837692260742e-01 2.739074230194091797e-01 2.498286217451095581e-01 3.717077076435089111e-01 3.816573023796081543e-01 3.525575399398803711e-01 2.333168983459472656e-01 3.044410347938537598e-01
2.790284752845764160e-01 2.120299488306045532e-01 2.665028274059295654e-01 1.346245855093002319e-01 2.612450718879699707e-01 3.701831698417663574e-01 1.754278391599655151e-01 2.959356307983398438e-01 2.350099086761474609e-01 3.816201984882354736e-01 3.087346255779266357e-01 3.387474119663238525e-01 2.517704963684082031e-01 3.847205638885498047e-01 3.563241362571716309e-01 3.295635879039764404e-01 2.495694011449813843e-01 2.520093321800231934e-01 3.559584915637969971e-01 4.491458833217620850e-01
4.350993335247039795e-01 3.685363233089447021e-01 3.037733137607574463e-01 4.580367207527160645e-01 6.119138002395629883e-01 5.661360025405883789e-01 3.985636532306671143e-01 3.485264182090759277e-01 4.975692629814147949e-01 3.665722012519836426e-01 2.525376975536346436e-01 4.490092098712921143e-01 3.106077611446380615e-01 2.717214226722717285e-01 2.735021412372589111e-01 3.228524923324584961e-01 3.407206833362579346e-01 3.490429520606994629e-01 1.533052474260330200e-01 3.205937743186950684e-01
3.422804772853851318e-01 3.313396871089935303e-01 5.036294460296630859e-01 3.098748922348022461e-01 2.940102815628051758e-01 3.736786246299743652e-01 3.360362350940704346e-01 4.442810416221618652e-01 2.232741862535476685e-01 4.678709059953689575e-02 3.183811306953430176e-01 4.301443696022033691e-01 2.900075912475585938e-01 5.938539505004882812e-01 3.653389215469360352e-01 4.208544194698333740e-01 2.365794181823730469e-01 2.313067913055419922e-01 3.186395764350891113e-01 1.925681978464126587e-01
3.435889184474945068e-01 3.555913567543029785e-01 2.420486956834793091e-01 2.525062263011932373e-01 2.199172079563140869e-01 3.047344088554382324e-01 4.479209184646606445e-01 2.818513512611389160e-01 3.197773993015289307e-01 4.321427643299102783e-01 1.465712487697601318e-01 2.975874245166778564e-01 3.930741846561431885e-01 4.395977556705474854e-01 3.523255288600921631e-01 2.670066952705383301e-01 3.101751804351806641e-01 4.395224452018737793e-01 1.814598143100738525e-01 3.837993144989013672e-01
2.592256665229797363e-01 3.366827964782714844e-01 2.366110682487487793e-01 2.317424714565277100e-01 6.576652526855468750e-01 3.622704148292541504e-01 7.579387426376342773e-01 2.729862332344055176e-01 3.525937795639038086e-01 1.987268030643463135e-01 2.100157141685485840e-01 5.561580657958984375e-01 1.817797124385833740e-01 2.754457592964172363e-01 5.369019508361816406e-01 4.778285026550292969e-01 4.503787159919738770e-01 2.618578970432281494e-01 3.474129438400268555e-01 2.154963314533233643e-01
2.904313802719116211e-01 2.455758899450302124e-01 6.302067041397094727e-01 3.175842463970184326e-01 2.468371093273162842e-01 2.866003513336181641e-01 1.005566194653511047e-01 1.902343928813934326e-01 3.346039652824401855e-01 4.889402687549591064e-01 2.059078812599182129e-01 1.656956374645233154e-01 4.165820479393005371e-01 3.230800628662109375e-01 1.791646182537078857e-01 4.618321955204010010e-01 4.507499635219573975e-01 4.548363685607910156e-01 4.726666808128356934e-01 2.357620596885681152e-01
2.913239300251007080e-01 2.260102778673171997e-01 2.928038239479064941e-01 3.238410055637359619e-01 3.593775629997253418e-01 4.023177027702331543e-01 2.871851325035095215e-01 1.902155578136444092e-01 2.327636182308197021e-01 3.787446320056915283e-01 3.850306868553161621e-01 2.020886838436126709e-01 2.372632622718811035e-01 5.070379972457885742e-01 3.364249467849731445e-01 2.558943629264831543e-01 4.516501426696777344e-01 2.349200546741485596e-01 3.698323667049407959e-01 1.798091530799865723e-01
2.333682030439376831e-01 3.231168091297149658e-01 4.630666375160217285e-01 3.782250881195068359e-01 1.720670461654663086e-01 5.999561548233032227e-01 3.983938694000244141e-01 2.371000796556472778e-01 5.760264396667480469e-01 3.171492218971252441e-01 3.533827066421508789e-01 4.047215580940246582e-01 3.718019723892211914e-01 4.825004339218139648e-01 3.306350111961364746e-01 3.202140629291534424e-01 3.623054325580596924e-01 4.791291952133178711e-01 1.971236169338226318e-01 3.636877238750457764e-01
