2018-07-24 16:30:00
5.008134841918945312e-01 3.770525157451629639e-01 4.206570982933044434e-01 3.263163268566131592e-01 3.531734347343444824e-01 3.528646230697631836e-01 3.049280047416687012e-01 4.346979856491088867e-01 4.180617332458496094e-01 3.251748085021972656e-01 2.433569729328155518e-01 4.058163762092590332e-01 3.922644257545471191e-01 2.671775519847869873e-01 2.911987304687500000e-01 5.113737583160400391e-01 2.626071572303771973e-01 3.507291078567504883e-01 2.014576494693756104e-01 4.159356951713562012e-01
3.109717369079589844e-01 6.781508922576904297e-01 4.663546681404113770e-01 4.703752398490905762e-01 9.216679334640502930e-01 3.730829656124114990e-01 4.188797771930694580e-01 2.363041341304779053e-01 4.221429824829101562e-01 4.225588440895080566e-01 5.580657720565795898e-01 2.686746716499328613e-01 2.431535273790359497e-01 5.501620769500732422e-01 3.045021295547485352e-01 4.507054984569549561e-01 6.073429584503173828e-01 4.232454597949981689e-01 3.532019257545471191e-01 3.442472219467163086e-01
4.860878586769104004e-01 4.677689075469970703e-01 5.205544829368591309e-01 4.328342974185943604e-01 5.084961652755737305e-01 3.783415555953979492e-01 6.364889740943908691e-01 3.380626142024993896e-01 5.859968662261962891e-01 2.666587531566619873e-01 4.898611903190612793e-01 3.564771115779876709e-01 2.327269911766052246e-01 4.373087286949157715e-01 3.146742582321166992e-01 6.832338571548461914e-01 4.194762110710144043e-01 2.114419192075729370e-01 3.884387612342834473e-01 6.251688003540039062e-01
3.444625735282897949e-01 3.836895823478698730e-01 6.705436706542968750e-01 6.095654964447021484e-01 1.804326325654983521e-01 3.198378682136535645e-01 3.471950888633728027e-01 3.065853714942932129e-01 3.540289402008056641e-01 5.652199983596801758e-01 5.779700279235839844e-01 4.414522349834442139e-01 3.733975291252136230e-01 3.191363215446472168e-01 3.135759234428405762e-01 2.818463146686553955e-01 3.113795518875122070e-01 2.705363929271697998e-01 2.428817600011825562e-01 4.186224937438964844e-01
2.627073526382446289e-01 4.435731172561645508e-01 4.037984609603881836e-01 4.485753774642944336e-01 3.923875689506530762e-01 3.554550111293792725e-01 4.492127895355224609e-01 4.587543010711669922e-01 6.193217039108276367e-01 2.782875299453735352e-01 2.771160900592803955e-01 3.718339204788208008e-01 3.257519006729125977e-01 2.062686681747436523e-01 4.433079957962036133e-01 2.260125875473022461e-01 6.505994796752929688e-01 4.600085318088531494e-01 1.307129561901092529e-01 3.968389034271240234e-01
2.455904781818389893e-01 5.656520128250122070e-01 1.264002621173858643e-01 4.876846671104431152e-01 6.817106604576110840e-01 8.129167556762695312e-01 4.244832098484039307e-01 1.703909486532211304e-01 4.342702627182006836e-01 3.678984642028808594e-01 4.362339079380035400e-01 3.218432962894439697e-01 3.866842985153198242e-01 4.646947681903839111e-01 4.988288581371307373e-01 4.479334354400634766e-01 7.167521715164184570e-01 4.775419831275939941e-01 4.251597821712493896e-01 3.305261731147766113e-01
4.967210888862609863e-01 2.579129040241241455e-01 3.113409280776977539e-01 2.982753515243530273e-01 4.435956180095672607e-01 5.483920574188232422e-01 4.367551207542419434e-01 2.138375639915466309e-01 3.571096360683441162e-01 2.054292410612106323e-01 3.730185627937316895e-01 1.568590104579925537e-01 2.926714420318603516e-01 2.984628379344940186e-01 3.890253007411956787e-01 4.117924571037292480e-01 5.190953612327575684e-01 4.832306802272796631e-01 3.940190672874450684e-01 2.282575964927673340e-01
6.898880600929260254e-01 1.928102374076843262e-01 3.871098160743713379e-01 2.561867237091064453e-01 2.327382266521453857e-01 2.244891226291656494e-01 4.898789227008819580e-01 4.559420049190521240e-01 2.752073407173156738e-01 2.126484215259552002e-01 1.731636077165603638e-01 4.758038222789764404e-01 3.794437944889068604e-01 2.715803980827331543e-01 3.454551696777343750e-01 5.200656056404113770e-01 2.469719052314758301e-01 3.040226399898529053e-01 3.778080940246582031e-01 4.267094731330871582e-01
1.445354372262954712e-01 3.375045359134674072e-01 4.218515455722808838e-01 3.717822730541229248e-01 4.184634089469909668e-01 4.733625352382659912e-01 4.223621487617492676e-01 6.239708662033081055e-01 2.335937470197677612e-01 2.944175899028778076e-01 2.659041583538055420e-01 3.300132453441619873e-01 5.225447416305541992e-01 3.506430387496948242e-01 2.436923086643218994e-01 4.256034493446350098e-01 5.370144844055175781e-01 3.054621219635009766e-01 4.928877949714660645e-01 5.051323175430297852e-01
5.092519521713256836e-01 3.465724587440490723e-01 2.565258145332336426e-01 5.453653335571289062e-01 4.144247174263000488e-01 5.703427195549011230e-01 3.014760613441467285e-01 5.202792286872863770e-01 3.184016346931457520e-01 3.711736798286437988e-01 5.013359785079956055e-01 3.203381001949310303e-01 4.648399651050567627e-01 3.535079360008239746e-01 2.989837527275085449e-01 5.904965400695800781e-01 3.374973535537719727e-01 6.072843670845031738e-01 3.171404004096984863e-01 3.892192542552947998e-01
3.873314261436462402e-01 2.744593322277069092e-01 4.192675352096557617e-01 4.224967956542968750e-01 2.323567122220993042e-01 1.799086332321166992e-01 4.205412864685058594e-01 4.888042807579040527e-01 3.915797770023345947e-01 4.709659814834594727e-01 2.044371217489242554e-01 3.993732631206512451e-01 2.951420843601226807e-01 2.479814291000366211e-01 2.482843697071075439e-01 6.158606410026550293e-01 4.086858034133911133e-01 2.135383635759353638e-01 5.008081793785095215e-01 3.400762677192687988e-01
4.782338738441467285e-01 4.011307954788208008e-01 5.469097495079040527e-01 3.843550980091094971e-01 3.487221896648406982e-01 3.224728405475616455e-01 4.177679121494293213e-01 1.467312127351760864e-01 5.093564987182617188e-01 2.246651500463485718e-01 2.020485848188400269e-01 3.386074900627136230e-01 2.877548336982727051e-01 3.324493765830993652e-01 4.146004617214202881e-01 3.549918234348297119e-01 3.636071085929870605e-01 3.120649456977844238e-01 4.335682690143585205e-01 3.576492071151733398e-01
3.890490829944610596e-01 3.343056440353393555e-01 3.541096746921539307e-01 3.206781744956970215e-01 2.870882749557495117e-01 1.347350925207138062e-01 1.501869857311248779e-01 5.519199371337890625e-01 4.132865071296691895e-01 4.380208849906921387e-01 3.605849742889404297e-01 5.371632575988769531e-01 9.311376512050628662e-02 2.252195477485656738e-01 1.870613545179367065e-01 3.292338252067565918e-01 4.160390198230743408e-01 4.315893352031707764e-01 1.474786847829818726e-01 4.336749911308288574e-01
4.709606170654296875e-01 3.426911830902099609e-01 2.864118218421936035e-01 5.444038510322570801e-01 2.971900999546051025e-01 4.400234818458557129e-01 3.760854601860046387e-01 3.260579407215118408e-01 3.175634145736694336e-01 1.559470742940902710e-01 2.719178199768066406e-01 3.190715909004211426e-01 3.907710909843444824e-01 1.817801296710968018e-01 5.700777173042297363e-01 3.581052422523498535e-01 3.738417327404022217e-01 5.209242701530456543e-01 2.887071669101715088e-01 2.120348066091537476e-01
3.347813487052917480e-01 4.377849102020263672e-01 5.759302973747253418e-01 2.796612977981567383e-01 4.602964520454406738e-01 4.120299816131591797e-01 3.411628007888793945e-01 3.214411735534667969e-01 5.620579719543457031e-01 3.165902495384216309e-01 4.260617494583129883e-01 3.324877619743347168e-01 2.391179502010345459e-01 2.420562207698822021e-01 4.739688634872436523e-01 3.330934643745422363e-01 6.088129281997680664e-01 2.499275207519531250e-01 2.528786063194274902e-01 2.505697309970855713e-01
3.241374492645263672e-01 1.507674455642700195e-01 3.487864732742309570e-01 5.969176292419433594e-01 5.702177286148071289e-01 2.866089344024658203e-01 1.777348369359970093e-01 3.169487714767456055e-01 3.295061290264129639e-01 6.167388558387756348e-01 2.840507924556732178e-01 3.564147055149078369e-01 1.790342330932617188e-01 2.644409537315368652e-01 3.048021793365478516e-01 4.431457519531250000e-01 3.662335276603698730e-01 3.243852853775024414e-01 5.591273903846740723e-01 7.844464778900146484e-01
4.274955391883850098e-01 1.651106476783752441e-01 4.008225500583648682e-01 2.134823501110076904e-01 3.807538747787475586e-01 4.609482586383819580e-01 2.334246337413787842e-01 3.741290569305419922e-01 5.272128582000732422e-01 3.666913509368896484e-01 2.088599801063537598e-01 3.926911652088165283e-01 1.795133352279663086e-01 3.788986206054687500e-01 2.363198399543762207e-01 2.751654386520385742e-01 4.501017928123474121e-01 3.757019042968750000e-01 4.745483100414276123e-01 4.778823852539062500e-01
3.260904550552368164e-01 2.930428385734558105e-01 2.776784896850585938e-01 2.665975689888000488e-01 2.700545787811279297e-01 3.573820292949676514e-01 3.434240520000457764e-01 4.771871864795684814e-01 2.990302443504333496e-01 2.299621999263763428e-01 3.646807670593261719e-01 2.988419234752655029e-01 4.235534965991973877e-01 3.107976913452148438e-01 4.549202919006347656e-01 2.671680450439453125e-01 3.084841072559356689e-01 3.285424113273620605e-01 6.571041941642761230e-01 3.228818774223327637e-01
2.493639290332794189e-01 3.403856158256530762e-01 4.439654648303985596e-01 3.448172211647033691e-01 2.058617621660232544e-01 4.334670007228851318e-01 4.132393598556518555e-01 5.313491821289062500e-01 3.634625673294067383e-01 7.327708601951599121e-02 5.772752165794372559e-01 3.414483666419982910e-01 3.769489526748657227e-01 1.442768871784210205e-01 6.245456337928771973e-01 4.561345279216766357e-01 4.683710336685180664e-01 2.100284695625305176e-01 3.167110681533813477e-01 4.402123689651489258e-01
3.123733997344970703e-01 2.727786302566528320e-01 5.232327580451965332e-01 4.211115837097167969e-01 2.050197273492813110e-01 2.472723871469497681e-01 5.330705642700195312e-01 2.806633114814758301e-01 3.410551548004150391e-01 5.584291219711303711e-01 3.235055506229400635e-01 2.141134142875671387e-01 4.188829660415649414e-01 4.260486066341400146e-01 4.342175722122192383e-01 4.419651627540588379e-01 5.525782108306884766e-01 4.862184822559356689e-01 3.431449532508850098e-01 2.739082872867584229e-01
