2018-07-24 16:45:00
2.289568781852722168e-01 3.698986172676086426e-01 6.566907167434692383e-01 2.647856473922729492e-01 5.555529594421386719e-01 3.613812029361724854e-01 5.118730068206787109e-01 2.436593174934387207e-01 2.230632156133651733e-01 3.866137862205505371e-01 4.236057996749877930e-01 3.811361789703369141e-01 1.731671690940856934e-01 6.119632720947265625e-01 6.753885746002197266e-01 3.961682319641113281e-01 4.922758340835571289e-01 7.377560734748840332e-01 4.860865473747253418e-01 5.185604691505432129e-01
3.944297432899475098e-01 6.125193834304809570e-01 6.750044822692871094e-01 3.532668948173522949e-01 2.502050101757049561e-01 2.395817190408706665e-01 4.876291751861572266e-01 3.690072894096374512e-01 2.994367480278015137e-01 3.329463303089141846e-01 5.713994503021240234e-01 2.903025150299072266e-01 4.060465097427368164e-01 5.171292424201965332e-01 6.227350234985351562e-01 8.808970451354980469e-01 6.386139988899230957e-01 5.365450382232666016e-01 5.189527273178100586e-01 8.036961555480957031e-01
2.966077923774719238e-01 2.423011511564254761e-01 1.056622341275215149e-01 1.650435328483581543e-01 5.036371946334838867e-01 4.485882520675659180e-01 9.609678387641906738e-01 3.936097621917724609e-01 5.315672159194946289e-01 3.402608335018157959e-01 4.401037693023681641e-01 2.160882949829101562e-01 4.827288985252380371e-01 4.139153063297271729e-01 7.821984291076660156e-01 6.880515217781066895e-01 1.223936557769775391e+00 7.701348662376403809e-01 8.174760341644287109e-01 5.623211860656738281e-01
1.115130707621574402e-01 5.095485448837280273e-01 6.034423112869262695e-01 5.843899250030517578e-01 6.893692016601562500e-01 3.464301228523254395e-01 3.479608595371246338e-01 3.261717557907104492e-01 3.358348011970520020e-01 5.135085582733154297e-01 3.283326625823974609e-01 2.814787328243255615e-01 2.180150598287582397e-01 2.736129164695739746e-01 5.448678731918334961e-01 6.542897224426269531e-01 1.101642131805419922e+00 7.332534790039062500e-01 5.037348866462707520e-01 5.245547890663146973e-01
3.163038194179534912e-01 3.809625506401062012e-01 5.205621123313903809e-01 3.348349034786224365e-01 1.615629941225051880e-01 7.316149473190307617e-01 2.184640616178512573e-01 4.911432564258575439e-01 4.326298236846923828e-01 3.026580214500427246e-01 2.822989821434020996e-01 6.256970167160034180e-01 4.820905923843383789e-01 5.641392469406127930e-01 4.282363057136535645e-01 5.947635173797607422e-01 5.102295279502868652e-01 8.620289564132690430e-01 6.779983639717102051e-01 1.017729759216308594e+00
3.812847733497619629e-01 2.283822745084762573e-01 1.235537752509117126e-01 3.751317858695983887e-01 5.332419872283935547e-01 1.224404945969581604e-01 4.254489541053771973e-01 2.997530996799468994e-01 3.956739902496337891e-01 4.572691023349761963e-01 4.078974723815917969e-01 8.651797771453857422e-01 7.258454561233520508e-01 9.628226757049560547e-01 8.475853800773620605e-01 6.398665904998779297e-01 1.160544872283935547e+00 6.329807043075561523e-01 7.565882205963134766e-01 7.227655053138732910e-01
3.044545054435729980e-01 3.701130747795104980e-01 9.805623441934585571e-02 3.809771537780761719e-01 5.382577180862426758e-01 4.927567243576049805e-01 3.304767608642578125e-01 3.854907155036926270e-01 6.361979246139526367e-01 3.506326675415039062e-01 3.042636513710021973e-01 3.889958262443542480e-01 2.481071799993515015e-01 5.073194503784179688e-01 6.942549943923950195e-01 3.007241189479827881e-01 3.970910310745239258e-01 1.122916698455810547e+00 5.984793305397033691e-01 6.778384447097778320e-01
2.282154858112335205e-01 2.497808933258056641e-01 2.761653661727905273e-01 3.240584135055541992e-01 2.171318233013153076e-01 3.977519273757934570e-01 1.511748284101486206e-01 4.137052595615386963e-01 3.006931841373443604e-01 3.196819424629211426e-01 2.091752886772155762e-01 2.874181270599365234e-01 6.761683225631713867e-01 5.904573798179626465e-01 4.248065352439880371e-01 6.287161111831665039e-01 6.532917022705078125e-01 7.288223505020141602e-01 6.982255578041076660e-01 2.935977280139923096e-01
2.888663113117218018e-01 4.459637999534606934e-01 3.532772660255432129e-01 3.606989979743957520e-01 1.763188540935516357e-01 2.607003748416900635e-01 3.830637633800506592e-01 2.725678682327270508e-01 4.567288756370544434e-01 2.800970375537872314e-01 4.364535212516784668e-01 3.827623426914215088e-01 1.006237506866455078e+00 4.105424284934997559e-01 4.257678985595703125e-01 4.191633462905883789e-01 7.923187017440795898e-01 5.724952220916748047e-01 3.207704424858093262e-01 6.797903776168823242e-01
5.252794027328491211e-01 3.923588097095489502e-01 8.523136377334594727e-02 3.552784621715545654e-01 1.920847892761230469e-01 2.452453672885894775e-01 3.834086656570434570e-01 3.297593295574188232e-01 4.789969027042388916e-01 2.668829560279846191e-01 3.954953551292419434e-01 2.645996212959289551e-01 2.920948266983032227e-01 4.743224680423736572e-01 2.376903742551803589e-01 5.725747346878051758e-01 4.342888295650482178e-01 8.124239444732666016e-01 3.568038046360015869e-01 7.067018747329711914e-01
6.025978326797485352e-01 2.239134907722473145e-01 3.881691694259643555e-01 1.867349892854690552e-01 4.395527243614196777e-01 1.560158282518386841e-01 5.033985376358032227e-01 4.441169798374176025e-01 3.646996021270751953e-01 4.798129200935363770e-01 5.157549381256103516e-01 4.787120521068572998e-01 3.187197744846343994e-01 3.065150976181030273e-01 2.321955561637878418e-01 4.488442242145538330e-01 5.076777338981628418e-01 4.572152495384216309e-01 5.959953069686889648e-01 3.412027955055236816e-01
3.212879896163940430e-01 2.471545338630676270e-01 1.972576379776000977e-01 2.331354469060897827e-01 4.488577842712402344e-01 3.288621604442596436e-01 5.488541722297668457e-01 3.880454897880554199e-01 3.103656768798828125e-01 3.162878453731536865e-01 3.079383671283721924e-01 2.888974845409393311e-01 4.450830817222595215e-01 2.981211543083190918e-01 2.899138331413269043e-01 4.988821148872375488e-01 4.126075804233551025e-01 6.117728948593139648e-01 3.365387022495269775e-01 4.116551280021667480e-01
3.859710097312927246e-01 3.669151663780212402e-01 5.222730636596679688e-01 2.001771777868270874e-01 4.535320103168487549e-01 3.672919869422912598e-01 4.228819012641906738e-01 1.748915612697601318e-01 6.336804032325744629e-01 1.755461841821670532e-01 3.534300029277801514e-01 3.438977003097534180e-01 2.995311617851257324e-01 5.226793289184570312e-01 3.839129209518432617e-01 3.415562808513641357e-01 3.444070816040039062e-01 1.524418294429779053e-01 2.269579023122787476e-01 4.543209075927734375e-01
2.854329347610473633e-01 2.012689709663391113e-01 4.905275106430053711e-01 3.860473036766052246e-01 2.620664238929748535e-01 2.761498689651489258e-01 3.263168334960937500e-01 2.904738485813140869e-01 3.369393646717071533e-01 3.169279992580413818e-01 2.580087780952453613e-01 4.502368271350860596e-01 3.782856464385986328e-01 5.429947376251220703e-01 2.723436057567596436e-01 2.251754254102706909e-01 3.753924369812011719e-01 4.969797730445861816e-01 3.167876601219177246e-01 2.954196333885192871e-01
4.126322865486145020e-01 4.366304874420166016e-01 2.932488322257995605e-01 4.820721745491027832e-01 5.238769054412841797e-01 4.955913424491882324e-01 4.964365959167480469e-01 5.456261634826660156e-01 2.766692638397216797e-01 2.984868884086608887e-01 4.130401015281677246e-01 5.888426899909973145e-01 4.174937605857849121e-01 3.817777037620544434e-01 3.857968449592590332e-01 2.345314770936965942e-01 3.151689171791076660e-01 6.665013730525970459e-02 2.353883981704711914e-01 2.291145622730255127e-01
2.363088726997375488e-01 4.520660042762756348e-01 5.396540164947509766e-01 4.124338030815124512e-01 6.240559816360473633e-01 3.919704854488372803e-01 9.602195620536804199e-01 4.933144450187683105e-01 4.603103995323181152e-01 3.526507616043090820e-01 6.589497923851013184e-01 3.208431601524353027e-01 3.188679218292236328e-01 1.943506747484207153e-01 3.064970374107360840e-01 2.135319560766220093e-01 2.768978476524353027e-01 2.420144081115722656e-01 3.330311477184295654e-01 3.161419928073883057e-01
3.444919586181640625e-01 2.970732450485229492e-01 3.364288806915283203e-01 4.686806201934814453e-01 5.466196537017822266e-01 5.982577204704284668e-01 5.364589691162109375e-01 4.982761144638061523e-01 6.073730587959289551e-01 3.720352649688720703e-01 5.253618955612182617e-01 3.243688046932220459e-01 2.487579584121704102e-01 3.073608279228210449e-01 1.442653536796569824e-01 1.866838335990905762e-01 3.264216780662536621e-01 1.903001368045806885e-01 2.559909224510192871e-01 3.241012692451477051e-01
2.573891878128051758e-01 4.248905777931213379e-01 3.736769855022430420e-01 2.783068418502807617e-01 3.996156752109527588e-01 4.104311168193817139e-01 2.981131672859191895e-01 4.576857686042785645e-01 5.234486460685729980e-01 6.019818782806396484e-01 1.672649085521697998e-01 1.621949523687362671e-01 2.202866673469543457e-01 3.505331575870513916e-01 2.927556037902832031e-01 2.270278930664062500e-01 3.876069188117980957e-01 1.577696055173873901e-01 2.474126666784286499e-01 2.890465259552001953e-01
2.821034193038940430e-01 4.553226530551910400e-01 3.931340575218200684e-01 5.400501489639282227e-01 3.417857587337493896e-01 4.374642372131347656e-01 4.878382682800292969e-01 3.008835315704345703e-01 4.452164173126220703e-01 3.057825565338134766e-01 6.552940607070922852e-01 4.088519811630249023e-01 3.680706322193145752e-01 4.918344020843505859e-01 1.950570791959762573e-01 2.734309434890747070e-01 5.479401350021362305e-01 1.804090142250061035e-01 3.996595442295074463e-01 2.669620513916015625e-01
2.695114016532897949e-01 3.256141543388366699e-01 4.227049946784973145e-01 3.652571439743041992e-01 4.739729464054107666e-01 5.157384872436523438e-01 5.145909786224365234e-01 3.266210556030273438e-01 3.943298757076263428e-01 2.139581739902496338e-01 1.362275183200836182e-01 5.525726079940795898e-01 2.347445935010910034e-01 4.130891561508178711e-01 2.107415944337844849e-01 3.554185926914215088e-01 3.333681225776672363e-01 1.610391139984130859e-01 3.477848470211029053e-01 2.967478930950164795e-01
