2018-07-24 17:15:00
2.920859456062316895e-01 2.115610837936401367e-01 5.553160905838012695e-01 1.833825558423995972e-01 1.713718920946121216e-01 3.249780535697937012e-01 2.762292623519897461e-01 3.864920139312744141e-01 5.276243686676025391e-01 5.407023429870605469e-01 5.241446495056152344e-01 3.998163938522338867e-01 4.716185629367828369e-01 6.069009304046630859e-01 4.829026162624359131e-01 3.838359117507934570e-01 4.947151541709899902e-01 3.407530784606933594e-01 4.606279134750366211e-01 3.600392341613769531e-01
3.416012525558471680e-01 5.822321772575378418e-01 3.298279643058776855e-01 5.101063251495361328e-01 5.241698026657104492e-01 1.152735054492950439e-01 3.207286596298217773e-01 3.263143301010131836e-01 4.750274121761322021e-01 5.415313839912414551e-01 5.104886889457702637e-01 4.275168776512145996e-01 4.170908927917480469e-01 3.593298792839050293e-01 6.341716051101684570e-01 2.932028770446777344e-01 3.205159604549407959e-01 3.861510157585144043e-01 4.837620854377746582e-01 2.522736787796020508e-01
2.867298722267150879e-01 2.695414423942565918e-01 1.851622909307479858e-01 4.421878159046173096e-01 7.268714904785156250e-01 6.642138957977294922e-01 2.719642519950866699e-01 4.042474627494812012e-01 3.750863373279571533e-01 5.356900691986083984e-01 7.755792140960693359e-01 6.199684143066406250e-01 5.418962836265563965e-01 6.629509925842285156e-01 2.913218736648559570e-01 5.208314657211303711e-01 8.953903317451477051e-01 4.370975494384765625e-01 4.197302460670471191e-01 3.119288086891174316e-01
3.073738217353820801e-01 2.473320662975311279e-01 3.753823637962341309e-01 2.810224890708923340e-01 3.435950875282287598e-01 4.695509374141693115e-01 6.872275471687316895e-01 3.560544252395629883e-01 4.305663108825683594e-01 3.647527992725372314e-01 5.247790813446044922e-01 5.360861420631408691e-01 1.969004571437835693e-01 2.915792465209960938e-01 6.353226900100708008e-01 4.310437142848968506e-01 5.464637875556945801e-01 3.704940080642700195e-01 2.362143695354461670e-01 3.890281319618225098e-01
1.905470788478851318e-01 2.458387613296508789e-01 4.866549372673034668e-01 5.446407794952392578e-01 3.719208240509033203e-01 6.800853610038757324e-01 5.096661448478698730e-01 4.312420189380645752e-01 4.211688935756683350e-01 3.823179006576538086e-01 4.005549550056457520e-01 2.136526107788085938e-01 8.186105489730834961e-01 4.178583323955535889e-01 3.132450878620147705e-01 6.566673517227172852e-01 7.534748315811157227e-01 6.173397302627563477e-01 3.675909638404846191e-01 4.234620332717895508e-01
2.157584130764007568e-01 2.780559659004211426e-01 5.541509985923767090e-01 5.376176834106445312e-01 6.655445098876953125e-01 6.292011141777038574e-01 3.747760951519012451e-01 3.904326558113098145e-01 2.954293787479400635e-01 4.113049209117889404e-01 4.729817211627960205e-01 4.263480901718139648e-01 6.461449861526489258e-01 4.335364997386932373e-01 5.076521039009094238e-01 4.390331804752349854e-01 3.234040737152099609e-01 5.584827661514282227e-01 5.100793838500976562e-01 3.687309324741363525e-01
3.094499111175537109e-01 5.434991121292114258e-01 3.510419726371765137e-01 4.163086712360382080e-01 4.144961237907409668e-01 3.816748857498168945e-01 4.771293103694915771e-01 2.700140476226806641e-01 4.649174809455871582e-01 4.561875462532043457e-01 7.906777262687683105e-01 3.357859849929809570e-01 4.321686923503875732e-01 7.493777275085449219e-01 2.100964486598968506e-01 3.859562575817108154e-01 7.316669821739196777e-01 4.889866709709167480e-01 4.513519406318664551e-01 2.860297262668609619e-01
4.037010669708251953e-01 3.915923237800598145e-01 4.099605083465576172e-01 2.470671236515045166e-01 5.992847084999084473e-01 4.991365671157836914e-01 3.341342210769653320e-01 3.727670311927795410e-01 3.382359743118286133e-01 3.555737435817718506e-01 2.525995373725891113e-01 4.596752524375915527e-01 5.950673818588256836e-01 2.096861004829406738e-01 1.997302472591400146e-01 4.817818105220794678e-01 3.879565298557281494e-01 2.129361629486083984e-01 4.354029297828674316e-01 2.201773673295974731e-01
2.872424423694610596e-01 3.419253230094909668e-01 5.136805772781372070e-01 5.100380182266235352e-01 3.501256704330444336e-01 2.952749133110046387e-01 3.509682118892669678e-01 3.004229962825775146e-01 5.185514688491821289e-01 3.087543249130249023e-01 3.194427490234375000e-01 3.047644495964050293e-01 3.176547288894653320e-01 3.078923523426055908e-01 3.659225106239318848e-01 3.059186339378356934e-01 3.486773967742919922e-01 4.964751303195953369e-01 2.558129131793975830e-01 3.880458772182464600e-01
5.069744586944580078e-01 3.228965401649475098e-01 3.113251626491546631e-01 2.928947806358337402e-01 3.623799979686737061e-01 2.442942261695861816e-01 4.395900368690490723e-01 4.239370524883270264e-01 4.731262028217315674e-01 7.752169370651245117e-01 4.420244395732879639e-01 4.140725731849670410e-01 5.047594308853149414e-01 2.428542077541351318e-01 3.396864533424377441e-01 3.186597228050231934e-01 4.969640970230102539e-01 4.287378191947937012e-01 1.997731626033782959e-01 6.225759387016296387e-01
6.109329462051391602e-01 4.835171103477478027e-01 2.841736078262329102e-01 6.661384701728820801e-01 4.527228474617004395e-01 3.570820093154907227e-01 1.742044091224670410e-01 3.723207116127014160e-01 2.925253212451934814e-01 3.464474081993103027e-01 4.944065213203430176e-01 2.223940193653106689e-01 4.670559763908386230e-01 3.373622298240661621e-01 2.671785354614257812e-01 2.896151244640350342e-01 3.330512046813964844e-01 8.223333954811096191e-01 4.452385306358337402e-01 3.417840600013732910e-01
3.754244744777679443e-01 3.104560971260070801e-01 3.884792923927307129e-01 2.770512998104095459e-01 4.643031060695648193e-01 4.371900558471679688e-01 1.328292191028594971e-01 4.587198197841644287e-01 3.624664843082427979e-01 5.194171071052551270e-01 2.791042923927307129e-01 3.321853280067443848e-01 3.932500183582305908e-01 2.717244029045104980e-01 2.259116321802139282e-01 5.185269117355346680e-01 3.480203449726104736e-01 3.126624226570129395e-01 4.255524277687072754e-01 6.029608845710754395e-01
4.637670516967773438e-01 5.082880258560180664e-01 4.925335645675659180e-01 2.372094988822937012e-01 5.308800935745239258e-01 2.245040535926818848e-01 3.819454908370971680e-01 2.306856811046600342e-01 5.097844004631042480e-01 2.389988005161285400e-01 4.340458512306213379e-01 2.864057123661041260e-01 3.401897549629211426e-01 1.041348800063133240e-01 6.120378375053405762e-01 2.625167071819305420e-01 3.123852312564849854e-01 1.584982722997665405e-01 2.732731699943542480e-01 4.003505706787109375e-01
2.948488593101501465e-01 3.328150510787963867e-01 6.971532702445983887e-01 2.226914465427398682e-01 4.289544224739074707e-01 4.662755131721496582e-01 2.031433135271072388e-01 1.473246514797210693e-01 3.593138754367828369e-01 3.223906159400939941e-01 3.656526803970336914e-01 5.727217197418212891e-01 7.915308475494384766e-01 3.500075936317443848e-01 3.604171872138977051e-01 2.869150936603546143e-01 3.124012351036071777e-01 2.192313522100448608e-01 3.771090507507324219e-01 5.179979801177978516e-01
2.465249449014663696e-01 1.514056324958801270e-01 2.222071290016174316e-01 2.437477558851242065e-01 2.696111202239990234e-01 4.003747403621673584e-01 5.987489223480224609e-01 4.391858577728271484e-01 4.121539592742919922e-01 4.175523519515991211e-01 3.881435394287109375e-01 3.366965353488922119e-01 6.230908036231994629e-01 4.362379014492034912e-01 2.947253882884979248e-01 3.943947255611419678e-01 2.596360445022583008e-01 5.945058465003967285e-01 2.611412405967712402e-01 3.573435544967651367e-01
2.476514279842376709e-01 4.470300376415252686e-01 4.734618961811065674e-01 3.078439831733703613e-01 4.216853380203247070e-01 4.538396596908569336e-01 2.295004129409790039e-01 4.750229716300964355e-01 1.692427098751068115e-01 2.592579424381256104e-01 2.418111860752105713e-01 2.741317152976989746e-01 3.397616147994995117e-01 2.221089750528335571e-01 3.691173493862152100e-01 2.580900490283966064e-01 1.236940026283264160e-01 2.650642096996307373e-01 6.203103065490722656e-01 5.891575217247009277e-01
3.422882258892059326e-01 3.764500319957733154e-01 2.852058112621307373e-01 3.730866312980651855e-01 3.513811230659484863e-01 3.445633053779602051e-01 5.088872909545898438e-01 5.043809413909912109e-01 4.155165255069732666e-01 4.998200237751007080e-01 5.412030220031738281e-01 3.263437449932098389e-01 3.109053671360015869e-01 5.055096149444580078e-01 4.750369787216186523e-01 3.067119717597961426e-01 2.848477661609649658e-01 2.999768853187561035e-01 6.241307258605957031e-01 3.801398277282714844e-01
4.440895915031433105e-01 4.230917096138000488e-01 4.401894807815551758e-01 4.062533080577850342e-01 1.952194422483444214e-01 4.903065860271453857e-01 3.199840486049652100e-01 5.814425945281982422e-01 2.541968524456024170e-01 3.887949287891387939e-01 2.744258642196655273e-01 3.408418297767639160e-01 2.507365942001342773e-01 2.121756374835968018e-01 2.250034064054489136e-01 2.965407371520996094e-01 5.997794866561889648e-01 3.713325262069702148e-01 1.754923462867736816e-01 5.162528753280639648e-01
4.586836099624633789e-01 1.953889727592468262e-01 4.686184823513031006e-01 4.119245707988739014e-01 4.039024710655212402e-01 3.797071576118469238e-01 4.580816924571990967e-01 2.291214317083358765e-01 3.802891373634338379e-01 7.354598045349121094e-01 2.469952106475830078e-01 5.252794623374938965e-01 5.334022045135498047e-01 2.309170216321945190e-01 4.478596150875091553e-01 3.471382260322570801e-01 4.042124152183532715e-01 5.844734311103820801e-01 1.349777281284332275e-01 3.028747141361236572e-01
2.971484065055847168e-01 2.135582864284515381e-01 6.717905998229980469e-01 1.609255671501159668e-01 3.857228755950927734e-01 5.593767762184143066e-01 4.274731874465942383e-01 1.286142468452453613e-01 4.946649372577667236e-01 5.585886240005493164e-01 1.973099112510681152e-01 5.707509517669677734e-01 5.810701847076416016e-01 3.189196586608886719e-01 4.615285396575927734e-01 2.929179668426513672e-01 5.908014774322509766e-01 1.952042281627655029e-01 2.363096028566360474e-01 5.162703990936279297e-01
