2018-07-24 18:15:00
4.218013584613800049e-01 3.516142368316650391e-01 4.034246206283569336e-01 3.800705075263977051e-01 3.703812360763549805e-01 5.726367235183715820e-01 4.654144048690795898e-01 9.044857025146484375e-01 6.482673287391662598e-01 7.112857103347778320e-01 8.165115714073181152e-01 8.471558094024658203e-01 6.353051662445068359e-01 9.978455901145935059e-01 7.293828725814819336e-01 9.367018938064575195e-01 4.928050637245178223e-01 9.376186132431030273e-01 7.913743257522583008e-01 7.654841542243957520e-01
7.808213233947753906e-01 4.399471879005432129e-01 4.443241655826568604e-01 6.418384909629821777e-01 4.853824377059936523e-01 4.341818392276763916e-01 4.777736961841583252e-01 6.435596346855163574e-01 6.216932535171508789e-01 6.822472214698791504e-01 9.564861655235290527e-01 9.156600236892700195e-01 6.773211956024169922e-01 9.001489877700805664e-01 6.884213685989379883e-01 1.296853780746459961e+00 8.273946046829223633e-01 5.699915885925292969e-01 1.001012325286865234e+00 1.065954446792602539e+00
9.408403635025024414e-01 4.071764051914215088e-01 3.317906856536865234e-01 2.651301026344299316e-01 5.456740856170654297e-01 4.515124261379241943e-01 6.159070134162902832e-01 4.594591259956359863e-01 3.922871947288513184e-01 5.845537781715393066e-01 4.795711338520050049e-01 6.180303096771240234e-01 5.892844796180725098e-01 9.852398633956909180e-01 7.424341440200805664e-01 6.952242255210876465e-01 7.408945560455322266e-01 8.173268437385559082e-01 8.123652338981628418e-01 6.972587108612060547e-01
5.037760734558105469e-01 5.758861303329467773e-01 3.345720767974853516e-01 2.465370595455169678e-01 6.811471581459045410e-01 6.368436813354492188e-01 3.560126423835754395e-01 1.656713932752609253e-01 6.136324405670166016e-01 6.077123880386352539e-01 9.581145048141479492e-01 6.784531474113464355e-01 8.052029609680175781e-01 7.373165488243103027e-01 7.349680066108703613e-01 1.130298852920532227e+00 1.096893787384033203e+00 1.015993356704711914e+00 8.791385293006896973e-01 1.046079874038696289e+00
3.713046908378601074e-01 4.029986262321472168e-01 6.847907304763793945e-01 5.613323450088500977e-01 5.291054248809814453e-01 3.987115323543548584e-01 4.171328544616699219e-01 6.612300872802734375e-01 4.982838034629821777e-01 3.937948942184448242e-01 4.277539253234863281e-01 8.298367857933044434e-01 7.253218889236450195e-01 5.801244974136352539e-01 9.625477790832519531e-01 7.286036014556884766e-01 1.494893312454223633e+00 6.365143656730651855e-01 9.360721707344055176e-01 1.154778838157653809e+00
4.543819427490234375e-01 2.303781360387802124e-01 3.555887937545776367e-01 2.884032130241394043e-01 8.081569671630859375e-01 7.983719706535339355e-01 5.776747465133666992e-01 3.482175171375274658e-01 5.137943625450134277e-01 5.005686283111572266e-01 1.108783245086669922e+00 8.294516801834106445e-01 6.206772923469543457e-01 1.142916440963745117e+00 1.090316176414489746e+00 1.211858391761779785e+00 1.613683462142944336e+00 6.792756319046020508e-01 9.638710618019104004e-01 7.788525819778442383e-01
2.776954174041748047e-01 8.365204334259033203e-01 3.757017254829406738e-01 4.688048362731933594e-01 4.613965451717376709e-01 6.270816922187805176e-01 6.978462934494018555e-01 4.816503524780273438e-01 5.289658904075622559e-01 6.124559640884399414e-01 9.265635013580322266e-01 3.753740787506103516e-01 7.308427691459655762e-01 7.137931585311889648e-01 9.611325263977050781e-01 1.125891566276550293e+00 1.591576099395751953e+00 1.159367322921752930e+00 1.111397624015808105e+00 8.469779491424560547e-01
3.225739002227783203e-01 3.242617845535278320e-01 2.378875017166137695e-01 2.908192574977874756e-01 4.527893960475921631e-01 2.900775671005249023e-01 4.780465662479400635e-01 5.252250432968139648e-01 2.979629039764404297e-01 6.576365232467651367e-01 5.495191216468811035e-01 4.458870589733123779e-01 4.861996769905090332e-01 1.016531348228454590e+00 4.680706262588500977e-01 7.442805767059326172e-01 1.309646248817443848e+00 9.845020174980163574e-01 4.906325340270996094e-01 1.203428864479064941e+00
4.768845438957214355e-01 2.231395095586776733e-01 2.705649733543395996e-01 6.802310943603515625e-01 8.466367423534393311e-02 1.992820203304290771e-01 1.578395664691925049e-01 5.753166675567626953e-01 2.644860744476318359e-01 3.763316571712493896e-01 3.806207776069641113e-01 5.215076804161071777e-01 9.000648856163024902e-01 6.655203700065612793e-01 8.776863813400268555e-01 6.022540330886840820e-01 4.704986214637756348e-01 1.040782570838928223e+00 6.598543524742126465e-01 8.520053625106811523e-01
2.869305014610290527e-01 4.818317294120788574e-01 1.587084531784057617e-01 2.010825276374816895e-01 5.824564099311828613e-01 5.875542163848876953e-01 3.176925480365753174e-01 6.348178386688232422e-01 8.075332045555114746e-01 7.864618301391601562e-01 7.683632969856262207e-01 5.671329498291015625e-01 4.364925622940063477e-01 8.512153625488281250e-01 8.281493186950683594e-01 6.719961166381835938e-01 6.124989986419677734e-01 1.364121913909912109e+00 6.608800292015075684e-01 5.267394781112670898e-01
3.048606514930725098e-01 6.817470788955688477e-01 1.293923407793045044e-01 5.586121678352355957e-01 4.605876207351684570e-01 3.738478422164916992e-01 5.334852933883666992e-01 5.644015669822692871e-01 3.543960452079772949e-01 6.549377441406250000e-01 5.657109022140502930e-01 5.232523679733276367e-01 6.123301386833190918e-01 7.087283134460449219e-01 8.774689435958862305e-01 6.610099077224731445e-01 8.454358577728271484e-01 3.866558074951171875e-01 7.575304508209228516e-01 6.840093731880187988e-01
3.130721151828765869e-01 3.571179509162902832e-01 3.845666050910949707e-01 4.929140210151672363e-01 2.630535364151000977e-01 2.109507024288177490e-01 4.995882511138916016e-01 3.361380696296691895e-01 7.469419240951538086e-01 4.633067250251770020e-01 4.345360994338989258e-01 4.122801423072814941e-01 5.415664911270141602e-01 2.386744767427444458e-01 3.959671258926391602e-01 4.523339569568634033e-01 7.863199710845947266e-01 4.667073190212249756e-01 6.443987488746643066e-01 7.165750265121459961e-01
3.242851495742797852e-01 4.633508324623107910e-01 6.244999766349792480e-01 4.001978635787963867e-01 3.741661310195922852e-01 5.063269138336181641e-01 6.516485810279846191e-01 6.629108190536499023e-01 4.098572731018066406e-01 7.067641019821166992e-01 3.578059673309326172e-01 4.143286943435668945e-01 4.191227555274963379e-01 5.227351784706115723e-01 4.753452539443969727e-01 4.085843861103057861e-01 3.247994780540466309e-01 4.332928657531738281e-01 7.427074909210205078e-01 8.023116588592529297e-01
5.127764940261840820e-01 5.142637491226196289e-01 2.686997652053833008e-01 3.751551210880279541e-01 3.603325784206390381e-01 6.139774322509765625e-01 4.055290520191192627e-01 4.624740183353424072e-01 7.274119853973388672e-01 4.602737724781036377e-01 6.343624591827392578e-01 4.835002422332763672e-01 4.673551619052886963e-01 4.359818100929260254e-01 3.425399065017700195e-01 3.342295289039611816e-01 3.920881152153015137e-01 1.773740351200103760e-01 4.014878571033477783e-01 3.022443652153015137e-01
4.934644103050231934e-01 7.303380966186523438e-01 5.860428810119628906e-01 5.263404846191406250e-01 4.140637516975402832e-01 5.473436117172241211e-01 6.600723266601562500e-01 3.424456417560577393e-01 3.068620860576629639e-01 3.338205218315124512e-01 4.495401382446289062e-01 6.453846693038940430e-01 5.645026564598083496e-01 2.549103796482086182e-01 3.701744079589843750e-01 4.297977387905120850e-01 2.772717475891113281e-01 4.259578585624694824e-01 3.252014517784118652e-01 4.665414094924926758e-01
4.950219392776489258e-01 4.827584028244018555e-01 6.263872385025024414e-01 7.722476720809936523e-01 7.544464468955993652e-01 6.464126110076904297e-01 3.708672523498535156e-01 3.655688166618347168e-01 3.285803198814392090e-01 5.010202527046203613e-01 3.377627134323120117e-01 4.098146557807922363e-01 3.122727870941162109e-01 3.440852165222167969e-01 1.880559176206588745e-01 1.508730053901672363e-01 3.902278542518615723e-01 5.227243900299072266e-01 5.265594720840454102e-01 2.978084683418273926e-01
2.373476177453994751e-01 4.414210915565490723e-01 5.534756183624267578e-01 5.952094197273254395e-01 7.350451350212097168e-01 6.823142766952514648e-01 6.641573905944824219e-01 5.937241315841674805e-01 7.301602363586425781e-01 8.220504522323608398e-01 5.809813737869262695e-01 5.899728536605834961e-01 5.216248035430908203e-01 4.991038143634796143e-01 2.470580935478210449e-01 6.508688926696777344e-01 3.846278786659240723e-01 4.225041866302490234e-01 6.940770745277404785e-01 3.412006497383117676e-01
3.258023262023925781e-01 8.983195424079895020e-01 6.387906074523925781e-01 3.699266314506530762e-01 4.352340400218963623e-01 7.763681411743164062e-01 8.628157377243041992e-01 9.323005080223083496e-01 6.531032919883728027e-01 5.660297870635986328e-01 6.470838785171508789e-01 7.059649825096130371e-01 5.566242933273315430e-01 3.331089615821838379e-01 4.852936267852783203e-01 4.563878774642944336e-01 3.891285061836242676e-01 4.237022697925567627e-01 4.919743537902832031e-01 3.447712063789367676e-01
7.442936897277832031e-01 3.737377524375915527e-01 4.573452174663543701e-01 6.138707995414733887e-01 5.858986973762512207e-01 4.811785221099853516e-01 5.400457382202148438e-01 6.753046512603759766e-01 5.266315937042236328e-01 4.130898714065551758e-01 5.044229626655578613e-01 4.816171824932098389e-01 5.678437948226928711e-01 5.079681873321533203e-01 4.562849402427673340e-01 1.936745643615722656e-01 3.695611357688903809e-01 1.915598064661026001e-01 3.463603258132934570e-01 3.750401437282562256e-01
1.011565446853637695e+00 3.954523503780364990e-01 4.352591037750244141e-01 4.739395976066589355e-01 7.235677838325500488e-01 5.756918787956237793e-01 6.810133457183837891e-01 7.117791771888732910e-01 6.773247718811035156e-01 4.126060009002685547e-01 9.581060409545898438e-01 6.832224130630493164e-01 3.753193616867065430e-01 6.829630732536315918e-01 3.631187975406646729e-01 3.864188194274902344e-01 5.022541880607604980e-01 2.999066710472106934e-01 5.802288055419921875e-01 4.569459557533264160e-01
