2018-07-24 18:30:00
6.321173906326293945e-01 3.118400573730468750e-01 6.418598890304565430e-01 3.124868571758270264e-01 6.229295134544372559e-01 7.100958228111267090e-01 5.303332805633544922e-01 7.147004604339599609e-01 6.925456523895263672e-01 8.166642785072326660e-01 5.978295803070068359e-01 2.821764945983886719e-01 9.452462196350097656e-01 6.037454605102539062e-01 5.475220680236816406e-01 6.425359249114990234e-01 8.392195701599121094e-01 8.257764577865600586e-01 5.305910110473632812e-01 4.591417908668518066e-01
6.428378224372863770e-01 6.064621210098266602e-01 4.429551661014556885e-01 7.973992228507995605e-01 7.723054885864257812e-01 6.501859426498413086e-01 8.244642019271850586e-01 6.815012097358703613e-01 6.740986108779907227e-01 9.292311668395996094e-01 8.905608654022216797e-01 9.306680560111999512e-01 7.208491563796997070e-01 7.637409567832946777e-01 7.123124599456787109e-01 6.365836858749389648e-01 4.543181061744689941e-01 1.053814530372619629e+00 3.739427328109741211e-01 6.042996644973754883e-01
8.794730901718139648e-01 4.562406241893768311e-01 5.476166009902954102e-01 6.026052236557006836e-01 6.422110199928283691e-01 7.901106476783752441e-01 6.541953086853027344e-01 9.725320339202880859e-01 1.359125614166259766e+00 9.530463218688964844e-01 8.095848560333251953e-01 5.209562778472900391e-01 5.539941191673278809e-01 1.066550135612487793e+00 4.743306636810302734e-01 1.018657088279724121e+00 8.751128315925598145e-01 5.794956684112548828e-01 6.535096168518066406e-01 3.577721714973449707e-01
7.545882463455200195e-01 2.916681170463562012e-01 7.239010334014892578e-01 6.165729761123657227e-01 5.846921205520629883e-01 6.474993228912353516e-01 1.251873373985290527e+00 1.093447446823120117e+00 1.210793972015380859e+00 7.725276947021484375e-01 4.297515451908111572e-01 6.051555275917053223e-01 1.139894247055053711e+00 8.570631146430969238e-01 7.357855439186096191e-01 5.907245278358459473e-01 8.624024987220764160e-01 5.978506803512573242e-01 6.909508109092712402e-01 1.010632514953613281e+00
5.780299901962280273e-01 5.870351791381835938e-01 6.663994193077087402e-01 5.992494821548461914e-01 6.844438910484313965e-01 7.741229534149169922e-01 9.573535919189453125e-01 1.048063158988952637e+00 1.059527873992919922e+00 1.138992428779602051e+00 9.079610109329223633e-01 1.045410871505737305e+00 7.720033526420593262e-01 1.056290864944458008e+00 8.485476970672607422e-01 5.346096158027648926e-01 1.400616407394409180e+00 8.623043894767761230e-01 8.952088356018066406e-01 7.118772268295288086e-01
5.395779013633728027e-01 4.673196971416473389e-01 3.673650026321411133e-01 6.208494901657104492e-01 7.694592475891113281e-01 6.638367176055908203e-01 4.871671497821807861e-01 1.038043260574340820e+00 7.797001600265502930e-01 1.498603940010070801e+00 1.121792554855346680e+00 9.330947399139404297e-01 8.329395651817321777e-01 8.521917462348937988e-01 5.649942159652709961e-01 6.234561800956726074e-01 8.143766522407531738e-01 1.051611542701721191e+00 4.446530640125274658e-01 1.028080940246582031e+00
6.831082701683044434e-01 5.535667538642883301e-01 2.997130751609802246e-01 7.733426094055175781e-01 5.191893577575683594e-01 5.761623382568359375e-01 1.035163402557373047e+00 9.952462911605834961e-01 1.359778165817260742e+00 1.035505890846252441e+00 6.583399772644042969e-01 9.255797863006591797e-01 9.136925935745239258e-01 7.820771932601928711e-01 1.062201499938964844e+00 8.659496307373046875e-01 6.128780841827392578e-01 1.352137923240661621e+00 8.614998459815979004e-01 3.771348893642425537e-01
4.634466171264648438e-01 3.633397817611694336e-01 1.860377937555313110e-01 6.121761798858642578e-01 3.865624666213989258e-01 4.454880058765411377e-01 9.105129837989807129e-01 1.185297250747680664e+00 1.201815724372863770e+00 8.266104459762573242e-01 5.114926695823669434e-01 7.521217465400695801e-01 5.829705595970153809e-01 8.567122220993041992e-01 8.142465353012084961e-01 8.854944705963134766e-01 7.851520180702209473e-01 1.105402827262878418e+00 1.020926237106323242e+00 1.028146982192993164e+00
4.170649647712707520e-01 2.200902700424194336e-01 4.974493086338043213e-01 4.280521571636199951e-01 6.180338263511657715e-01 3.083548545837402344e-01 7.423079013824462891e-01 9.821101427078247070e-01 4.324725866317749023e-01 7.661687731742858887e-01 5.966166853904724121e-01 7.251293063163757324e-01 9.734380245208740234e-01 9.701075553894042969e-01 5.177015662193298340e-01 7.842395305633544922e-01 5.122485160827636719e-01 8.967180252075195312e-01 5.014487504959106445e-01 3.301436007022857666e-01
8.019326627254486084e-02 5.847438573837280273e-01 2.870430648326873779e-01 3.033073246479034424e-01 2.792888879776000977e-01 2.860261201858520508e-01 4.740433096885681152e-01 6.186734437942504883e-01 4.644015431404113770e-01 3.293291926383972168e-01 7.245951890945434570e-01 6.636172533035278320e-01 5.714501142501831055e-01 4.402918517589569092e-01 7.718905210494995117e-01 5.146441459655761719e-01 6.219676733016967773e-01 8.137614727020263672e-01 6.656039953231811523e-01 6.214171051979064941e-01
3.250533640384674072e-01 5.249315500259399414e-01 6.588001251220703125e-01 6.629027724266052246e-01 7.591466903686523438e-01 3.544385135173797607e-01 7.389297485351562500e-01 7.190912365913391113e-01 3.703690767288208008e-01 8.602966666221618652e-01 6.085048913955688477e-01 8.238930702209472656e-01 7.449228763580322266e-01 4.428207576274871826e-01 4.424574673175811768e-01 4.546990692615509033e-01 1.044035315513610840e+00 3.967847824096679688e-01 1.032417058944702148e+00 6.237726211547851562e-01
4.257098734378814697e-01 2.359025478363037109e-01 5.503184199333190918e-01 3.163837194442749023e-01 3.768117725849151611e-01 4.493051171302795410e-01 3.022046387195587158e-01 3.981570601463317871e-01 4.673495292663574219e-01 4.067552089691162109e-01 4.912692606449127197e-01 4.443324208259582520e-01 3.908812701702117920e-01 4.299077093601226807e-01 4.903881847858428955e-01 3.989040255546569824e-01 6.253299713134765625e-01 7.685146331787109375e-01 7.050736546516418457e-01 6.206769943237304688e-01
4.571571946144104004e-01 6.062217950820922852e-01 5.515948534011840820e-01 4.696251153945922852e-01 4.168039262294769287e-01 4.985617995262145996e-01 6.582875251770019531e-01 4.672899544239044189e-01 5.161432623863220215e-01 3.894408047199249268e-01 3.762735426425933838e-01 3.815945088863372803e-01 3.805442750453948975e-01 1.929152011871337891e-01 2.345030307769775391e-01 4.076336324214935303e-01 8.569726943969726562e-01 3.339858651161193848e-01 4.137274622917175293e-01 7.102227210998535156e-01
3.650191128253936768e-01 4.249228835105895996e-01 5.129619240760803223e-01 5.156912803649902344e-01 2.305226325988769531e-01 4.353993535041809082e-01 3.677279651165008545e-01 5.349919795989990234e-01 6.225665807723999023e-01 5.186124444007873535e-01 4.056970775127410889e-01 1.957427710294723511e-01 2.485938221216201782e-01 1.631811410188674927e-01 4.008840918540954590e-01 4.236428737640380859e-01 6.137534379959106445e-01 4.485722780227661133e-01 7.866344451904296875e-01 6.936365962028503418e-01
5.650243759155273438e-01 6.350513696670532227e-01 6.626678705215454102e-01 2.766236662864685059e-01 5.593842864036560059e-01 3.718847632408142090e-01 6.056212782859802246e-01 2.551818490028381348e-01 5.144047737121582031e-01 5.714011192321777344e-01 4.878271818161010742e-01 3.500424027442932129e-01 2.085433155298233032e-01 3.676941990852355957e-01 5.333012342453002930e-01 3.570417761802673340e-01 3.743113279342651367e-01 5.072563290596008301e-01 4.670589268207550049e-01 4.127420186996459961e-01
7.261703610420227051e-01 6.192408800125122070e-01 5.002305507659912109e-01 4.935007691383361816e-01 4.732804298400878906e-01 6.507838368415832520e-01 8.512614965438842773e-01 3.714496493339538574e-01 7.017940878868103027e-01 4.571853876113891602e-01 2.286621332168579102e-01 4.643587470054626465e-01 3.760489523410797119e-01 4.406051337718963623e-01 5.238420963287353516e-01 6.614521741867065430e-01 8.089554309844970703e-01 5.660910606384277344e-01 5.678368210792541504e-01 4.715033769607543945e-01
4.666955471038818359e-01 5.607399344444274902e-01 5.278480052947998047e-01 7.879248857498168945e-01 3.085950613021850586e-01 4.575187563896179199e-01 2.893019318580627441e-01 6.433843374252319336e-01 6.189142465591430664e-01 4.423873722553253174e-01 5.335572957992553711e-01 3.456915318965911865e-01 6.010605096817016602e-01 5.571197867393493652e-01 4.394819736480712891e-01 7.344431877136230469e-01 6.380616426467895508e-01 6.592836380004882812e-01 4.822761118412017822e-01 6.928522586822509766e-01
6.846877336502075195e-01 6.321431994438171387e-01 5.325582027435302734e-01 5.605749487876892090e-01 6.428216695785522461e-01 8.200442194938659668e-01 4.628714323043823242e-01 5.021950006484985352e-01 4.851323664188385010e-01 3.567184209823608398e-01 5.684246420860290527e-01 7.772815227508544922e-01 6.689417362213134766e-01 2.518779635429382324e-01 3.436912894248962402e-01 5.545650720596313477e-01 7.411697506904602051e-01 7.281988859176635742e-01 8.787630796432495117e-01 4.950141906738281250e-01
2.538844943046569824e-01 5.285418033599853516e-01 7.046136856079101562e-01 5.238900780677795410e-01 5.395432710647583008e-01 6.164842247962951660e-01 3.613184094429016113e-01 5.835129618644714355e-01 5.595172643661499023e-01 4.435157179832458496e-01 5.749337673187255859e-01 7.959820032119750977e-01 5.026102662086486816e-01 3.862565457820892334e-01 5.061481595039367676e-01 5.085607767105102539e-01 3.240791559219360352e-01 4.820437431335449219e-01 5.643811821937561035e-01 9.204185605049133301e-01
4.954047799110412598e-01 7.075644731521606445e-01 8.817963004112243652e-01 5.707356333732604980e-01 4.058592319488525391e-01 4.356864392757415771e-01 4.736320674419403076e-01 5.763558149337768555e-01 1.128206014633178711e+00 4.588122963905334473e-01 5.052989721298217773e-01 1.671651005744934082e-01 5.646854639053344727e-01 3.865082859992980957e-01 5.311457514762878418e-01 4.958184957504272461e-01 6.579968929290771484e-01 5.689241886138916016e-01 4.587692916393280029e-01 9.005609154701232910e-01
