2018-07-24 20:15:00
3.305830061435699463e-01 8.807078599929809570e-01 4.083697795867919922e-01 4.010467529296875000e-01 6.831780672073364258e-01 5.754882097244262695e-01 5.625460743904113770e-01 6.108891367912292480e-01 4.293335676193237305e-01 5.292453765869140625e-01 4.709653258323669434e-01 1.117926120758056641e+00 5.928212404251098633e-01 1.038291692733764648e+00 7.362227439880371094e-01 7.600865364074707031e-01 7.319137454032897949e-01 5.394130349159240723e-01 6.768226623535156250e-01 5.364457368850708008e-01
2.984855175018310547e-01 6.424524784088134766e-01 6.270061135292053223e-01 8.610298037528991699e-01 4.002863466739654541e-01 4.703393280506134033e-01 5.165684819221496582e-01 9.399010539054870605e-01 8.031979203224182129e-01 7.041851282119750977e-01 6.882525086402893066e-01 5.573784708976745605e-01 6.099708676338195801e-01 5.294579863548278809e-01 8.345067501068115234e-01 6.825757026672363281e-01 4.899189472198486328e-01 7.323527336120605469e-01 2.915754318237304688e-01 5.939630866050720215e-01
8.186906576156616211e-01 3.485514521598815918e-01 6.407188177108764648e-01 4.650693237781524658e-01 7.808898687362670898e-01 7.547250986099243164e-01 7.812018990516662598e-01 9.129228591918945312e-01 5.682670474052429199e-01 6.959178447723388672e-01 5.376767516136169434e-01 7.995038032531738281e-01 5.969305038452148438e-01 7.814825773239135742e-01 7.042439579963684082e-01 1.201572895050048828e+00 8.977107405662536621e-01 3.369014263153076172e-01 4.907008409500122070e-01 6.573911905288696289e-01
6.489609479904174805e-01 6.454322934150695801e-01 9.449996352195739746e-01 5.792855024337768555e-01 5.316788554191589355e-01 7.659070491790771484e-01 6.183531284332275391e-01 6.139158010482788086e-01 6.641471385955810547e-01 2.130587697029113770e-01 3.705529868602752686e-01 8.108276724815368652e-01 7.524520158767700195e-01 9.113397598266601562e-01 6.679903268814086914e-01 5.705868601799011230e-01 8.421786427497863770e-01 3.508272171020507812e-01 8.698334693908691406e-01 5.021920204162597656e-01
6.949067115783691406e-01 5.679448246955871582e-01 6.753409504890441895e-01 6.243372559547424316e-01 7.454697489738464355e-01 6.718853712081909180e-01 6.408969163894653320e-01 6.464022397994995117e-01 9.249016046524047852e-01 6.465808749198913574e-01 7.817714214324951172e-01 5.800422430038452148e-01 8.842731714248657227e-01 5.239683389663696289e-01 3.481789529323577881e-01 6.609012484550476074e-01 8.524371385574340820e-01 5.210029482841491699e-01 5.289767980575561523e-01 8.058066964149475098e-01
6.590154767036437988e-01 4.786586463451385498e-01 7.341066598892211914e-01 3.947432041168212891e-01 9.221689105033874512e-01 4.975872337818145752e-01 5.964601039886474609e-01 7.240349054336547852e-01 7.085961103439331055e-01 5.211952328681945801e-01 3.200336396694183350e-01 4.321489036083221436e-01 7.680281400680541992e-01 7.225935459136962891e-01 6.446936130523681641e-01 7.800351381301879883e-01 8.126870393753051758e-01 3.354834914207458496e-01 6.247792840003967285e-01 1.126946449279785156e+00
4.238111376762390137e-01 8.456932306289672852e-01 8.903539180755615234e-01 3.556207120418548584e-01 4.296275377273559570e-01 9.230880737304687500e-01 3.457055091857910156e-01 6.035299897193908691e-01 7.256786823272705078e-01 5.623085498809814453e-01 4.106570482254028320e-01 6.351351737976074219e-01 4.933494925498962402e-01 7.929349541664123535e-01 4.711452722549438477e-01 7.699751853942871094e-01 5.111680030822753906e-01 4.898143410682678223e-01 6.620129346847534180e-01 3.929445743560791016e-01
3.467510342597961426e-01 7.163237333297729492e-01 7.261055707931518555e-01 3.542770743370056152e-01 9.657831192016601562e-01 6.406757831573486328e-01 8.420972824096679688e-01 6.046688556671142578e-01 6.602231860160827637e-01 3.280661404132843018e-01 4.796603322029113770e-01 3.466668725013732910e-01 6.485971212387084961e-01 4.971115589141845703e-01 5.977590084075927734e-01 7.533843517303466797e-01 6.828627586364746094e-01 7.483426928520202637e-01 6.926122307777404785e-01 4.235942959785461426e-01
4.955598711967468262e-01 4.606138169765472412e-01 6.231871843338012695e-01 5.265794992446899414e-01 2.583226263523101807e-01 7.771475911140441895e-01 3.994551301002502441e-01 3.159933388233184814e-01 5.651103258132934570e-01 6.604412794113159180e-01 5.609649419784545898e-01 2.923578023910522461e-01 9.085823297500610352e-01 6.136513948440551758e-01 6.510001420974731445e-01 6.376363039016723633e-01 7.135385870933532715e-01 7.798257470130920410e-01 7.092939019203186035e-01 5.978999733924865723e-01
7.228037714958190918e-01 2.674809694290161133e-01 5.584057569503784180e-01 3.426041603088378906e-01 4.621539711952209473e-01 6.678441762924194336e-01 4.717388451099395752e-01 4.266417026519775391e-01 7.547106742858886719e-01 7.116601467132568359e-01 8.355390429496765137e-01 6.211228966712951660e-01 6.125888228416442871e-01 7.780331373214721680e-01 5.783421397209167480e-01 6.342803239822387695e-01 6.017099618911743164e-01 5.613848567008972168e-01 3.925240039825439453e-01 7.246221303939819336e-01
5.804156661033630371e-01 6.149549484252929688e-01 6.106386780738830566e-01 3.357797265052795410e-01 6.990764737129211426e-01 5.608028173446655273e-01 3.554617166519165039e-01 3.647392988204956055e-01 3.496565818786621094e-01 5.219863057136535645e-01 8.499113321304321289e-01 7.307381629943847656e-01 4.658799767494201660e-01 4.762436151504516602e-01 7.364599704742431641e-01 6.261408925056457520e-01 5.706532001495361328e-01 1.239250183105468750e+00 7.769229412078857422e-01 5.509771108627319336e-01
5.046223402023315430e-01 4.637894332408905029e-01 3.911829590797424316e-01 7.697514295578002930e-01 7.144547104835510254e-01 8.272358775138854980e-01 5.126222968101501465e-01 4.730213582515716553e-01 4.555354118347167969e-01 7.219625115394592285e-01 5.305424928665161133e-01 4.941265881061553955e-01 4.614375233650207520e-01 3.192958831787109375e-01 6.345292329788208008e-01 5.928931236267089844e-01 7.899408340454101562e-01 4.103643894195556641e-01 8.461494445800781250e-01 6.818456649780273438e-01
5.283533334732055664e-01 2.101057171821594238e-01 4.289892911911010742e-01 3.986194729804992676e-01 5.089248418807983398e-01 3.914634883403778076e-01 3.957857489585876465e-01 4.274091720581054688e-01 5.862666368484497070e-01 8.259711265563964844e-01 4.405772686004638672e-01 6.627597212791442871e-01 4.623405337333679199e-01 5.961265563964843750e-01 5.571901798248291016e-01 3.690125942230224609e-01 5.420613288879394531e-01 5.869290828704833984e-01 5.634119510650634766e-01 1.104762077331542969e+00
7.755897045135498047e-01 4.879053235054016113e-01 4.950960278511047363e-01 4.777571856975555420e-01 4.860468506813049316e-01 4.375614523887634277e-01 5.498938560485839844e-01 5.157542824745178223e-01 6.053347587585449219e-01 7.023455500602722168e-01 5.734604001045227051e-01 3.447031378746032715e-01 6.571018695831298828e-01 5.670571327209472656e-01 4.793615341186523438e-01 5.031772851943969727e-01 5.964432954788208008e-01 8.479080200195312500e-01 4.088404774665832520e-01 4.810391664505004883e-01
7.955277562141418457e-01 6.942188739776611328e-01 5.777015686035156250e-01 4.762329459190368652e-01 6.376461982727050781e-01 6.609278321266174316e-01 4.962050914764404297e-01 5.745211839675903320e-01 7.754747867584228516e-01 5.111824274063110352e-01 3.334454298019409180e-01 4.934844672679901123e-01 6.121109127998352051e-01 5.003522038459777832e-01 4.048098027706146240e-01 3.825224339962005615e-01 2.744625508785247803e-01 5.126573443412780762e-01 7.890003919601440430e-01 5.080093145370483398e-01
5.047271847724914551e-01 5.861231684684753418e-01 6.660069823265075684e-01 2.472841143608093262e-01 5.818549990653991699e-01 5.249757766723632812e-01 7.063260674476623535e-01 7.066177129745483398e-01 6.483268737792968750e-01 3.719222247600555420e-01 8.097152113914489746e-01 7.231549024581909180e-01 6.625659465789794922e-01 4.861570000648498535e-01 8.415617942810058594e-01 4.125369191169738770e-01 5.781698226928710938e-01 6.324663758277893066e-01 8.081586360931396484e-01 5.110906958580017090e-01
3.477799594402313232e-01 8.129370212554931641e-01 5.399133563041687012e-01 5.671818852424621582e-01 8.493295311927795410e-01 5.937692523002624512e-01 6.022988557815551758e-01 5.833984017372131348e-01 4.887040555477142334e-01 5.534719228744506836e-01 5.657598376274108887e-01 5.477080941200256348e-01 7.364181876182556152e-01 5.104688405990600586e-01 6.950891017913818359e-01 4.284554719924926758e-01 2.468582689762115479e-01 6.115200519561767578e-01 4.771139621734619141e-01 5.292429924011230469e-01
4.639769792556762695e-01 4.206832647323608398e-01 4.618517160415649414e-01 5.883880257606506348e-01 6.845579147338867188e-01 5.024370551109313965e-01 5.377646088600158691e-01 4.635766744613647461e-01 5.326759219169616699e-01 7.352828979492187500e-01 4.990941286087036133e-01 4.534802436828613281e-01 5.793851613998413086e-01 4.494099915027618408e-01 8.587527275085449219e-01 3.801562786102294922e-01 6.412936449050903320e-01 5.178360342979431152e-01 6.692180633544921875e-01 4.970846176147460938e-01
4.893903136253356934e-01 2.976808547973632812e-01 6.018252968788146973e-01 6.470808982849121094e-01 6.193669438362121582e-01 5.300641059875488281e-01 5.416474342346191406e-01 6.132902503013610840e-01 2.917199730873107910e-01 5.721855163574218750e-01 8.799381852149963379e-01 5.948437452316284180e-01 3.772529959678649902e-01 4.954604506492614746e-01 4.411062598228454590e-01 3.140127658843994141e-01 6.558618545532226562e-01 6.534767746925354004e-01 8.921906948089599609e-01 1.151737451553344727e+00
6.885085105895996094e-01 7.208030223846435547e-01 4.521833658218383789e-01 5.224479436874389648e-01 5.290040969848632812e-01 4.282002151012420654e-01 5.263451933860778809e-01 4.429297447204589844e-01 4.779514074325561523e-01 8.181121945381164551e-01 1.001360774040222168e+00 1.779018491506576538e-01 4.339103698730468750e-01 6.667937040328979492e-01 5.563270449638366699e-01 6.079619526863098145e-01 5.332837104797363281e-01 5.910646915435791016e-01 7.564143538475036621e-01 7.090502381324768066e-01
