2018-07-24 21:00:00
2.369736731052398682e-01 5.883445143699645996e-01 5.965067744255065918e-01 4.896897673606872559e-01 3.140696883201599121e-01 4.176474809646606445e-01 4.605819582939147949e-01 6.451013088226318359e-01 3.530742228031158447e-01 5.953541398048400879e-01 6.185859441757202148e-01 6.118963360786437988e-01 6.447722911834716797e-01 1.323878526687622070e+00 1.272731423377990723e+00 9.641591906547546387e-01 5.788894891738891602e-01 8.542432785034179688e-01 1.008782148361206055e+00 1.130086064338684082e+00
2.446515858173370361e-01 7.730937004089355469e-01 3.373537063598632812e-01 6.021571755409240723e-01 6.319965720176696777e-01 3.936833739280700684e-01 3.786649405956268311e-01 8.766999840736389160e-01 6.096268296241760254e-01 8.533830642700195312e-01 1.131302237510681152e+00 7.558298110961914062e-01 1.213084459304809570e+00 1.046930551528930664e+00 1.744856119155883789e+00 5.921469330787658691e-01 5.896042585372924805e-01 1.137932658195495605e+00 6.534845829010009766e-01 7.928454875946044922e-01
2.386670112609863281e-01 4.292249977588653564e-01 4.999592602252960205e-01 5.201711654663085938e-01 5.971855521202087402e-01 3.818812966346740723e-01 3.028151392936706543e-01 4.786052107810974121e-01 1.024970769882202148e+00 6.895641088485717773e-01 3.780264556407928467e-01 7.928092479705810547e-01 5.361761450767517090e-01 9.440578222274780273e-01 7.784845829010009766e-01 1.235656857490539551e+00 5.877367258071899414e-01 9.510291814804077148e-01 1.041899919509887695e+00 6.342829465866088867e-01
2.257571220397949219e-01 2.339212596416473389e-01 1.807675361633300781e-01 1.746002435684204102e-01 4.105806350708007812e-01 3.994210362434387207e-01 4.961732625961303711e-01 5.791972875595092773e-01 6.805901527404785156e-01 6.721791028976440430e-01 8.354855775833129883e-01 5.677189826965332031e-01 9.708777666091918945e-01 8.614910840988159180e-01 5.858293771743774414e-01 1.228227257728576660e+00 1.576398015022277832e+00 8.599027991294860840e-01 6.413792371749877930e-01 8.938268423080444336e-01
3.399513363838195801e-01 2.476797252893447876e-01 3.518691658973693848e-01 1.140172928571701050e-01 2.724131941795349121e-01 5.173786282539367676e-01 3.568722605705261230e-01 3.370542824268341064e-01 5.851976275444030762e-01 4.409440755844116211e-01 8.648843765258789062e-01 7.567836642265319824e-01 1.014944434165954590e+00 4.514419436454772949e-01 8.629323244094848633e-01 6.571985483169555664e-01 1.015871047973632812e+00 7.470930218696594238e-01 7.186405658721923828e-01 9.769282341003417969e-01
3.756657540798187256e-01 2.013859450817108154e-01 6.572978496551513672e-01 3.620834350585937500e-01 8.648437261581420898e-01 4.025214910507202148e-01 3.020690381526947021e-01 2.347124963998794556e-01 5.458658933639526367e-01 3.492896258831024170e-01 7.905935049057006836e-01 6.540230512619018555e-01 5.826972126960754395e-01 9.363434910774230957e-01 1.184367656707763672e+00 1.017546653747558594e+00 1.760961532592773438e+00 5.606162548065185547e-01 5.890130996704101562e-01 8.653537034988403320e-01
2.706265747547149658e-01 3.339956998825073242e-01 1.973903179168701172e-01 4.391234219074249268e-01 5.251959562301635742e-01 6.230754852294921875e-01 2.504926919937133789e-01 5.357924699783325195e-01 7.385680675506591797e-01 6.338633298873901367e-01 6.276542544364929199e-01 5.297499895095825195e-01 1.232700824737548828e+00 9.313876628875732422e-01 8.519235253334045410e-01 1.091264367103576660e+00 1.384847998619079590e+00 1.143662452697753906e+00 1.527833461761474609e+00 9.937725067138671875e-01
3.523982763290405273e-01 2.857124507427215576e-01 1.476038396358489990e-01 2.748070955276489258e-01 4.179539680480957031e-01 2.431726753711700439e-01 5.208147764205932617e-01 6.315536499023437500e-01 2.243914008140563965e-01 8.249742984771728516e-01 4.002469182014465332e-01 8.486347794532775879e-01 6.225479841232299805e-01 1.139219284057617188e+00 1.361506223678588867e+00 8.896532058715820312e-01 8.296604156494140625e-01 8.489422202110290527e-01 1.081382513046264648e+00 1.158000469207763672e+00
4.547769427299499512e-01 5.383677482604980469e-01 3.542910814285278320e-01 2.755776047706604004e-01 4.280144572257995605e-01 2.862055897712707520e-01 3.366365432739257812e-01 3.686318695545196533e-01 5.235392451286315918e-01 6.690182685852050781e-01 8.450816869735717773e-01 6.378654837608337402e-01 5.829235911369323730e-01 1.159412264823913574e+00 8.468025922775268555e-01 8.975482583045959473e-01 1.165073037147521973e+00 9.123319983482360840e-01 1.180070400238037109e+00 7.491729259490966797e-01
7.376838922500610352e-01 7.986778020858764648e-01 3.531624078750610352e-01 1.493553221225738525e-01 2.021117210388183594e-01 4.148005247116088867e-01 4.934421777725219727e-01 7.634057998657226562e-01 7.351641058921813965e-01 5.931943058967590332e-01 6.521707773208618164e-01 8.009647727012634277e-01 1.235596895217895508e+00 8.221911191940307617e-01 1.121476292610168457e+00 1.058305621147155762e+00 1.216198682785034180e+00 8.612591028213500977e-01 9.809537529945373535e-01 1.138535141944885254e+00
4.646600186824798584e-01 5.268719196319580078e-01 4.578211307525634766e-01 3.398777842521667480e-01 4.307360649108886719e-01 6.790966391563415527e-01 5.268598794937133789e-01 6.403844356536865234e-01 9.215137958526611328e-01 1.215819835662841797e+00 1.174461841583251953e+00 7.516819834709167480e-01 1.258290052413940430e+00 1.808170795440673828e+00 1.539379119873046875e+00 1.101364254951477051e+00 9.440411329269409180e-01 7.491215467453002930e-01 1.197569727897644043e+00 1.309390783309936523e+00
5.511134862899780273e-01 4.721801280975341797e-01 5.392325520515441895e-01 6.153917312622070312e-01 4.220107495784759521e-01 2.823292016983032227e-01 4.453521966934204102e-01 6.671453714370727539e-01 7.125173807144165039e-01 8.084188699722290039e-01 4.393217563629150391e-01 1.155540943145751953e+00 6.680964231491088867e-01 1.050391435623168945e+00 1.249872684478759766e+00 6.944078207015991211e-01 1.175784587860107422e+00 1.508366584777832031e+00 8.042788505554199219e-01 1.723788976669311523e+00
6.199246644973754883e-01 4.240920841693878174e-01 3.654223680496215820e-01 7.067352533340454102e-01 8.788802623748779297e-01 4.928367435932159424e-01 5.956733226776123047e-01 3.467800021171569824e-01 8.232213854789733887e-01 5.872268676757812500e-01 4.576018452644348145e-01 1.115881919860839844e+00 9.199354648590087891e-01 1.260147809982299805e+00 1.331481933593750000e+00 1.401788234710693359e+00 7.090320587158203125e-01 1.278120994567871094e+00 9.278671145439147949e-01 1.734757661819458008e+00
1.008855342864990234e+00 6.642459630966186523e-01 5.423465371131896973e-01 5.896024107933044434e-01 8.037049770355224609e-01 6.325773596763610840e-01 5.638498067855834961e-01 6.261529326438903809e-01 9.012796282768249512e-01 9.036184549331665039e-01 6.553186178207397461e-01 1.044116735458374023e+00 9.472109675407409668e-01 7.956283092498779297e-01 1.191955089569091797e+00 1.354884266853332520e+00 1.375552177429199219e+00 1.725880026817321777e+00 1.093963265419006348e+00 7.291218042373657227e-01
7.182070612907409668e-01 4.407987296581268311e-01 7.056968212127685547e-01 5.329415202140808105e-01 6.888362765312194824e-01 6.829935312271118164e-01 4.147301316261291504e-01 4.263747036457061768e-01 7.075731158256530762e-01 4.156517386436462402e-01 1.027808427810668945e+00 6.013218164443969727e-01 1.237049221992492676e+00 9.098569154739379883e-01 1.622212886810302734e+00 9.660025238990783691e-01 8.893463611602783203e-01 1.502151131629943848e+00 1.003607034683227539e+00 1.130670428276062012e+00
6.111743450164794922e-01 7.683009505271911621e-01 6.938190460205078125e-01 5.951063036918640137e-01 8.182021975517272949e-01 6.513406634330749512e-01 8.861042261123657227e-01 6.951346397399902344e-01 4.321109950542449951e-01 8.944199085235595703e-01 8.091672658920288086e-01 5.205540657043457031e-01 1.194236993789672852e+00 1.012245893478393555e+00 1.399064660072326660e+00 1.352728247642517090e+00 8.792095780372619629e-01 7.061088681221008301e-01 8.218016624450683594e-01 7.141412496566772461e-01
7.112388014793395996e-01 6.244878768920898438e-01 1.154135346412658691e+00 5.382944941520690918e-01 9.909605979919433594e-01 6.688827276229858398e-01 5.552420616149902344e-01 6.549258828163146973e-01 4.705678224563598633e-01 5.883587598800659180e-01 1.336139321327209473e+00 8.998434543609619141e-01 1.639922380447387695e+00 1.611761927604675293e+00 1.246522665023803711e+00 8.859352469444274902e-01 1.206727266311645508e+00 8.281747102737426758e-01 1.299545049667358398e+00 8.542853593826293945e-01
8.494228124618530273e-01 1.018208265304565430e+00 7.280099391937255859e-01 4.779305458068847656e-01 2.969884276390075684e-01 5.926269292831420898e-01 5.655797123908996582e-01 5.546873211860656738e-01 9.272798299789428711e-01 7.742724418640136719e-01 8.622009158134460449e-01 1.063970327377319336e+00 8.849924802780151367e-01 1.101365327835083008e+00 8.728135824203491211e-01 8.529791235923767090e-01 8.805072903633117676e-01 1.298804759979248047e+00 1.051909446716308594e+00 9.222352504730224609e-01
6.249471306800842285e-01 6.141262650489807129e-01 6.829541325569152832e-01 6.575374603271484375e-01 7.153948545455932617e-01 4.415584802627563477e-01 8.974607586860656738e-01 6.412632465362548828e-01 6.352221369743347168e-01 8.863829970359802246e-01 1.076266765594482422e+00 1.342376708984375000e+00 1.162051439285278320e+00 1.517459154129028320e+00 9.871039390563964844e-01 1.103224992752075195e+00 7.584812641143798828e-01 8.721921443939208984e-01 1.149040102958679199e+00 1.112738370895385742e+00
5.201781392097473145e-01 6.515493392944335938e-01 4.946499466896057129e-01 6.965216398239135742e-01 8.672982454299926758e-01 5.393762588500976562e-01 4.907516837120056152e-01 6.494206190109252930e-01 6.270239949226379395e-01 6.844521164894104004e-01 8.645939230918884277e-01 7.722972631454467773e-01 7.579879760742187500e-01 3.200558722019195557e-01 8.308650851249694824e-01 1.236370921134948730e+00 1.137693285942077637e+00 1.059523344039916992e+00 7.605173587799072266e-01 8.695805668830871582e-01
