2018-07-24 22:15:00
5.835464000701904297e-01 7.802469730377197266e-01 2.228532433509826660e-01 5.325163602828979492e-01 4.750714004039764404e-01 4.504504203796386719e-01 4.212914109230041504e-01 6.406455039978027344e-01 9.791548252105712891e-01 8.235905170440673828e-01 8.095241785049438477e-01 5.715537071228027344e-01 8.174843788146972656e-01 5.342604517936706543e-01 5.663980245590209961e-01 9.436709284782409668e-01 7.453647851943969727e-01 2.161392271518707275e-01 6.944942474365234375e-01 1.228978395462036133e+00
4.035705626010894775e-01 5.791081786155700684e-01 4.697066545486450195e-01 5.594562292098999023e-01 6.284053325653076172e-01 3.969322443008422852e-01 5.579762458801269531e-01 4.078881144523620605e-01 8.442732691764831543e-01 6.580563187599182129e-01 6.359099149703979492e-01 8.612145185470581055e-01 4.663213491439819336e-01 8.883280158042907715e-01 9.395214319229125977e-01 7.788445353507995605e-01 5.591045618057250977e-01 7.245234251022338867e-01 6.516076326370239258e-01 8.549237251281738281e-01
8.860840201377868652e-01 6.892585754394531250e-01 4.935147762298583984e-01 7.382524013519287109e-01 3.815350830554962158e-01 6.311479210853576660e-01 4.216392636299133301e-01 5.738896131515502930e-01 3.310505747795104980e-01 9.134231209754943848e-01 6.100759506225585938e-01 6.291774511337280273e-01 5.295324921607971191e-01 8.147929906845092773e-01 7.550315856933593750e-01 1.080410957336425781e+00 8.073935508728027344e-01 6.100082397460937500e-01 4.528877139091491699e-01 7.755312323570251465e-01
6.185416579246520996e-01 6.480302214622497559e-01 3.782554268836975098e-01 3.888191580772399902e-01 5.692135691642761230e-01 4.414058327674865723e-01 4.915382862091064453e-01 4.698958992958068848e-01 3.589613437652587891e-01 4.286672472953796387e-01 1.187001824378967285e+00 6.935327053070068359e-01 7.650103569030761719e-01 1.091330885887145996e+00 4.789345860481262207e-01 1.212519645690917969e+00 7.375863790512084961e-01 1.466496825218200684e+00 6.452529430389404297e-01 1.141422271728515625e+00
1.032837629318237305e+00 3.416955769062042236e-01 6.968336105346679688e-01 7.202294468879699707e-01 4.540529251098632812e-01 4.394575357437133789e-01 6.674335002899169922e-01 4.789330661296844482e-01 4.327408075332641602e-01 4.112807810306549072e-01 4.331670701503753662e-01 7.069154977798461914e-01 4.893453121185302734e-01 7.069743871688842773e-01 1.010919213294982910e+00 1.160945177078247070e+00 1.577921509742736816e+00 1.455474138259887695e+00 6.978292465209960938e-01 1.183945775032043457e+00
4.818928837776184082e-01 5.066751241683959961e-01 6.939830183982849121e-01 5.429275035858154297e-01 4.772858321666717529e-01 5.346323847770690918e-01 3.483230173587799072e-01 5.538133978843688965e-01 3.144381642341613770e-01 4.373238682746887207e-01 4.825440347194671631e-01 8.012964725494384766e-01 4.983929991722106934e-01 9.629975557327270508e-01 7.590852379798889160e-01 9.400609731674194336e-01 1.155000686645507812e+00 8.452214002609252930e-01 8.176530599594116211e-01 1.071858763694763184e+00
4.565997719764709473e-01 5.346005558967590332e-01 5.623464584350585938e-01 6.679078340530395508e-01 6.110837459564208984e-01 9.185142517089843750e-01 2.061934322118759155e-01 2.122927606105804443e-01 5.018720626831054688e-01 7.123365402221679688e-01 5.401575565338134766e-01 5.256998538970947266e-01 4.555394649505615234e-01 8.272216320037841797e-01 9.841046333312988281e-01 1.121298789978027344e+00 1.236239790916442871e+00 9.836938977241516113e-01 8.324463367462158203e-01 1.002728223800659180e+00
7.666631340980529785e-01 4.519404172897338867e-01 1.524625420570373535e-01 2.969208359718322754e-01 6.545939445495605469e-01 3.519367873668670654e-01 6.387054324150085449e-01 8.015930056571960449e-01 4.620753824710845947e-01 8.424481749534606934e-02 3.707037568092346191e-01 5.785471200942993164e-01 6.855790615081787109e-01 6.103898882865905762e-01 6.217794418334960938e-01 6.532418131828308105e-01 7.071180343627929688e-01 1.312305688858032227e+00 1.101891756057739258e+00 1.168880343437194824e+00
7.112573981285095215e-01 3.327861130237579346e-01 6.501185297966003418e-01 6.034541130065917969e-01 2.870859205722808838e-01 4.821019768714904785e-01 4.700541496276855469e-01 4.917181730270385742e-01 3.793261349201202393e-01 3.473443984985351562e-01 3.304663300514221191e-01 3.685174286365509033e-01 5.567557811737060547e-01 8.100224733352661133e-01 5.930414199829101562e-01 1.251818418502807617e+00 7.634909152984619141e-01 7.658191919326782227e-01 7.353196740150451660e-01 9.384747743606567383e-01
5.377777814865112305e-01 4.876639544963836670e-01 5.745112895965576172e-01 6.542788147926330566e-01 4.677758216857910156e-01 5.912141799926757812e-01 4.511307179927825928e-01 2.984765172004699707e-01 3.350832462310791016e-01 6.124007105827331543e-01 3.503914773464202881e-01 7.117921710014343262e-01 8.037324547767639160e-01 4.962840676307678223e-01 7.431851625442504883e-01 7.105806469917297363e-01 8.710870742797851562e-01 1.498877048492431641e+00 7.045795917510986328e-01 6.992646455764770508e-01
4.153523445129394531e-01 2.967387437820434570e-01 3.550619482994079590e-01 9.841170907020568848e-02 3.170829415321350098e-01 2.051694691181182861e-01 3.549632430076599121e-01 3.169077336788177490e-01 4.836117625236511230e-01 7.037203907966613770e-01 3.138388097286224365e-01 6.179137229919433594e-01 4.950658679008483887e-01 7.908539772033691406e-01 4.832370281219482422e-01 5.205466747283935547e-01 6.332978606224060059e-01 6.929498910903930664e-01 1.115626215934753418e+00 7.108533978462219238e-01
3.365346193313598633e-01 4.150882363319396973e-01 3.735595643520355225e-01 3.200331330299377441e-01 3.011147975921630859e-01 5.364317893981933594e-01 4.774514734745025635e-01 4.354824423789978027e-01 6.086192131042480469e-01 6.884752511978149414e-01 7.526201605796813965e-01 5.980793833732604980e-01 3.693635165691375732e-01 5.418552756309509277e-01 3.089857399463653564e-01 1.097169518470764160e+00 9.457646012306213379e-01 7.178325057029724121e-01 6.515169739723205566e-01 8.450191020965576172e-01
4.629097580909729004e-01 3.018123507499694824e-01 4.759828448295593262e-01 4.833371043205261230e-01 2.011526972055435181e-01 5.808477401733398438e-01 4.886634349822998047e-01 4.134910404682159424e-01 3.765077590942382812e-01 2.199579924345016479e-01 4.308892190456390381e-01 4.389436244964599609e-01 4.696055054664611816e-01 5.825974345207214355e-01 5.563356876373291016e-01 3.076688647270202637e-01 6.911745071411132812e-01 8.979637622833251953e-01 7.775044441223144531e-01 6.700353622436523438e-01
3.388262987136840820e-01 3.709467649459838867e-01 3.218407332897186279e-01 3.886325061321258545e-01 4.774223864078521729e-01 5.433119535446166992e-01 3.409774601459503174e-01 3.483473658561706543e-01 4.504658579826354980e-01 3.383058905601501465e-01 3.586471974849700928e-01 6.210416555404663086e-01 4.967232644557952881e-01 5.881565809249877930e-01 3.542037904262542725e-01 4.259974062442779541e-01 3.443869352340698242e-01 8.264805078506469727e-01 5.220907926559448242e-01 5.426523685455322266e-01
6.795898079872131348e-01 2.432580739259719849e-01 5.572553873062133789e-01 4.025424718856811523e-01 5.038027763366699219e-01 4.557163715362548828e-01 4.635902047157287598e-01 4.375798702239990234e-01 5.421015024185180664e-01 4.964508414268493652e-01 7.764844894409179688e-01 5.241214632987976074e-01 3.868209123611450195e-01 2.947373092174530029e-01 3.743318915367126465e-01 2.997921705245971680e-01 4.500468671321868896e-01 3.728299438953399658e-01 5.769473910331726074e-01 3.060189485549926758e-01
3.738521933555603027e-01 4.787890613079071045e-01 4.357425570487976074e-01 7.455033063888549805e-01 6.321835517883300781e-01 7.482440471649169922e-01 6.104599237442016602e-01 5.536696910858154297e-01 5.730887651443481445e-01 5.318846106529235840e-01 3.757539689540863037e-01 3.496398627758026123e-01 4.116336107254028320e-01 2.991510331630706787e-01 4.562948644161224365e-01 4.394725561141967773e-01 5.144237875938415527e-01 5.574784278869628906e-01 6.846932768821716309e-01 4.515302479267120361e-01
4.193919003009796143e-01 6.886426210403442383e-01 6.028066873550415039e-01 4.094456136226654053e-01 6.687440276145935059e-01 2.994284331798553467e-01 5.493640303611755371e-01 5.035820007324218750e-01 5.358394980430603027e-01 5.630160570144653320e-01 5.922512412071228027e-01 2.902934551239013672e-01 4.447915554046630859e-01 4.223182797431945801e-01 3.452409505844116211e-01 3.446124792098999023e-01 4.114003777503967285e-01 3.116399645805358887e-01 9.505001306533813477e-01 4.477346539497375488e-01
6.062608361244201660e-01 4.500575065612792969e-01 6.639511585235595703e-01 2.973200082778930664e-01 5.512508153915405273e-01 3.690703213214874268e-01 6.534501910209655762e-01 6.276853084564208984e-01 3.788858652114868164e-01 4.593816101551055908e-01 4.563929438591003418e-01 5.829485654830932617e-01 3.726941943168640137e-01 4.847023487091064453e-01 5.554484724998474121e-01 5.621006488800048828e-01 4.245310723781585693e-01 4.657019972801208496e-01 4.693679809570312500e-01 5.825482606887817383e-01
4.876153767108917236e-01 4.488050341606140137e-01 4.820988476276397705e-01 2.961259186267852783e-01 4.121581315994262695e-01 5.792064070701599121e-01 5.151791572570800781e-01 5.300172567367553711e-01 8.138009309768676758e-01 7.452687025070190430e-01 3.578870296478271484e-01 3.723955750465393066e-01 2.871657609939575195e-01 3.919230401515960693e-01 3.058850169181823730e-01 2.703500688076019287e-01 7.118039727210998535e-01 2.542151808738708496e-01 4.078398942947387695e-01 5.556226968765258789e-01
4.328358769416809082e-01 6.033315658569335938e-01 6.949913501739501953e-01 4.732947349548339844e-01 5.651658773422241211e-01 3.099895715713500977e-01 6.676324605941772461e-01 6.037093400955200195e-01 7.513133287429809570e-01 6.869797706604003906e-01 6.837555170059204102e-01 6.964446306228637695e-01 3.003278374671936035e-01 4.605779349803924561e-01 6.166299581527709961e-01 3.444643318653106689e-01 7.424967288970947266e-01 4.480192661285400391e-01 5.444809794425964355e-01 8.678944110870361328e-01
