2018-07-24 02:15:00
5.268846750259399414e-01 5.027180314064025879e-01 5.907602310180664062e-01 2.947864532470703125e-01 4.505668878555297852e-01 3.587949275970458984e-01 6.915165781974792480e-01 6.900262832641601562e-01 4.501793980598449707e-01 6.528093814849853516e-01 3.526577353477478027e-01 6.918756961822509766e-01 8.726776838302612305e-01 7.414702177047729492e-01 7.009063363075256348e-01 6.678510904312133789e-01 8.868641853332519531e-01 2.630348205566406250e-01 5.505543947219848633e-01 6.153526902198791504e-01
5.897863507270812988e-01 1.540491431951522827e-01 5.260967016220092773e-01 5.069695711135864258e-01 7.296198606491088867e-01 4.102893471717834473e-01 5.142582058906555176e-01 5.126284360885620117e-01 4.904543161392211914e-01 4.177961945533752441e-01 6.102956533432006836e-01 2.519900202751159668e-01 5.510604977607727051e-01 6.260684728622436523e-01 5.328999161720275879e-01 1.035403609275817871e+00 7.739396691322326660e-01 9.390479326248168945e-01 6.664427518844604492e-01 7.504485845565795898e-01
4.437116980552673340e-01 7.981131076812744141e-01 3.658243715763092041e-01 4.149082899093627930e-01 3.702386617660522461e-01 3.058400452136993408e-01 3.776007890701293945e-01 2.639188468456268311e-01 5.526499748229980469e-01 5.217851996421813965e-01 3.933011293411254883e-01 7.079304456710815430e-01 6.834812760353088379e-01 7.924484014511108398e-01 8.761321902275085449e-01 9.279506802558898926e-01 3.388159871101379395e-01 6.559108495712280273e-01 6.074954271316528320e-01 1.018386721611022949e+00
5.479969382286071777e-01 5.092066526412963867e-01 3.370776176452636719e-01 2.927747368812561035e-01 5.107407569885253906e-01 3.198130726814270020e-01 4.416172802448272705e-01 4.527299106121063232e-01 5.170227289199829102e-01 6.227641105651855469e-01 6.349854469299316406e-01 3.228713870048522949e-01 5.625560283660888672e-01 9.780029058456420898e-01 9.434335231781005859e-01 9.396146535873413086e-01 1.009246706962585449e+00 7.476442456245422363e-01 8.263497352600097656e-01 7.980175018310546875e-01
4.059790670871734619e-01 4.706588089466094971e-01 4.723900258541107178e-01 5.423095226287841797e-01 2.351544499397277832e-01 5.332785248756408691e-01 2.202153056859970093e-01 5.172312259674072266e-01 6.962001323699951172e-01 4.670000672340393066e-01 5.400285124778747559e-01 4.768031239509582520e-01 9.452084302902221680e-01 7.011936902999877930e-01 9.087239503860473633e-01 6.405563354492187500e-01 1.287396430969238281e+00 8.517395257949829102e-01 3.965668678283691406e-01 1.134351611137390137e+00
4.108885526657104492e-01 4.064476490020751953e-01 5.215601921081542969e-01 2.703392803668975830e-01 3.713163137435913086e-01 2.212439477443695068e-01 4.418208301067352295e-01 3.811855912208557129e-01 4.336791336536407471e-01 5.768406391143798828e-01 5.541281104087829590e-01 5.434271097183227539e-01 6.377462744712829590e-01 6.581991314888000488e-01 5.944670438766479492e-01 8.857928514480590820e-01 1.472551107406616211e+00 7.373236417770385742e-01 1.084098100662231445e+00 7.351172566413879395e-01
7.334556579589843750e-01 3.891499638557434082e-01 3.501946330070495605e-01 4.722454547882080078e-01 5.678969025611877441e-01 5.550708770751953125e-01 4.219160079956054688e-01 3.251264989376068115e-01 5.210958123207092285e-01 3.706663846969604492e-01 6.317812800407409668e-01 3.895001411437988281e-01 6.086804270744323730e-01 1.016092300415039062e+00 1.020895004272460938e+00 1.255302906036376953e+00 1.281855821609497070e+00 9.407386779785156250e-01 7.735031843185424805e-01 1.032459139823913574e+00
6.446702480316162109e-01 4.619317054748535156e-01 3.325084745883941650e-01 4.556678831577301025e-01 3.518342971801757812e-01 2.857208847999572754e-01 2.025459706783294678e-01 4.350800216197967529e-01 3.636053204536437988e-01 3.444021940231323242e-01 3.914833068847656250e-01 2.790298163890838623e-01 6.760499477386474609e-01 4.507588148117065430e-01 7.990478277206420898e-01 1.140056610107421875e+00 7.144461870193481445e-01 6.791088581085205078e-01 8.919757604598999023e-01 9.012703895568847656e-01
4.702520072460174561e-01 3.689745962619781494e-01 3.269557058811187744e-01 3.440984189510345459e-01 3.199784159660339355e-01 3.785279393196105957e-01 3.852002322673797607e-01 5.538935661315917969e-01 2.177143692970275879e-01 4.925725758075714111e-01 2.307372689247131348e-01 2.720717787742614746e-01 6.751580238342285156e-01 7.820374369621276855e-01 9.705605506896972656e-01 1.165145874023437500e+00 7.632887363433837891e-01 9.570111036300659180e-01 7.517912983894348145e-01 6.759272813796997070e-01
4.399122297763824463e-01 4.820757508277893066e-01 7.527779340744018555e-01 4.531024992465972900e-01 5.091258287429809570e-01 6.553486585617065430e-01 1.236693263053894043e-01 4.160639643669128418e-01 4.365465342998504639e-01 6.949165463447570801e-01 5.568797588348388672e-01 7.495138049125671387e-01 6.551874876022338867e-01 6.744222640991210938e-01 6.109535694122314453e-01 7.136645317077636719e-01 7.344216704368591309e-01 8.011344671249389648e-01 6.790709495544433594e-01 4.682599604129791260e-01
3.346334099769592285e-01 3.977919220924377441e-01 3.266333639621734619e-01 4.346465468406677246e-01 4.647034406661987305e-01 3.341221511363983154e-01 5.868077278137207031e-01 4.248132705688476562e-01 6.961003541946411133e-01 7.131650447845458984e-01 6.664962768554687500e-01 5.540852546691894531e-01 5.486143827438354492e-01 6.782475709915161133e-01 5.218550562858581543e-01 4.918214082717895508e-01 6.026155352592468262e-01 2.806403040885925293e-01 1.278262972831726074e+00 5.885133147239685059e-01
4.285073578357696533e-01 5.014246702194213867e-01 4.931197166442871094e-01 1.415036022663116455e-01 6.703231930732727051e-01 4.109939932823181152e-01 6.210029125213623047e-01 4.281944632530212402e-01 5.439119338989257812e-01 4.716293811798095703e-01 6.152682900428771973e-01 5.833109021186828613e-01 3.201848268508911133e-01 3.053012192249298096e-01 3.210999965667724609e-01 6.528104543685913086e-01 5.350223779678344727e-01 5.699518918991088867e-01 5.186955332756042480e-01 4.362782835960388184e-01
2.234881371259689331e-01 4.551491737365722656e-01 2.336925864219665527e-01 4.366430640220642090e-01 3.865800499916076660e-01 9.496940374374389648e-01 4.030009210109710693e-01 6.578429937362670898e-01 8.076918125152587891e-01 2.283577173948287964e-01 5.446723699569702148e-01 5.386340022087097168e-01 2.610343098640441895e-01 5.047729015350341797e-01 3.527417778968811035e-01 2.932137250900268555e-01 6.621745824813842773e-01 3.621375858783721924e-01 4.605809152126312256e-01 6.560647487640380859e-01
4.620315134525299072e-01 4.887075126171112061e-01 5.695247650146484375e-01 5.021311044692993164e-01 5.976715683937072754e-01 4.637547135353088379e-01 6.086484789848327637e-01 4.567368924617767334e-01 3.204816579818725586e-01 6.122851371765136719e-01 4.754647910594940186e-01 4.385864436626434326e-01 3.876288533210754395e-01 4.331513047218322754e-01 3.495294153690338135e-01 3.989329934120178223e-01 3.727147281169891357e-01 6.800918579101562500e-01 3.631647825241088867e-01 2.739329934120178223e-01
6.089830398559570312e-01 4.884430468082427979e-01 6.078566312789916992e-01 5.326689481735229492e-01 3.946906924247741699e-01 5.246282815933227539e-01 5.044326782226562500e-01 5.059791803359985352e-01 4.243567585945129395e-01 4.200302958488464355e-01 4.983969330787658691e-01 3.880516886711120605e-01 3.386150598526000977e-01 4.269150495529174805e-01 3.348469734191894531e-01 2.835730910301208496e-01 4.509072005748748779e-01 3.264353275299072266e-01 4.479596018791198730e-01 3.525746464729309082e-01
4.412614107131958008e-01 5.873111486434936523e-01 6.504226922988891602e-01 7.750533819198608398e-01 7.886528372764587402e-01 4.561460316181182861e-01 6.240582466125488281e-01 3.500285148620605469e-01 6.852574348449707031e-01 5.464011430740356445e-01 5.290839076042175293e-01 7.974071502685546875e-01 3.922255039215087891e-01 3.271868526935577393e-01 1.523304879665374756e-01 3.887692391872406006e-01 2.060810625553131104e-01 4.241997301578521729e-01 8.228383660316467285e-01 7.409775257110595703e-01
4.378093481063842773e-01 6.203823089599609375e-01 6.056840419769287109e-01 7.000203132629394531e-01 6.486024856567382812e-01 7.362073659896850586e-01 9.722952246665954590e-01 6.089942455291748047e-01 9.006220698356628418e-01 8.572956323623657227e-01 6.049982309341430664e-01 3.353049755096435547e-01 5.713430643081665039e-01 4.828522205352783203e-01 3.877142667770385742e-01 2.946125566959381104e-01 4.859765172004699707e-01 3.291810154914855957e-01 5.337733626365661621e-01 6.108587980270385742e-01
2.666989564895629883e-01 5.223835706710815430e-01 3.771556615829467773e-01 4.428191781044006348e-01 6.956621408462524414e-01 5.703674554824829102e-01 5.840250253677368164e-01 3.337619602680206299e-01 4.166723191738128662e-01 4.814313650131225586e-01 7.535973787307739258e-01 4.581870436668395996e-01 6.929341554641723633e-01 4.053005576133728027e-01 3.434531092643737793e-01 3.025380373001098633e-01 4.084097146987915039e-01 3.851782083511352539e-01 3.367111682891845703e-01 3.630420565605163574e-01
3.601618409156799316e-01 7.107503414154052734e-01 7.134752273559570312e-01 5.087130069732666016e-01 6.077136993408203125e-01 6.676975488662719727e-01 7.154576778411865234e-01 9.536015391349792480e-01 6.299713253974914551e-01 4.903293848037719727e-01 3.588669896125793457e-01 7.153267860412597656e-01 2.586287558078765869e-01 4.468579888343811035e-01 3.816798329353332520e-01 5.155323743820190430e-01 3.161225020885467529e-01 3.201358914375305176e-01 1.773522645235061646e-01 5.546818971633911133e-01
2.519507408142089844e-01 4.904317855834960938e-01 7.091746330261230469e-01 6.827077269554138184e-01 5.790214538574218750e-01 5.861884355545043945e-01 4.844992756843566895e-01 5.417279005050659180e-01 6.218153834342956543e-01 5.381833314895629883e-01 5.377240777015686035e-01 9.085245728492736816e-01 4.158562421798706055e-01 4.444414675235748291e-01 5.392748117446899414e-01 4.208998680114746094e-01 3.338138759136199951e-01 2.925709486007690430e-01 2.781973183155059814e-01 5.355062484741210938e-01
