2018-07-24 22:30:00
5.221624374389648438e-01 7.578780055046081543e-01 5.168610811233520508e-01 7.427188754081726074e-01 6.049569249153137207e-01 7.600129842758178711e-01 3.073137700557708740e-01 5.765562057495117188e-01 8.229804039001464844e-01 8.694875836372375488e-01 7.662510871887207031e-01 8.227953910827636719e-01 8.753470182418823242e-01 8.731466531753540039e-01 7.998355627059936523e-01 6.502615213394165039e-01 4.843224883079528809e-01 6.505882143974304199e-01 4.936056137084960938e-01 9.135580062866210938e-01
8.105200529098510742e-01 5.076608657836914062e-01 4.556335210800170898e-01 8.150044679641723633e-01 1.127678155899047852e+00 3.968943655490875244e-01 6.932977437973022461e-01 9.509900212287902832e-01 7.346181273460388184e-01 4.327490925788879395e-01 1.009702086448669434e+00 5.131150484085083008e-01 6.454691886901855469e-01 3.783434927463531494e-01 1.238354682922363281e+00 1.184103012084960938e+00 4.510667920112609863e-01 7.002315521240234375e-01 7.016371488571166992e-01 6.442656517028808594e-01
6.270202398300170898e-01 6.155811548233032227e-01 6.766982078552246094e-01 9.885171651840209961e-01 7.104190587997436523e-01 1.154641151428222656e+00 6.185120344161987305e-01 3.080200254917144775e-01 5.716642141342163086e-01 7.847285270690917969e-01 7.244768142700195312e-01 4.235477447509765625e-01 1.048414945602416992e+00 7.379519939422607422e-01 8.677887320518493652e-01 9.072614312171936035e-01 5.350942611694335938e-01 9.622178077697753906e-01 3.716578483581542969e-01 9.896923303604125977e-01
3.781958818435668945e-01 5.128990411758422852e-01 6.836215257644653320e-01 5.710090398788452148e-01 1.002439260482788086e+00 6.921503543853759766e-01 4.700705707073211670e-01 6.387790441513061523e-01 6.956717967987060547e-01 4.145928621292114258e-01 7.736493945121765137e-01 6.537781953811645508e-01 6.723092198371887207e-01 7.884539365768432617e-01 4.438911974430084229e-01 1.069029331207275391e+00 8.468371629714965820e-01 8.498792648315429688e-01 6.710546612739562988e-01 8.859735727310180664e-01
9.909011125564575195e-01 8.688918352127075195e-01 5.487095713615417480e-01 5.539509654045104980e-01 6.910606622695922852e-01 6.910336017608642578e-01 3.846686482429504395e-01 9.211127758026123047e-01 7.146669626235961914e-01 5.531524419784545898e-01 6.575819849967956543e-01 5.923058986663818359e-01 7.564224004745483398e-01 4.342654347419738770e-01 1.109357833862304688e+00 6.263010501861572266e-01 1.144151329994201660e+00 7.751683592796325684e-01 8.203265666961669922e-01 1.296401023864746094e+00
7.779433727264404297e-01 5.984346270561218262e-01 6.610356569290161133e-01 9.035025835037231445e-01 6.173670887947082520e-01 4.219117760658264160e-01 3.690906167030334473e-01 4.947034716606140137e-01 4.684932231903076172e-01 6.025012731552124023e-01 6.469445824623107910e-01 1.112678408622741699e+00 5.655161142349243164e-01 6.608697175979614258e-01 9.993379116058349609e-01 7.547085881233215332e-01 1.769055604934692383e+00 8.583663702011108398e-01 8.130482435226440430e-01 8.769710659980773926e-01
3.837121725082397461e-01 4.339610338211059570e-01 6.309628486633300781e-01 1.526564806699752808e-01 5.112553834915161133e-01 7.231630682945251465e-01 2.711038589477539062e-01 5.046243667602539062e-01 6.276990771293640137e-01 4.149461984634399414e-01 4.374267160892486572e-01 5.538303852081298828e-01 6.754469871520996094e-01 6.198208332061767578e-01 6.101975440979003906e-01 8.453290462493896484e-01 1.222075700759887695e+00 8.302057981491088867e-01 6.725866794586181641e-01 8.802818655967712402e-01
5.239958763122558594e-01 3.718114495277404785e-01 2.985903620719909668e-01 3.210468888282775879e-01 5.986719131469726562e-01 5.356248021125793457e-01 5.935823321342468262e-01 4.497298598289489746e-01 6.210861802101135254e-01 3.897206783294677734e-01 5.311660766601562500e-01 5.571822524070739746e-01 4.619009792804718018e-01 5.695017576217651367e-01 1.077297687530517578e+00 1.249152183532714844e+00 5.036840438842773438e-01 7.354829311370849609e-01 1.252701282501220703e+00 8.488384485244750977e-01
4.981907904148101807e-01 6.946828365325927734e-01 4.680725932121276855e-01 2.449552714824676514e-01 5.067377090454101562e-01 3.818454146385192871e-01 3.974056839942932129e-01 5.619236230850219727e-01 4.984567463397979736e-01 2.485664635896682739e-01 4.542893171310424805e-01 5.094120502471923828e-01 8.945187330245971680e-01 5.530431270599365234e-01 7.647522687911987305e-01 1.097276449203491211e+00 8.960665464401245117e-01 1.401515245437622070e+00 5.911248922348022461e-01 7.661267518997192383e-01
6.675151586532592773e-01 4.705758392810821533e-01 4.164030551910400391e-01 2.200759649276733398e-01 7.252904176712036133e-01 2.041826248168945312e-01 4.217394292354583740e-01 7.448922395706176758e-01 6.677135229110717773e-01 7.605472803115844727e-01 5.962521433830261230e-01 4.327099323272705078e-01 5.632127523422241211e-01 1.062399983406066895e+00 1.057708501815795898e+00 2.383374571800231934e-01 6.949942708015441895e-01 8.844051957130432129e-01 4.913862049579620361e-01 7.521654367446899414e-01
4.912328720092773438e-01 6.132801771163940430e-01 3.154282569885253906e-01 6.818929910659790039e-01 4.376998543739318848e-01 3.275496959686279297e-01 2.549070119857788086e-01 4.757813811302185059e-01 4.994210600852966309e-01 7.541354298591613770e-01 5.261064767837524414e-01 5.816450119018554688e-01 7.170139551162719727e-01 8.708174824714660645e-01 6.902754306793212891e-01 8.006503582000732422e-01 1.157598614692687988e+00 6.440970897674560547e-01 7.949371337890625000e-01 6.534112095832824707e-01
5.401513576507568359e-01 6.176393032073974609e-01 3.827616572380065918e-01 7.095712423324584961e-01 2.853992283344268799e-01 5.848112106323242188e-01 5.721495747566223145e-01 5.443891286849975586e-01 6.855552792549133301e-01 8.848826289176940918e-01 3.394594490528106689e-01 4.829854965209960938e-01 5.625464916229248047e-01 3.906617462635040283e-01 4.090034365653991699e-01 6.970149278640747070e-01 6.933926343917846680e-01 4.758785963058471680e-01 3.993313610553741455e-01 6.312932968139648438e-01
4.927103519439697266e-01 3.653850853443145752e-01 2.932634353637695312e-01 5.590328574180603027e-01 5.500494241714477539e-01 4.213763773441314697e-01 5.679007172584533691e-01 7.307974100112915039e-01 7.835353612899780273e-01 9.303729534149169922e-01 6.049195528030395508e-01 4.506551921367645264e-01 6.853824853897094727e-01 4.384990930557250977e-01 3.443545103073120117e-01 5.184432268142700195e-01 8.323537707328796387e-01 6.153367757797241211e-01 5.085920095443725586e-01 3.916831612586975098e-01
4.694516360759735107e-01 3.330979049205780029e-01 5.381768941879272461e-01 6.082482933998107910e-01 4.414940476417541504e-01 4.427323043346405029e-01 5.127818584442138672e-01 6.980435252189636230e-01 5.745842456817626953e-01 6.500583291053771973e-01 6.025202274322509766e-01 4.759141206741333008e-01 8.169842362403869629e-01 4.600423276424407959e-01 3.985866308212280273e-01 4.780676364898681641e-01 3.358763456344604492e-01 7.359690070152282715e-01 5.004707574844360352e-01 6.382743120193481445e-01
5.216037631034851074e-01 5.016060471534729004e-01 8.384928703308105469e-01 5.477012395858764648e-01 4.502661824226379395e-01 7.751778364181518555e-01 5.618031024932861328e-01 7.433865070343017578e-01 9.184537529945373535e-01 3.576976060867309570e-01 7.573334574699401855e-01 7.787829041481018066e-01 4.666337966918945312e-01 3.669932186603546143e-01 2.737336456775665283e-01 2.804356813430786133e-01 2.265170812606811523e-01 9.949223995208740234e-01 6.965515613555908203e-01 5.719971060752868652e-01
4.804370999336242676e-01 6.123033761978149414e-01 3.122434020042419434e-01 3.584358990192413330e-01 6.035484075546264648e-01 6.845819950103759766e-01 7.459624409675598145e-01 3.948328793048858643e-01 3.397276103496551514e-01 9.196814894676208496e-01 4.857317209243774414e-01 5.598454475402832031e-01 4.853839576244354248e-01 4.700755774974822998e-01 5.040611028671264648e-01 4.848613142967224121e-01 5.735863447189331055e-01 6.530002951622009277e-01 9.230475425720214844e-01 9.636809825897216797e-01
5.735031366348266602e-01 6.039385795593261719e-01 3.473726511001586914e-01 3.137289583683013916e-01 5.953369140625000000e-01 7.192816734313964844e-01 6.301585435867309570e-01 7.220599651336669922e-01 9.777048826217651367e-01 6.899353265762329102e-01 4.450051188468933105e-01 3.052618205547332764e-01 1.035768747329711914e+00 5.504541397094726562e-01 3.441269099712371826e-01 7.030305266380310059e-01 4.154404997825622559e-01 7.030604481697082520e-01 9.593093395233154297e-01 5.535156726837158203e-01
6.547622084617614746e-01 5.042335391044616699e-01 5.997244119644165039e-01 5.955710411071777344e-01 3.525697588920593262e-01 7.241203784942626953e-01 8.181811571121215820e-01 6.031783819198608398e-01 7.385779619216918945e-01 7.659786343574523926e-01 6.532779335975646973e-01 3.999686241149902344e-01 4.639579951763153076e-01 3.528188467025756836e-01 5.698103904724121094e-01 3.770996928215026855e-01 5.497083067893981934e-01 3.950291872024536133e-01 6.902627944946289062e-01 9.001424312591552734e-01
6.186294555664062500e-01 6.786772608757019043e-01 4.807244241237640381e-01 5.826458930969238281e-01 7.604999542236328125e-01 4.525632858276367188e-01 7.002139091491699219e-01 4.356882274150848389e-01 5.279693603515625000e-01 4.672237336635589600e-01 9.212195277214050293e-01 4.106967151165008545e-01 3.629935383796691895e-01 6.503436565399169922e-01 4.270409941673278809e-01 6.271513700485229492e-01 6.287623643875122070e-01 3.735234141349792480e-01 4.466020166873931885e-01 9.658437967300415039e-01
5.981144309043884277e-01 4.577484726905822754e-01 7.763572931289672852e-01 6.411089897155761719e-01 5.540775656700134277e-01 6.812362670898437500e-01 7.419104576110839844e-01 5.464561581611633301e-01 6.170775294303894043e-01 7.274910211563110352e-01 5.123053789138793945e-01 6.512814760208129883e-01 8.400062322616577148e-01 5.650626420974731445e-01 4.507503509521484375e-01 4.086827039718627930e-01 7.516299486160278320e-01 5.618014335632324219e-01 6.579249501228332520e-01 1.033507347106933594e+00
