2018-07-24 23:00:00
8.824588060379028320e-01 9.801640510559082031e-01 8.569408655166625977e-01 5.399709939956665039e-01 3.669084310531616211e-01 3.736732304096221924e-01 2.303930222988128662e-01 6.913045644760131836e-01 1.616204977035522461e-01 1.055653452873229980e+00 8.318790197372436523e-01 5.251318216323852539e-01 6.229013800621032715e-01 1.003970265388488770e+00 1.384917616844177246e+00 9.857246875762939453e-01 1.258248448371887207e+00 9.946238994598388672e-01 7.376243472099304199e-01 1.624879598617553711e+00
6.641886234283447266e-01 6.578143835067749023e-01 8.775441050529479980e-01 6.795653104782104492e-01 8.063117265701293945e-01 4.915248751640319824e-01 3.165659904479980469e-01 8.512245416641235352e-01 7.944100499153137207e-01 7.918720245361328125e-01 7.289877533912658691e-01 6.571108102798461914e-01 1.004992961883544922e+00 9.219944477081298828e-01 1.210475802421569824e+00 1.441434741020202637e+00 1.146013855934143066e+00 1.089191436767578125e+00 1.045888900756835938e+00 1.475330710411071777e+00
3.815973103046417236e-01 1.010661959648132324e+00 7.701964378356933594e-01 7.161300182342529297e-01 6.399595737457275391e-01 7.128533720970153809e-01 4.481914639472961426e-01 3.906306326389312744e-01 7.475138902664184570e-01 6.267516613006591797e-01 6.445148587226867676e-01 5.533039569854736328e-01 1.044727802276611328e+00 6.873995065689086914e-01 1.114882469177246094e+00 1.306396961212158203e+00 8.664876818656921387e-01 1.227449178695678711e+00 1.232862710952758789e+00 2.026280164718627930e+00
4.167874157428741455e-01 9.510008692741394043e-01 9.426949024200439453e-01 6.688184738159179688e-01 8.010263442993164062e-01 5.573849678039550781e-01 7.685972452163696289e-01 3.247244954109191895e-01 4.172454178333282471e-01 6.318074464797973633e-01 6.682243347167968750e-01 6.747406721115112305e-01 1.042879939079284668e+00 9.679684638977050781e-01 1.019742488861083984e+00 1.081500172615051270e+00 1.279578089714050293e+00 1.164117336273193359e+00 1.914526462554931641e+00 9.371157884597778320e-01
6.847885847091674805e-01 6.630212068557739258e-01 3.768273591995239258e-01 6.460337638854980469e-01 6.583979129791259766e-01 9.954730868339538574e-01 3.499216437339782715e-01 2.920005619525909424e-01 8.367714881896972656e-01 8.654445409774780273e-01 5.330028533935546875e-01 5.701423883438110352e-01 4.341813325881958008e-01 1.498560428619384766e+00 1.667572498321533203e+00 9.328756928443908691e-01 2.124425172805786133e+00 1.452999830245971680e+00 6.858911514282226562e-01 1.308267593383789062e+00
7.675004601478576660e-01 4.262645840644836426e-01 5.033431053161621094e-01 4.427781701087951660e-01 8.606761693954467773e-01 6.092225909233093262e-01 3.509262204170227051e-01 4.400460720062255859e-01 4.666854143142700195e-01 5.121417045593261719e-01 4.668637216091156006e-01 9.856116771697998047e-01 1.239490747451782227e+00 9.663517475128173828e-01 8.241776227951049805e-01 6.269679069519042969e-01 1.782475590705871582e+00 1.241587638854980469e+00 7.875574827194213867e-01 1.023443460464477539e+00
7.686223387718200684e-01 1.913302540779113770e-01 2.698042094707489014e-01 4.595026969909667969e-01 6.527370214462280273e-01 7.781158089637756348e-01 5.585603713989257812e-01 4.471380412578582764e-01 3.350531756877899170e-01 7.465928792953491211e-01 5.564399957656860352e-01 9.153299331665039062e-01 8.715306520462036133e-01 9.359269142150878906e-01 1.094533443450927734e+00 1.248112797737121582e+00 1.332763552665710449e+00 1.172393679618835449e+00 9.257097244262695312e-01 1.148495793342590332e+00
3.026392459869384766e-01 5.057218670845031738e-01 3.624476790428161621e-01 4.577639102935791016e-01 2.399106770753860474e-01 1.947913616895675659e-01 6.187887191772460938e-01 5.853173136711120605e-01 5.081477165222167969e-01 7.373627424240112305e-01 5.331302881240844727e-01 7.593541145324707031e-01 1.166038751602172852e+00 7.349479794502258301e-01 1.332444429397583008e+00 9.756389856338500977e-01 1.014789819717407227e+00 1.400917291641235352e+00 8.640171289443969727e-01 8.390341997146606445e-01
2.312226146459579468e-01 3.189280033111572266e-01 3.515595793724060059e-01 5.295683145523071289e-01 6.057775020599365234e-01 8.118233680725097656e-01 2.590484023094177246e-01 5.833075642585754395e-01 4.390690326690673828e-01 4.248372018337249756e-01 4.664536416530609131e-01 4.512333869934082031e-01 4.870796799659729004e-01 9.910300970077514648e-01 7.605112195014953613e-01 8.608180880546569824e-01 1.132197856903076172e+00 1.397314071655273438e+00 9.394342899322509766e-01 1.633560538291931152e+00
5.489969849586486816e-01 2.359079420566558838e-01 2.951868176460266113e-01 2.766045928001403809e-01 2.130170464515686035e-01 4.915542602539062500e-01 4.657745659351348877e-01 3.193786144256591797e-01 2.827949225902557373e-01 4.719353616237640381e-01 7.822233438491821289e-01 7.481772303581237793e-01 5.618155002593994141e-01 1.060441613197326660e+00 1.068842649459838867e+00 9.498770236968994141e-01 6.941906213760375977e-01 1.606757164001464844e+00 1.332567572593688965e+00 1.118451356887817383e+00
4.440394043922424316e-01 3.690766692161560059e-01 4.493836760520935059e-01 3.408996164798736572e-01 2.875209152698516846e-01 1.431611776351928711e-01 3.483278155326843262e-01 4.426606893539428711e-01 5.304660797119140625e-01 1.119812726974487305e+00 6.706663370132446289e-01 7.442631125450134277e-01 8.801217079162597656e-01 1.149593949317932129e+00 5.866115093231201172e-01 9.554948210716247559e-01 7.355297803878784180e-01 6.937233209609985352e-01 1.117262363433837891e+00 8.579314947128295898e-01
2.824309170246124268e-01 3.021120429039001465e-01 3.392237126827239990e-01 3.811263740062713623e-01 4.198012948036193848e-01 6.133761405944824219e-01 5.282531976699829102e-01 5.086292624473571777e-01 3.792073726654052734e-01 5.977143049240112305e-01 4.970040321350097656e-01 6.248966455459594727e-01 4.049737453460693359e-01 6.754705905914306641e-01 4.221350550651550293e-01 5.021868348121643066e-01 1.173224091529846191e+00 4.489706754684448242e-01 1.260199069976806641e+00 6.821752786636352539e-01
4.872698187828063965e-01 4.015117883682250977e-01 3.592827320098876953e-01 3.416844606399536133e-01 5.902919769287109375e-01 6.573989391326904297e-01 5.048106908798217773e-01 3.698658347129821777e-01 3.671013712882995605e-01 3.561512827873229980e-01 4.742123186588287354e-01 4.361983537673950195e-01 3.668236136436462402e-01 5.563092231750488281e-01 3.839859366416931152e-01 5.670347213745117188e-01 9.052282571792602539e-01 4.665496349334716797e-01 6.086056828498840332e-01 8.833280801773071289e-01
3.048155903816223145e-01 4.067009985446929932e-01 5.083787441253662109e-01 3.733270764350891113e-01 5.442736744880676270e-01 6.939237713813781738e-01 8.631836175918579102e-01 7.326796054840087891e-01 7.426573038101196289e-01 6.325221061706542969e-01 7.710258960723876953e-01 5.546734929084777832e-01 3.535343408584594727e-01 3.917502760887145996e-01 6.112049818038940430e-01 2.785238623619079590e-01 3.750483393669128418e-01 3.121148347854614258e-01 4.611272215843200684e-01 7.187255620956420898e-01
5.993428230285644531e-01 4.962893426418304443e-01 7.614095807075500488e-01 6.147705912590026855e-01 3.827658593654632568e-01 7.395367622375488281e-01 7.117196917533874512e-01 7.577033042907714844e-01 6.281859874725341797e-01 4.224736094474792480e-01 5.780363678932189941e-01 4.676919877529144287e-01 5.847082138061523438e-01 2.919027507305145264e-01 6.621409654617309570e-01 2.205199897289276123e-01 2.998313903808593750e-01 8.682755827903747559e-01 5.629093647003173828e-01 5.702918767929077148e-01
6.473982334136962891e-01 5.240217447280883789e-01 5.028564929962158203e-01 3.658272027969360352e-01 6.763266324996948242e-01 7.722949981689453125e-01 8.502351045608520508e-01 4.384403526782989502e-01 4.785685837268829346e-01 7.834901809692382812e-01 5.462458133697509766e-01 4.938750565052032471e-01 4.321269989013671875e-01 4.213476777076721191e-01 3.994677066802978516e-01 3.595170378684997559e-01 3.817102909088134766e-01 4.814617633819580078e-01 6.807611584663391113e-01 5.478290319442749023e-01
5.612154603004455566e-01 6.219149827957153320e-01 6.657956242561340332e-01 6.944965720176696777e-01 4.464800953865051270e-01 8.250023126602172852e-01 1.367164373397827148e+00 8.692692518234252930e-01 4.025881886482238770e-01 8.833234906196594238e-01 1.090475201606750488e+00 6.946960687637329102e-01 3.787260353565216064e-01 5.537395477294921875e-01 5.434063673019409180e-01 4.738810062408447266e-01 2.997635304927825928e-01 4.718968272209167480e-01 6.692999601364135742e-01 4.925467371940612793e-01
6.785981655120849609e-01 7.165683507919311523e-01 5.896981954574584961e-01 6.412249803543090820e-01 1.205355644226074219e+00 5.510313510894775391e-01 7.627328634262084961e-01 5.414195060729980469e-01 1.031844139099121094e+00 5.342958569526672363e-01 6.069641113281250000e-01 8.830696940422058105e-01 7.580760717391967773e-01 3.418202996253967285e-01 4.005976021289825439e-01 4.891720712184906006e-01 3.866191208362579346e-01 5.930101871490478516e-01 7.931889295578002930e-01 4.694057404994964600e-01
7.822542786598205566e-01 6.570489406585693359e-01 9.027037620544433594e-01 7.848495244979858398e-01 8.340049386024475098e-01 7.398803830146789551e-01 6.085515022277832031e-01 5.954141616821289062e-01 6.281919479370117188e-01 1.022702693939208984e+00 6.853810548782348633e-01 4.277519583702087402e-01 6.035089492797851562e-01 6.585047245025634766e-01 2.587864100933074951e-01 6.069790124893188477e-01 3.772815465927124023e-01 4.098807573318481445e-01 4.442346692085266113e-01 4.660455584526062012e-01
5.595141649246215820e-01 7.811542749404907227e-01 1.009944677352905273e+00 3.888467550277709961e-01 2.909331023693084717e-01 7.676226496696472168e-01 8.838888406753540039e-01 5.816150903701782227e-01 1.225031852722167969e+00 8.087208271026611328e-01 6.995407938957214355e-01 5.012038946151733398e-01 5.163598060607910156e-01 4.359013736248016357e-01 3.642546236515045166e-01 3.971593677997589111e-01 4.957197904586791992e-01 2.865989506244659424e-01 5.641255974769592285e-01 4.646107554435729980e-01
