2018-07-24 23:15:00
6.574140191078186035e-01 5.631656646728515625e-01 5.241203308105468750e-01 4.174921512603759766e-01 6.444156169891357422e-01 4.798380136489868164e-01 6.579844951629638672e-01 8.577787876129150391e-01 7.280424833297729492e-01 6.726085543632507324e-01 5.512963533401489258e-01 5.772272348403930664e-01 9.564322233200073242e-01 6.614967584609985352e-01 6.849269270896911621e-01 4.898223578929901123e-01 6.341826915740966797e-01 5.746189355850219727e-01 8.429229259490966797e-01 1.392255187034606934e+00
8.329222202301025391e-01 7.179618477821350098e-01 3.405475020408630371e-01 6.665143966674804688e-01 6.614910364151000977e-01 5.348670482635498047e-01 5.165462493896484375e-01 8.232464790344238281e-01 5.662325024604797363e-01 7.711970806121826172e-01 7.090173959732055664e-01 6.667089462280273438e-01 9.364912509918212891e-01 1.438302636146545410e+00 1.149970173835754395e+00 1.065953969955444336e+00 7.230239510536193848e-01 1.182706117630004883e+00 8.963747620582580566e-01 1.439648151397705078e+00
9.117858409881591797e-01 3.599846363067626953e-01 4.751002192497253418e-01 7.251064181327819824e-01 3.095671832561492920e-01 4.020111560821533203e-01 6.265689730644226074e-01 4.679602384567260742e-01 8.893710374832153320e-01 6.959422826766967773e-01 3.023780584335327148e-01 3.421882092952728271e-01 8.155066967010498047e-01 1.331604480743408203e+00 7.104518413543701172e-01 1.393344044685363770e+00 9.774082899093627930e-01 8.173698782920837402e-01 9.199056625366210938e-01 9.359374642372131348e-01
7.495307922363281250e-01 7.557523250579833984e-01 6.490591764450073242e-01 7.386098504066467285e-01 3.422797322273254395e-01 7.022709846496582031e-01 8.376417756080627441e-01 6.267810463905334473e-01 7.544857263565063477e-01 6.059828400611877441e-01 4.161504209041595459e-01 7.995762228965759277e-01 5.276940464973449707e-01 9.482619762420654297e-01 6.602309942245483398e-01 1.545511484146118164e+00 8.420017957687377930e-01 1.360436797142028809e+00 6.473914384841918945e-01 8.873590230941772461e-01
4.960360527038574219e-01 6.646908521652221680e-01 6.586865186691284180e-01 7.480992674827575684e-01 4.492780566215515137e-01 4.608897864818572998e-01 5.127780437469482422e-01 7.924486398696899414e-01 1.066579103469848633e+00 7.479597330093383789e-01 4.675933122634887695e-01 7.444080114364624023e-01 4.687885642051696777e-01 8.683052659034729004e-01 5.079082250595092773e-01 5.068893432617187500e-01 1.442365050315856934e+00 1.018256187438964844e+00 1.278703331947326660e+00 1.071275234222412109e+00
5.698569416999816895e-01 3.529979288578033447e-01 2.800732851028442383e-01 6.937551498413085938e-01 7.621541023254394531e-01 4.785797297954559326e-01 5.389332771301269531e-01 4.850780963897705078e-01 5.925671458244323730e-01 4.032892584800720215e-01 5.521669387817382812e-01 9.765028953552246094e-01 8.610828518867492676e-01 1.212675452232360840e+00 1.145112752914428711e+00 8.931846618652343750e-01 1.450216770172119141e+00 1.082111358642578125e+00 1.135768055915832520e+00 1.165104627609252930e+00
6.401654481887817383e-01 6.001371741294860840e-01 5.750846862792968750e-01 6.704377532005310059e-01 6.644019484519958496e-01 4.165497720241546631e-01 3.911905288696289062e-01 4.685305655002593994e-01 8.997335433959960938e-01 4.319356977939605713e-01 7.000296115875244141e-01 6.304082870483398438e-01 7.942702770233154297e-01 4.360910654067993164e-01 9.474676847457885742e-01 9.357057809829711914e-01 1.400736212730407715e+00 8.085097074508666992e-01 1.205146789550781250e+00 9.751191139221191406e-01
6.579203009605407715e-01 4.783746004104614258e-01 3.505371510982513428e-01 4.016858041286468506e-01 3.137257695198059082e-01 1.680013686418533325e-01 4.318740963935852051e-01 8.466638326644897461e-01 4.047177433967590332e-01 5.392203927040100098e-01 6.630340814590454102e-01 4.959983229637145996e-01 2.164648473262786865e-01 9.255249500274658203e-01 8.343204855918884277e-01 6.019359827041625977e-01 1.134285688400268555e+00 9.679654836654663086e-01 1.002892732620239258e+00 6.820211410522460938e-01
2.653656005859375000e-01 5.671968460083007812e-01 4.068294167518615723e-01 3.108850419521331787e-01 5.460376143455505371e-01 3.773509263992309570e-01 5.483591556549072266e-01 4.587426781654357910e-01 5.864467024803161621e-01 5.452007055282592773e-01 4.224404096603393555e-01 7.526724934577941895e-01 8.488807678222656250e-01 6.151101589202880859e-01 9.715340733528137207e-01 7.404291629791259766e-01 1.163684010505676270e+00 1.260491728782653809e+00 8.629042506217956543e-01 1.527507781982421875e+00
7.990198135375976562e-01 1.364433616399765015e-01 2.826939225196838379e-01 4.708473682403564453e-01 4.452752470970153809e-01 4.147426486015319824e-01 4.059894084930419922e-01 5.092528462409973145e-01 5.390894412994384766e-01 7.228772044181823730e-01 3.125497698783874512e-01 6.066734790802001953e-01 7.673587203025817871e-01 8.652759194374084473e-01 9.414708018302917480e-01 5.705025196075439453e-01 6.416995525360107422e-01 6.390997171401977539e-01 1.157771348953247070e+00 9.317920804023742676e-01
5.792337656021118164e-01 3.229413032531738281e-01 2.876814007759094238e-01 4.764387011528015137e-01 3.966835439205169678e-01 3.682500720024108887e-01 3.947323858737945557e-01 7.476160526275634766e-01 5.026127099990844727e-01 3.798410594463348389e-01 4.970780014991760254e-01 9.895690083503723145e-01 6.163740158081054688e-01 6.630305647850036621e-01 5.894060134887695312e-01 7.842057943344116211e-01 1.039426088333129883e+00 6.974126100540161133e-01 1.240221738815307617e+00 6.593554615974426270e-01
5.397447347640991211e-01 3.906358182430267334e-01 2.487802952527999878e-01 3.045120239257812500e-01 3.137249350547790527e-01 4.778277873992919922e-01 3.619986474514007568e-01 4.969286322593688965e-01 6.855701804161071777e-01 5.771819353103637695e-01 3.640468418598175049e-01 6.035923361778259277e-01 3.384560942649841309e-01 5.263872742652893066e-01 5.289670228958129883e-01 5.040915012359619141e-01 7.258655428886413574e-01 3.601807653903961182e-01 8.844163417816162109e-01 6.104139089584350586e-01
5.676771402359008789e-01 2.822145521640777588e-01 5.796166062355041504e-01 5.034459829330444336e-01 4.200581908226013184e-01 6.097511649131774902e-01 3.776355683803558350e-01 5.890325903892517090e-01 7.358127832412719727e-01 6.164036989212036133e-01 5.897700786590576172e-01 5.619370937347412109e-01 4.418109953403472900e-01 4.805004000663757324e-01 2.360792607069015503e-01 3.879119157791137695e-01 5.764493346214294434e-01 7.211899161338806152e-01 6.951352357864379883e-01 8.967165946960449219e-01
3.673542737960815430e-01 5.601147413253784180e-01 3.472305834293365479e-01 4.866035580635070801e-01 2.726289629936218262e-01 7.903901338577270508e-01 6.278551816940307617e-01 7.836009263992309570e-01 4.491603374481201172e-01 7.156717777252197266e-01 8.667899370193481445e-01 4.030990898609161377e-01 5.078012943267822266e-01 2.756995558738708496e-01 3.844838440418243408e-01 4.696620702743530273e-01 3.889354765415191650e-01 3.313623070716857910e-01 3.504953682422637939e-01 6.767821311950683594e-01
2.899603247642517090e-01 4.488645792007446289e-01 4.064986109733581543e-01 6.063561439514160156e-01 4.292542338371276855e-01 7.666141390800476074e-01 7.838062047958374023e-01 6.598066091537475586e-01 7.929883003234863281e-01 4.470007419586181641e-01 5.708539485931396484e-01 4.366013705730438232e-01 4.074059128761291504e-01 5.615477561950683594e-01 2.229841351509094238e-01 5.433021783828735352e-01 5.170559287071228027e-01 4.985719025135040283e-01 5.192972421646118164e-01 6.688402891159057617e-01
6.088315248489379883e-01 6.325968503952026367e-01 7.938176989555358887e-01 4.170770049095153809e-01 9.808727502822875977e-01 9.528337121009826660e-01 6.743881106376647949e-01 8.351833820343017578e-01 5.371801853179931641e-01 7.851849198341369629e-01 8.893128037452697754e-01 5.291962027549743652e-01 3.833249211311340332e-01 3.561970889568328857e-01 7.331590652465820312e-01 5.358620285987854004e-01 4.323455691337585449e-01 4.330521821975708008e-01 5.254135131835937500e-01 4.928698241710662842e-01
8.146475553512573242e-01 5.338581800460815430e-01 8.561403751373291016e-01 6.274460554122924805e-01 8.264193534851074219e-01 9.366652965545654297e-01 9.600630998611450195e-01 1.216011524200439453e+00 9.389232397079467773e-01 5.096165537834167480e-01 9.544141888618469238e-01 6.501652002334594727e-01 5.403684377670288086e-01 5.666732788085937500e-01 3.998950719833374023e-01 7.407925128936767578e-01 4.546218514442443848e-01 3.028402328491210938e-01 8.133821487426757812e-01 6.265457868576049805e-01
5.734422206878662109e-01 6.186819076538085938e-01 8.907729983329772949e-01 8.301137685775756836e-01 5.283633470535278320e-01 7.072430253028869629e-01 8.826121687889099121e-01 8.256796598434448242e-01 8.728573322296142578e-01 7.824371457099914551e-01 3.570250868797302246e-01 6.283450722694396973e-01 7.092958092689514160e-01 3.757683634757995605e-01 6.112650632858276367e-01 2.705375552177429199e-01 2.684651017189025879e-01 2.429617345333099365e-01 4.329509437084197998e-01 5.850445032119750977e-01
5.583183169364929199e-01 4.684291481971740723e-01 7.125984430313110352e-01 3.793835937976837158e-01 9.122302532196044922e-01 8.763155937194824219e-01 7.403762340545654297e-01 8.618576526641845703e-01 6.413778066635131836e-01 6.520230770111083984e-01 3.653773665428161621e-01 6.145904064178466797e-01 7.801819443702697754e-01 3.448759913444519043e-01 4.649581611156463623e-01 4.079645574092864990e-01 4.977026879787445068e-01 3.587793707847595215e-01 6.716988086700439453e-01 5.512973070144653320e-01
4.626612067222595215e-01 4.590040445327758789e-01 7.708176374435424805e-01 8.713103532791137695e-01 9.652996063232421875e-01 6.044892668724060059e-01 9.106165170669555664e-01 6.263076663017272949e-01 9.037160277366638184e-01 6.404374241828918457e-01 6.192125678062438965e-01 6.411277055740356445e-01 4.776301383972167969e-01 6.163740754127502441e-01 6.621785163879394531e-01 3.364230394363403320e-01 6.375387907028198242e-01 5.929591655731201172e-01 4.374698698520660400e-01 5.458389520645141602e-01
