2018-07-23 02:45:00
1.370474576950073242e+00 1.111640453338623047e+00 1.583751082420349121e+00 1.212302088737487793e+00 7.929245233535766602e-01 1.258304238319396973e+00 1.147695779800415039e+00 1.395264744758605957e+00 1.012994885444641113e+00 1.552213430404663086e+00 1.494538545608520508e+00 1.743810653686523438e+00 1.370335817337036133e+00 2.312406063079833984e+00 2.069788932800292969e+00 1.901039361953735352e+00 1.764433026313781738e+00 2.317468166351318359e+00 2.128501892089843750e+00 2.090158939361572266e+00
2.000491380691528320e+00 8.852875232696533203e-01 1.031308650970458984e+00 8.665627241134643555e-01 4.678464531898498535e-01 1.461947441101074219e+00 1.140876293182373047e+00 1.341519236564636230e+00 1.097821950912475586e+00 1.849211931228637695e+00 1.461601257324218750e+00 1.911053895950317383e+00 2.114254951477050781e+00 1.997951745986938477e+00 2.717580795288085938e+00 1.463228821754455566e+00 2.144103527069091797e+00 1.599879741668701172e+00 1.804924368858337402e+00 1.247202396392822266e+00
1.230163335800170898e+00 1.022234678268432617e+00 9.902014136314392090e-01 1.199520945549011230e+00 9.363324642181396484e-01 1.270669221878051758e+00 1.325992345809936523e+00 1.630544900894165039e+00 1.409479379653930664e+00 1.561284661293029785e+00 5.797164440155029297e-01 1.542929172515869141e+00 2.209733486175537109e+00 2.142066955566406250e+00 2.422484397888183594e+00 1.264911174774169922e+00 1.796964287757873535e+00 1.150931596755981445e+00 1.321338415145874023e+00 2.435880422592163086e+00
9.021072387695312500e-01 1.378047227859497070e+00 1.262257099151611328e+00 8.062326312065124512e-01 8.937948346138000488e-01 1.582741737365722656e+00 1.282996535301208496e+00 1.322611093521118164e+00 1.541356325149536133e+00 8.818941116333007812e-01 1.278960347175598145e+00 1.418533205986022949e+00 9.023946523666381836e-01 1.272066354751586914e+00 1.382203459739685059e+00 2.304740190505981445e+00 2.348533153533935547e+00 1.864689826965332031e+00 1.602709531784057617e+00 1.653911828994750977e+00
1.525771141052246094e+00 9.976462721824645996e-01 1.080178141593933105e+00 8.078973889350891113e-01 1.435812234878540039e+00 1.039269685745239258e+00 9.681279659271240234e-01 1.389712810516357422e+00 7.950109839439392090e-01 1.234779000282287598e+00 1.673982620239257812e+00 1.446088075637817383e+00 1.558256149291992188e+00 1.322410345077514648e+00 1.417277336120605469e+00 1.559478044509887695e+00 2.155461072921752930e+00 1.717162489891052246e+00 2.239938259124755859e+00 1.706901550292968750e+00
1.397588968276977539e+00 1.352188348770141602e+00 1.075803995132446289e+00 1.053128719329833984e+00 1.233063459396362305e+00 7.987628579139709473e-01 7.490969896316528320e-01 9.759880304336547852e-01 2.267727851867675781e+00 8.299296498298645020e-01 8.512884378433227539e-01 1.721348643302917480e+00 1.540319442749023438e+00 1.711132168769836426e+00 1.745402336120605469e+00 1.932191848754882812e+00 1.072102785110473633e+00 1.497550606727600098e+00 1.574660062789916992e+00 1.825656890869140625e+00
8.100571632385253906e-01 9.724833965301513672e-01 1.035950064659118652e+00 6.590393781661987305e-01 6.839638948440551758e-01 9.445463418960571289e-01 1.059286713600158691e+00 1.305960416793823242e+00 1.020886182785034180e+00 1.609448075294494629e+00 1.137875795364379883e+00 1.172267556190490723e+00 1.462283730506896973e+00 1.364342808723449707e+00 2.004755496978759766e+00 1.098832845687866211e+00 2.271648883819580078e+00 2.121675729751586914e+00 1.267023324966430664e+00 1.569703459739685059e+00
1.848620176315307617e+00 9.922778606414794922e-01 1.163210272789001465e+00 1.111913800239562988e+00 1.402008533477783203e+00 1.471820116043090820e+00 1.071791410446166992e+00 9.320290088653564453e-01 1.736661434173583984e+00 1.098068952560424805e+00 1.184921503067016602e+00 1.066016554832458496e+00 1.438778877258300781e+00 1.715611934661865234e+00 2.350628614425659180e+00 1.706004858016967773e+00 2.019200563430786133e+00 2.693213462829589844e+00 2.337625503540039062e+00 1.620555043220520020e+00
1.160661220550537109e+00 1.824779152870178223e+00 2.142113447189331055e+00 1.724517226219177246e+00 1.108339548110961914e+00 8.004116415977478027e-01 1.270220756530761719e+00 1.654525279998779297e+00 8.520413637161254883e-01 1.140179276466369629e+00 1.104125738143920898e+00 2.092329502105712891e+00 2.035516977310180664e+00 1.561090588569641113e+00 1.910529613494873047e+00 2.140788316726684570e+00 1.755150318145751953e+00 2.866641283035278320e+00 1.838664770126342773e+00 1.549390792846679688e+00
1.592907190322875977e+00 1.609232902526855469e+00 1.617883801460266113e+00 1.718458056449890137e+00 1.839628219604492188e+00 9.037042856216430664e-01 1.468234300613403320e+00 7.462404966354370117e-01 9.270892143249511719e-01 4.131452739238739014e-01 1.249606728553771973e+00 1.273150801658630371e+00 1.662428379058837891e+00 1.155753493309020996e+00 2.082205533981323242e+00 1.963955521583557129e+00 2.513499975204467773e+00 1.868757486343383789e+00 2.999804973602294922e+00 2.251394748687744141e+00
1.288800716400146484e+00 1.820378541946411133e+00 7.708004713058471680e-01 1.599882006645202637e+00 1.795639038085937500e+00 1.407945036888122559e+00 9.546948671340942383e-01 7.856773138046264648e-01 1.641660451889038086e+00 1.255944013595581055e+00 1.566295742988586426e+00 9.797543287277221680e-01 1.066149353981018066e+00 1.512331247329711914e+00 2.678622722625732422e+00 1.851603746414184570e+00 9.376520514488220215e-01 1.319004058837890625e+00 1.600063800811767578e+00 2.784566402435302734e+00
1.828506827354431152e+00 1.200039148330688477e+00 7.624894380569458008e-01 1.792589664459228516e+00 1.261858463287353516e+00 1.441716909408569336e+00 7.788921594619750977e-01 1.613498210906982422e+00 1.099994421005249023e+00 1.024492740631103516e+00 1.115805387496948242e+00 1.165030002593994141e+00 1.202722191810607910e+00 1.294642925262451172e+00 1.909405112266540527e+00 1.929052829742431641e+00 2.208751678466796875e+00 2.103851318359375000e+00 2.391985416412353516e+00 1.538293957710266113e+00
5.567886233329772949e-01 1.439343452453613281e+00 1.756582498550415039e+00 1.090604066848754883e+00 1.858046531677246094e+00 1.221898198127746582e+00 9.027609825134277344e-01 9.896847009658813477e-01 1.037103176116943359e+00 1.574172377586364746e+00 9.536247253417968750e-01 1.024398088455200195e+00 1.981215715408325195e+00 1.782678127288818359e+00 1.982470393180847168e+00 1.185774564743041992e+00 1.777844548225402832e+00 2.948958396911621094e+00 1.274322271347045898e+00 1.567746758460998535e+00
8.999248743057250977e-01 1.131152033805847168e+00 1.363859772682189941e+00 1.608520746231079102e+00 1.376752495765686035e+00 1.561712980270385742e+00 1.399593830108642578e+00 9.534889459609985352e-01 9.486301541328430176e-01 1.054199695587158203e+00 1.049710035324096680e+00 9.924454689025878906e-01 1.571503281593322754e+00 1.361123204231262207e+00 1.520251631736755371e+00 1.001043915748596191e+00 1.917166829109191895e+00 2.971308231353759766e+00 1.269173622131347656e+00 1.693458914756774902e+00
1.463819026947021484e+00 2.079924583435058594e+00 1.886225819587707520e+00 9.573321342468261719e-01 8.492442965507507324e-01 1.439263343811035156e+00 1.350865960121154785e+00 9.326540231704711914e-01 1.096728324890136719e+00 1.004528641700744629e+00 1.512460470199584961e+00 1.149437189102172852e+00 1.390759587287902832e+00 1.912576556205749512e+00 1.915935635566711426e+00 1.705919504165649414e+00 2.270210266113281250e+00 3.931634902954101562e+00 2.796685695648193359e+00 1.773284912109375000e+00
2.108185291290283203e+00 1.185321688652038574e+00 1.239805221557617188e+00 1.236865520477294922e+00 1.143738150596618652e+00 1.161385416984558105e+00 9.528968334197998047e-01 1.200748324394226074e+00 9.318088293075561523e-01 1.292662262916564941e+00 6.627042889595031738e-01 9.904091358184814453e-01 1.506274700164794922e+00 1.542950153350830078e+00 2.989864349365234375e+00 2.187969207763671875e+00 1.763899564743041992e+00 1.486916184425354004e+00 2.914900541305541992e+00 1.396901726722717285e+00
1.301675558090209961e+00 1.440518975257873535e+00 7.486063241958618164e-01 1.338496565818786621e+00 1.451674699783325195e+00 1.509212970733642578e+00 1.133494377136230469e+00 1.467934608459472656e+00 1.188513755798339844e+00 1.080365657806396484e+00 7.883188724517822266e-01 1.626410722732543945e+00 1.310255527496337891e+00 2.245625734329223633e+00 1.382547020912170410e+00 1.474779129028320312e+00 1.117884397506713867e+00 1.585727214813232422e+00 6.951615810394287109e-01 2.080065727233886719e+00
1.899764657020568848e+00 2.195493698120117188e+00 1.433244466781616211e+00 1.062502026557922363e+00 1.042786002159118652e+00 1.586902379989624023e+00 1.248992085456848145e+00 1.040555596351623535e+00 9.672207832336425781e-01 9.214941263198852539e-01 1.803408384323120117e+00 1.306043267250061035e+00 1.450377225875854492e+00 1.693814635276794434e+00 1.742176771163940430e+00 1.778728127479553223e+00 1.851659059524536133e+00 1.672306060791015625e+00 2.537535667419433594e+00 1.676137208938598633e+00
1.582987308502197266e+00 1.780774831771850586e+00 1.445107579231262207e+00 1.166796565055847168e+00 1.873829007148742676e+00 1.348845720291137695e+00 1.536996841430664062e+00 1.134842753410339355e+00 1.397623300552368164e+00 1.281742334365844727e+00 1.493627548217773438e+00 1.295015573501586914e+00 2.127565860748291016e+00 1.343120455741882324e+00 1.392383575439453125e+00 1.504328489303588867e+00 2.111971855163574219e+00 1.416577816009521484e+00 1.775595545768737793e+00 2.495162010192871094e+00
1.087120175361633301e+00 2.299404859542846680e+00 1.965281367301940918e+00 8.007941842079162598e-01 1.279482960700988770e+00 7.031160593032836914e-01 1.513759136199951172e+00 1.193574666976928711e+00 1.746241092681884766e+00 1.018546342849731445e+00 1.769633531570434570e+00 8.698263168334960938e-01 1.354643344879150391e+00 1.249559760093688965e+00 9.529821276664733887e-01 2.086048603057861328e+00 2.102673530578613281e+00 1.418514966964721680e+00 1.813444852828979492e+00 1.858022212982177734e+00
