2018-07-23 03:45:00
2.764451503753662109e-01 1.745175868272781372e-01 4.013271927833557129e-01 2.752615809440612793e-01 2.201507389545440674e-01 2.255609184503555298e-01 4.412645101547241211e-01 2.108199298381805420e-01 3.967161178588867188e-01 3.149618208408355713e-01 1.363406628370285034e-01 8.506529033184051514e-02 2.067071199417114258e-01 3.172106742858886719e-01 2.013072222471237183e-01 3.558497428894042969e-01 3.565131723880767822e-01 3.850853741168975830e-01 3.535211086273193359e-01 1.903194189071655273e-01
6.441695690155029297e-01 3.229530751705169678e-01 2.601053416728973389e-01 4.083372056484222412e-01 4.135735034942626953e-01 3.111751675605773926e-01 3.597440123558044434e-01 1.530175358057022095e-01 9.146337211132049561e-02 2.523004710674285889e-01 1.921065747737884521e-01 1.777590811252593994e-01 1.883833408355712891e-01 1.627605706453323364e-01 1.675671339035034180e-01 2.230330556631088257e-01 5.245069265365600586e-01 2.455154359340667725e-01 1.144492626190185547e-01 1.955861151218414307e-01
2.859992980957031250e-01 4.252775311470031738e-01 3.604911565780639648e-01 3.864904344081878662e-01 4.857554435729980469e-01 4.219299554824829102e-01 2.939790189266204834e-01 3.135459721088409424e-01 1.778446435928344727e-01 2.219538986682891846e-01 4.709237813949584961e-01 2.322555780410766602e-01 2.547889351844787598e-01 2.298824787139892578e-01 3.517035841941833496e-01 2.299555987119674683e-01 4.493081569671630859e-01 1.587139219045639038e-01 3.497596085071563721e-01 2.926329970359802246e-01
2.192196696996688843e-01 2.827786207199096680e-01 2.130824625492095947e-01 2.269532084465026855e-01 1.921238005161285400e-01 1.325681954622268677e-01 1.861709058284759521e-01 1.255839169025421143e-01 1.525851339101791382e-01 7.290209531784057617e-01 4.412854611873626709e-01 2.663208246231079102e-01 2.900212407112121582e-01 1.608746647834777832e-01 2.410302460193634033e-01 1.773583889007568359e-01 2.136896550655364990e-01 2.056203782558441162e-01 2.070384323596954346e-01 6.731447577476501465e-02
1.507218629121780396e-01 8.328435570001602173e-02 1.324823349714279175e-01 7.567359507083892822e-02 1.464986652135848999e-01 3.805205225944519043e-01 2.118846923112869263e-01 3.780162930488586426e-01 3.189938068389892578e-01 3.187081217765808105e-01 1.775896549224853516e-01 2.608658671379089355e-01 1.793457716703414917e-01 1.077275574207305908e-01 1.920006573200225830e-01 2.707504332065582275e-01 1.371394246816635132e-01 2.752571105957031250e-01 2.144159078598022461e-01 1.963791251182556152e-01
1.755544841289520264e-01 4.015768766403198242e-01 2.411252558231353760e-01 9.764865040779113770e-02 1.378059387207031250e-01 6.129251718521118164e-01 4.375590085983276367e-01 4.268793463706970215e-01 3.150237798690795898e-01 1.938074827194213867e-01 3.197866678237915039e-02 1.719440668821334839e-01 1.271198987960815430e-01 1.089070364832878113e-01 1.748538762331008911e-01 5.032804012298583984e-01 2.972875535488128662e-01 4.301639199256896973e-01 4.017131328582763672e-01 6.650554388761520386e-02
5.011460781097412109e-01 3.271909654140472412e-01 3.815050721168518066e-01 5.393731594085693359e-01 3.554325401782989502e-01 5.908898115158081055e-01 3.046666979789733887e-01 2.918419241905212402e-01 4.685714542865753174e-01 1.915626823902130127e-01 5.820857882499694824e-01 3.008691072463989258e-01 1.672280430793762207e-01 2.581530809402465820e-01 2.272048145532608032e-01 3.378497362136840820e-01 3.251157999038696289e-01 1.581811308860778809e-01 4.116776585578918457e-01 3.564336299896240234e-01
2.959122061729431152e-01 1.270133256912231445e-01 1.496796011924743652e-01 3.328930139541625977e-01 2.916302084922790527e-01 2.291069328784942627e-01 2.416241914033889771e-01 3.983765244483947754e-01 3.759729862213134766e-01 4.133307039737701416e-01 2.756717205047607422e-01 1.806169152259826660e-01 4.935572147369384766e-01 5.110199451446533203e-01 2.200750708580017090e-01 1.361062377691268921e-01 8.785665035247802734e-02 3.407421112060546875e-01 4.021361470222473145e-01 3.903759121894836426e-01
2.792571485042572021e-01 1.402414590120315552e-01 2.798021733760833740e-01 2.624585032463073730e-01 4.513263702392578125e-01 1.502168625593185425e-01 2.561157345771789551e-01 2.389123588800430298e-01 2.741111814975738525e-01 3.545334935188293457e-01 1.929768323898315430e-01 9.930393099784851074e-02 5.259200334548950195e-01 3.647787570953369141e-01 1.181244403123855591e-01 2.670259177684783936e-01 2.816343009471893311e-01 2.478791028261184692e-01 2.897874414920806885e-01 1.689325273036956787e-02
4.519349634647369385e-01 1.920388638973236084e-01 5.071725845336914062e-01 3.090080022811889648e-01 2.691696286201477051e-01 5.132605433464050293e-01 1.803658902645111084e-01 1.954906731843948364e-01 9.428118914365768433e-02 3.055229187011718750e-01 1.062586531043052673e-01 3.664343059062957764e-01 1.329178959131240845e-01 2.951509952545166016e-01 3.176407814025878906e-01 2.265552729368209839e-01 2.595080137252807617e-01 1.439976394176483154e-01 3.453481793403625488e-01 2.183414697647094727e-01
2.369306534528732300e-01 3.638455867767333984e-01 1.977076530456542969e-01 4.268115162849426270e-01 4.286922514438629150e-01 1.387327015399932861e-01 3.989792168140411377e-01 2.205985933542251587e-01 3.313846588134765625e-01 3.854876160621643066e-01 2.505682408809661865e-01 3.380803763866424561e-01 1.846421360969543457e-01 1.969747096300125122e-01 2.219652235507965088e-01 4.055943191051483154e-01 2.383795082569122314e-01 3.467608392238616943e-01 1.736425757408142090e-01 2.412657737731933594e-01
2.278423011302947998e-01 3.680010437965393066e-01 4.527689814567565918e-01 3.458053469657897949e-01 5.120329260826110840e-01 3.599044978618621826e-01 1.794143915176391602e-01 1.097240447998046875e-01 5.490174293518066406e-01 5.112165212631225586e-01 4.335404336452484131e-01 2.659190297126770020e-01 4.404816925525665283e-01 3.034286201000213623e-01 3.197807967662811279e-01 2.638677656650543213e-01 1.885417550802230835e-01 2.496559172868728638e-01 2.878494858741760254e-01 2.777296006679534912e-01
2.773164808750152588e-01 3.531230390071868896e-01 4.643543660640716553e-01 3.145768046379089355e-01 2.874694466590881348e-01 2.817697525024414062e-01 2.994877696037292480e-01 4.550947248935699463e-01 2.997972965240478516e-01 1.664024144411087036e-01 4.211880862712860107e-01 3.273048996925354004e-01 3.691429495811462402e-01 1.975412517786026001e-01 3.515578508377075195e-01 2.250938862562179565e-01 1.931388825178146362e-01 2.353456914424896240e-01 1.731176078319549561e-01 2.017536610364913940e-01
3.013808727264404297e-01 1.969915628433227539e-01 3.326710462570190430e-01 3.340392112731933594e-01 3.492850065231323242e-01 2.612642645835876465e-01 4.464022219181060791e-01 2.421216964721679688e-01 2.201250195503234863e-01 2.782414853572845459e-01 2.335001081228256226e-01 5.120482444763183594e-01 3.382117152214050293e-01 2.720545828342437744e-01 3.429416120052337646e-01 2.214641571044921875e-01 2.966127097606658936e-01 3.886080980300903320e-01 3.020447492599487305e-01 2.173573672771453857e-01
2.896258533000946045e-01 1.216338425874710083e-01 1.409024894237518311e-01 2.786430716514587402e-01 -2.682521566748619080e-02 4.905542433261871338e-01 3.947531580924987793e-01 3.695694506168365479e-01 1.758012473583221436e-01 3.383436799049377441e-01 3.731855154037475586e-01 3.751187920570373535e-01 2.758015990257263184e-01 2.796838879585266113e-01 3.278881907463073730e-01 1.390137076377868652e-01 2.867819070816040039e-01 2.962139248847961426e-01 2.641296982765197754e-01 2.001522779464721680e-01
2.474644482135772705e-01 3.279077708721160889e-01 1.687830239534378052e-01 2.129766196012496948e-01 1.604168713092803955e-01 4.839340448379516602e-01 3.007777929306030273e-01 2.473489344120025635e-01 3.381701707839965820e-01 3.456286489963531494e-01 3.343741297721862793e-01 6.117975711822509766e-01 3.355374038219451904e-01 4.004857242107391357e-01 2.610484957695007324e-01 3.514983654022216797e-01 2.680611908435821533e-01 3.458093404769897461e-01 1.679543256759643555e-01 3.713634610176086426e-01
2.889561057090759277e-01 2.381843328475952148e-01 1.714429557323455811e-01 1.884794235229492188e-01 4.514169096946716309e-01 2.388456165790557861e-01 3.726733624935150146e-01 2.909200191497802734e-01 2.471468448638916016e-01 3.283319473266601562e-01 2.875949144363403320e-01 4.740790128707885742e-01 3.280526697635650635e-01 2.051697671413421631e-01 3.306064605712890625e-01 1.494962275028228760e-01 5.620951652526855469e-01 1.838549375534057617e-01 1.769863516092300415e-01 3.643442392349243164e-01
3.374466300010681152e-01 9.694548696279525757e-02 2.439480870962142944e-01 4.922566115856170654e-01 2.286334633827209473e-01 6.781651973724365234e-01 4.139524698257446289e-01 3.566066026687622070e-01 2.450089305639266968e-01 2.869817912578582764e-01 2.801969051361083984e-01 1.701813638210296631e-01 1.677917391061782837e-01 3.069295287132263184e-01 4.502364695072174072e-01 3.267954587936401367e-01 2.063294053077697754e-01 3.135916292667388916e-01 3.343327045440673828e-01 2.172209620475769043e-01
4.058689773082733154e-01 3.228179216384887695e-01 3.538128733634948730e-01 3.303098082542419434e-01 1.219218820333480835e-01 5.245344638824462891e-01 1.421911567449569702e-01 3.621594309806823730e-01 2.520382404327392578e-01 3.052821159362792969e-01 5.324374437332153320e-01 2.353433072566986084e-01 2.645899057388305664e-01 1.726081669330596924e-01 2.443860918283462524e-01 4.482166767120361328e-01 3.605065345764160156e-01 2.709130644798278809e-01 1.159159243106842041e-01 1.822992563247680664e-01
2.511338591575622559e-01 2.005999088287353516e-01 1.865268647670745850e-01 1.571383178234100342e-01 6.973351538181304932e-02 3.043530583381652832e-01 3.985554575920104980e-01 1.959771662950515747e-01 4.391017556190490723e-01 3.141558468341827393e-01 3.258469700813293457e-01 2.362158745527267456e-01 3.755394816398620605e-01 1.727090477943420410e-01 7.122181355953216553e-02 4.499785006046295166e-01 3.184363245964050293e-01 2.614406645298004150e-01 3.182847797870635986e-01 2.283745259046554565e-01
