2018-07-23 04:30:00
1.601490527391433716e-01 2.652584612369537354e-01 2.212665528059005737e-01 2.272692024707794189e-01 2.691980302333831787e-01 2.454734891653060913e-01 3.635880947113037109e-01 2.426791340112686157e-01 1.661450266838073730e-01 3.184707760810852051e-01 1.617761254310607910e-01 2.132972776889801025e-01 5.448981523513793945e-01 3.874727785587310791e-01 2.044480144977569580e-01 6.544364690780639648e-01 4.132635295391082764e-01 2.642391920089721680e-01 3.497076928615570068e-01 4.029982089996337891e-01
2.815647721290588379e-01 3.918685615062713623e-01 2.371019721031188965e-01 4.230466187000274658e-01 5.029968023300170898e-01 2.392862141132354736e-01 6.162528991699218750e-01 2.655212879180908203e-01 3.720381259918212891e-01 3.442475795745849609e-01 2.468515932559967041e-01 3.156306743621826172e-01 3.117212653160095215e-01 2.790140807628631592e-01 2.509270012378692627e-01 3.295329511165618896e-01 3.708869218826293945e-01 3.606844246387481689e-01 1.829395443201065063e-01 3.328247070312500000e-01
6.131502389907836914e-01 3.931908607482910156e-01 2.408426105976104736e-01 3.763850331306457520e-01 3.743076920509338379e-01 5.047115683555603027e-01 4.114976525306701660e-01 2.763170301914215088e-01 2.830746173858642578e-01 3.009200990200042725e-01 2.490780502557754517e-01 4.780098199844360352e-01 3.336035311222076416e-01 4.893459975719451904e-01 3.321598172187805176e-01 7.279582023620605469e-01 5.011676549911499023e-01 4.729915261268615723e-01 3.138231635093688965e-01 4.682241678237915039e-01
2.082591354846954346e-01 2.437625229358673096e-01 3.252912461757659912e-01 7.868298292160034180e-01 2.507352232933044434e-01 2.179123014211654663e-01 1.703376471996307373e-01 1.812041848897933960e-01 3.257552087306976318e-01 4.077706336975097656e-01 2.226626276969909668e-01 4.490613937377929688e-01 3.832803666591644287e-01 5.917481184005737305e-01 4.260736405849456787e-01 4.370700418949127197e-01 5.992003679275512695e-01 3.576999306678771973e-01 2.589573562145233154e-01 5.014846920967102051e-01
3.562993407249450684e-01 1.801931709051132202e-01 2.667421698570251465e-01 1.520131230354309082e-01 1.658201217651367188e-01 4.195976257324218750e-01 3.601009249687194824e-01 3.191065192222595215e-01 3.018116950988769531e-01 1.990525051951408386e-02 3.368532359600067139e-01 3.173810243606567383e-01 3.396052718162536621e-01 4.685690402984619141e-01 4.943643212318420410e-01 6.299133300781250000e-01 6.715911626815795898e-01 1.932548582553863525e-01 4.955791532993316650e-01 3.132861852645874023e-01
3.342148959636688232e-01 1.849493086338043213e-01 1.231796443462371826e-01 4.978671967983245850e-01 2.907560467720031738e-01 3.381759822368621826e-01 4.782677292823791504e-01 5.254874229431152344e-01 5.683228969573974609e-01 1.456921398639678955e-01 1.690737605094909668e-01 4.547860026359558105e-01 2.592274248600006104e-01 2.919285893440246582e-01 3.435850143432617188e-01 4.661812186241149902e-01 3.916122317314147949e-01 2.063953876495361328e-01 5.482238531112670898e-01 3.660414218902587891e-01
3.627952933311462402e-01 3.725437819957733154e-01 1.476198583841323853e-01 5.627222061157226562e-01 3.276177644729614258e-01 6.446943283081054688e-01 3.343476355075836182e-01 3.349674940109252930e-01 4.065541028976440430e-01 3.666660487651824951e-01 2.652914226055145264e-01 4.874638915061950684e-01 3.790958225727081299e-01 4.634588360786437988e-01 3.620173931121826172e-01 3.793575763702392578e-01 2.869205474853515625e-01 5.152540802955627441e-01 4.866319000720977783e-01 5.922857522964477539e-01
5.171426534652709961e-01 5.441907793283462524e-02 2.669652104377746582e-01 3.833091259002685547e-01 1.154156327247619629e-01 4.906806349754333496e-01 4.534440040588378906e-01 4.787132441997528076e-01 3.479629456996917725e-01 2.730020582675933838e-01 4.422154426574707031e-01 3.321704268455505371e-01 4.971418678760528564e-01 7.555592656135559082e-01 3.155962228775024414e-01 4.846401214599609375e-01 4.699401557445526123e-01 3.571070730686187744e-01 1.710462570190429688e-01 3.343195319175720215e-01
6.800848990678787231e-02 1.927267909049987793e-01 2.773659825325012207e-01 4.014683365821838379e-01 2.052761018276214600e-01 1.727787107229232788e-01 4.057543277740478516e-01 3.310283422470092773e-01 3.954267501831054688e-01 4.722331762313842773e-01 5.062544941902160645e-01 1.575181931257247925e-01 3.874839246273040771e-01 4.249281883239746094e-01 3.313370943069458008e-01 3.804820179939270020e-01 4.173783361911773682e-01 3.186171948909759521e-01 5.023508667945861816e-01 2.722677290439605713e-01
2.350635528564453125e-01 4.011405706405639648e-01 3.489927053451538086e-01 2.917332053184509277e-01 3.002645969390869141e-01 4.168462753295898438e-01 3.521635532379150391e-01 4.762032628059387207e-01 4.421451687812805176e-01 5.456748604774475098e-01 3.424261212348937988e-01 2.954418063163757324e-01 2.528401017189025879e-01 1.994834244251251221e-01 1.797105371952056885e-01 2.966347932815551758e-01 3.641838431358337402e-01 2.862007617950439453e-01 5.275059938430786133e-01 5.233775973320007324e-01
2.550662159919738770e-01 3.895656764507293701e-01 4.072638154029846191e-01 3.882123231887817383e-01 1.887274682521820068e-01 2.994048595428466797e-01 4.115261435508728027e-01 2.337529361248016357e-01 3.266843557357788086e-01 6.210845708847045898e-01 3.722594380378723145e-01 2.641928791999816895e-01 1.965615600347518921e-01 2.774951756000518799e-01 2.422552108764648438e-01 3.165641427040100098e-01 3.024895787239074707e-01 1.654426902532577515e-01 3.194453716278076172e-01 3.032412528991699219e-01
4.996690750122070312e-01 3.207104206085205078e-01 3.785836100578308105e-01 4.793288111686706543e-01 2.093421369791030884e-01 4.965019822120666504e-01 4.801217317581176758e-01 4.202033877372741699e-01 3.788900971412658691e-01 1.695673912763595581e-01 2.066728919744491577e-01 3.844986557960510254e-01 2.714213728904724121e-01 2.402139604091644287e-01 2.427366673946380615e-01 5.755558013916015625e-01 1.328702718019485474e-01 4.623593091964721680e-01 5.438229441642761230e-01 3.352191448211669922e-01
3.404825627803802490e-01 2.759795188903808594e-01 2.772558331489562988e-01 4.014706313610076904e-01 3.737241327762603760e-01 3.958783745765686035e-01 3.091794848442077637e-01 2.578164935111999512e-01 3.867176175117492676e-01 3.544801771640777588e-01 2.226012647151947021e-01 5.345091223716735840e-01 2.840149402618408203e-01 2.690284848213195801e-01 4.322759509086608887e-01 4.351493716239929199e-02 2.377271354198455811e-01 4.227434694766998291e-01 2.507014572620391846e-01 3.512064218521118164e-01
3.506473004817962646e-01 3.511885702610015869e-01 4.273898899555206299e-01 6.140341758728027344e-01 4.170936942100524902e-01 2.906819880008697510e-01 2.636107206344604492e-01 3.425935506820678711e-01 4.401848912239074707e-01 3.577165007591247559e-01 3.254225850105285645e-01 3.951471447944641113e-01 3.461234271526336670e-01 2.740812301635742188e-01 8.366261422634124756e-02 3.535447120666503906e-01 3.700475692749023438e-01 2.536587119102478027e-01 2.740781903266906738e-01 3.301092982292175293e-01
2.103897333145141602e-01 2.605063915252685547e-01 3.962502777576446533e-01 3.673390448093414307e-01 4.198748469352722168e-01 4.221325814723968506e-01 3.527641296386718750e-01 3.454598188400268555e-01 4.479890763759613037e-01 2.478664666414260864e-01 3.394869267940521240e-01 4.494183361530303955e-01 4.307063221931457520e-01 1.309576034545898438e-01 2.476620301604270935e-02 3.834369182586669922e-01 2.803901433944702148e-01 2.450317293405532837e-01 3.922758698463439941e-01 4.061748981475830078e-01
1.669951826333999634e-01 4.724271893501281738e-01 3.875789642333984375e-01 6.248657703399658203e-01 2.813288867473602295e-01 3.521317839622497559e-01 5.052323341369628906e-01 2.841132283210754395e-01 3.815487027168273926e-01 4.519327282905578613e-01 2.084472477436065674e-01 4.657253623008728027e-01 4.868176877498626709e-01 2.724987864494323730e-01 1.889739185571670532e-01 2.041942328214645386e-01 4.622334539890289307e-01 3.528582453727722168e-01 3.521006703376770020e-01 5.718443393707275391e-01
3.481037914752960205e-01 5.165455341339111328e-01 2.115816175937652588e-01 2.184537053108215332e-01 5.516234636306762695e-01 2.424291968345642090e-01 2.730781435966491699e-01 4.499686360359191895e-01 3.347022533416748047e-01 4.043669998645782471e-01 4.461004734039306641e-01 2.378772199153900146e-01 4.326843321323394775e-01 3.342915773391723633e-01 3.272772431373596191e-01 3.722743391990661621e-01 1.878601908683776855e-01 1.644258350133895874e-01 2.838465571403503418e-01 2.953435778617858887e-01
3.684071302413940430e-01 2.291670292615890503e-01 3.617633581161499023e-01 4.947938919067382812e-01 4.760502576828002930e-01 5.644873380661010742e-01 2.116104811429977417e-01 2.762730121612548828e-01 2.891398072242736816e-01 1.921122372150421143e-01 2.677813172340393066e-01 2.673551142215728760e-01 5.751612037420272827e-02 2.855852246284484863e-01 2.832431793212890625e-01 2.495268583297729492e-01 2.363257557153701782e-01 2.776939272880554199e-01 2.676305174827575684e-01 3.092168271541595459e-01
4.518272876739501953e-01 2.777432501316070557e-01 1.752782166004180908e-01 3.855434656143188477e-01 2.943713665008544922e-01 1.510220170021057129e-01 1.867518424987792969e-01 3.765918612480163574e-01 3.080196082592010498e-01 2.220746576786041260e-01 3.367576003074645996e-01 3.330467939376831055e-01 2.515295445919036865e-01 5.911617279052734375e-01 2.059096843004226685e-01 1.797272711992263794e-01 3.956736922264099121e-01 2.884305119514465332e-01 2.083054184913635254e-01 3.748382329940795898e-01
2.547332644462585449e-01 1.483822166919708252e-01 3.984291553497314453e-01 2.721001207828521729e-01 1.550414115190505981e-01 2.894948422908782959e-01 2.884740829467773438e-01 3.943836688995361328e-01 3.759048879146575928e-01 3.704351782798767090e-01 5.399082899093627930e-01 4.619766473770141602e-01 3.172554373741149902e-01 1.732130348682403564e-01 3.932516276836395264e-01 3.486528396606445312e-01 4.779045879840850830e-01 1.643242686986923218e-01 2.534449696540832520e-01 1.505813896656036377e-01
