2018-07-23 04:45:00
2.901958227157592773e-01 2.242010235786437988e-01 1.858962178230285645e-01 2.619457840919494629e-01 2.871216535568237305e-01 2.464204728603363037e-01 3.931325078010559082e-01 3.004920482635498047e-01 3.317552208900451660e-01 1.492068618535995483e-01 1.979313939809799194e-01 2.952554225921630859e-01 5.696556568145751953e-01 4.544490575790405273e-01 2.991245687007904053e-01 3.582421839237213135e-01 3.526711165904998779e-01 2.033133804798126221e-01 4.655453562736511230e-01 3.021603226661682129e-01
3.480677008628845215e-01 6.661283373832702637e-01 2.052108198404312134e-01 3.402991294860839844e-01 2.380163073539733887e-01 4.002469182014465332e-01 3.742421865463256836e-01 3.226183652877807617e-01 1.824381202459335327e-01 3.049227297306060791e-01 1.150126308202743530e-01 2.639340162277221680e-01 4.117336273193359375e-01 6.044193506240844727e-01 5.081907510757446289e-01 4.601699709892272949e-01 3.182340264320373535e-01 3.123137950897216797e-01 3.416598439216613770e-01 3.212838172912597656e-01
2.865880429744720459e-01 2.282168567180633545e-01 2.026381790637969971e-01 4.834010899066925049e-01 3.330943584442138672e-01 3.340333700180053711e-01 5.365754365921020508e-01 3.272785842418670654e-01 3.432425260543823242e-01 2.749176323413848877e-01 9.569660425186157227e-01 7.010981440544128418e-01 3.067832291126251221e-01 2.139345556497573853e-01 4.800274670124053955e-01 4.346326291561126709e-01 5.500264167785644531e-01 3.740364313125610352e-01 2.408157587051391602e-01 2.779570817947387695e-01
3.434661626815795898e-01 3.255197703838348389e-01 6.334776282310485840e-01 3.309006094932556152e-01 1.419317573308944702e-01 2.502541840076446533e-01 2.361707091331481934e-01 2.826047837734222412e-01 2.265350669622421265e-01 4.526351392269134521e-01 4.524849653244018555e-01 5.219299793243408203e-01 2.700972259044647217e-01 3.164419531822204590e-01 3.784961998462677002e-01 4.975647926330566406e-01 4.021576046943664551e-01 2.292664796113967896e-01 3.502315282821655273e-01 2.229112088680267334e-01
3.892843127250671387e-01 1.302359700202941895e-01 3.595275878906250000e-01 2.049374580383300781e-01 2.263999879360198975e-01 2.536834478378295898e-01 2.197587788105010986e-01 3.456713557243347168e-01 3.282021582126617432e-01 3.426266312599182129e-01 2.323280870914459229e-01 1.980619728565216064e-01 3.487414717674255371e-01 1.675167679786682129e-01 4.711423516273498535e-01 4.190137684345245361e-01 4.332833290100097656e-01 4.445846974849700928e-01 2.557348906993865967e-01 4.128073453903198242e-01
3.511303961277008057e-01 7.842925190925598145e-02 4.222047030925750732e-01 3.405768871307373047e-01 3.000226020812988281e-01 2.516136765480041504e-01 4.138743877410888672e-01 3.673741817474365234e-01 4.598242044448852539e-01 1.396263390779495239e-01 2.209286987781524658e-01 3.993511199951171875e-01 2.998479008674621582e-01 1.964900791645050049e-01 3.766063153743743896e-01 1.263248622417449951e-01 7.628906965255737305e-01 6.614769697189331055e-01 3.960354030132293701e-01 6.469368934631347656e-01
1.965756267309188843e-01 2.136312276124954224e-01 4.114307463169097900e-01 3.018645942211151123e-01 5.434768199920654297e-01 6.088144779205322266e-01 3.817136287689208984e-01 2.821609377861022949e-01 2.047346830368041992e-01 1.774823069572448730e-01 3.002662658691406250e-01 1.860082298517227173e-01 3.442803025245666504e-01 5.343446135520935059e-01 4.023618102073669434e-01 3.266100883483886719e-01 5.749146938323974609e-01 4.767508506774902344e-01 4.890691041946411133e-01 4.311736822128295898e-01
1.276087015867233276e-01 1.950007230043411255e-01 3.930690288543701172e-01 4.058167338371276855e-01 2.934967875480651855e-01 3.443922996520996094e-01 3.967651426792144775e-01 3.135133981704711914e-01 3.443359732627868652e-01 4.040139615535736084e-01 2.427009642124176025e-01 4.026112258434295654e-01 6.079829931259155273e-01 2.987331748008728027e-01 1.672599315643310547e-01 2.499242126941680908e-01 4.367591142654418945e-01 3.718187808990478516e-01 6.876381635665893555e-01 4.022534489631652832e-01
3.220462799072265625e-01 3.074429035186767578e-01 2.800739109516143799e-01 2.034048140048980713e-01 2.262574583292007446e-01 2.658950090408325195e-01 4.464659690856933594e-01 3.695134818553924561e-01 3.589490354061126709e-01 3.236672878265380859e-01 4.428755640983581543e-01 3.698188662528991699e-01 3.538948595523834229e-01 3.032457828521728516e-01 2.128670960664749146e-01 2.950698733329772949e-01 4.122655391693115234e-01 6.608730554580688477e-01 5.846942663192749023e-01 3.345446586608886719e-01
3.264878392219543457e-01 4.933685064315795898e-01 3.856019973754882812e-01 4.487664103507995605e-01 1.439265757799148560e-01 2.652894556522369385e-01 4.051162302494049072e-01 3.331134915351867676e-01 3.384352624416351318e-01 3.653354048728942871e-01 3.593767881393432617e-01 2.606128454208374023e-01 4.483084678649902344e-01 2.053434699773788452e-01 1.668771058320999146e-01 4.353078007698059082e-01 6.211034059524536133e-01 4.258454442024230957e-01 2.208940833806991577e-01 3.637811541557312012e-01
2.975439429283142090e-01 3.340113162994384766e-01 2.566063702106475830e-01 3.988910615444183350e-01 6.206396818161010742e-01 7.520173788070678711e-01 3.897241055965423584e-01 4.613449275493621826e-01 4.633218348026275635e-01 5.237593650817871094e-01 3.421638011932373047e-01 2.211958765983581543e-01 1.261231154203414917e-01 4.618425369262695312e-01 3.478407263755798340e-01 3.143188953399658203e-01 3.237354457378387451e-01 5.819302797317504883e-01 3.374007344245910645e-01 1.041942387819290161e-01
3.276298642158508301e-01 3.227100968360900879e-01 4.488182663917541504e-01 2.004258632659912109e-01 2.499131411314010620e-01 4.421545267105102539e-01 4.728363752365112305e-01 5.316972136497497559e-01 4.927350282669067383e-01 1.177355796098709106e-01 2.738028764724731445e-01 4.059677720069885254e-01 4.117934107780456543e-01 1.309261173009872437e-01 2.358126342296600342e-01 3.252691030502319336e-01 2.044337689876556396e-01 3.174223303794860840e-01 2.831993103027343750e-01 2.304149568080902100e-01
3.104164004325866699e-01 4.135509133338928223e-01 3.477515280246734619e-01 6.477686762809753418e-02 4.495725631713867188e-01 4.926411807537078857e-01 2.251999378204345703e-01 3.136394023895263672e-01 2.937800288200378418e-01 2.957249879837036133e-01 1.572505235671997070e-01 2.148874253034591675e-01 3.359948396682739258e-01 1.831205785274505615e-01 4.306942224502563477e-01 3.161830902099609375e-01 2.826056778430938721e-01 3.376273214817047119e-01 2.149770557880401611e-01 3.394175767898559570e-01
2.473559826612472534e-01 3.851963877677917480e-01 4.667593836784362793e-01 3.076950311660766602e-01 2.329994142055511475e-01 2.813580334186553955e-01 3.172145485877990723e-01 3.029352426528930664e-01 2.489067018032073975e-01 3.985089957714080811e-01 2.714119553565979004e-01 4.064586162567138672e-01 3.342418968677520752e-01 4.921717047691345215e-01 2.869068682193756104e-01 2.640894055366516113e-01 4.112250506877899170e-01 2.993615865707397461e-01 3.149348497390747070e-01 2.349547147750854492e-01
2.787289321422576904e-01 5.009438991546630859e-01 2.678089141845703125e-01 2.900129556655883789e-01 2.275818586349487305e-01 2.363173961639404297e-01 4.098629653453826904e-01 3.317472338676452637e-01 3.435666859149932861e-01 5.537445545196533203e-01 2.252486199140548706e-01 2.221995443105697632e-01 3.825941681861877441e-01 4.180879294872283936e-01 3.998730182647705078e-01 1.966469883918762207e-01 6.329343318939208984e-01 2.929158806800842285e-01 3.159553706645965576e-01 3.088271319866180420e-01
2.711910605430603027e-01 1.509002447128295898e-01 2.338503897190093994e-01 5.362986326217651367e-01 4.935196638107299805e-01 3.606678843498229980e-01 2.525949776172637939e-01 1.195088997483253479e-01 3.467242121696472168e-01 2.105546593666076660e-01 3.173202872276306152e-01 1.776911020278930664e-01 2.821671962738037109e-01 3.931692540645599365e-01 3.682208061218261719e-01 1.073156371712684631e-01 4.975674748420715332e-01 2.811527848243713379e-01 4.916167855262756348e-01 3.343272805213928223e-01
4.822377264499664307e-01 4.156123101711273193e-01 3.137139678001403809e-01 3.031703233718872070e-01 4.198220074176788330e-01 2.381036132574081421e-01 5.521639585494995117e-01 4.108431935310363770e-01 4.680705666542053223e-01 3.575266003608703613e-01 4.046901166439056396e-01 4.152460694313049316e-01 2.053681015968322754e-01 3.605888485908508301e-01 3.659839630126953125e-01 3.530627489089965820e-01 3.552894890308380127e-01 3.739866614341735840e-01 1.438093185424804688e-01 3.965214490890502930e-01
3.302803635597229004e-01 3.266246318817138672e-01 3.418505191802978516e-01 2.260417044162750244e-01 1.153613626956939697e-01 1.117133647203445435e-01 4.411661326885223389e-01 4.928301572799682617e-01 3.415517807006835938e-01 1.889326274394989014e-01 1.691565960645675659e-01 1.331811249256134033e-01 3.617739975452423096e-01 2.426206469535827637e-01 2.376141846179962158e-01 3.279481232166290283e-01 3.991357684135437012e-01 3.417308032512664795e-01 4.586437940597534180e-01 1.822441965341567993e-01
5.076562166213989258e-01 3.980067968368530273e-01 1.208062618970870972e-01 5.147917270660400391e-01 2.186838388442993164e-01 2.923941016197204590e-01 1.942113041877746582e-01 6.523748636245727539e-01 2.752745747566223145e-01 3.429044783115386963e-01 1.649180650711059570e-01 5.359205007553100586e-01 1.972643136978149414e-01 4.842931032180786133e-01 3.772794604301452637e-01 3.236425518989562988e-01 3.333133757114410400e-01 2.114575803279876709e-01 3.216893672943115234e-01 2.690851390361785889e-01
2.937191724777221680e-01 2.634780704975128174e-01 2.043849378824234009e-01 5.577012300491333008e-01 3.104348778724670410e-01 4.156062602996826172e-01 2.052828669548034668e-01 2.757631242275238037e-01 4.617848396301269531e-01 2.031189054250717163e-01 1.392369568347930908e-01 7.215338945388793945e-01 4.889166653156280518e-01 2.696571350097656250e-01 3.797397017478942871e-01 3.017533421516418457e-01 3.164505660533905029e-01 3.347789645195007324e-01 2.667450308799743652e-01 2.520639598369598389e-01
