2018-07-23 05:15:00
9.040525555610656738e-02 4.158894419670104980e-01 4.226942360401153564e-01 2.925262153148651123e-01 2.620525360107421875e-01 5.179034471511840820e-01 3.873134553432464600e-01 3.373431563377380371e-01 1.231890991330146790e-01 3.045275807380676270e-01 2.323279976844787598e-01 3.210988342761993408e-01 4.160554409027099609e-01 3.567992448806762695e-01 3.445661067962646484e-01 2.076050490140914917e-01 2.928677797317504883e-01 1.573520153760910034e-01 1.389278471469879150e-01 3.108758330345153809e-01
3.118708729743957520e-01 2.739105820655822754e-01 2.031673640012741089e-01 4.254248738288879395e-01 2.249648272991180420e-01 2.904748022556304932e-01 2.840205132961273193e-01 2.051420062780380249e-01 2.371111959218978882e-01 3.987104296684265137e-01 2.624903917312622070e-01 2.360874563455581665e-01 3.186571300029754639e-01 2.706456780433654785e-01 3.264965116977691650e-01 2.622581124305725098e-01 3.120921850204467773e-01 5.896539688110351562e-01 2.223145961761474609e-01 4.398151636123657227e-01
4.081288576126098633e-01 2.592107057571411133e-01 4.221954345703125000e-01 2.450927495956420898e-01 6.097302436828613281e-01 4.163112640380859375e-01 9.392068535089492798e-02 2.969126701354980469e-01 3.033478856086730957e-01 2.859555780887603760e-01 7.647279500961303711e-01 3.312021493911743164e-01 2.573972642421722412e-01 3.764933645725250244e-01 2.520190179347991943e-01 4.023347198963165283e-01 6.150151491165161133e-01 9.598720073699951172e-02 4.594901800155639648e-01 2.149191647768020630e-01
3.435832262039184570e-01 2.540194988250732422e-01 2.122907787561416626e-01 3.352852463722229004e-01 2.480101138353347778e-01 1.856465935707092285e-01 2.329064011573791504e-01 2.010941207408905029e-01 2.084373980760574341e-01 6.147023439407348633e-01 3.394683599472045898e-01 6.168334484100341797e-01 2.883933782577514648e-01 4.051944017410278320e-01 4.173936247825622559e-01 4.428796768188476562e-01 5.206010937690734863e-01 4.747261106967926025e-01 1.791317164897918701e-01 3.110172748565673828e-01
2.916727066040039062e-01 2.809408307075500488e-01 1.584597378969192505e-01 1.538733839988708496e-01 1.932975351810455322e-01 6.962124109268188477e-01 2.671731710433959961e-01 2.343448847532272339e-01 6.707639694213867188e-01 4.902177155017852783e-01 3.861221671104431152e-01 4.733248054981231689e-01 5.979417562484741211e-01 3.083738088607788086e-01 1.957821249961853027e-01 5.310688018798828125e-01 4.604230523109436035e-01 7.028471231460571289e-01 3.081864714622497559e-01 4.318474829196929932e-01
2.992750406265258789e-01 4.408096969127655029e-01 4.350505471229553223e-01 2.384309917688369751e-01 4.767043590545654297e-01 6.132343411445617676e-01 3.416368961334228516e-01 6.393264532089233398e-01 3.752268478274345398e-02 2.763466238975524902e-01 1.117689758539199829e-01 3.329742550849914551e-01 4.686468839645385742e-01 2.795724570751190186e-01 4.607255458831787109e-01 6.236557364463806152e-01 3.681153655052185059e-01 4.193263053894042969e-01 2.537872493267059326e-01 3.568944036960601807e-01
3.361083865165710449e-01 3.599177598953247070e-01 1.050205975770950317e-01 2.575694024562835693e-01 2.893148660659790039e-01 4.431165456771850586e-01 1.892015933990478516e-01 1.368232965469360352e-01 5.334334373474121094e-01 4.285580813884735107e-01 3.149694800376892090e-01 3.059745430946350098e-01 8.349608182907104492e-01 5.210851430892944336e-01 4.475391209125518799e-01 2.510171532630920410e-01 8.620319962501525879e-01 5.528463125228881836e-01 3.466220498085021973e-01 5.477507114410400391e-01
2.706938982009887695e-01 3.069384098052978516e-01 2.534628510475158691e-01 3.004839420318603516e-01 4.335075020790100098e-01 2.022802382707595825e-01 1.926581859588623047e-01 2.400943636894226074e-01 1.645628213882446289e-01 2.006449103355407715e-01 6.182641983032226562e-01 1.334266960620880127e-01 5.827258825302124023e-01 3.111040592193603516e-01 2.138541340827941895e-01 3.497297465801239014e-01 4.782824814319610596e-01 3.783898651599884033e-01 4.617061614990234375e-01 3.114336431026458740e-01
2.471552342176437378e-01 3.883472084999084473e-01 6.855012178421020508e-01 2.576112747192382812e-01 1.763250529766082764e-01 3.057167232036590576e-01 3.067455887794494629e-01 3.513306677341461182e-01 3.312654495239257812e-01 2.593652606010437012e-01 2.753396630287170410e-01 4.260869026184082031e-01 6.473892927169799805e-01 3.350481092929840088e-01 2.301729023456573486e-01 3.309964537620544434e-01 4.899966120719909668e-01 3.097948133945465088e-01 3.289722800254821777e-01 1.896971166133880615e-01
2.566729485988616943e-01 3.364832326769828796e-02 5.043592453002929688e-01 6.371665596961975098e-01 3.599714934825897217e-01 2.186280190944671631e-01 4.672707915306091309e-01 3.809736073017120361e-01 4.075111746788024902e-01 5.682784318923950195e-01 3.624917268753051758e-01 3.140236437320709229e-01 3.500316739082336426e-01 2.255722582340240479e-01 3.396647870540618896e-01 3.478585481643676758e-01 2.127152383327484131e-01 4.215850234031677246e-01 5.019683837890625000e-01 3.025501966476440430e-01
3.418835699558258057e-01 2.702196836471557617e-01 2.431911975145339966e-01 3.871937096118927002e-01 1.247778013348579407e-01 1.520559787750244141e-01 5.344462990760803223e-01 3.043490052223205566e-01 2.799299061298370361e-01 4.133654236793518066e-01 3.859377503395080566e-01 1.862663924694061279e-01 2.846726179122924805e-01 1.839111745357513428e-01 3.611444234848022461e-01 2.809752225875854492e-01 1.102510243654251099e-01 3.148818016052246094e-01 3.719050586223602295e-01 4.443096518516540527e-01
3.144693374633789062e-01 4.329524040222167969e-01 8.910985291004180908e-02 2.983211278915405273e-01 3.134970366954803467e-01 3.465440571308135986e-01 4.198884367942810059e-01 5.445447564125061035e-01 3.440849781036376953e-01 5.626461505889892578e-01 3.649869561195373535e-01 4.058366119861602783e-01 2.447128295898437500e-01 1.913554072380065918e-01 2.031024694442749023e-01 8.927325904369354248e-02 2.081452012062072754e-01 2.927439212799072266e-01 2.562984824180603027e-01 2.820164263248443604e-01
4.546871781349182129e-01 2.823760807514190674e-01 5.441169738769531250e-01 2.818918228149414062e-01 1.532956808805465698e-01 6.258060932159423828e-01 2.113132029771804810e-01 2.858355641365051270e-01 2.527454197406768799e-01 5.459972620010375977e-01 2.793467044830322266e-01 4.066562652587890625e-01 4.078933298587799072e-01 2.533680200576782227e-01 5.384298563003540039e-01 3.375661969184875488e-01 1.956617683172225952e-01 4.044974446296691895e-01 2.457148730754852295e-01 3.049809634685516357e-01
3.427069187164306641e-01 3.390786349773406982e-01 4.090049564838409424e-01 2.980291545391082764e-01 4.565559327602386475e-01 4.923357963562011719e-01 4.581637382507324219e-01 2.492796331644058228e-01 4.913560450077056885e-01 4.883273839950561523e-01 2.835218012332916260e-01 2.884770929813385010e-01 5.256079435348510742e-01 4.389989376068115234e-01 4.510572254657745361e-01 1.921124458312988281e-01 5.153952836990356445e-01 2.582020461559295654e-01 5.081822872161865234e-01 2.270690798759460449e-01
2.188118845224380493e-01 5.109161138534545898e-01 4.031471312046051025e-01 2.640049159526824951e-01 4.601766467094421387e-01 1.866293698549270630e-01 4.713295698165893555e-01 4.329681396484375000e-01 1.853726506233215332e-01 4.964160621166229248e-01 2.427729666233062744e-01 3.814418017864227295e-01 2.927277386188507080e-01 4.096836745738983154e-01 4.114119410514831543e-01 1.503587961196899414e-01 2.643759548664093018e-01 2.669221162796020508e-01 1.215478703379631042e-01 4.833707213401794434e-01
3.809285163879394531e-01 3.332397937774658203e-01 2.933417558670043945e-01 1.154966950416564941e-01 3.437009453773498535e-01 4.108628034591674805e-01 6.779536604881286621e-01 3.106104731559753418e-01 3.940689563751220703e-01 2.401102781295776367e-01 2.088256031274795532e-01 4.111564457416534424e-01 2.580398619174957275e-01 2.675187587738037109e-01 1.725473105907440186e-01 3.193266391754150391e-01 4.618341028690338135e-01 2.811017036437988281e-01 2.692734599113464355e-01 5.527413487434387207e-01
3.075193166732788086e-01 2.589198350906372070e-01 3.654296398162841797e-01 3.730795383453369141e-01 5.199154615402221680e-01 4.932909309864044189e-01 3.033224344253540039e-01 6.322610378265380859e-01 1.303156614303588867e-01 3.454722166061401367e-01 4.001346826553344727e-01 3.541783094406127930e-01 5.814483165740966797e-01 4.564446210861206055e-01 2.454294711351394653e-01 1.920548081398010254e-01 2.969336807727813721e-01 3.299753963947296143e-01 2.736674249172210693e-01 3.385868966579437256e-01
2.718960940837860107e-01 3.550533652305603027e-01 4.549285769462585449e-01 4.403841495513916016e-01 2.742887735366821289e-01 4.273009002208709717e-01 1.804058551788330078e-01 2.728131711483001709e-01 1.568839401006698608e-01 2.854224443435668945e-01 4.672809839248657227e-01 1.867332160472869873e-01 2.431879937648773193e-01 3.530856072902679443e-01 7.419828325510025024e-02 4.432984888553619385e-01 3.147383332252502441e-01 3.294215500354766846e-01 3.450885415077209473e-01 2.471337467432022095e-01
2.259840816259384155e-01 3.634617924690246582e-01 2.214691489934921265e-01 3.739686012268066406e-01 2.949877381324768066e-01 1.349872499704360962e-01 2.815701067447662354e-01 1.835944205522537231e-01 2.298910319805145264e-01 7.247518301010131836e-01 7.530045509338378906e-01 2.707012891769409180e-01 3.119100332260131836e-01 2.415087819099426270e-01 4.083279371261596680e-01 3.745463490486145020e-01 3.516085147857666016e-01 3.045266866683959961e-01 3.103589415550231934e-01 2.032806426286697388e-01
3.012835383415222168e-01 3.316616714000701904e-01 2.735125720500946045e-01 2.677565217018127441e-01 3.380026221275329590e-01 1.714322566986083984e-01 2.860703468322753906e-01 3.345696628093719482e-01 2.647434175014495850e-01 5.041016340255737305e-01 2.360157817602157593e-01 8.302883505821228027e-01 1.282743811607360840e-01 4.252404272556304932e-01 4.188534617424011230e-01 4.456623494625091553e-01 4.418721199035644531e-01 3.352106809616088867e-01 2.381151467561721802e-01 3.561695218086242676e-01
