2018-07-23 06:30:00
4.382640123367309570e-01 6.010022163391113281e-01 3.290093541145324707e-01 2.820109128952026367e-01 2.970529198646545410e-01 4.758877754211425781e-01 4.734174311161041260e-01 3.982042074203491211e-01 3.808609247207641602e-01 3.884224891662597656e-01 4.264585375785827637e-01 3.911808729171752930e-01 3.131944537162780762e-01 9.053509831428527832e-01 9.851855635643005371e-01 6.570283174514770508e-01 6.369976997375488281e-01 4.649330973625183105e-01 8.562079668045043945e-01 5.956418514251708984e-01
4.126883745193481445e-01 8.058977723121643066e-01 3.263960778713226318e-01 2.338893562555313110e-01 9.107723236083984375e-01 2.537231445312500000e-01 4.875068664550781250e-01 3.811802864074707031e-01 4.120047092437744141e-01 6.377300620079040527e-01 3.469356894493103027e-01 4.127292633056640625e-01 4.503246545791625977e-01 4.480344057083129883e-01 3.836885392665863037e-01 1.109498977661132812e+00 8.263208866119384766e-01 6.927538514137268066e-01 3.633572459220886230e-01 7.619310617446899414e-01
1.469766050577163696e-01 2.778260707855224609e-01 6.526626348495483398e-01 6.095573306083679199e-01 2.365079820156097412e-01 8.831440806388854980e-01 9.308751225471496582e-01 4.386734366416931152e-01 3.592303395271301270e-01 4.715568721294403076e-01 6.581332683563232422e-01 5.487571954727172852e-01 6.430023908615112305e-01 5.148458480834960938e-01 5.000027418136596680e-01 7.282658219337463379e-01 4.864013195037841797e-01 1.247557878494262695e+00 9.802789688110351562e-01 3.512709140777587891e-01
2.465017288923263550e-01 5.998347401618957520e-01 3.558306694030761719e-01 3.953140079975128174e-01 2.664223015308380127e-01 2.843526303768157959e-01 3.631904423236846924e-01 2.825914025306701660e-01 2.999724149703979492e-01 1.140848100185394287e-01 2.111088037490844727e-01 2.949906885623931885e-01 6.703281998634338379e-01 4.982398748397827148e-01 6.874056458473205566e-01 8.632060289382934570e-01 7.183203697204589844e-01 7.545629143714904785e-01 5.722479820251464844e-01 4.212918281555175781e-01
3.119866847991943359e-01 2.921136021614074707e-01 3.879572749137878418e-01 4.464955627918243408e-01 5.742267370223999023e-01 3.311738371849060059e-01 4.087463319301605225e-01 3.752493858337402344e-01 4.505801796913146973e-01 6.333991289138793945e-01 2.937147319316864014e-01 6.549912691116333008e-01 1.043037533760070801e+00 7.093083858489990234e-01 4.777323603630065918e-01 5.779504776000976562e-01 9.360614418983459473e-01 5.743953585624694824e-01 6.025024652481079102e-01 6.939017772674560547e-01
5.076788663864135742e-01 4.122408628463745117e-01 5.508480072021484375e-01 4.278869032859802246e-01 5.283552408218383789e-01 5.342978239059448242e-01 5.464757680892944336e-01 5.525494217872619629e-01 5.913523435592651367e-01 1.567508280277252197e-01 8.460958003997802734e-01 3.516270816326141357e-01 6.386219263076782227e-01 4.748412668704986572e-01 5.388112068176269531e-01 5.241224169731140137e-01 1.265065550804138184e+00 6.517339348793029785e-01 8.577764034271240234e-01 6.054425239562988281e-01
3.592869937419891357e-01 6.898781657218933105e-01 5.210464000701904297e-01 3.882851898670196533e-01 2.175292670726776123e-01 6.977403759956359863e-01 2.213253974914550781e-01 5.359461903572082520e-01 3.812378644943237305e-01 4.679628014564514160e-01 2.567179501056671143e-01 5.531203746795654297e-01 2.815566658973693848e-01 6.752011775970458984e-01 4.745536744594573975e-01 4.012174904346466064e-01 7.735530734062194824e-01 9.578347206115722656e-01 4.722498059272766113e-01 7.135643959045410156e-01
1.357883363962173462e-01 3.353908061981201172e-01 1.489254385232925415e-01 3.763384819030761719e-01 4.955443143844604492e-01 2.420713752508163452e-01 2.819373011589050293e-01 2.443856596946716309e-01 4.207354784011840820e-01 3.145675659179687500e-01 3.463489413261413574e-01 4.450930058956146240e-01 4.806862473487854004e-01 4.228175282478332520e-01 8.217428922653198242e-01 7.650518417358398438e-01 7.377242445945739746e-01 9.437421560287475586e-01 6.466147303581237793e-01 7.408803105354309082e-01
4.754535853862762451e-01 3.643574118614196777e-01 3.519383966922760010e-01 2.402622699737548828e-01 3.206580579280853271e-01 3.112090229988098145e-01 3.057980537414550781e-01 4.511157274246215820e-01 3.999694585800170898e-01 4.060162901878356934e-01 5.771003961563110352e-01 2.540491819381713867e-01 7.200389504432678223e-01 3.916420042514801025e-01 6.583221554756164551e-01 5.727201104164123535e-01 9.404296278953552246e-01 4.813472926616668701e-01 1.037999868392944336e+00 8.480830788612365723e-01
3.822219967842102051e-01 1.972086131572723389e-01 3.673282861709594727e-01 2.212390303611755371e-01 3.320108652114868164e-01 2.967090606689453125e-01 2.942281365394592285e-01 6.497175693511962891e-01 6.083176136016845703e-01 6.445997357368469238e-01 4.356628358364105225e-01 5.026839971542358398e-01 4.629408717155456543e-01 5.067014694213867188e-01 3.526589274406433105e-01 4.749023616313934326e-01 4.462224543094635010e-01 7.654068470001220703e-01 1.897808611392974854e-01 4.699444770812988281e-01
2.922542393207550049e-01 6.025915741920471191e-01 3.286761641502380371e-01 4.221630096435546875e-01 6.340155601501464844e-01 3.895262479782104492e-01 3.347800374031066895e-01 4.146384298801422119e-01 4.041349887847900391e-01 6.811287403106689453e-01 5.632216930389404297e-01 5.720705389976501465e-01 4.083413481712341309e-01 5.029200315475463867e-01 2.841514050960540771e-01 4.387279748916625977e-01 3.325140178203582764e-01 4.914434850215911865e-01 8.136847019195556641e-01 1.839105784893035889e-01
2.873537540435791016e-01 4.597451686859130859e-01 3.014837801456451416e-01 2.948254644870758057e-01 3.214034140110015869e-01 3.903124332427978516e-01 3.605313897132873535e-01 3.847890198230743408e-01 3.445546030998229980e-01 3.094359338283538818e-01 4.077130556106567383e-01 1.422468423843383789e-01 4.689422249794006348e-01 3.146497011184692383e-01 4.412375390529632568e-01 6.518199443817138672e-01 2.934870719909667969e-01 3.842692375183105469e-01 5.245797038078308105e-01 2.663251459598541260e-01
2.660016715526580811e-01 4.507718384265899658e-01 5.373862981796264648e-01 2.314574271440505981e-01 5.868133306503295898e-01 3.520606756210327148e-01 3.025971055030822754e-01 4.767175614833831787e-01 4.345899820327758789e-01 5.680336952209472656e-01 4.824664592742919922e-01 3.107028603553771973e-01 3.405374288558959961e-01 3.529136776924133301e-01 4.676823616027832031e-01 3.464130759239196777e-01 3.393581509590148926e-01 3.179858922958374023e-01 2.139575779438018799e-01 7.234665155410766602e-01
5.542557239532470703e-01 3.639089167118072510e-01 3.231876492500305176e-01 4.529049098491668701e-01 2.358259558677673340e-01 5.607048273086547852e-01 1.535827815532684326e-01 4.531314671039581299e-01 4.286189675331115723e-01 6.411176919937133789e-01 2.821541130542755127e-01 6.036679148674011230e-01 1.055216938257217407e-01 1.728059798479080200e-01 4.086201786994934082e-01 3.423545956611633301e-01 2.006851732730865479e-01 2.749157547950744629e-01 2.454674094915390015e-01 1.856788694858551025e-01
4.884684085845947266e-01 3.370860219001770020e-01 3.156638443470001221e-01 5.593224763870239258e-01 3.276730179786682129e-01 4.978040456771850586e-01 3.842856287956237793e-01 4.146975278854370117e-01 4.368327856063842773e-01 5.084494352340698242e-01 4.750424623489379883e-01 3.800476789474487305e-01 4.001919329166412354e-01 3.900993466377258301e-01 3.959056735038757324e-01 3.368055224418640137e-01 5.223661661148071289e-01 2.748689651489257812e-01 3.906917870044708252e-01 3.176223039627075195e-01
3.060119152069091797e-01 5.834065675735473633e-01 3.767666816711425781e-01 6.257627010345458984e-01 4.633188843727111816e-01 3.253805637359619141e-01 3.931754231452941895e-01 8.083971738815307617e-01 5.489354133605957031e-01 5.629440546035766602e-01 1.727772802114486694e-01 3.118643164634704590e-01 3.398076891899108887e-01 1.506587564945220947e-01 4.812413454055786133e-01 4.166870713233947754e-01 4.473440647125244141e-01 2.206424623727798462e-01 1.698295921087265015e-01 8.758288621902465820e-01
2.987583577632904053e-01 2.678813338279724121e-01 6.808628439903259277e-01 7.474282979965209961e-01 6.759753227233886719e-01 3.959124684333801270e-01 4.400664269924163818e-01 5.160072445869445801e-01 6.533923149108886719e-01 4.632261097431182861e-01 4.950183928012847900e-01 4.948286116123199463e-01 4.500238001346588135e-01 3.017588257789611816e-01 3.503470420837402344e-01 2.881705462932586670e-01 2.241113036870956421e-01 1.767054647207260132e-01 2.783613801002502441e-01 4.454283416271209717e-01
5.160033106803894043e-01 5.807998180389404297e-01 5.277950167655944824e-01 2.628977000713348389e-01 5.217188596725463867e-01 4.574559330940246582e-01 4.146695137023925781e-01 3.864017724990844727e-01 2.774106860160827637e-01 5.397623777389526367e-01 1.880342513322830200e-01 3.730677366256713867e-01 3.505264222621917725e-01 4.037799835205078125e-01 3.845118582248687744e-01 4.693132042884826660e-01 4.312279820442199707e-01 2.748636007308959961e-01 2.969472408294677734e-01 3.166818022727966309e-01
3.784812092781066895e-01 3.321253955364227295e-01 6.935315132141113281e-01 1.015199899673461914e+00 4.210736453533172607e-01 6.012214422225952148e-01 3.982307612895965576e-01 4.196863770484924316e-01 3.299054503440856934e-01 1.053358316421508789e+00 6.024006009101867676e-01 6.388460993766784668e-01 1.853444576263427734e-01 3.349655866622924805e-01 3.351615071296691895e-01 4.840446114540100098e-01 2.212823778390884399e-01 4.581490755081176758e-01 4.583053588867187500e-01 2.974697053432464600e-01
3.598450720310211182e-01 3.436476588249206543e-01 3.068646490573883057e-01 4.310995936393737793e-01 4.846578240394592285e-01 5.056741237640380859e-01 6.348685026168823242e-01 4.694133698940277100e-01 4.494466185569763184e-01 5.552089810371398926e-01 5.513544082641601562e-01 3.738357424736022949e-01 2.569102644920349121e-01 2.831032872200012207e-01 1.416079699993133545e-01 1.721194386482238770e-01 5.247753858566284180e-01 3.323836326599121094e-01 2.013374865055084229e-01 4.334959983825683594e-01
