2018-07-23 06:45:00
4.282286763191223145e-01 5.244172215461730957e-01 5.999000072479248047e-01 5.391584634780883789e-01 6.093565821647644043e-01 4.463636577129364014e-01 5.278512239456176758e-01 4.078981578350067139e-01 5.872460007667541504e-01 2.219449728727340698e-01 5.289235115051269531e-01 5.644449591636657715e-01 4.127250611782073975e-01 7.554266452789306641e-01 1.022506356239318848e+00 6.002696752548217773e-01 1.032055616378784180e+00 6.255460977554321289e-01 5.371481776237487793e-01 7.355221509933471680e-01
3.738014101982116699e-01 5.522869825363159180e-01 6.226891875267028809e-01 3.624274432659149170e-01 7.066674828529357910e-01 2.934297025203704834e-01 4.766722321510314941e-01 5.183325409889221191e-01 5.644360184669494629e-01 4.296582341194152832e-01 5.087928175926208496e-01 7.498061656951904297e-01 6.038649082183837891e-01 1.008120298385620117e+00 1.155272245407104492e+00 1.111834764480590820e+00 6.657278537750244141e-01 5.079519748687744141e-01 4.965009689331054688e-01 9.771378040313720703e-01
1.967408657073974609e-01 5.220516324043273926e-01 3.891659677028656006e-01 5.365850925445556641e-01 3.377513289451599121e-01 1.165899395942687988e+00 4.388603568077087402e-01 4.180284142494201660e-01 4.078179597854614258e-01 2.908211946487426758e-01 1.448988318443298340e-01 3.478376567363739014e-01 4.663107991218566895e-01 7.105175852775573730e-01 5.302983522415161133e-01 7.356939911842346191e-01 3.286669850349426270e-01 8.685100078582763672e-01 8.911609649658203125e-01 8.330159187316894531e-01
6.018486022949218750e-01 1.795161515474319458e-01 5.115494728088378906e-01 4.980098009109497070e-01 3.415536880493164062e-01 5.138649940490722656e-01 3.563896417617797852e-01 4.659546017646789551e-01 4.902145564556121826e-01 4.672893881797790527e-01 6.060038805007934570e-01 5.989859700202941895e-01 8.540725708007812500e-01 7.375246882438659668e-01 7.743502259254455566e-01 6.881725788116455078e-01 1.209215641021728516e+00 1.205797314643859863e+00 8.050175309181213379e-01 1.175458312034606934e+00
4.597218334674835205e-01 2.434118688106536865e-01 3.613675236701965332e-01 5.493336915969848633e-01 3.118901252746582031e-01 4.005957841873168945e-01 4.360536336898803711e-01 2.265837341547012329e-01 3.647125363349914551e-01 5.366765260696411133e-01 5.630954504013061523e-01 5.215975046157836914e-01 4.365875720977783203e-01 6.433178186416625977e-01 1.084177017211914062e+00 8.393001556396484375e-01 7.318221926689147949e-01 1.134093403816223145e+00 1.032779455184936523e+00 1.359091877937316895e+00
2.378877550363540649e-01 4.650388956069946289e-01 4.588580131530761719e-01 1.795789003372192383e-01 5.520761609077453613e-01 2.973468899726867676e-01 4.675254523754119873e-01 9.289408922195434570e-01 3.657051324844360352e-01 1.611564308404922485e-01 4.543249011039733887e-01 2.998850643634796143e-01 3.803472518920898438e-01 8.199286460876464844e-01 5.048598051071166992e-01 7.160658836364746094e-01 1.160397410392761230e+00 8.168903589248657227e-01 7.709388732910156250e-01 1.084720611572265625e+00
5.959686040878295898e-01 4.050214886665344238e-01 4.267017841339111328e-01 9.089210629463195801e-02 7.920045852661132812e-01 9.504892826080322266e-01 2.777689695358276367e-01 1.924469470977783203e-01 1.877922117710113525e-01 4.348840117454528809e-01 5.246639251708984375e-01 4.270855188369750977e-01 4.409780204296112061e-01 8.466572761535644531e-01 6.722280979156494141e-01 7.086186408996582031e-01 1.331537961959838867e+00 8.730204701423645020e-01 7.710285186767578125e-01 8.544876575469970703e-01
4.666736423969268799e-01 5.119777917861938477e-01 2.674790620803833008e-01 2.679723799228668213e-01 2.949863672256469727e-01 3.157977163791656494e-01 1.780953407287597656e-01 2.637632787227630615e-01 3.262049555778503418e-01 3.576887249946594238e-01 5.137375593185424805e-01 1.893949657678604126e-01 4.994397163391113281e-01 4.490080177783966064e-01 6.937901377677917480e-01 4.844144582748413086e-01 7.156660556793212891e-01 6.140241026878356934e-01 8.988466262817382812e-01 6.003088951110839844e-01
3.400964438915252686e-01 2.971303761005401611e-01 2.723325788974761963e-01 7.010154128074645996e-01 2.271281778812408447e-01 3.350088000297546387e-01 9.212286770343780518e-02 4.708748757839202881e-01 4.531047642230987549e-01 4.876990318298339844e-01 3.218897581100463867e-01 6.951955556869506836e-01 6.509217023849487305e-01 5.641264915466308594e-01 6.529366970062255859e-01 4.506129026412963867e-01 1.104497194290161133e+00 1.015432953834533691e+00 1.117080688476562500e+00 6.544531583786010742e-01
2.548341453075408936e-01 3.798870146274566650e-01 2.684588730335235596e-01 4.051611423492431641e-01 5.425281524658203125e-01 4.918621182441711426e-01 4.916291236877441406e-01 4.252865314483642578e-01 2.876487970352172852e-01 3.761345744132995605e-01 4.868301749229431152e-01 4.302862882614135742e-01 7.146614193916320801e-01 4.339978694915771484e-01 4.039546847343444824e-01 6.919418573379516602e-01 4.873850941658020020e-01 7.461742162704467773e-01 6.299501061439514160e-01 6.132947206497192383e-01
3.739550113677978516e-01 3.003209233283996582e-01 3.113911747932434082e-01 3.251562118530273438e-01 3.804206252098083496e-01 3.312658369541168213e-01 2.438844442367553711e-01 2.133427411317825317e-01 3.583719730377197266e-01 4.948468804359436035e-01 4.922392666339874268e-01 5.354243516921997070e-01 2.781653702259063721e-01 4.516638517379760742e-01 3.589961528778076172e-01 7.399799823760986328e-01 6.754519939422607422e-01 5.249771475791931152e-01 6.491010785102844238e-01 4.947205781936645508e-01
5.045375823974609375e-01 3.007178902626037598e-01 1.992522627115249634e-01 3.118908405303955078e-01 4.335907995700836182e-01 9.451429843902587891e-01 4.300976991653442383e-01 3.341025114059448242e-01 5.079491138458251953e-01 1.863015145063400269e-01 2.025265693664550781e-01 5.475229024887084961e-01 2.846224308013916016e-01 3.071847856044769287e-01 3.193039894104003906e-01 4.868051409721374512e-01 4.854683578014373779e-01 6.324774026870727539e-01 4.995017647743225098e-01 4.967770576477050781e-01
3.532808423042297363e-01 3.051489591598510742e-01 4.575443863868713379e-01 3.978124260902404785e-01 3.931464552879333496e-01 4.584709107875823975e-01 3.305206596851348877e-01 3.818854391574859619e-01 2.641652226448059082e-01 4.649303257465362549e-01 2.901548147201538086e-01 2.391085624694824219e-01 1.838502585887908936e-01 5.328109860420227051e-01 3.214522302150726318e-01 2.063779383897781372e-01 4.852792620658874512e-01 2.289430052042007446e-01 3.226571083068847656e-01 6.713137626647949219e-01
3.748112320899963379e-01 6.799240112304687500e-01 4.296022057533264160e-01 4.881841838359832764e-01 5.104145407676696777e-01 3.519502878189086914e-01 3.595637977123260498e-01 4.710802733898162842e-01 5.065292119979858398e-01 4.692024290561676025e-01 4.283863902091979980e-01 3.966026306152343750e-01 2.919930517673492432e-01 4.708043336868286133e-01 3.448772728443145752e-01 3.347479403018951416e-01 6.377513408660888672e-01 3.558543026447296143e-01 4.282810091972351074e-01 2.839400172233581543e-01
3.479928076267242432e-01 5.016762018203735352e-01 2.926234900951385498e-01 2.887563705444335938e-01 6.012147665023803711e-01 3.228437602519989014e-01 3.896482884883880615e-01 4.770761728286743164e-01 5.210915207862854004e-01 4.407640695571899414e-01 1.198332607746124268e-01 2.263818085193634033e-01 2.473910897970199585e-01 3.273918330669403076e-01 3.248679935932159424e-01 2.921187877655029297e-01 2.319607287645339966e-01 2.319896519184112549e-01 3.575093746185302734e-01 3.849992752075195312e-01
4.364336729049682617e-01 6.088751554489135742e-01 4.037801921367645264e-01 7.308881282806396484e-01 4.684712290763854980e-01 3.794661164283752441e-01 5.495241284370422363e-01 4.542682468891143799e-01 2.262078821659088135e-01 6.032393574714660645e-01 5.407986640930175781e-01 4.753430187702178955e-01 4.360488057136535645e-01 2.341999411582946777e-01 1.689757853746414185e-01 2.076866924762725830e-01 2.824305891990661621e-01 4.012061357498168945e-01 1.485228240489959717e-01 4.494012296199798584e-01
5.163775682449340820e-01 5.648680925369262695e-01 1.989502906799316406e-01 4.035041928291320801e-01 6.959202289581298828e-01 2.442947030067443848e-01 4.189231991767883301e-01 6.730611324310302734e-01 4.078708887100219727e-01 4.363819062709808350e-01 3.774489760398864746e-01 2.632993459701538086e-01 4.742650389671325684e-01 2.287975400686264038e-01 3.530191779136657715e-01 4.547805190086364746e-01 2.319358885288238525e-01 2.295161485671997070e-01 2.924109399318695068e-01 3.961572349071502686e-01
7.023353576660156250e-01 3.124340176582336426e-01 2.845741808414459229e-01 5.877357721328735352e-01 6.334709525108337402e-01 5.306123495101928711e-01 4.798446893692016602e-01 4.457181990146636963e-01 4.250085055828094482e-01 4.620136320590972900e-01 4.385019540786743164e-01 3.133325278759002686e-01 2.502042353153228760e-01 4.967671036720275879e-01 3.416976630687713623e-01 1.805084645748138428e-01 2.707465887069702148e-01 3.051019906997680664e-01 4.000286161899566650e-01 2.612711191177368164e-01
2.351603358983993530e-01 5.956461429595947266e-01 3.016203045845031738e-01 2.982258796691894531e-01 5.621367692947387695e-01 3.121573030948638916e-01 6.728049516677856445e-01 3.361765742301940918e-01 6.262139081954956055e-01 6.446883678436279297e-01 2.139400541782379150e-01 4.754899740219116211e-01 4.501096010208129883e-01 3.415487408638000488e-01 3.577803969383239746e-01 3.877199590206146240e-01 2.244659811258316040e-01 3.137199282646179199e-01 2.129149138927459717e-01 5.030681490898132324e-01
5.039417743682861328e-01 5.731797814369201660e-01 4.852711260318756104e-01 4.605382084846496582e-01 3.267778754234313965e-01 4.876047074794769287e-01 4.553038477897644043e-01 3.875992000102996826e-01 3.742099702358245850e-01 3.334054350852966309e-01 6.809888482093811035e-01 5.133746862411499023e-01 4.073766171932220459e-01 2.781233191490173340e-01 1.925168335437774658e-01 1.407138556241989136e-01 3.999953269958496094e-01 3.642905056476593018e-01 3.327435255050659180e-01 3.676106929779052734e-01
