2018-07-23 09:00:00
5.293371677398681641e-01 4.641240239143371582e-01 6.487124562263488770e-01 3.330699503421783447e-01 3.994045257568359375e-01 3.536172509193420410e-01 3.900322318077087402e-01 2.967995405197143555e-01 1.566911041736602783e-01 3.013743162155151367e-01 2.812221646308898926e-01 4.747197926044464111e-01 5.448176860809326172e-01 5.809990763664245605e-01 5.773473381996154785e-01 7.852454185485839844e-01 5.514644384384155273e-01 4.713756740093231201e-01 6.060242652893066406e-01 6.253432631492614746e-01
3.191993236541748047e-01 7.822349667549133301e-01 4.793162345886230469e-01 5.492725372314453125e-01 2.590917944908142090e-01 5.597444772720336914e-01 2.932998538017272949e-01 1.876974999904632568e-01 2.018441706895828247e-01 3.410596251487731934e-01 3.031936883926391602e-01 3.893831372261047363e-01 5.300645828247070312e-01 4.470448195934295654e-01 2.453614771366119385e-01 1.110059261322021484e+00 4.001347720623016357e-01 7.831311821937561035e-01 2.803932726383209229e-01 4.214465022087097168e-01
4.131237268447875977e-01 3.005688786506652832e-01 4.344512820243835449e-01 3.784523010253906250e-01 3.922160267829895020e-01 3.378177881240844727e-01 3.159886002540588379e-01 2.639647722244262695e-01 3.019818663597106934e-01 1.242631077766418457e-01 3.711922466754913330e-01 3.511133193969726562e-01 4.243319034576416016e-01 4.538267254829406738e-01 4.736549854278564453e-01 8.124025464057922363e-01 4.551483392715454102e-01 7.166677117347717285e-01 6.350593566894531250e-01 5.472781658172607422e-01
2.931670844554901123e-01 4.399006962776184082e-01 3.959047198295593262e-01 3.673894405364990234e-01 3.277961611747741699e-01 1.472441107034683228e-01 2.017162442207336426e-01 2.024454176425933838e-01 1.872370541095733643e-01 4.098632037639617920e-01 1.535130441188812256e-01 3.094526827335357666e-01 3.516080677509307861e-01 7.142845392227172852e-01 7.585396170616149902e-01 9.557328224182128906e-01 8.650904893875122070e-01 7.327374815940856934e-01 6.445852518081665039e-01 8.477847576141357422e-01
4.723554849624633789e-01 2.371210753917694092e-01 4.338089823722839355e-01 2.694434523582458496e-01 2.300551533699035645e-01 3.472971320152282715e-01 2.636828124523162842e-01 4.904152154922485352e-01 2.056954652070999146e-01 4.252929687500000000e-01 2.827535271644592285e-01 2.145121395587921143e-01 8.449820280075073242e-01 6.168414354324340820e-01 7.007089853286743164e-01 6.269755959510803223e-01 9.027836918830871582e-01 7.648238539695739746e-01 8.579998612403869629e-01 5.567376613616943359e-01
4.176773428916931152e-01 5.176298618316650391e-01 4.122720360755920410e-01 5.022081136703491211e-01 7.607110738754272461e-01 2.913496494293212891e-01 5.905258655548095703e-01 1.440739184617996216e-01 3.367656767368316650e-01 2.575968205928802490e-01 1.941387802362442017e-01 3.861547708511352539e-01 4.520375728607177734e-01 5.540708303451538086e-01 6.452288031578063965e-01 7.107641100883483887e-01 1.091355919837951660e+00 7.425891757011413574e-01 9.988808035850524902e-01 7.126055955886840820e-01
3.425039947032928467e-01 3.193120658397674561e-01 2.454304099082946777e-01 2.644177675247192383e-01 6.647360920906066895e-01 3.034608364105224609e-01 4.909409284591674805e-01 1.944048404693603516e-01 3.908115029335021973e-01 3.547896742820739746e-01 4.210773110389709473e-01 3.499667644500732422e-01 3.381250500679016113e-01 5.425285100936889648e-01 6.256489753723144531e-01 4.112863242626190186e-01 5.733386278152465820e-01 7.534670829772949219e-01 7.895157933235168457e-01 5.632059574127197266e-01
5.289612412452697754e-01 2.828600108623504639e-01 1.218504905700683594e-01 4.150869548320770264e-01 3.069183230400085449e-01 2.444246858358383179e-01 1.284145414829254150e-01 4.916501045227050781e-01 1.460996419191360474e-01 2.416154146194458008e-01 3.210736513137817383e-01 3.652765154838562012e-01 4.711040854454040527e-01 3.124726116657257080e-01 1.091008111834526062e-01 6.477715373039245605e-01 7.883285284042358398e-01 7.634618878364562988e-01 8.589543104171752930e-01 9.986898303031921387e-01
4.834479689598083496e-01 3.135493993759155273e-01 5.602838397026062012e-01 5.159843564033508301e-01 4.224206209182739258e-01 2.728806138038635254e-01 3.156869709491729736e-01 3.218314349651336670e-01 4.653466343879699707e-01 1.897883117198944092e-01 3.712005913257598877e-01 3.695619702339172363e-01 4.063789248466491699e-01 4.487087130546569824e-01 2.778673171997070312e-01 5.269024372100830078e-01 4.738386869430541992e-01 6.193851232528686523e-01 4.541154503822326660e-01 6.013308167457580566e-01
3.321237564086914062e-01 3.864381313323974609e-01 2.173384577035903931e-01 1.531136929988861084e-01 3.670600652694702148e-01 1.844757497310638428e-01 2.947591245174407959e-01 3.394168019294738770e-01 2.318437099456787109e-01 3.870538473129272461e-01 3.464350998401641846e-01 2.741459608078002930e-01 2.144888937473297119e-01 1.786220371723175049e-01 4.663170874118804932e-01 3.805475234985351562e-01 3.119439482688903809e-01 4.787511229515075684e-01 4.701920747756958008e-01 3.191693723201751709e-01
3.660275936126708984e-01 4.116258025169372559e-01 1.694943755865097046e-01 4.637880325317382812e-01 3.064424991607666016e-01 2.005667388439178467e-01 4.464632272720336914e-01 1.618842035531997681e-01 3.303169012069702148e-01 4.124329686164855957e-01 3.360626399517059326e-01 2.651313543319702148e-01 1.697589755058288574e-01 3.171622753143310547e-01 1.653805673122406006e-01 5.120787620544433594e-01 7.527956962585449219e-01 7.923582792282104492e-01 6.383825540542602539e-01 5.158230066299438477e-01
3.622935414314270020e-01 2.705180644989013672e-01 3.922136127948760986e-01 1.567326784133911133e-01 2.756209969520568848e-01 3.715419173240661621e-01 1.919444203376770020e-01 2.686108350753784180e-01 3.860772252082824707e-01 3.071495890617370605e-01 8.838741481304168701e-02 2.202721834182739258e-01 1.205833107233047485e-01 6.871510148048400879e-01 3.049650788307189941e-01 6.572947502136230469e-01 3.180052638053894043e-01 4.016482830047607422e-01 3.375551700592041016e-01 3.369563221931457520e-01
4.691811203956604004e-01 2.644141316413879395e-01 3.674877583980560303e-01 2.575380206108093262e-01 1.741562187671661377e-01 3.679819703102111816e-01 4.327281117439270020e-01 3.078131675720214844e-01 4.922667145729064941e-01 3.148009479045867920e-01 3.887367248535156250e-01 2.490797936916351318e-01 3.428767919540405273e-01 2.322928756475448608e-01 3.353257775306701660e-01 3.699063062667846680e-01 3.505337834358215332e-01 2.749601304531097412e-01 3.318672180175781250e-01 5.281361341476440430e-01
4.197462201118469238e-01 5.160093307495117188e-01 4.151509702205657959e-01 5.736666321754455566e-01 2.274971008300781250e-01 3.788988590240478516e-01 3.544408380985260010e-01 3.050964176654815674e-01 2.851558327674865723e-01 2.311425209045410156e-01 2.237841486930847168e-01 4.394758641719818115e-01 3.536292314529418945e-01 3.376763761043548584e-01 3.439967930316925049e-01 2.950876355171203613e-01 4.748459756374359131e-01 3.965005874633789062e-01 3.631500601768493652e-01 2.779681384563446045e-01
3.198012113571166992e-01 2.324865758419036865e-01 4.404774010181427002e-01 2.795553803443908691e-01 4.985623657703399658e-01 5.004318356513977051e-01 5.589015483856201172e-01 4.931260943412780762e-01 3.909999728202819824e-01 4.223393499851226807e-01 2.182122766971588135e-01 3.200542926788330078e-01 3.875993490219116211e-01 2.368815541267395020e-01 3.379041850566864014e-01 1.697602868080139160e-01 2.278355658054351807e-01 3.308910429477691650e-01 2.320828586816787720e-01 3.316788077354431152e-01
1.453161239624023438e-01 3.583269417285919189e-01 3.893392384052276611e-01 2.062336504459381104e-01 3.423170149326324463e-01 4.303929209709167480e-01 4.152389168739318848e-01 4.854179024696350098e-01 3.226346969604492188e-01 6.527535319328308105e-01 3.969455659389495850e-01 1.908249706029891968e-01 1.329021304845809937e-01 5.048004388809204102e-01 2.882957458496093750e-01 3.420707881450653076e-01 3.532724976539611816e-01 1.796991080045700073e-01 3.012202680110931396e-01 3.776853978633880615e-01
3.492094278335571289e-01 4.042329192161560059e-01 2.490243017673492432e-01 4.986537694931030273e-01 5.256103277206420898e-01 3.060383498668670654e-01 4.351556897163391113e-01 4.337394535541534424e-01 6.260775327682495117e-01 3.667429089546203613e-01 3.645876944065093994e-01 2.189666777849197388e-01 3.931533098220825195e-01 3.476329445838928223e-01 5.838490724563598633e-01 3.078830540180206299e-01 2.077014148235321045e-01 2.343711405992507935e-01 3.230800926685333252e-01 2.798384428024291992e-01
2.642516493797302246e-01 3.711234033107757568e-01 4.452175796031951904e-01 3.223787844181060791e-01 2.709640264511108398e-01 3.648754358291625977e-01 2.549651861190795898e-01 3.313209712505340576e-01 1.829804480075836182e-01 3.677332997322082520e-01 2.683827280998229980e-01 1.416974961757659912e-01 1.568172127008438110e-01 4.514438509941101074e-01 3.094997406005859375e-01 2.717375457286834717e-01 1.813956499099731445e-01 2.535849213600158691e-01 1.075684279203414917e-01 2.300475537776947021e-01
5.895447731018066406e-01 2.630774676799774170e-01 3.687691092491149902e-01 3.986885547637939453e-01 1.391634643077850342e-01 4.182442426681518555e-01 4.821823835372924805e-01 5.178904533386230469e-01 3.058833181858062744e-01 2.688350975513458252e-01 2.442220151424407959e-01 2.405866980552673340e-01 4.339689016342163086e-01 1.924308240413665771e-01 6.134034395217895508e-01 3.201092183589935303e-01 2.856983542442321777e-01 2.033527195453643799e-01 4.196026027202606201e-01 2.444984167814254761e-01
4.625801444053649902e-01 4.221649765968322754e-01 4.676419794559478760e-01 6.329110264778137207e-01 3.155468702316284180e-01 3.796781897544860840e-01 3.393496870994567871e-01 7.247173786163330078e-02 4.492911100387573242e-01 2.802046537399291992e-01 4.370301365852355957e-01 1.456179022789001465e-01 4.542215764522552490e-01 3.110813796520233154e-01 1.767024099826812744e-01 1.346571296453475952e-01 5.479500293731689453e-01 3.518006205558776855e-01 3.389288187026977539e-01 3.469846844673156738e-01
