2018-07-23 09:15:00
4.835069179534912109e-01 2.056362628936767578e-01 5.649595260620117188e-01 4.174032211303710938e-01 4.007012248039245605e-01 2.744448781013488770e-01 3.939390778541564941e-01 4.522320330142974854e-01 3.843920826911926270e-01 1.845384240150451660e-01 3.817546367645263672e-01 3.660300374031066895e-01 5.181482434272766113e-01 3.762330114841461182e-01 3.151294291019439697e-01 3.724662065505981445e-01 1.766544431447982788e-01 1.150653734803199768e-01 4.393469691276550293e-01 4.255031347274780273e-01
5.058065652847290039e-01 4.920263290405273438e-01 2.683967947959899902e-01 4.762289226055145264e-01 3.617198467254638672e-01 3.859591484069824219e-01 3.856730163097381592e-01 3.094342350959777832e-01 3.426980078220367432e-01 4.646599888801574707e-01 2.178542912006378174e-01 2.591826915740966797e-01 5.812077522277832031e-01 2.818783521652221680e-01 3.949366807937622070e-01 3.930959701538085938e-01 3.283185958862304688e-01 4.874340295791625977e-01 3.263483047485351562e-01 2.964814901351928711e-01
3.319360017776489258e-01 4.086577594280242920e-01 4.505102038383483887e-01 2.155309021472930908e-01 2.153049707412719727e-01 4.000859260559082031e-01 3.737734556198120117e-01 1.637282818555831909e-01 4.490362703800201416e-01 2.063866853713989258e-01 2.525573670864105225e-01 3.101528584957122803e-01 3.462889492511749268e-01 4.374950826168060303e-01 6.006840467453002930e-01 4.608866572380065918e-01 5.454584956169128418e-01 4.299977421760559082e-01 3.553507328033447266e-01 3.254142403602600098e-01
3.111660480499267578e-01 4.713488519191741943e-01 3.875585198402404785e-01 3.171644210815429688e-01 1.932986974716186523e-01 2.951307296752929688e-01 3.720992207527160645e-01 2.635673880577087402e-01 3.337229490280151367e-01 5.137196779251098633e-01 8.284662961959838867e-01 4.199723005294799805e-01 3.674932122230529785e-01 4.106523096561431885e-01 3.457256555557250977e-01 3.991484045982360840e-01 3.553408086299896240e-01 3.149368762969970703e-01 1.616727113723754883e-01 3.512879908084869385e-01
4.628936052322387695e-01 4.101150929927825928e-01 3.030841946601867676e-01 3.086101412773132324e-01 2.626960277557373047e-01 4.415128827095031738e-01 3.046175837516784668e-01 1.559416949748992920e-01 2.651765942573547363e-01 5.593149065971374512e-01 5.402435064315795898e-01 2.853881716728210449e-01 2.071351408958435059e-01 2.623709142208099365e-01 4.792308807373046875e-01 3.942799866199493408e-01 5.294683575630187988e-01 3.542250394821166992e-01 2.579960525035858154e-01 2.680356800556182861e-01
2.223322689533233643e-01 2.986130118370056152e-01 3.956641852855682373e-01 3.168128132820129395e-01 3.798684775829315186e-01 4.408459365367889404e-01 4.423407018184661865e-01 1.015473484992980957e+00 2.511139214038848877e-01 2.854316234588623047e-01 3.458981812000274658e-01 3.774707317352294922e-01 5.035540461540222168e-01 2.777333855628967285e-01 2.585053741931915283e-01 3.919659852981567383e-01 3.575230538845062256e-01 4.329950809478759766e-01 3.233236074447631836e-01 3.451288342475891113e-01
4.915524423122406006e-01 4.802339673042297363e-01 4.270288944244384766e-01 3.417765498161315918e-01 1.844330430030822754e-01 2.310167253017425537e-01 3.978120088577270508e-01 3.508537411689758301e-01 2.907199561595916748e-01 3.275496661663055420e-01 2.306589037179946899e-01 2.629945874214172363e-01 2.553236186504364014e-01 4.240575432777404785e-01 3.332222700119018555e-01 5.379573106765747070e-01 5.967345237731933594e-01 3.520416319370269775e-01 2.317726016044616699e-01 4.273065626621246338e-01
4.009317457675933838e-01 3.573949337005615234e-01 2.837898731231689453e-01 3.162831664085388184e-01 3.525914251804351807e-01 3.899152278900146484e-01 4.499998986721038818e-01 3.904076814651489258e-01 1.950228959321975708e-01 2.523122727870941162e-01 2.741263508796691895e-01 3.530871570110321045e-01 5.604794025421142578e-01 5.977001786231994629e-01 2.835215032100677490e-01 4.825941324234008789e-01 2.980036437511444092e-01 2.000982463359832764e-01 3.657792508602142334e-01 5.459936857223510742e-01
3.321624398231506348e-01 2.583773434162139893e-01 3.687555193901062012e-01 2.381907105445861816e-01 4.343414604663848877e-01 4.284440577030181885e-01 4.687936305999755859e-01 4.675502479076385498e-01 4.569467902183532715e-01 1.259547322988510132e-01 2.828052341938018799e-01 3.942804336547851562e-01 2.961983680725097656e-01 1.691488921642303467e-01 4.672884643077850342e-01 3.654215931892395020e-01 3.714675009250640869e-01 3.953232169151306152e-01 2.642375826835632324e-01 1.911905109882354736e-01
2.186760604381561279e-01 3.993453383445739746e-01 1.730024516582489014e-01 4.002221226692199707e-01 1.831329613924026489e-01 3.712303936481475830e-01 2.911589145660400391e-01 2.998698949813842773e-01 2.285018861293792725e-01 4.343238472938537598e-01 2.981064617633819580e-01 3.122202754020690918e-01 3.826776146888732910e-01 3.310785591602325439e-01 1.556220203638076782e-01 2.944067418575286865e-01 3.482004702091217041e-01 3.732132315635681152e-01 3.705173730850219727e-01 3.547658920288085938e-01
3.375957012176513672e-01 4.686393141746520996e-01 2.691392898559570312e-01 6.058897972106933594e-01 1.893142610788345337e-01 1.736556142568588257e-01 3.009608387947082520e-01 2.058309316635131836e-01 2.789053916931152344e-01 2.395802736282348633e-01 4.202838540077209473e-01 3.117119669914245605e-01 3.904073536396026611e-01 2.071606367826461792e-01 8.690001070499420166e-02 4.849370121955871582e-01 2.256447225809097290e-01 8.848752975463867188e-01 4.779421985149383545e-01 3.132452666759490967e-01
5.342307090759277344e-01 2.701671123504638672e-01 1.996549367904663086e-01 3.206275999546051025e-01 3.893841505050659180e-01 2.926870584487915039e-01 3.177096247673034668e-01 1.195768192410469055e-01 3.576860725879669189e-01 3.724533319473266602e-01 4.176436960697174072e-01 2.972139418125152588e-01 2.925086617469787598e-01 2.156553864479064941e-01 4.609556794166564941e-01 1.043265461921691895e-01 3.556109368801116943e-01 2.275467514991760254e-01 3.259151577949523926e-01 3.769018650054931641e-01
4.190899431705474854e-01 3.310303092002868652e-01 3.256540596485137939e-01 3.282317817211151123e-01 3.144730925559997559e-01 4.415966272354125977e-01 4.244831204414367676e-01 4.322490990161895752e-01 2.229850292205810547e-01 4.244795441627502441e-01 3.348023295402526855e-01 4.251163899898529053e-01 4.720116853713989258e-01 5.834381580352783203e-01 3.486142456531524658e-01 3.384790420532226562e-01 4.438637793064117432e-01 4.702543020248413086e-01 5.212503671646118164e-01 2.445545643568038940e-01
2.169980853796005249e-01 4.814816415309906006e-01 2.883022725582122803e-01 3.996577858924865723e-01 4.175646305084228516e-01 2.513158917427062988e-01 3.502982258796691895e-01 4.215770363807678223e-01 4.122495055198669434e-01 3.775784373283386230e-01 2.340991348028182983e-01 3.001005649566650391e-01 1.967822313308715820e-01 2.215177267789840698e-01 3.370641767978668213e-01 4.241937398910522461e-01 2.666096091270446777e-01 6.156656742095947266e-01 2.277718186378479004e-01 1.845343112945556641e-01
4.801503121852874756e-01 2.757893800735473633e-01 3.604716062545776367e-01 1.900751143693923950e-01 2.890787422657012939e-01 4.713342487812042236e-01 4.239995777606964111e-01 3.687554299831390381e-01 4.314825236797332764e-01 4.722676277160644531e-01 3.029919862747192383e-01 3.064671754837036133e-01 3.588707447052001953e-01 4.408884048461914062e-01 3.200044631958007812e-01 4.998635947704315186e-01 4.141104221343994141e-01 1.900041401386260986e-01 4.120056629180908203e-01 3.874473273754119873e-01
2.812336683273315430e-01 2.001844942569732666e-01 2.911613285541534424e-01 3.111556768417358398e-01 2.867328226566314697e-01 4.049512147903442383e-01 2.860154509544372559e-01 2.935403585433959961e-01 3.420828580856323242e-01 5.399218797683715820e-01 2.149626165628433228e-01 5.509230494499206543e-01 4.266366362571716309e-01 3.950315713882446289e-01 5.704832077026367188e-01 1.326333582401275635e-01 2.175458818674087524e-01 1.236865520477294922e-01 5.091692805290222168e-01 6.498558521270751953e-01
2.942514121532440186e-01 9.387345612049102783e-02 2.502581477165222168e-01 1.479590386152267456e-01 2.702444195747375488e-01 2.959449887275695801e-01 4.850929677486419678e-01 3.369939327239990234e-01 3.600416481494903564e-01 1.246184259653091431e-01 3.912155628204345703e-01 3.602350354194641113e-01 2.868990600109100342e-01 2.402870953083038330e-01 3.940587937831878662e-01 1.500136405229568481e-01 3.938685357570648193e-01 2.629585266113281250e-01 3.696906864643096924e-01 3.521828353404998779e-01
2.911964952945709229e-01 3.696050643920898438e-01 2.727502584457397461e-01 2.786166369915008545e-01 2.307789027690887451e-01 3.135147392749786377e-01 3.313226997852325439e-01 3.417814671993255615e-01 3.735120296478271484e-01 1.363735198974609375e-01 1.235228851437568665e-01 2.433699518442153931e-01 4.027199745178222656e-01 4.555625915527343750e-01 5.072529315948486328e-01 2.576974928379058838e-01 3.224926590919494629e-01 2.591431140899658203e-01 3.471709191799163818e-01 4.791064262390136719e-01
2.636030614376068115e-01 2.818578481674194336e-01 2.966706156730651855e-01 2.298434078693389893e-01 1.507547646760940552e-01 5.131779909133911133e-01 2.841754257678985596e-01 4.863102436065673828e-01 2.068573236465454102e-01 4.489500820636749268e-01 6.156959533691406250e-01 3.527106344699859619e-01 2.610315680503845215e-01 3.702644705772399902e-01 4.126729965209960938e-01 3.105449080467224121e-01 5.112209916114807129e-01 5.354791283607482910e-01 3.966478109359741211e-01 3.450708687305450439e-01
4.285656213760375977e-01 2.942853868007659912e-01 2.047324776649475098e-01 3.851200938224792480e-01 2.849505543708801270e-01 2.880298197269439697e-01 2.273055911064147949e-01 2.953822612762451172e-01 3.136417269706726074e-01 3.124281466007232666e-01 1.954004615545272827e-01 3.517346084117889404e-01 7.023190259933471680e-01 4.114669859409332275e-01 3.046242594718933105e-01 2.887783348560333252e-01 4.458007514476776123e-01 1.688860058784484863e-01 4.159226417541503906e-01 3.292474746704101562e-01
