2018-07-23 01:00:00
3.595105111598968506e-01 6.045414209365844727e-01 2.226040065288543701e-01 7.780319452285766602e-01 6.946530342102050781e-01 6.335835456848144531e-01 1.318279504776000977e+00 4.374383985996246338e-01 1.788562059402465820e+00 8.715140819549560547e-01 1.718400359153747559e+00 1.529177427291870117e+00 8.727892637252807617e-01 1.093136191368103027e+00 1.628037095069885254e+00 1.109319686889648438e+00 1.435779094696044922e+00 8.943406343460083008e-01 1.029824852943420410e+00 1.803899407386779785e+00
6.562379598617553711e-01 8.701968193054199219e-01 7.601973414421081543e-01 6.386175155639648438e-01 5.226800441741943359e-01 8.034377098083496094e-01 7.449068427085876465e-01 9.146791696548461914e-01 1.211516380310058594e+00 1.043944239616394043e+00 1.688278198242187500e+00 1.728790998458862305e+00 1.683072328567504883e+00 2.225605487823486328e+00 2.049036979675292969e+00 1.457501411437988281e+00 1.726916551589965820e+00 1.957255840301513672e+00 1.295577049255371094e+00 1.744451522827148438e+00
4.928402304649353027e-01 7.166535258293151855e-01 6.845508813858032227e-01 5.527007579803466797e-01 6.340304613113403320e-01 1.008458733558654785e+00 4.441726803779602051e-01 1.077194809913635254e+00 1.297624230384826660e+00 1.602364063262939453e+00 1.556031942367553711e+00 1.473777651786804199e+00 1.377593994140625000e+00 1.082604408264160156e+00 1.079221129417419434e+00 2.099538326263427734e+00 1.736030340194702148e+00 1.692902326583862305e+00 1.073309659957885742e+00 1.312029361724853516e+00
3.213383555412292480e-01 8.209500908851623535e-01 4.330301880836486816e-01 8.156176805496215820e-01 4.314725399017333984e-01 6.526527404785156250e-01 1.071245312690734863e+00 1.422338485717773438e+00 9.623315930366516113e-01 1.094009160995483398e+00 1.491069316864013672e+00 1.400455832481384277e+00 1.723038077354431152e+00 1.838671922683715820e+00 1.583275914192199707e+00 1.504633665084838867e+00 1.603458523750305176e+00 1.509605765342712402e+00 1.436490058898925781e+00 1.755590677261352539e+00
8.519612550735473633e-01 9.539756178855895996e-01 6.604451537132263184e-01 6.472930312156677246e-01 7.916597723960876465e-01 9.751638174057006836e-01 8.461848497390747070e-01 1.084628105163574219e+00 6.898438930511474609e-01 7.190240621566772461e-01 1.522173404693603516e+00 1.017074584960937500e+00 1.754200816154479980e+00 1.544803619384765625e+00 1.237272262573242188e+00 1.677933692932128906e+00 1.876592636108398438e+00 2.339360952377319336e+00 1.107935905456542969e+00 1.586032390594482422e+00
1.012712478637695312e+00 5.890685915946960449e-01 7.834677696228027344e-01 6.368708610534667969e-01 4.172984063625335693e-01 9.544759988784790039e-01 7.659291028976440430e-01 6.950546503067016602e-01 1.346920251846313477e+00 1.482906818389892578e+00 1.452972173690795898e+00 1.094665050506591797e+00 1.214407682418823242e+00 2.182383060455322266e+00 1.681442856788635254e+00 1.215241312980651855e+00 1.930972933769226074e+00 1.625012874603271484e+00 1.556488871574401855e+00 1.864068627357482910e+00
1.088047027587890625e+00 5.972001552581787109e-01 6.503921747207641602e-01 7.986141443252563477e-01 8.020656108856201172e-01 4.371286034584045410e-01 6.569520831108093262e-01 7.790566682815551758e-01 1.138762950897216797e+00 9.026175141334533691e-01 1.219401001930236816e+00 1.489943027496337891e+00 2.235652446746826172e+00 1.574378252029418945e+00 1.145985960960388184e+00 1.697267174720764160e+00 1.058765172958374023e+00 9.911916851997375488e-01 1.342053532600402832e+00 2.031193256378173828e+00
1.573824644088745117e+00 1.253482818603515625e+00 1.590968608856201172e+00 1.248878717422485352e+00 9.217497110366821289e-01 7.820044755935668945e-01 1.045417666435241699e+00 1.292383193969726562e+00 9.701211452484130859e-01 1.374350905418395996e+00 1.362232089042663574e+00 1.410638451576232910e+00 1.640289545059204102e+00 1.547709703445434570e+00 1.331384658813476562e+00 1.761003136634826660e+00 1.402452468872070312e+00 2.466935634613037109e+00 1.706998825073242188e+00 2.130175590515136719e+00
1.575060009956359863e+00 8.562796115875244141e-01 7.152566909790039062e-01 1.189706087112426758e+00 1.128202199935913086e+00 1.200372457504272461e+00 1.421345353126525879e+00 6.789602637290954590e-01 1.216174125671386719e+00 1.322460412979125977e+00 1.188297748565673828e+00 8.836826682090759277e-01 9.618040323257446289e-01 1.424105286598205566e+00 1.777693033218383789e+00 1.758248925209045410e+00 2.043058633804321289e+00 1.505117416381835938e+00 1.499560832977294922e+00 1.823186397552490234e+00
1.161940336227416992e+00 1.551732063293457031e+00 1.246523380279541016e+00 8.947227001190185547e-01 8.322875499725341797e-01 9.034309983253479004e-01 5.788133740425109863e-01 1.288582205772399902e+00 1.514729499816894531e+00 1.162318706512451172e+00 1.208804368972778320e+00 1.874435663223266602e+00 8.313476443290710449e-01 1.427319049835205078e+00 1.252647876739501953e+00 1.812636375427246094e+00 1.077522158622741699e+00 2.051901817321777344e+00 1.738025665283203125e+00 1.799667119979858398e+00
1.702930450439453125e+00 1.349583625793457031e+00 1.822230339050292969e+00 1.732603073120117188e+00 9.102905988693237305e-01 7.320330142974853516e-01 9.416361451148986816e-01 1.139638423919677734e+00 1.322049379348754883e+00 1.233726024627685547e+00 1.006175756454467773e+00 1.424110770225524902e+00 1.526109695434570312e+00 2.146681547164916992e+00 1.585606813430786133e+00 1.060508728027343750e+00 1.280081272125244141e+00 1.154809594154357910e+00 1.278065443038940430e+00 1.249867677688598633e+00
1.963473677635192871e+00 1.300992488861083984e+00 2.031170368194580078e+00 1.343104124069213867e+00 1.396487474441528320e+00 1.300688624382019043e+00 9.911360144615173340e-01 1.508808612823486328e+00 1.038491964340209961e+00 1.045567750930786133e+00 6.481801867485046387e-01 9.868950843811035156e-01 8.224822878837585449e-01 2.009526968002319336e+00 1.024279236793518066e+00 1.397401094436645508e+00 2.326980352401733398e+00 1.430242300033569336e+00 1.742870807647705078e+00 1.377563953399658203e+00
2.020688533782958984e+00 1.384703397750854492e+00 1.491481065750122070e+00 1.684981584548950195e+00 1.338665366172790527e+00 8.692057132720947266e-01 7.198340892791748047e-01 1.037532567977905273e+00 7.100393176078796387e-01 5.620094537734985352e-01 9.637362360954284668e-01 1.474077343940734863e+00 1.166337609291076660e+00 1.623826265335083008e+00 1.110581398010253906e+00 1.902770996093750000e+00 1.546803593635559082e+00 2.025399684906005859e+00 1.200663447380065918e+00 1.556472659111022949e+00
1.549233794212341309e+00 1.509335517883300781e+00 2.081734180450439453e+00 9.823336601257324219e-01 9.186772704124450684e-01 7.721614241600036621e-01 1.335234165191650391e+00 1.272455930709838867e+00 8.026941418647766113e-01 7.069789171218872070e-01 7.114406824111938477e-01 7.412611246109008789e-01 8.570330142974853516e-01 1.398446321487426758e+00 1.429474592208862305e+00 1.657324075698852539e+00 2.423985481262207031e+00 1.496353626251220703e+00 1.084768056869506836e+00 2.244022607803344727e+00
2.809751272201538086e+00 1.905647754669189453e+00 1.745297908782958984e+00 1.344112515449523926e+00 1.828364729881286621e+00 1.050276398658752441e+00 1.088298797607421875e+00 7.464118599891662598e-01 8.961361646652221680e-01 6.636708378791809082e-01 6.823011040687561035e-01 9.312570095062255859e-01 1.341677904129028320e+00 1.909268617630004883e+00 1.006221532821655273e+00 1.214753150939941406e+00 1.772769212722778320e+00 2.179791450500488281e+00 2.290241718292236328e+00 7.414282560348510742e-01
2.202531099319458008e+00 1.838475346565246582e+00 1.825654983520507812e+00 9.709200859069824219e-01 9.177594184875488281e-01 8.466300368309020996e-01 1.466671705245971680e+00 9.476819634437561035e-01 5.904055833816528320e-01 9.615202546119689941e-01 7.469582557678222656e-01 8.060942888259887695e-01 1.060388684272766113e+00 1.155783772468566895e+00 1.087784647941589355e+00 1.746689796447753906e+00 1.295758485794067383e+00 2.531864881515502930e+00 1.434821248054504395e+00 1.360651016235351562e+00
1.946971654891967773e+00 1.813998222351074219e+00 1.434099674224853516e+00 8.991800546646118164e-01 1.076181769371032715e+00 1.438492774963378906e+00 9.338361620903015137e-01 6.268812417984008789e-01 7.315270900726318359e-01 8.936344385147094727e-01 1.274405360221862793e+00 8.949086070060729980e-01 1.460745096206665039e+00 9.700078368186950684e-01 1.285078644752502441e+00 1.252982616424560547e+00 1.293497562408447266e+00 1.590096116065979004e+00 1.196101188659667969e+00 1.820376276969909668e+00
1.276485443115234375e+00 1.497136712074279785e+00 1.287506699562072754e+00 1.295405745506286621e+00 8.969205617904663086e-01 8.341834545135498047e-01 1.357794523239135742e+00 8.653448820114135742e-01 7.723640203475952148e-01 1.030660271644592285e+00 7.403118610382080078e-01 8.746430873870849609e-01 1.004831910133361816e+00 1.035058021545410156e+00 1.355964422225952148e+00 9.301720857620239258e-01 1.195603132247924805e+00 1.640420317649841309e+00 1.103432536125183105e+00 1.849938154220581055e+00
1.468368291854858398e+00 1.292156457901000977e+00 1.575858592987060547e+00 1.214229106903076172e+00 1.309149503707885742e+00 9.561272859573364258e-01 1.139909505844116211e+00 8.037415742874145508e-01 9.876827001571655273e-01 6.741896867752075195e-01 9.579624533653259277e-01 8.628870248794555664e-01 1.024727940559387207e+00 1.331394910812377930e+00 1.322674989700317383e+00 1.416218280792236328e+00 1.170196890830993652e+00 1.108615994453430176e+00 1.068898558616638184e+00 1.233541488647460938e+00
1.323369979858398438e+00 1.129677772521972656e+00 1.463717341423034668e+00 1.465650677680969238e+00 1.301800251007080078e+00 9.635957479476928711e-01 1.075355052947998047e+00 1.186309695243835449e+00 1.120771408081054688e+00 1.195138454437255859e+00 8.840219974517822266e-01 8.253278136253356934e-01 1.322183012962341309e+00 1.162497997283935547e+00 8.703519105911254883e-01 1.543176412582397461e+00 1.486117839813232422e+00 9.328005313873291016e-01 1.083628416061401367e+00 6.826770305633544922e-01
