2018-07-23 10:30:00
6.500381231307983398e-01 5.167663097381591797e-01 8.376744985580444336e-01 3.224114775657653809e-01 3.334864079952239990e-01 3.777481913566589355e-01 3.562564849853515625e-01 4.289269447326660156e-01 3.455057144165039062e-01 4.337635636329650879e-01 3.778616189956665039e-01 7.071918249130249023e-01 6.062608957290649414e-01 1.024374842643737793e+00 9.706792831420898438e-01 7.221400737762451172e-01 1.018436908721923828e+00 6.899946331977844238e-01 9.333409070968627930e-01 1.501822948455810547e+00
7.676746845245361328e-01 6.560883522033691406e-01 7.021981477737426758e-01 4.541364610195159912e-01 3.236895799636840820e-01 5.760676264762878418e-01 3.860970139503479004e-01 4.639067053794860840e-01 5.289614200592041016e-01 5.460656881332397461e-01 3.328617811203002930e-01 4.251651763916015625e-01 1.034369468688964844e+00 5.548646450042724609e-01 1.504482865333557129e+00 6.976816654205322266e-01 8.199014067649841309e-01 1.312195658683776855e+00 6.923576593399047852e-01 8.271478414535522461e-01
5.532565116882324219e-01 5.196020007133483887e-01 7.998195886611938477e-01 4.231248497962951660e-01 9.441329836845397949e-01 1.414034217596054077e-01 4.417156577110290527e-01 4.827736616134643555e-01 5.710626840591430664e-01 5.824310183525085449e-01 6.644585132598876953e-01 7.942154407501220703e-01 6.877303719520568848e-01 8.727074861526489258e-01 8.637058734893798828e-01 1.554067969322204590e+00 9.866380691528320312e-01 1.107430338859558105e+00 7.420599460601806641e-01 1.006050348281860352e+00
5.431464910507202148e-01 4.367443323135375977e-01 3.455457687377929688e-01 4.887642264366149902e-01 4.742453992366790771e-01 2.558931410312652588e-01 2.774782776832580566e-01 2.614241838455200195e-01 2.627051472663879395e-01 7.108286619186401367e-01 3.140299916267395020e-01 8.006528019905090332e-01 8.640702366828918457e-01 8.648096919059753418e-01 7.043468952178955078e-01 1.767721414566040039e+00 1.861568570137023926e+00 1.696836590766906738e+00 1.173566102981567383e+00 1.230012416839599609e+00
6.169158220291137695e-01 5.428321361541748047e-01 6.512882709503173828e-01 3.902069330215454102e-01 5.807299017906188965e-01 6.112596988677978516e-01 3.277006745338439941e-01 2.812556624412536621e-01 3.746187388896942139e-01 4.831847250461578369e-01 5.037668347358703613e-01 6.590737700462341309e-01 7.064670324325561523e-01 1.161432027816772461e+00 7.228879332542419434e-01 7.350829839706420898e-01 1.025599479675292969e+00 1.228305339813232422e+00 7.701818943023681641e-01 1.408229112625122070e+00
7.328289747238159180e-01 2.984724938869476318e-01 4.385143518447875977e-01 2.565797269344329834e-01 6.249597072601318359e-01 5.540467500686645508e-01 4.975193142890930176e-01 6.764321327209472656e-01 3.345452547073364258e-01 2.308464944362640381e-01 2.840707302093505859e-01 8.982504606246948242e-01 8.865533471107482910e-01 6.544138789176940918e-01 7.248311042785644531e-01 9.001253843307495117e-01 1.016279101371765137e+00 1.792709350585937500e+00 1.005095720291137695e+00 1.425569415092468262e+00
7.981028556823730469e-01 4.830060303211212158e-01 5.526057481765747070e-01 6.487764120101928711e-01 1.512659341096878052e-01 5.477299690246582031e-01 3.888741731643676758e-01 2.956814467906951904e-01 5.051702260971069336e-01 2.793461382389068604e-01 3.163059651851654053e-01 3.568006157875061035e-01 4.430958926677703857e-01 4.619625210762023926e-01 8.977723121643066406e-01 8.046954870223999023e-01 2.045054435729980469e+00 8.746191859245300293e-01 1.528092861175537109e+00 9.646773338317871094e-01
4.310031533241271973e-01 3.193741440773010254e-01 5.135710239410400391e-01 4.479873180389404297e-01 3.734101057052612305e-01 3.761854171752929688e-01 4.360476732254028320e-01 2.387789934873580933e-01 4.485684037208557129e-01 1.673769950866699219e-01 3.189698159694671631e-01 4.237730503082275391e-01 6.413989067077636719e-01 9.540555477142333984e-01 1.332812547683715820e+00 8.550226092338562012e-01 9.943901300430297852e-01 1.704940080642700195e+00 6.382511854171752930e-01 1.247782826423645020e+00
2.960192561149597168e-01 4.618437290191650391e-01 3.202359676361083984e-01 5.110227465629577637e-01 4.178705215454101562e-01 3.435331881046295166e-01 3.153368830680847168e-01 2.606911659240722656e-01 2.013886272907257080e-01 3.603045344352722168e-01 3.249127268791198730e-01 5.706921815872192383e-01 3.914049863815307617e-01 5.249511003494262695e-01 8.722535967826843262e-01 1.319829940795898438e+00 1.202461481094360352e+00 8.733661174774169922e-01 8.599690198898315430e-01 1.306051254272460938e+00
3.892855644226074219e-01 2.810652554035186768e-01 3.744329214096069336e-01 1.641339957714080811e-01 5.444246530532836914e-01 1.885828077793121338e-01 3.943562507629394531e-01 4.340920746326446533e-01 4.599161744117736816e-01 2.965015172958374023e-01 3.419857025146484375e-01 5.059116482734680176e-01 3.062363564968109131e-01 6.656498908996582031e-01 5.517215132713317871e-01 8.100155591964721680e-01 9.828547239303588867e-01 8.553958535194396973e-01 5.242238044738769531e-01 1.037034153938293457e+00
6.143477559089660645e-01 4.861085414886474609e-01 2.259979844093322754e-01 1.252364218235015869e-01 4.036600589752197266e-01 3.209099769592285156e-01 1.752358973026275635e-01 4.399226009845733643e-01 3.548515439033508301e-01 1.995649039745330811e-01 7.191789746284484863e-01 3.130668103694915771e-01 2.980529367923736572e-01 3.511371612548828125e-01 4.767617583274841309e-01 4.662653505802154541e-01 1.063805937767028809e+00 4.916380643844604492e-01 6.356270313262939453e-01 5.408778190612792969e-01
1.768404245376586914e-01 5.867921710014343262e-01 4.465161263942718506e-01 3.354754447937011719e-01 3.443220853805541992e-01 1.755990684032440186e-01 4.544070661067962646e-01 1.529453396797180176e-01 4.449958205223083496e-01 2.763727605342864990e-01 3.677481412887573242e-01 3.080182075500488281e-01 3.953510522842407227e-01 3.860889077186584473e-01 4.297634661197662354e-01 4.046840071678161621e-01 4.793077707290649414e-01 5.209236145019531250e-01 5.666195154190063477e-01 6.382946968078613281e-01
2.962169647216796875e-01 2.707323729991912842e-01 3.361294865608215332e-01 3.608612120151519775e-01 3.693426549434661865e-01 3.878382742404937744e-01 3.896344006061553955e-01 4.144462943077087402e-01 4.667889475822448730e-01 3.040827512741088867e-01 4.646721482276916504e-01 5.103533864021301270e-01 3.598236441612243652e-01 3.523225188255310059e-01 1.849953532218933105e-01 6.419948339462280273e-01 2.336091250181198120e-01 3.497952222824096680e-01 4.549463987350463867e-01 6.838204264640808105e-01
2.745248675346374512e-01 4.565899968147277832e-01 5.908541679382324219e-01 4.726201295852661133e-01 3.316175341606140137e-01 3.328323960304260254e-01 3.789932727813720703e-01 2.943763136863708496e-01 4.121992886066436768e-01 2.976202368736267090e-01 4.252623915672302246e-01 3.080304265022277832e-01 3.425938189029693604e-01 2.812883257865905762e-01 5.222781300544738770e-01 3.813084363937377930e-01 2.497514188289642334e-01 4.437510371208190918e-01 3.863530755043029785e-01 4.248965978622436523e-01
8.712134361267089844e-01 5.377643108367919922e-01 3.836493194103240967e-01 1.923757493495941162e-01 5.032843351364135742e-01 4.622516632080078125e-01 4.679034948348999023e-01 5.829808712005615234e-01 6.819025278091430664e-01 3.740776181221008301e-01 5.230538249015808105e-01 2.152474671602249146e-01 2.826255559921264648e-01 2.121066451072692871e-01 3.398093879222869873e-01 1.970973461866378784e-01 1.343053579330444336e-01 3.428049683570861816e-01 2.961654961109161377e-01 5.995496511459350586e-01
3.270902037620544434e-01 4.258648455142974854e-01 3.831827044486999512e-01 4.596440494060516357e-01 4.365443587303161621e-01 4.798505902290344238e-01 5.442345142364501953e-01 3.433156609535217285e-01 4.564882218837738037e-01 3.767159879207611084e-01 5.641918182373046875e-01 4.097280502319335938e-01 8.316445350646972656e-02 3.757935762405395508e-01 2.018115520477294922e-01 3.085375428199768066e-01 2.652479708194732666e-01 4.852363765239715576e-01 5.050728321075439453e-01 4.770634174346923828e-01
6.730262041091918945e-01 6.059151887893676758e-01 5.496628284454345703e-01 4.868500530719757080e-01 8.949205875396728516e-01 4.793859124183654785e-01 5.618981122970581055e-01 4.587952494621276855e-01 5.073136091232299805e-01 8.677016496658325195e-01 5.266311764717102051e-01 7.019623517990112305e-01 3.677573800086975098e-01 2.862824201583862305e-01 3.036899864673614502e-01 2.316609919071197510e-01 4.804908037185668945e-01 2.101104557514190674e-01 3.797055780887603760e-01 4.337330460548400879e-01
6.288654208183288574e-01 5.316532850265502930e-01 6.318161487579345703e-01 6.351001262664794922e-01 4.096497893333435059e-01 6.242235898971557617e-01 6.180091500282287598e-01 5.900510549545288086e-01 3.763533830642700195e-01 4.458060264587402344e-01 2.217655032873153687e-01 3.061025142669677734e-01 4.248871505260467529e-01 3.326773047447204590e-01 1.557697355747222900e-01 3.444997072219848633e-01 1.350855678319931030e-01 2.805982232093811035e-01 2.679348289966583252e-01 3.204705119132995605e-01
7.515240907669067383e-01 3.747116923332214355e-01 3.738488256931304932e-01 7.282272577285766602e-01 5.423191785812377930e-01 6.996812224388122559e-01 5.790923833847045898e-01 5.833716988563537598e-01 5.373885631561279297e-01 9.664813280105590820e-01 5.303489565849304199e-01 5.045040845870971680e-01 1.254861950874328613e-01 2.288685142993927002e-01 2.008799612522125244e-01 2.402515709400177002e-01 2.091532349586486816e-01 5.445966720581054688e-01 3.622254133224487305e-01 2.810572683811187744e-01
5.227029323577880859e-01 5.140935182571411133e-01 6.244752407073974609e-01 5.342075824737548828e-01 6.597084999084472656e-01 6.169446706771850586e-01 7.575059533119201660e-01 8.535706400871276855e-01 3.632516264915466309e-01 4.483801424503326416e-01 4.242087006568908691e-01 3.740650117397308350e-01 2.578145265579223633e-01 3.275126814842224121e-01 3.849244117736816406e-01 1.661597788333892822e-01 3.866938948631286621e-01 2.556670308113098145e-01 4.831783771514892578e-01 4.920378923416137695e-01
