2018-07-23 11:00:00
6.488033533096313477e-01 5.952774286270141602e-01 5.606696605682373047e-01 5.593224167823791504e-01 5.165734291076660156e-01 3.371432423591613770e-01 2.984943687915802002e-01 7.364453077316284180e-01 5.390997529029846191e-01 6.640404462814331055e-01 6.920241117477416992e-01 3.818892836570739746e-01 7.666765451431274414e-01 1.043860554695129395e+00 9.383933544158935547e-01 3.904473781585693359e-01 7.356926202774047852e-01 6.148099899291992188e-01 5.987182855606079102e-01 7.256795167922973633e-01
5.142058134078979492e-01 5.747948288917541504e-01 4.079879820346832275e-01 3.927721381187438965e-01 2.678525447845458984e-01 6.906394958496093750e-01 6.009656190872192383e-01 6.998467445373535156e-01 7.446377277374267578e-01 6.247612237930297852e-01 6.393265128135681152e-01 6.365026235580444336e-01 6.621263623237609863e-01 6.361518502235412598e-01 9.631080031394958496e-01 5.790780782699584961e-01 3.264423608779907227e-01 8.789736032485961914e-01 3.161345124244689941e-01 6.541280150413513184e-01
3.799796104431152344e-01 8.602957725524902344e-01 3.252071142196655273e-01 7.063045501708984375e-01 6.358956098556518555e-01 6.848333477973937988e-01 6.879083514213562012e-01 8.793459534645080566e-01 5.726526975631713867e-01 8.393491506576538086e-01 4.366911947727203369e-01 5.491496324539184570e-01 4.660120904445648193e-01 4.914800524711608887e-01 7.704147100448608398e-01 5.499340891838073730e-01 4.251167774200439453e-01 6.330343484878540039e-01 5.454820394515991211e-01 7.682762742042541504e-01
6.665494441986083984e-01 6.900024414062500000e-01 7.037312984466552734e-01 7.575913071632385254e-01 7.195248603820800781e-01 8.222748637199401855e-01 5.775322914123535156e-01 4.862341284751892090e-01 8.739414215087890625e-01 6.710377931594848633e-01 9.885978698730468750e-01 4.799140095710754395e-01 7.137429714202880859e-01 7.635695934295654297e-01 5.291070342063903809e-01 1.159925818443298340e+00 7.163593173027038574e-01 8.282072544097900391e-01 6.998289823532104492e-01 1.127745270729064941e+00
8.274261951446533203e-01 5.635384321212768555e-01 7.084215283393859863e-01 5.607068538665771484e-01 7.256871461868286133e-01 4.823516011238098145e-01 3.655610084533691406e-01 7.857588529586791992e-01 7.914236783981323242e-01 8.090012073516845703e-01 5.283067226409912109e-01 6.511712074279785156e-01 7.590023279190063477e-01 3.879363238811492920e-01 7.328804731369018555e-01 9.033035039901733398e-01 7.572396993637084961e-01 3.304515779018402100e-01 7.105468511581420898e-01 8.821110129356384277e-01
4.388390779495239258e-01 6.280491352081298828e-01 8.441737294197082520e-01 6.767889261245727539e-01 5.471616983413696289e-01 1.025544881820678711e+00 6.296943426132202148e-01 2.104011774063110352e-01 4.615329205989837646e-01 5.569247007369995117e-01 7.951856851577758789e-01 8.031136989593505859e-01 7.056722044944763184e-01 6.543205976486206055e-01 5.353506207466125488e-01 6.240247488021850586e-01 8.028182387351989746e-01 5.131219029426574707e-01 7.527413368225097656e-01 7.811136841773986816e-01
9.226622581481933594e-01 4.381910264492034912e-01 5.993939638137817383e-01 9.109652042388916016e-01 4.086526632308959961e-01 7.593210339546203613e-01 6.155112385749816895e-01 5.681743025779724121e-01 4.275331795215606689e-01 7.473783493041992188e-01 7.680369615554809570e-01 5.469095706939697266e-01 3.168348073959350586e-01 5.912164449691772461e-01 3.330953121185302734e-01 8.680222034454345703e-01 1.596245318651199341e-01 1.040949702262878418e+00 7.328553795814514160e-01 4.690681099891662598e-01
8.402361869812011719e-01 2.916428744792938232e-01 9.890148043632507324e-01 9.682742357254028320e-01 6.895478963851928711e-01 5.008548498153686523e-01 9.311006069183349609e-01 7.341289520263671875e-01 6.172722578048706055e-01 3.739038705825805664e-01 3.811602592468261719e-01 5.712658166885375977e-01 7.575304508209228516e-01 3.496702015399932861e-01 6.114895343780517578e-01 7.440638542175292969e-01 4.661189615726470947e-01 4.419891536235809326e-01 5.113362073898315430e-01 5.496714115142822266e-01
5.566430091857910156e-01 3.833082318305969238e-01 1.053486704826354980e+00 5.378839373588562012e-01 6.919691562652587891e-01 5.818061232566833496e-01 5.426460504531860352e-01 4.842275381088256836e-01 1.070201754570007324e+00 6.551249027252197266e-01 3.478606939315795898e-01 5.460522174835205078e-01 7.772943973541259766e-01 6.498937606811523438e-01 6.494188904762268066e-01 6.760466694831848145e-01 3.941237628459930420e-01 7.667256593704223633e-01 5.276752114295959473e-01 4.016839265823364258e-01
5.614070296287536621e-01 5.180889368057250977e-01 6.890647411346435547e-01 4.717704057693481445e-01 5.937697887420654297e-01 8.156850934028625488e-01 3.760013282299041748e-01 6.939367055892944336e-01 5.919104814529418945e-01 4.941693246364593506e-01 5.921370983123779297e-01 6.240785717964172363e-01 6.683100461959838867e-01 8.854480981826782227e-01 5.539424419403076172e-01 5.950163006782531738e-01 6.828684806823730469e-01 7.650072574615478516e-01 9.809563159942626953e-01 7.476760745048522949e-01
4.036872684955596924e-01 6.601330041885375977e-01 6.262013912200927734e-01 1.720474064350128174e-01 5.402984619140625000e-01 3.428266644477844238e-01 5.655515193939208984e-01 4.624963104724884033e-01 4.444897770881652832e-01 5.652537941932678223e-01 3.018513023853302002e-01 8.335338234901428223e-01 7.573955059051513672e-01 4.304641485214233398e-01 5.942742824554443359e-01 7.393370866775512695e-01 6.786376237869262695e-01 5.828914046287536621e-01 7.167959213256835938e-01 6.126543283462524414e-01
6.025941371917724609e-01 3.995289206504821777e-01 3.205341100692749023e-01 3.936935067176818848e-01 5.548799037933349609e-01 4.449535608291625977e-01 3.426843583583831787e-01 4.678539037704467773e-01 2.029736340045928955e-01 7.672105431556701660e-01 3.564960360527038574e-01 3.395520448684692383e-01 7.391374111175537109e-01 4.694116413593292236e-01 5.411388278007507324e-01 4.730999469757080078e-01 5.909098386764526367e-01 7.127276659011840820e-01 5.251810550689697266e-01 5.315165519714355469e-01
7.027970552444458008e-01 7.301633358001708984e-01 5.973452329635620117e-01 5.790143013000488281e-01 4.381083846092224121e-01 4.326522946357727051e-01 4.249163568019866943e-01 9.326355457305908203e-01 6.062318682670593262e-01 3.809388875961303711e-01 3.986159265041351318e-01 6.230908632278442383e-01 4.600965976715087891e-01 6.517623662948608398e-01 3.866059184074401855e-01 5.325875878334045410e-01 7.546635270118713379e-01 8.762966394424438477e-01 8.020192384719848633e-01 5.762333869934082031e-01
5.043050646781921387e-01 4.501971006393432617e-01 2.535371482372283936e-01 6.351673603057861328e-01 4.754339158535003662e-01 4.438329935073852539e-01 4.212668538093566895e-01 5.666464567184448242e-01 1.120944738388061523e+00 5.935580730438232422e-01 7.874100804328918457e-01 4.146549999713897705e-01 4.981883764266967773e-01 3.779950141906738281e-01 5.322564840316772461e-01 3.685545325279235840e-01 5.978286266326904297e-01 3.211163580417633057e-01 5.784130096435546875e-01 5.760155916213989258e-01
6.724866032600402832e-01 4.860553443431854248e-01 8.811242580413818359e-01 6.199377775192260742e-01 4.457409381866455078e-01 6.045124530792236328e-01 7.014095187187194824e-01 4.620444178581237793e-01 7.045718431472778320e-01 6.051772832870483398e-01 5.269225835800170898e-01 3.400599658489227295e-01 8.161239624023437500e-01 4.988955557346343994e-01 3.560533523559570312e-01 3.790930807590484619e-01 9.223914742469787598e-01 4.550817608833312988e-01 7.098208665847778320e-01 9.898613691329956055e-01
7.983468770980834961e-01 4.424575269222259521e-01 4.490924179553985596e-01 4.172608852386474609e-01 7.178397178649902344e-01 3.557115793228149414e-01 5.829759240150451660e-01 3.920679688453674316e-01 2.875804603099822998e-01 5.720313191413879395e-01 4.903660416603088379e-01 5.655839443206787109e-01 5.336375832557678223e-01 3.716547489166259766e-01 3.860710263252258301e-01 1.017532110214233398e+00 4.681813418865203857e-01 8.056094646453857422e-01 7.616592645645141602e-01 7.651714086532592773e-01
5.993715524673461914e-01 4.799556732177734375e-01 5.315713882446289062e-01 6.523284912109375000e-01 7.446026206016540527e-01 5.042049884796142578e-01 6.077042818069458008e-01 5.139874219894409180e-01 1.251735091209411621e+00 9.087707996368408203e-01 6.192258596420288086e-01 5.088014602661132812e-01 7.111761569976806641e-01 7.112549543380737305e-01 4.233186244964599609e-01 5.898337364196777344e-01 4.913698434829711914e-01 3.484644293785095215e-01 5.203639268875122070e-01 7.844642400741577148e-01
5.078701972961425781e-01 7.586841583251953125e-01 4.553226828575134277e-01 4.859707951545715332e-01 7.776925563812255859e-01 5.561861991882324219e-01 4.802146553993225098e-01 6.287709474563598633e-01 8.964232206344604492e-01 6.948093175888061523e-01 4.610528945922851562e-01 5.263535976409912109e-01 5.684070587158203125e-01 4.655837416648864746e-01 9.539218544960021973e-01 4.297659993171691895e-01 4.796797037124633789e-01 3.358970880508422852e-01 8.477583527565002441e-01 6.878134608268737793e-01
6.775707006454467773e-01 4.865006804466247559e-01 1.019565105438232422e+00 7.275977134704589844e-01 4.507313668727874756e-01 5.492829084396362305e-01 8.201808929443359375e-01 8.158899545669555664e-01 6.250772476196289062e-01 3.256023824214935303e-01 5.073568224906921387e-01 3.940538763999938965e-01 7.378199100494384766e-01 5.254470109939575195e-01 5.984588861465454102e-01 3.311302661895751953e-01 4.073798656463623047e-01 6.420887708663940430e-01 8.897151947021484375e-01 7.670513987541198730e-01
5.001472234725952148e-01 6.380504965782165527e-01 6.673818826675415039e-01 3.180107474327087402e-01 4.610425233840942383e-01 6.172091960906982422e-01 6.770725846290588379e-01 7.423639297485351562e-01 6.814016103744506836e-01 7.526232004165649414e-01 4.801413416862487793e-01 1.040505886077880859e+00 3.777725398540496826e-01 7.204827666282653809e-01 3.549020290374755859e-01 3.485690355300903320e-01 5.293325185775756836e-01 4.593402445316314697e-01 6.871293187141418457e-01 7.510359883308410645e-01
