2018-07-23 12:45:00
4.337242245674133301e-01 2.482436299324035645e-01 1.873359233140945435e-01 3.301642537117004395e-01 2.487650513648986816e-01 2.119227647781372070e-01 3.556677699089050293e-01 2.079422324895858765e-01 5.582886934280395508e-01 5.425256490707397461e-01 1.581635773181915283e-01 2.726606130599975586e-01 2.596459388732910156e-01 1.502686142921447754e-01 2.899428009986877441e-01 4.526333510875701904e-02 2.720788121223449707e-01 4.235092699527740479e-01 2.411090433597564697e-01 1.692233681678771973e-01
2.632240653038024902e-01 2.430894970893859863e-01 6.497967243194580078e-01 3.600165843963623047e-01 2.624146342277526855e-01 1.184251531958580017e-01 4.465543627738952637e-01 3.012502193450927734e-01 2.535723745822906494e-01 1.944992244243621826e-01 1.021820008754730225e-01 1.789464056491851807e-01 2.394480109214782715e-01 1.958923190832138062e-01 3.493561744689941406e-01 2.184118181467056274e-01 4.559897184371948242e-01 2.746473550796508789e-01 2.753399312496185303e-01 2.163749337196350098e-01
5.169721841812133789e-01 1.924344003200531006e-01 4.176794588565826416e-01 4.635117948055267334e-01 3.539668321609497070e-01 3.728340864181518555e-01 2.485617697238922119e-01 1.507965028285980225e-01 3.055998682975769043e-01 3.287061154842376709e-01 1.114468947052955627e-01 3.738126158714294434e-01 3.315150141716003418e-01 1.502386033535003662e-01 1.653238236904144287e-01 3.621009588241577148e-01 6.671478152275085449e-01 3.209160268306732178e-01 3.362020850181579590e-01 4.206255674362182617e-01
3.177455067634582520e-01 3.228882551193237305e-01 4.033469855785369873e-01 2.100226581096649170e-01 2.687788009643554688e-01 2.331635057926177979e-01 2.279822826385498047e-01 2.502481043338775635e-01 2.543801963329315186e-01 5.338928699493408203e-01 6.046442389488220215e-01 2.880837917327880859e-01 2.309337407350540161e-01 1.657857745885848999e-01 3.418134450912475586e-01 3.259963989257812500e-01 1.916483044624328613e-01 3.724931478500366211e-01 2.237855792045593262e-01 3.275270462036132812e-01
2.191089093685150146e-01 1.453701555728912354e-01 3.229292929172515869e-01 1.415827423334121704e-01 2.380596101284027100e-01 3.004200458526611328e-01 3.076657950878143311e-01 3.388116955757141113e-01 5.377129316329956055e-01 3.694658875465393066e-01 4.658182561397552490e-01 3.850837051868438721e-01 2.486776113510131836e-01 2.452896535396575928e-01 1.710108071565628052e-01 4.397855103015899658e-01 2.063269913196563721e-01 5.797095298767089844e-01 2.282243072986602783e-01 2.289451062679290771e-01
1.489807218313217163e-01 3.762095570564270020e-01 2.687306106090545654e-01 5.334749221801757812e-01 -1.198858022689819336e-03 4.401013851165771484e-01 3.098137080669403076e-01 4.001638889312744141e-01 2.007382512092590332e-01 2.765400707721710205e-01 2.509137392044067383e-01 2.272173166275024414e-01 1.674770265817642212e-01 1.572412401437759399e-01 1.998780518770217896e-01 3.981889486312866211e-01 4.753341972827911377e-01 2.829512953758239746e-01 1.873960793018341064e-01 2.360807508230209351e-01
5.262255072593688965e-01 2.725149989128112793e-01 2.474207580089569092e-01 2.591348290443420410e-01 5.534423589706420898e-01 5.456871986389160156e-01 3.281716704368591309e-01 2.564729452133178711e-01 2.185752540826797485e-01 3.820124864578247070e-01 3.009750843048095703e-01 2.513046562671661377e-01 4.534898698329925537e-01 2.698327302932739258e-01 2.344856560230255127e-01 4.829919040203094482e-01 4.765772819519042969e-01 3.631085157394409180e-01 3.941133618354797363e-01 2.435902804136276245e-01
6.786124110221862793e-01 4.897983968257904053e-01 2.014583051204681396e-01 6.722479462623596191e-01 3.753669559955596924e-01 1.414641588926315308e-01 3.523186147212982178e-01 3.152351975440979004e-01 3.345443606376647949e-01 3.791427910327911377e-01 2.955818474292755127e-01 2.689495384693145752e-01 4.128913283348083496e-01 5.236343741416931152e-01 2.432764321565628052e-01 3.742334246635437012e-01 3.305166363716125488e-01 8.001895993947982788e-02 3.526809215545654297e-01 2.828962802886962891e-01
3.683921098709106445e-01 3.226308822631835938e-01 2.417305409908294678e-01 3.444219231605529785e-01 2.114305347204208374e-01 2.545683085918426514e-01 3.771101236343383789e-01 2.804997563362121582e-01 2.720707654953002930e-01 3.092123866081237793e-01 2.465399354696273804e-01 4.217460751533508301e-01 3.914015889167785645e-01 3.888919949531555176e-01 3.389612585306167603e-02 1.848611980676651001e-01 2.872899174690246582e-01 2.949894666671752930e-01 3.703674674034118652e-01 4.897242188453674316e-01
3.222558200359344482e-01 2.670640349388122559e-01 2.394953370094299316e-01 3.326678276062011719e-01 1.973127424716949463e-01 3.308503031730651855e-01 3.955360651016235352e-01 3.960117697715759277e-01 5.508512258529663086e-01 3.575226664543151855e-01 3.155712783336639404e-01 2.392747849225997925e-01 2.471851110458374023e-01 1.440828889608383179e-01 3.105465173721313477e-01 5.344877243041992188e-01 3.768160343170166016e-01 2.428758442401885986e-01 2.649013996124267578e-01 1.892789304256439209e-01
2.775073051452636719e-01 3.102173209190368652e-01 3.033358156681060791e-01 2.029933184385299683e-01 3.390044271945953369e-01 2.679867148399353027e-01 2.804931998252868652e-01 1.797496527433395386e-01 3.782064914703369141e-01 3.368703722953796387e-01 4.000427126884460449e-01 2.658073902130126953e-01 2.339170575141906738e-01 2.087287902832031250e-01 3.185160756111145020e-01 2.403274476528167725e-01 1.429815590381622314e-01 3.052261173725128174e-01 2.569022178649902344e-01 2.035811543464660645e-01
5.346972942352294922e-01 6.447458267211914062e-01 2.770296931266784668e-01 4.160332083702087402e-01 3.367924392223358154e-01 2.836391031742095947e-01 3.372603654861450195e-01 3.734812438488006592e-01 3.329803347587585449e-01 3.453990817070007324e-01 2.589470446109771729e-01 3.410672545433044434e-01 3.458958864212036133e-01 2.578543424606323242e-01 5.994379147887229919e-02 6.097284555435180664e-01 2.567803263664245605e-01 2.711379230022430420e-01 4.199662208557128906e-01 4.140783846378326416e-01
4.627151787281036377e-01 5.123825669288635254e-01 2.522536814212799072e-01 3.612540960311889648e-01 3.858141899108886719e-01 3.321583271026611328e-01 3.172350525856018066e-01 2.362387478351593018e-01 3.705065250396728516e-01 3.555980026721954346e-01 4.520642757415771484e-01 4.173507094383239746e-01 3.860844373703002930e-01 3.687840700149536133e-01 1.875464320182800293e-01 2.297188937664031982e-01 1.958432197570800781e-01 2.291030287742614746e-01 2.900030314922332764e-01 2.587809264659881592e-01
5.812566280364990234e-01 3.258486092090606689e-01 1.758033037185668945e-01 5.892941355705261230e-01 2.910756468772888184e-01 1.231663376092910767e-01 1.455655843019485474e-01 4.239687621593475342e-01 5.072311162948608398e-01 3.140172362327575684e-01 3.403405845165252686e-01 2.079913318157196045e-01 3.980445265769958496e-01 3.028258681297302246e-01 3.733580410480499268e-01 4.608967602252960205e-01 4.487534761428833008e-01 1.947138905525207520e-01 2.664442062377929688e-01 1.543130129575729370e-01
2.377515733242034912e-01 2.110211551189422607e-01 4.224020540714263916e-01 2.588271498680114746e-01 3.071315288543701172e-01 1.653731465339660645e-01 1.972755491733551025e-01 2.403134554624557495e-01 3.368842899799346924e-01 1.841023266315460205e-01 3.683565855026245117e-01 2.206526696681976318e-01 3.232526183128356934e-01 3.074938654899597168e-01 3.825623691082000732e-01 4.121705293655395508e-01 2.403840720653533936e-01 2.216217964887619019e-01 1.954832822084426880e-01 4.072868227958679199e-01
3.759517669677734375e-01 2.622978687286376953e-01 5.408978462219238281e-01 4.214588403701782227e-01 5.052241086959838867e-01 4.953125119209289551e-01 3.402357101440429688e-01 3.120879530906677246e-01 3.051811456680297852e-01 4.457097947597503662e-01 3.875740766525268555e-01 2.343473583459854126e-01 2.404510378837585449e-01 5.883367061614990234e-01 1.960048526525497437e-01 3.419979810714721680e-01 5.206224918365478516e-01 4.005420207977294922e-01 2.736362516880035400e-01 4.367262721061706543e-01
3.784784674644470215e-01 3.668535947799682617e-01 2.011405080556869507e-01 4.318587779998779297e-01 5.029590129852294922e-01 8.565097302198410034e-02 2.217959165573120117e-01 2.160065174102783203e-01 2.859313189983367920e-01 2.505923211574554443e-01 2.692961394786834717e-01 3.783145546913146973e-01 4.323630630970001221e-01 1.870555579662322998e-01 4.512903094291687012e-01 3.175956606864929199e-01 8.554285019636154175e-02 1.701793670654296875e-01 2.123876661062240601e-01 2.843580842018127441e-01
4.267394244670867920e-01 2.389474809169769287e-01 2.745009064674377441e-01 2.339717149734497070e-01 3.119397759437561035e-01 3.868731260299682617e-01 4.280354380607604980e-01 2.965043783187866211e-01 3.026109933853149414e-01 2.441783100366592407e-01 3.971501886844635010e-01 2.233870476484298706e-01 2.195002436637878418e-01 2.827981710433959961e-01 3.182966411113739014e-01 3.480416536331176758e-01 2.706530094146728516e-01 2.710533738136291504e-01 2.858491539955139160e-01 2.958509325981140137e-01
3.938606977462768555e-01 4.302136898040771484e-01 1.363080143928527832e-01 4.057682752609252930e-01 2.168482542037963867e-01 3.193235993385314941e-01 3.324562311172485352e-01 2.447858154773712158e-01 3.237802982330322266e-01 1.478621363639831543e-01 7.250690460205078125e-01 1.941922456026077271e-01 3.489049375057220459e-01 3.002056479454040527e-01 2.049321830272674561e-01 3.622686862945556641e-01 4.194174408912658691e-01 3.043111562728881836e-01 3.075408935546875000e-01 2.893837094306945801e-01
3.154043555259704590e-01 9.596766531467437744e-02 4.304835498332977295e-01 1.995715945959091187e-01 3.140534162521362305e-01 3.562541604042053223e-01 1.851169914007186890e-01 3.367930352687835693e-01 3.697005808353424072e-01 3.411220312118530273e-01 1.614249050617218018e-01 4.503968358039855957e-01 4.283258616924285889e-01 4.259839951992034912e-01 4.876490533351898193e-01 4.054629504680633545e-01 3.614922761917114258e-01 1.837520897388458252e-01 4.205407500267028809e-01 3.479723036289215088e-01
