2018-07-23 13:00:00
2.450396120548248291e-01 3.047843575477600098e-01 5.426790714263916016e-01 4.217478632926940918e-01 2.027141302824020386e-01 6.992827653884887695e-01 3.871230185031890869e-01 4.093886017799377441e-01 3.751724958419799805e-01 4.392584562301635742e-01 3.368594348430633545e-01 1.742696613073348999e-01 2.913100719451904297e-01 4.266213178634643555e-01 7.694250345230102539e-01 2.616084516048431396e-01 5.337647795677185059e-01 4.965399801731109619e-01 2.456832230091094971e-01 3.977721333503723145e-01
3.162904679775238037e-01 3.866451978683471680e-01 6.145588159561157227e-01 4.034995436668395996e-01 6.324849724769592285e-01 1.650788635015487671e-01 2.562653422355651855e-01 3.763445615768432617e-01 2.573286890983581543e-01 3.446815013885498047e-01 3.316097557544708252e-01 3.180459141731262207e-01 2.876294851303100586e-01 6.888030767440795898e-01 5.854384899139404297e-01 3.787222802639007568e-01 3.210011422634124756e-01 4.113325476646423340e-01 5.427155494689941406e-01 4.402519464492797852e-01
3.492358922958374023e-01 3.204928040504455566e-01 2.436663359403610229e-01 5.538350343704223633e-01 5.113042593002319336e-01 3.543672859668731689e-01 1.720684319734573364e-01 3.274576067924499512e-01 3.573985695838928223e-01 3.670154809951782227e-01 5.285704135894775391e-01 5.361133813858032227e-01 2.740573883056640625e-01 2.829952836036682129e-01 3.399316072463989258e-01 5.182390213012695312e-01 3.667683601379394531e-01 2.599793970584869385e-01 3.548063635826110840e-01 5.710125565528869629e-01
6.426128149032592773e-01 5.062850713729858398e-01 4.863341748714447021e-01 2.675803899765014648e-01 6.426911354064941406e-01 4.333515763282775879e-01 4.184866547584533691e-01 5.302094817161560059e-01 3.121787309646606445e-01 3.202213644981384277e-01 5.942378640174865723e-01 3.159959316253662109e-01 3.373618125915527344e-01 3.704454600811004639e-01 2.365290522575378418e-01 5.666609406471252441e-01 3.714417219161987305e-01 3.868927955627441406e-01 2.573228776454925537e-01 1.931422352790832520e-01
3.856611251831054688e-01 3.184160292148590088e-01 2.957394123077392578e-01 3.847620785236358643e-01 4.732216596603393555e-01 5.267759561538696289e-01 4.423176944255828857e-01 3.108741641044616699e-01 3.508408069610595703e-01 2.254928648471832275e-01 3.537697792053222656e-01 3.711197376251220703e-01 5.356590747833251953e-01 2.430508583784103394e-01 1.513192206621170044e-01 4.872497320175170898e-01 3.194349408149719238e-01 5.136356353759765625e-01 6.120043992996215820e-01 4.454591572284698486e-01
2.744686603546142578e-01 3.235477805137634277e-01 4.713479876518249512e-01 4.857494235038757324e-01 5.480732917785644531e-01 7.058506011962890625e-01 2.326847612857818604e-01 6.286429166793823242e-01 1.942301988601684570e-01 4.162886738777160645e-01 4.663262963294982910e-01 2.464912384748458862e-01 4.042682051658630371e-01 4.121467471122741699e-01 4.407040178775787354e-01 -1.517850533127784729e-02 4.319589734077453613e-01 3.506996035575866699e-01 4.948838949203491211e-01 4.918680489063262939e-01
4.271483719348907471e-01 6.086111068725585938e-01 3.463715910911560059e-01 8.002832531929016113e-01 2.382558584213256836e-01 6.045979261398315430e-01 2.269867360591888428e-01 5.257185697555541992e-01 2.029502391815185547e-01 5.584414601325988770e-01 3.874161839485168457e-01 3.586079478263854980e-01 2.783766388893127441e-01 6.001428961753845215e-01 3.451272249221801758e-01 2.916631102561950684e-01 2.980351448059082031e-01 5.297631025314331055e-01 3.399624824523925781e-01 5.549443960189819336e-01
3.187110424041748047e-01 2.595943808555603027e-01 3.487012684345245361e-01 2.804424464702606201e-01 4.071152210235595703e-01 4.285106658935546875e-01 3.478196859359741211e-01 3.322717845439910889e-01 4.341391921043395996e-01 2.463409006595611572e-01 5.363711118698120117e-01 4.883618056774139404e-01 6.399294137954711914e-01 3.349772691726684570e-01 2.290953844785690308e-01 5.540987849235534668e-01 3.213770985603332520e-01 3.258062899112701416e-01 3.369274139404296875e-01 2.929652333259582520e-01
4.852620959281921387e-01 4.241709709167480469e-01 5.763568282127380371e-01 5.399008989334106445e-01 4.402757287025451660e-01 5.186448097229003906e-01 3.515864908695220947e-01 4.195362925529479980e-01 4.425920844078063965e-01 4.128188788890838623e-01 3.607784211635589600e-01 2.533562481403350830e-01 4.700640738010406494e-01 3.374717533588409424e-01 4.462034404277801514e-01 3.614127933979034424e-01 5.118811130523681641e-01 3.062177002429962158e-01 3.174730837345123291e-01 8.574238419532775879e-02
4.929259419441223145e-01 4.419291019439697266e-01 2.839401662349700928e-01 4.837651550769805908e-01 2.765334844589233398e-01 3.177866935729980469e-01 4.548393487930297852e-01 5.691304206848144531e-01 6.903824806213378906e-01 4.405812323093414307e-01 2.723643183708190918e-01 2.545242905616760254e-01 2.731817364692687988e-01 3.052639365196228027e-01 5.110981464385986328e-01 3.835762143135070801e-01 4.482798278331756592e-01 4.860876202583312988e-01 1.958344578742980957e-01 3.622933626174926758e-01
2.474898695945739746e-01 2.063719630241394043e-01 5.549815297126770020e-01 5.129171609878540039e-01 3.508581519126892090e-01 1.553140729665756226e-01 3.732774257659912109e-01 8.560340851545333862e-02 5.403164625167846680e-01 4.097721874713897705e-01 5.473181605339050293e-01 3.052896261215209961e-01 4.530604779720306396e-01 3.924083709716796875e-01 3.101935088634490967e-01 4.581691026687622070e-01 3.012674450874328613e-01 7.296608686447143555e-01 5.130048990249633789e-01 2.710914015769958496e-01
2.765631675720214844e-01 2.121494263410568237e-01 3.244188129901885986e-01 3.771883249282836914e-01 3.819992840290069580e-01 5.213195681571960449e-01 3.381437957286834717e-01 4.045336246490478516e-01 2.885501682758331299e-01 3.659860491752624512e-01 5.324016809463500977e-01 3.502870798110961914e-01 2.661831676959991455e-01 2.185071259737014771e-01 3.900349140167236328e-01 3.278861045837402344e-01 4.267648756504058838e-01 3.126970529556274414e-01 2.615036964416503906e-01 5.982484221458435059e-01
3.524176180362701416e-01 3.432860374450683594e-01 4.031770825386047363e-01 2.631043195724487305e-01 2.092969417572021484e-01 3.031789362430572510e-01 2.816385924816131592e-01 3.947502374649047852e-01 3.925857543945312500e-01 5.246858596801757812e-01 3.717156052589416504e-01 2.131243050098419189e-01 4.134400188922882080e-01 2.743742763996124268e-01 2.623310089111328125e-01 3.448911309242248535e-01 2.526261508464813232e-01 2.287754267454147339e-01 4.188826680183410645e-01 2.674006223678588867e-01
4.545416831970214844e-01 4.384765625000000000e-01 2.294662445783615112e-01 3.905944228172302246e-01 2.527419030666351318e-01 6.181352138519287109e-01 3.346101045608520508e-01 4.224460721015930176e-01 3.687883019447326660e-01 3.354656696319580078e-01 2.223558276891708374e-01 4.559574723243713379e-01 2.163276970386505127e-01 3.309873938560485840e-01 5.012652873992919922e-01 2.849069237709045410e-01 3.514151573181152344e-01 3.714795112609863281e-01 4.611376523971557617e-01 2.270859926939010620e-01
3.585020303726196289e-01 4.674580097198486328e-01 3.664603829383850098e-01 3.919275403022766113e-01 2.448122799396514893e-01 4.497841000556945801e-01 3.797867894172668457e-01 5.711745023727416992e-01 3.535993099212646484e-01 1.302820444107055664e-01 2.655207514762878418e-01 3.940533399581909180e-01 3.747329115867614746e-02 3.625840544700622559e-01 3.574333488941192627e-01 2.679615616798400879e-01 4.437709450721740723e-01 3.247880339622497559e-01 3.649037480354309082e-01 3.534359335899353027e-01
3.037059903144836426e-01 1.668734252452850342e-01 4.622789323329925537e-01 2.961283326148986816e-01 4.475003778934478760e-01 2.454543560743331909e-01 2.942218184471130371e-01 3.303818404674530029e-01 2.205454409122467041e-01 2.627910375595092773e-01 3.731256425380706787e-01 5.092026591300964355e-01 3.252872228622436523e-01 2.026411294937133789e-01 2.478068917989730835e-01 1.951002776622772217e-01 3.498705029487609863e-01 6.685857772827148438e-01 4.569965600967407227e-01 4.392123818397521973e-01
4.043037891387939453e-01 3.500635027885437012e-01 2.162692844867706299e-01 3.005600273609161377e-01 4.723433852195739746e-01 2.425287514925003052e-01 2.718201875686645508e-01 2.334439456462860107e-01 4.365464150905609131e-01 3.846639394760131836e-01 3.533722758293151855e-01 3.472068309783935547e-01 5.067797899246215820e-01 4.944278001785278320e-01 3.217441439628601074e-01 2.776381969451904297e-01 3.414188027381896973e-01 4.142878651618957520e-01 5.528594851493835449e-01 4.200316667556762695e-01
2.915734946727752686e-01 2.459396421909332275e-01 3.702348172664642334e-01 2.946071326732635498e-01 3.886747062206268311e-01 2.596800327301025391e-01 4.004601836204528809e-01 3.365893363952636719e-01 1.362903565168380737e-01 3.007631599903106689e-01 2.923218607902526855e-01 2.326830029487609863e-01 4.984708428382873535e-01 2.420202791690826416e-01 3.410490155220031738e-01 4.193021953105926514e-01 3.877443075180053711e-01 4.696518778800964355e-01 4.335551857948303223e-01 3.739464581012725830e-01
3.260957896709442139e-01 3.861928582191467285e-01 4.132710099220275879e-01 4.070568680763244629e-01 3.452629745006561279e-01 4.375315904617309570e-01 4.060973525047302246e-01 3.829499185085296631e-01 3.486611247062683105e-01 2.535170614719390869e-01 3.255931138992309570e-01 2.936172485351562500e-01 5.480960011482238770e-01 4.007716178894042969e-01 3.368139266967773438e-01 1.470910310745239258e-01 3.370825648307800293e-01 3.023863732814788818e-01 4.282953739166259766e-01 2.574147582054138184e-01
3.127552866935729980e-01 3.074659705162048340e-01 4.850576221942901611e-01 2.379609942436218262e-01 4.837905168533325195e-01 2.535220682621002197e-01 1.959373950958251953e-01 2.885974049568176270e-01 2.806241512298583984e-01 3.904684185981750488e-01 5.526888370513916016e-01 8.346431255340576172e-01 2.111679911613464355e-01 3.490803837776184082e-01 3.241405487060546875e-01 3.320466876029968262e-01 5.186394453048706055e-01 1.291179955005645752e-01 3.260295391082763672e-01 3.032567799091339111e-01
