2018-07-23 13:45:00
4.415534734725952148e-01 4.129909276962280273e-01 3.487866520881652832e-01 3.840272426605224609e-01 1.669854074716567993e-01 2.606590390205383301e-01 7.017866373062133789e-01 2.065644413232803345e-01 4.173096120357513428e-01 2.663721740245819092e-01 3.497143387794494629e-01 2.937454581260681152e-01 3.214427232742309570e-01 5.757802128791809082e-01 5.097503662109375000e-01 5.272820591926574707e-01 5.636182427406311035e-01 7.488260269165039062e-01 2.574589252471923828e-01 5.207467079162597656e-01
3.556725680828094482e-01 4.070030748844146729e-01 3.898910880088806152e-01 2.456353753805160522e-01 5.175495147705078125e-01 3.704852163791656494e-01 3.456621170043945312e-01 2.757649421691894531e-01 1.908665895462036133e-01 3.153771162033081055e-01 4.408943653106689453e-01 2.740979194641113281e-01 5.207108855247497559e-01 4.318879246711730957e-01 5.952930450439453125e-01 4.414989948272705078e-01 7.113565802574157715e-01 7.130823135375976562e-01 6.725915074348449707e-01 7.706062793731689453e-01
4.449831843376159668e-01 5.385234355926513672e-01 2.938854694366455078e-01 2.589623928070068359e-01 3.410314619541168213e-01 4.018895626068115234e-01 7.444426417350769043e-01 3.434195518493652344e-01 1.494810134172439575e-01 1.578954458236694336e-01 3.540642857551574707e-01 6.172231435775756836e-01 3.985353112220764160e-01 5.327258110046386719e-01 3.932456970214843750e-01 4.503747224807739258e-01 5.196421146392822266e-01 7.408136129379272461e-01 9.686333537101745605e-01 7.852604389190673828e-01
3.773235082626342773e-01 4.083696603775024414e-01 3.131091594696044922e-01 3.195728957653045654e-01 1.863646507263183594e-01 2.475433051586151123e-01 1.722844541072845459e-01 1.675944924354553223e-01 1.321259438991546631e-01 7.899096012115478516e-01 5.371412038803100586e-01 4.996379315853118896e-01 5.915449857711791992e-01 3.592219948768615723e-01 3.504495620727539062e-01 7.971210479736328125e-01 4.825540781021118164e-01 5.240839719772338867e-01 5.097544789314270020e-01 4.696277081966400146e-01
3.506913781166076660e-01 2.936533689498901367e-01 1.989859044551849365e-01 1.468683183193206787e-01 1.622633337974548340e-01 4.868255257606506348e-01 2.933835089206695557e-01 2.738910913467407227e-01 1.424720287322998047e-01 3.617800176143646240e-01 1.680998057126998901e-01 4.097520709037780762e-01 4.388523697853088379e-01 7.428292632102966309e-01 7.769373655319213867e-01 7.261806726455688477e-01 1.079797863960266113e+00 6.058019399642944336e-01 5.954092144966125488e-01 7.298280000686645508e-01
1.999964267015457153e-01 2.220919728279113770e-01 3.845218122005462646e-01 4.250662326812744141e-01 3.797881901264190674e-01 1.231656447052955627e-01 2.788296937942504883e-01 4.090319275856018066e-01 2.579641640186309814e-01 2.681440711021423340e-01 3.058221936225891113e-01 4.629740118980407715e-01 3.770488798618316650e-01 4.586797654628753662e-01 5.524287223815917969e-01 7.465493679046630859e-01 8.473740816116333008e-01 2.987557053565979004e-01 6.588034033775329590e-01 7.446764707565307617e-01
3.211579322814941406e-01 3.301064968109130859e-01 1.150818020105361938e-01 3.514502942562103271e-01 4.223082661628723145e-01 4.550730288028717041e-01 5.601921081542968750e-01 4.372923821210861206e-02 3.385934829711914062e-01 3.230253458023071289e-01 4.095865488052368164e-01 3.651649355888366699e-01 3.186802566051483154e-01 7.178885936737060547e-01 3.934829831123352051e-01 5.178833007812500000e-01 5.066352486610412598e-01 1.022557139396667480e+00 3.581858873367309570e-01 7.859631776809692383e-01
2.468946427106857300e-01 3.040721416473388672e-01 2.070031613111495972e-01 5.876594781875610352e-01 4.770982265472412109e-01 2.455215752124786377e-01 2.906371951103210449e-01 4.812657833099365234e-01 3.626484274864196777e-01 4.484284818172454834e-01 2.967972755432128906e-01 5.820190906524658203e-01 8.434664011001586914e-01 6.839358806610107422e-01 3.451652824878692627e-01 9.755461812019348145e-01 7.436820864677429199e-01 7.658783793449401855e-01 5.406856536865234375e-01 3.715781867504119873e-01
2.331382334232330322e-01 2.154827713966369629e-01 3.110843300819396973e-01 1.696604043245315552e-01 3.221831321716308594e-01 2.104125916957855225e-01 2.480213344097137451e-01 3.121769726276397705e-01 3.900879025459289551e-01 1.648257672786712646e-01 2.861158251762390137e-01 5.965636968612670898e-01 3.800072073936462402e-01 2.855478525161743164e-01 3.750147819519042969e-01 5.679237246513366699e-01 4.566368758678436279e-01 5.333073139190673828e-01 5.274053812026977539e-01 2.011887133121490479e-01
2.052550911903381348e-01 2.510781288146972656e-01 3.829188346862792969e-01 2.660714387893676758e-01 2.717176973819732666e-01 4.770174026489257812e-01 3.226703107357025146e-01 2.851909995079040527e-01 4.017040133476257324e-01 7.983440160751342773e-01 6.049368977546691895e-01 1.970584988594055176e-01 3.357910513877868652e-01 3.717865645885467529e-01 3.393220305442810059e-01 5.322709083557128906e-01 3.982343375682830811e-01 5.030800104141235352e-01 3.734055757522583008e-01 4.644932746887207031e-01
1.137270033359527588e-01 2.325741648674011230e-01 2.569813430309295654e-01 2.004630863666534424e-01 2.545233666896820068e-01 2.891961038112640381e-01 3.053575754165649414e-01 3.424246311187744141e-01 3.570854663848876953e-01 4.652318656444549561e-01 3.893460333347320557e-01 4.940935969352722168e-01 5.066785812377929688e-01 3.443072140216827393e-01 2.124334871768951416e-01 4.826745986938476562e-01 3.723251223564147949e-01 2.924214601516723633e-01 4.873670935630798340e-01 3.681281805038452148e-01
2.327762395143508911e-01 4.347154498100280762e-01 1.228830367326736450e-01 2.757412493228912354e-01 3.254974484443664551e-01 6.024869680404663086e-01 2.133131921291351318e-01 3.212575912475585938e-01 1.314975023269653320e-01 6.840474605560302734e-01 3.810931742191314697e-01 4.564089179039001465e-01 4.667316079139709473e-01 4.283334910869598389e-01 4.220625758171081543e-01 3.978690803050994873e-01 3.191040158271789551e-01 2.894909977912902832e-01 3.644022345542907715e-01 4.445327520370483398e-01
1.870017051696777344e-01 2.078762203454971313e-01 5.119665861129760742e-01 2.836881875991821289e-01 3.410964310169219971e-01 3.340171873569488525e-01 4.827285408973693848e-01 3.836047053337097168e-01 3.203178644180297852e-01 8.407194912433624268e-02 3.606815636157989502e-01 1.136701405048370361e-01 1.910856664180755615e-01 4.263143241405487061e-01 2.861005663871765137e-01 2.488074749708175659e-01 2.041467726230621338e-01 1.108457744121551514e-01 2.844961881637573242e-01 5.145269632339477539e-01
1.062898933887481689e-01 3.004501760005950928e-01 4.690032303333282471e-01 3.922109603881835938e-01 3.353290855884552002e-01 4.324154853820800781e-01 3.365557789802551270e-01 5.726985931396484375e-01 4.727649688720703125e-01 6.116766929626464844e-01 5.016938447952270508e-01 3.745101690292358398e-01 3.272350430488586426e-01 1.634280383586883545e-01 2.199393212795257568e-01 3.207757771015167236e-01 2.748027443885803223e-01 9.923659265041351318e-02 2.163692712783813477e-01 3.061086833477020264e-01
2.482248246669769287e-01 3.876344561576843262e-01 3.900266289710998535e-01 3.121184706687927246e-01 5.358028411865234375e-01 7.803891301155090332e-01 3.017221093177795410e-01 4.824628233909606934e-01 2.799490094184875488e-01 3.473674654960632324e-01 3.155490159988403320e-01 3.599876463413238525e-01 5.533813834190368652e-01 3.936145305633544922e-01 3.525696396827697754e-01 2.576382160186767578e-01 2.914726138114929199e-01 7.565560191869735718e-02 1.864451169967651367e-01 3.871448040008544922e-01
3.681457042694091797e-01 2.385451644659042358e-01 4.603793621063232422e-01 3.414305448532104492e-01 3.029733300209045410e-01 3.791010975837707520e-01 4.082947373390197754e-01 2.596282362937927246e-01 5.969942212104797363e-01 4.476375579833984375e-01 2.647218406200408936e-01 3.490241169929504395e-01 1.121342182159423828e-01 4.842268228530883789e-01 7.731194794178009033e-02 1.438785195350646973e-01 5.005298256874084473e-01 1.277215182781219482e-01 2.843749225139617920e-01 5.199742317199707031e-01
2.741889953613281250e-01 3.657820224761962891e-01 3.567021787166595459e-01 4.208746552467346191e-01 3.573599457740783691e-01 4.454315900802612305e-01 4.340520501136779785e-01 4.974640905857086182e-01 3.302964568138122559e-01 3.586324155330657959e-01 4.782421886920928955e-01 3.466908037662506104e-01 3.957280516624450684e-01 3.223752975463867188e-01 6.162388622760772705e-02 4.354510903358459473e-01 3.144379556179046631e-01 1.541997194290161133e-01 2.211469709873199463e-01 1.615986526012420654e-01
2.902393937110900879e-01 2.473581880331039429e-01 3.102104067802429199e-01 1.987904608249664307e-01 2.989125847816467285e-01 3.145765066146850586e-01 3.739235103130340576e-01 6.768027544021606445e-01 3.390910029411315918e-01 5.360816121101379395e-01 3.054338097572326660e-01 1.770710349082946777e-01 1.385783851146697998e-01 3.537311851978302002e-01 2.863484025001525879e-01 2.027215957641601562e-01 2.231695652008056641e-01 1.503697335720062256e-01 2.330636531114578247e-01 1.778399348258972168e-01
1.861387044191360474e-01 3.320919275283813477e-01 5.978353619575500488e-01 4.119962453842163086e-01 3.539198637008666992e-01 4.608568549156188965e-01 2.867930531501770020e-01 4.724387526512145996e-01 4.321751594543457031e-01 4.970730245113372803e-01 3.555195927619934082e-01 3.344302773475646973e-01 1.357475519180297852e-01 3.853662610054016113e-01 2.335638999938964844e-01 2.885378003120422363e-01 2.315046787261962891e-01 2.257825881242752075e-01 3.308537006378173828e-01 2.248010188341140747e-01
2.530811131000518799e-01 3.076638281345367432e-01 7.430374622344970703e-01 3.934931755065917969e-01 3.714115023612976074e-01 4.350251555442810059e-01 4.218322038650512695e-01 4.400126934051513672e-01 4.967697262763977051e-01 1.904693394899368286e-01 1.832569241523742676e-01 5.114206075668334961e-01 3.166768550872802734e-01 1.956016570329666138e-01 4.228129982948303223e-01 1.634242385625839233e-01 4.212759733200073242e-01 3.970234096050262451e-01 1.914684176445007324e-01 2.013398706912994385e-01
