2018-07-23 14:00:00
1.305050253868103027e-01 2.784733772277832031e-01 5.792845487594604492e-01 2.989312112331390381e-01 3.882057070732116699e-01 2.105094194412231445e-01 2.604100108146667480e-01 1.217312961816787720e-01 1.712542027235031128e-01 3.824098706245422363e-01 8.720088750123977661e-02 9.872230887413024902e-02 1.914602220058441162e-01 2.982337772846221924e-01 4.235422015190124512e-01 6.820970773696899414e-01 2.881990075111389160e-01 3.513452708721160889e-01 2.879882454872131348e-01 2.666643261909484863e-01
-1.975607872009277344e-02 3.734689354896545410e-01 1.571553647518157959e-01 1.623852849006652832e-01 3.216753602027893066e-01 4.137301445007324219e-01 2.046120762825012207e-01 1.136436313390731812e-01 8.594050258398056030e-02 3.067722916603088379e-01 4.163246601819992065e-02 1.990910917520523071e-01 1.698467135429382324e-01 1.927869915962219238e-01 4.332654476165771484e-01 3.810293972492218018e-01 6.823630332946777344e-01 6.291421055793762207e-01 3.206740617752075195e-01 4.705434143543243408e-01
2.971054911613464355e-01 2.464540004730224609e-01 3.152486085891723633e-01 3.281228542327880859e-01 1.223211959004402161e-01 3.020310401916503906e-02 7.428190112113952637e-02 1.856180131435394287e-01 1.532187163829803467e-01 8.742836117744445801e-02 1.248218789696693420e-01 3.389539122581481934e-01 2.755016088485717773e-01 1.554627418518066406e-01 2.639239728450775146e-01 5.548337697982788086e-01 2.713151574134826660e-01 2.351160347461700439e-01 6.509234309196472168e-01 4.167359471321105957e-01
3.484081625938415527e-01 3.251676559448242188e-01 1.409629285335540771e-01 2.983230948448181152e-01 1.150919720530509949e-01 1.006556004285812378e-01 1.280930489301681519e-01 1.375343948602676392e-01 1.514511108398437500e-01 7.956942915916442871e-02 4.053737521171569824e-01 2.289718836545944214e-01 1.549896299839019775e-01 4.282827973365783691e-01 4.603812396526336670e-01 5.619866847991943359e-01 9.683786034584045410e-01 3.999310731887817383e-01 3.313856124877929688e-01 5.569531917572021484e-01
2.156912386417388916e-01 2.362786233425140381e-02 4.270662665367126465e-01 9.814669936895370483e-02 1.316760778427124023e-01 1.044393107295036316e-01 4.551976919174194336e-01 3.564028739929199219e-01 2.202683687210083008e-01 1.123003810644149780e-01 1.535363197326660156e-01 1.417818069458007812e-01 6.277005076408386230e-01 2.956575751304626465e-01 4.003309011459350586e-01 2.871857285499572754e-01 5.554168224334716797e-01 6.441621780395507812e-01 6.930328607559204102e-01 4.389762282371520996e-01
3.630824089050292969e-01 2.852309644222259521e-01 1.799630671739578247e-01 6.090264022350311279e-02 2.636178731918334961e-01 2.126577496528625488e-01 2.383585572242736816e-01 7.087895870208740234e-01 2.894284725189208984e-01 1.428018957376480103e-01 2.544131577014923096e-01 2.258502542972564697e-01 2.846525311470031738e-01 2.925859689712524414e-01 2.789654731750488281e-01 4.412358999252319336e-01 8.429889678955078125e-01 3.640368580818176270e-01 4.187338948249816895e-01 3.966777622699737549e-01
1.044864356517791748e-01 4.948423430323600769e-02 2.076190114021301270e-01 1.148701086640357971e-01 3.569616079330444336e-01 2.941244840621948242e-01 1.893535852432250977e-01 7.337856292724609375e-02 3.201617002487182617e-01 6.384311914443969727e-01 2.415452897548675537e-01 3.597124218940734863e-01 4.556662142276763916e-01 2.400701940059661865e-01 5.514095425605773926e-01 4.208516478538513184e-01 7.149425745010375977e-01 5.783670544624328613e-01 3.736080527305603027e-01 6.144546866416931152e-01
3.797423839569091797e-01 1.672524213790893555e-01 2.421864718198776245e-01 1.854587793350219727e-01 1.265121102333068848e-01 1.204366907477378845e-01 2.791216671466827393e-01 1.891363412141799927e-01 5.583364963531494141e-01 2.975450456142425537e-01 2.208612412214279175e-01 3.813798129558563232e-01 5.984523296356201172e-01 6.422505378723144531e-01 4.465175271034240723e-01 2.373833656311035156e-01 6.259488463401794434e-01 4.182581007480621338e-01 4.268020987510681152e-01 3.658916652202606201e-01
7.611617445945739746e-02 1.896660625934600830e-01 2.429113835096359253e-01 1.153668016195297241e-01 2.179291844367980957e-01 4.168018102645874023e-01 2.242423593997955322e-01 3.211741447448730469e-01 1.560557484626770020e-01 3.105495870113372803e-01 1.146822720766067505e-01 1.875662244856357574e-02 1.777254641056060791e-01 3.712829947471618652e-01 3.162965774536132812e-01 4.642748236656188965e-01 2.833668887615203857e-01 5.955196619033813477e-01 4.113860130310058594e-01 2.105648666620254517e-01
2.539012432098388672e-01 4.217117130756378174e-01 2.317499816417694092e-01 2.688869833946228027e-01 2.421520948410034180e-01 3.617811203002929688e-01 2.341152429580688477e-01 2.214395701885223389e-01 1.695756465196609497e-01 2.506560087203979492e-01 2.543185949325561523e-01 2.142073214054107666e-01 2.252484560012817383e-01 1.862735748291015625e-01 2.143698632717132568e-01 3.475911021232604980e-01 1.322917491197586060e-01 2.805016040802001953e-01 2.806288003921508789e-01 2.943544983863830566e-01
2.908036410808563232e-01 1.809537112712860107e-01 3.723804354667663574e-01 3.638515472412109375e-01 4.279058873653411865e-01 2.490553557872772217e-01 4.728738069534301758e-01 3.264335989952087402e-01 3.175037503242492676e-01 2.891979515552520752e-01 1.391403526067733765e-01 1.598848104476928711e-01 1.543381214141845703e-01 1.774933934211730957e-01 1.105261147022247314e-01 2.845523953437805176e-01 1.524657309055328369e-01 2.075572758913040161e-01 3.112638294696807861e-01 1.311773359775543213e-01
3.184737861156463623e-01 1.125753819942474365e-01 2.730405330657958984e-01 2.616449296474456787e-01 2.000698894262313843e-01 2.546609193086624146e-02 3.167525529861450195e-01 3.567993640899658203e-01 3.911048769950866699e-01 1.877802908420562744e-01 3.383164703845977783e-01 2.403875291347503662e-01 2.870487570762634277e-01 2.908290028572082520e-01 2.456924021244049072e-01 1.907252371311187744e-01 1.054990142583847046e-01 9.075261652469635010e-02 2.526649832725524902e-01 1.285815238952636719e-01
2.122209370136260986e-01 4.337277710437774658e-01 3.115850687026977539e-01 2.207647413015365601e-01 4.706041216850280762e-01 2.456342577934265137e-01 1.406637132167816162e-01 2.515218853950500488e-01 2.222453951835632324e-01 1.445539891719818115e-01 3.145917654037475586e-01 2.854729890823364258e-01 2.355361282825469971e-01 1.300635486841201782e-01 2.201224565505981445e-01 3.540674448013305664e-01 1.081977188587188721e-01 2.034693956375122070e-01 9.191003441810607910e-02 1.334196925163269043e-01
7.055472135543823242e-01 2.620770931243896484e-01 3.274929523468017578e-01 2.634190917015075684e-01 2.830995321273803711e-01 4.150445163249969482e-01 1.883008480072021484e-01 4.473388791084289551e-01 4.200893044471740723e-01 3.726530373096466064e-01 2.748408615589141846e-01 4.056550264358520508e-01 1.974952667951583862e-01 2.772884368896484375e-01 2.573153376579284668e-01 2.435528635978698730e-01 3.942345976829528809e-01 1.786874830722808838e-01 4.417864680290222168e-01 2.597687840461730957e-01
3.430238068103790283e-01 2.569669187068939209e-01 3.157228529453277588e-01 3.877880573272705078e-01 3.140889406204223633e-01 3.498665392398834229e-01 2.455881536006927490e-01 1.596104800701141357e-01 8.027907460927963257e-02 4.308917522430419922e-01 3.947522640228271484e-01 2.905866801738739014e-01 3.861117959022521973e-01 2.647515237331390381e-01 2.704117596149444580e-01 3.234671354293823242e-01 2.720815539360046387e-01 2.156778872013092041e-01 1.648636460304260254e-01 2.153387665748596191e-01
2.535577416419982910e-01 1.717422157526016235e-01 2.153921723365783691e-01 1.268248111009597778e-01 3.617115020751953125e-01 1.414121985435485840e-01 2.009437680244445801e-01 2.071243524551391602e-01 2.882301807403564453e-01 1.664416939020156860e-01 2.248798906803131104e-01 4.549063146114349365e-01 3.925230205059051514e-01 3.008748888969421387e-01 1.935915648937225342e-01 3.191133141517639160e-01 3.856692612171173096e-01 1.957581937313079834e-01 6.705037504434585571e-02 4.179100990295410156e-01
2.497226893901824951e-01 4.750147461891174316e-01 9.037776291370391846e-02 3.869203329086303711e-01 3.182639181613922119e-01 3.007842898368835449e-01 1.159557178616523743e-01 4.825622141361236572e-01 1.454528421163558960e-01 1.718228906393051147e-01 2.635537385940551758e-01 1.750915944576263428e-01 3.344092369079589844e-01 1.865400820970535278e-01 3.067626357078552246e-01 3.234784603118896484e-01 3.938736915588378906e-01 2.292821258306503296e-01 1.129785329103469849e-01 2.036651074886322021e-01
3.599715828895568848e-01 1.260806024074554443e-01 1.963534653186798096e-01 1.521348357200622559e-01 2.382530421018600464e-01 1.644327640533447266e-01 2.013709098100662231e-01 3.979737758636474609e-01 1.633216738700866699e-01 2.289724051952362061e-01 2.793230414390563965e-01 2.315665334463119507e-01 2.406749129295349121e-01 2.768182456493377686e-01 3.125120699405670166e-01 1.593069732189178467e-02 2.090390771627426147e-01 1.725815832614898682e-01 1.441828161478042603e-01 1.966985315084457397e-01
2.023009806871414185e-01 1.744858920574188232e-01 1.891916990280151367e-01 2.985814809799194336e-01 1.061135679483413696e-01 1.484091579914093018e-01 3.791778087615966797e-01 3.390887379646301270e-01 5.347070097923278809e-02 2.533559203147888184e-01 3.604132831096649170e-01 1.323745399713516235e-01 1.436874568462371826e-01 3.131854534149169922e-01 2.080756127834320068e-01 2.677654027938842773e-01 3.850593566894531250e-01 3.850790560245513916e-01 2.680514454841613770e-01 1.675322651863098145e-01
1.446450650691986084e-01 1.894829571247100830e-01 2.237676084041595459e-01 2.953358888626098633e-01 3.262655735015869141e-01 2.392447292804718018e-01 1.378169506788253784e-01 2.808123230934143066e-01 1.392415165901184082e-01 3.376086354255676270e-01 3.456755876541137695e-01 3.884435296058654785e-01 2.687574326992034912e-01 4.536687731742858887e-01 1.399216651916503906e-01 3.687819242477416992e-01 2.835974693298339844e-01 6.908281147480010986e-02 1.500168293714523315e-01 1.288147121667861938e-01
