2018-07-23 14:30:00
-6.073800846934318542e-03 8.704631775617599487e-02 -1.775101274251937866e-01 4.896744787693023682e-01 2.511009275913238525e-01 1.516537964344024658e-01 -3.896299749612808228e-03 2.065832018852233887e-01 2.598848044872283936e-01 3.138487637042999268e-01 1.468175053596496582e-01 2.230775654315948486e-01 8.292280137538909912e-03 4.869271069765090942e-02 1.958653777837753296e-01 2.767439186573028564e-01 2.192905843257904053e-01 2.399524003267288208e-01 2.692415714263916016e-01 6.987527012825012207e-02
4.916654825210571289e-01 1.327583342790603638e-01 -1.097200140357017517e-01 1.879715472459793091e-01 1.448929309844970703e-01 2.058416455984115601e-01 2.428030967712402344e-01 8.944350481033325195e-02 1.475854218006134033e-01 3.098596036434173584e-01 3.064824640750885010e-02 1.177091747522354126e-01 1.443221867084503174e-01 1.607233285903930664e-01 -1.945094391703605652e-02 1.618330366909503937e-02 3.045793175697326660e-01 1.734436303377151489e-01 2.371543645858764648e-01 1.263700425624847412e-01
1.773510575294494629e-01 1.390479058027267456e-01 2.161869704723358154e-01 2.548118680715560913e-02 1.311040520668029785e-01 -5.956359207630157471e-02 4.471368193626403809e-01 8.349496871232986450e-02 5.868949368596076965e-02 1.524632722139358521e-01 4.604950845241546631e-01 -2.553424239158630371e-02 1.216391474008560181e-01 6.524832546710968018e-02 1.214734241366386414e-01 9.820003062486648560e-02 5.111558437347412109e-01 3.809832781553268433e-02 3.161048889160156250e-01 1.539083570241928101e-01
1.434562206268310547e-01 -8.696567267179489136e-02 6.976100802421569824e-02 1.725410223007202148e-01 2.619044780731201172e-01 1.523285061120986938e-01 3.540242090821266174e-02 -2.933855168521404266e-03 -2.125866711139678955e-02 4.599782228469848633e-01 2.628992199897766113e-01 5.273154377937316895e-02 1.181554347276687622e-01 1.385843753814697266e-01 3.112664222717285156e-01 1.256176084280014038e-01 2.116116136312484741e-02 2.218610048294067383e-01 1.932118684053421021e-01 2.407131642103195190e-01
5.174235999584197998e-02 2.458448410034179688e-01 2.015541195869445801e-01 4.343178495764732361e-02 -2.514791488647460938e-02 1.601874977350234985e-01 2.607972025871276855e-01 1.325400173664093018e-01 2.115184068679809570e-01 1.247769817709922791e-01 1.880198866128921509e-01 2.033560723066329956e-01 1.440102607011795044e-02 1.022095829248428345e-01 6.711000204086303711e-02 5.097895860671997070e-03 9.748537838459014893e-02 2.733063697814941406e-01 -1.517432928085327148e-02 1.900993473827838898e-02
1.026844605803489685e-01 1.956718862056732178e-01 1.570206284523010254e-01 5.119424313306808472e-02 2.037340775132179260e-02 4.481359124183654785e-01 2.826638892292976379e-02 5.039938688278198242e-01 1.370698064565658569e-01 -9.945265948772430420e-02 -2.304602600634098053e-02 4.415687546133995056e-02 4.099443554878234863e-03 6.012298166751861572e-02 6.333261728286743164e-02 8.845125138759613037e-02 6.899848580360412598e-02 1.493972837924957275e-01 1.237286701798439026e-01 1.346209496259689331e-01
1.086941063404083252e-01 1.281491816043853760e-01 1.068326458334922791e-01 1.465830057859420776e-01 2.670391499996185303e-01 1.556978821754455566e-01 2.545236647129058838e-01 9.276314079761505127e-02 1.581796407699584961e-01 5.011501312255859375e-01 7.084877789020538330e-02 1.241887137293815613e-01 2.206166386604309082e-01 2.076937109231948853e-01 2.665652334690093994e-01 1.250467598438262939e-01 2.950521558523178101e-02 4.479616135358810425e-02 3.534636646509170532e-02 2.811417877674102783e-01
1.766159236431121826e-01 1.165217980742454529e-01 4.324603080749511719e-02 2.196398079395294189e-01 2.446078956127166748e-01 8.357384800910949707e-02 2.074152380228042603e-01 2.534246444702148438e-01 1.189823895692825317e-01 9.812916815280914307e-02 1.270963549613952637e-01 2.428661286830902100e-01 6.410913169384002686e-02 2.402379661798477173e-01 3.230622112751007080e-01 3.536750376224517822e-02 2.114860713481903076e-01 1.214015856385231018e-01 2.146413028240203857e-01 1.544365137815475464e-01
-1.018737405538558960e-01 3.371584415435791016e-01 1.714059859514236450e-01 1.184506639838218689e-01 4.575226455926895142e-02 1.796433925628662109e-01 3.553180396556854248e-01 3.436414897441864014e-01 2.742714881896972656e-01 1.848603039979934692e-02 4.078023433685302734e-01 2.819670736789703369e-01 1.635448187589645386e-01 8.593574911355972290e-02 1.247809380292892456e-01 5.579526722431182861e-02 1.906881034374237061e-01 1.955491304397583008e-02 3.514291644096374512e-01 3.643252849578857422e-01
1.003086566925048828e-02 3.695563971996307373e-02 -4.456234723329544067e-02 2.939919531345367432e-01 3.111382126808166504e-01 3.333669006824493408e-01 2.868879735469818115e-01 4.374772906303405762e-01 1.240511089563369751e-01 2.334628403186798096e-01 4.794084280729293823e-02 1.018922999501228333e-01 1.627215147018432617e-01 -4.633147269487380981e-03 4.130576848983764648e-01 1.588005721569061279e-01 3.986618667840957642e-02 1.033178120851516724e-01 2.503761947154998779e-01 -4.480984061956405640e-03
1.792179942131042480e-01 3.145285844802856445e-01 4.390399158000946045e-02 -3.402423113584518433e-02 3.320867121219635010e-01 2.438550591468811035e-01 5.208364725112915039e-01 2.983596622943878174e-01 6.373562812805175781e-01 3.560214042663574219e-01 4.030098915100097656e-01 -1.146540790796279907e-02 -3.150087967514991760e-02 3.393740952014923096e-02 4.460482001304626465e-01 2.448492199182510376e-01 1.809263080358505249e-01 1.089842766523361206e-01 1.887509524822235107e-01 9.144046902656555176e-02
4.767602682113647461e-01 4.971899390220642090e-01 2.385356724262237549e-01 8.772578090429306030e-02 2.485183775424957275e-01 6.622466444969177246e-02 6.533524394035339355e-02 1.040555536746978760e-01 2.377627491950988770e-01 1.640709340572357178e-01 1.353295445442199707e-01 3.038171529769897461e-01 3.015120029449462891e-01 2.099796533584594727e-01 -1.134628057479858398e-02 2.936304360628128052e-02 1.594772040843963623e-01 3.242793083190917969e-01 1.854724287986755371e-01 1.619602441787719727e-01
1.726269572973251343e-01 3.085796236991882324e-01 1.957076489925384521e-01 3.272320628166198730e-01 4.672340750694274902e-01 1.425979435443878174e-01 2.144628465175628662e-01 2.764871120452880859e-01 2.883885502815246582e-01 1.538192033767700195e-01 4.658861085772514343e-03 3.910306692123413086e-01 2.461397647857666016e-01 6.100149452686309814e-02 -3.093183040618896484e-04 2.854107320308685303e-02 1.576456427574157715e-01 1.543026268482208252e-01 1.725489497184753418e-01 1.816799193620681763e-01
2.771215736865997314e-01 2.690427005290985107e-01 1.218407601118087769e-01 4.433740973472595215e-01 1.726619452238082886e-01 4.692579805850982666e-01 3.486298918724060059e-01 2.194067835807800293e-01 1.215498745441436768e-01 2.621945738792419434e-01 3.763749301433563232e-01 4.034018218517303467e-01 1.255775690078735352e-01 2.443039119243621826e-01 2.928687930107116699e-01 1.788449436426162720e-01 3.267829418182373047e-01 1.735368072986602783e-01 2.108145952224731445e-01 1.302628666162490845e-01
1.450693905353546143e-01 2.620333135128021240e-01 1.967665255069732666e-01 4.644609987735748291e-01 2.043824642896652222e-01 9.866315871477127075e-02 1.452975869178771973e-01 2.869884967803955078e-01 2.774156033992767334e-01 2.173820137977600098e-01 2.020313143730163574e-01 1.614278852939605713e-01 2.914176881313323975e-01 1.146407797932624817e-01 1.572067737579345703e-01 2.315866649150848389e-01 -1.933967471122741699e-01 6.234523057937622070e-01 1.562584191560745239e-01 1.528761833906173706e-01
1.372130215167999268e-01 2.944087684154510498e-01 1.210300028324127197e-01 2.233994603157043457e-01 1.367921829223632812e-01 1.500330865383148193e-01 1.805102080106735229e-01 1.646450757980346680e-01 3.199548125267028809e-01 2.411436289548873901e-04 2.609194442629814148e-02 1.890145987272262573e-01 -2.202020585536956787e-02 3.296112716197967529e-01 1.724332571029663086e-01 5.111122876405715942e-02 3.648709952831268311e-01 1.074625477194786072e-01 1.469872593879699707e-01 2.811194956302642822e-01
2.752296924591064453e-01 1.870413422584533691e-01 1.852577030658721924e-01 4.314374327659606934e-01 2.177301198244094849e-01 2.042174935340881348e-01 9.277725219726562500e-02 5.638451129198074341e-02 2.790445089340209961e-01 3.875223696231842041e-01 3.013757467269897461e-01 2.647113204002380371e-01 2.085804939270019531e-01 1.251162439584732056e-01 4.157342389225959778e-02 1.265535056591033936e-01 3.085284233093261719e-01 2.009785175323486328e-01 -9.497350454330444336e-02 1.865295693278312683e-02
1.934556066989898682e-01 2.372241914272308350e-01 2.579985260963439941e-01 -6.666579842567443848e-02 1.492902934551239014e-01 3.698259592056274414e-02 2.125951349735260010e-01 2.293304800987243652e-01 1.634688675403594971e-01 2.664164304733276367e-01 2.696174681186676025e-01 3.367761671543121338e-01 2.615243792533874512e-01 2.628830671310424805e-01 9.682644158601760864e-02 1.897650957107543945e-01 -1.254945993423461914e-03 6.129629909992218018e-02 2.232354283332824707e-01 1.376907378435134888e-01
6.109867244958877563e-02 2.121275067329406738e-01 1.831580847501754761e-01 2.069910317659378052e-01 1.263966113328933716e-01 8.771932870149612427e-02 3.207184672355651855e-01 2.071520388126373291e-01 1.666871160268783569e-01 9.827610850334167480e-02 1.919799745082855225e-01 1.823359876871109009e-01 3.578247427940368652e-01 3.559760451316833496e-01 1.439490616321563721e-01 1.272355169057846069e-01 2.144276499748229980e-01 3.552262187004089355e-01 1.141974776983261108e-01 1.827918440103530884e-01
2.526183724403381348e-01 1.065131425857543945e-01 3.850487172603607178e-01 1.745644211769104004e-01 1.761900335550308228e-01 2.992158830165863037e-01 7.011264562606811523e-02 2.238311916589736938e-01 3.166702389717102051e-01 1.102759018540382385e-01 9.444423019886016846e-02 3.116795718669891357e-01 1.754409670829772949e-01 3.791216015815734863e-01 -1.701079905033111572e-01 1.866274774074554443e-01 4.103009402751922607e-01 1.930969655513763428e-01 1.733910441398620605e-01 2.635289430618286133e-01
