2018-07-23 15:30:00
3.522178530693054199e-01 3.325221836566925049e-01 7.481421530246734619e-02 3.322894275188446045e-01 3.590093553066253662e-01 2.847943603992462158e-01 3.280531167984008789e-01 4.432244896888732910e-01 3.826806545257568359e-01 2.496484667062759399e-01 5.506681203842163086e-01 3.563346266746520996e-01 5.971652269363403320e-01 1.193947672843933105e+00 8.273403048515319824e-01 6.299254894256591797e-01 4.334792792797088623e-01 5.508686304092407227e-01 5.475590825080871582e-01 7.464781403541564941e-01
4.226816296577453613e-01 6.516934037208557129e-01 2.826602756977081299e-01 4.834305942058563232e-01 4.250501990318298340e-01 3.183688521385192871e-01 3.887170553207397461e-01 3.173958361148834229e-01 4.291056990623474121e-01 4.382038116455078125e-01 4.869265258312225342e-01 5.440189242362976074e-01 4.011929929256439209e-01 5.050912499427795410e-01 1.052142381668090820e+00 8.719130754470825195e-01 1.053340911865234375e+00 8.877298831939697266e-01 7.091788649559020996e-01 6.771562099456787109e-01
3.512104749679565430e-01 2.781886756420135498e-01 2.624170184135437012e-01 2.994470894336700439e-01 4.231973588466644287e-01 5.404457449913024902e-01 4.827859997749328613e-01 2.039491534233093262e-01 3.889676034450531006e-01 2.925109267234802246e-01 4.707308411598205566e-01 3.346395194530487061e-01 5.775947570800781250e-01 6.378464102745056152e-01 8.260832428932189941e-01 8.457694053649902344e-01 8.099131584167480469e-01 1.042024135589599609e+00 7.344967722892761230e-01 6.145741939544677734e-01
3.579226732254028320e-01 3.110092282295227051e-01 3.072235286235809326e-01 2.966945171356201172e-01 3.034179210662841797e-01 3.089969754219055176e-01 3.986058235168457031e-01 3.657127320766448975e-01 2.879749238491058350e-01 6.592645645141601562e-01 7.212064266204833984e-01 1.023135066032409668e+00 5.714161396026611328e-01 8.167161345481872559e-01 6.449533104896545410e-01 1.072138309478759766e+00 9.607788324356079102e-01 7.300314903259277344e-01 8.980953693389892578e-01 6.637967824935913086e-01
1.217128783464431763e-01 2.849206030368804932e-01 3.862063288688659668e-01 2.436446845531463623e-01 2.692432701587677002e-01 4.439336359500885010e-01 3.773655891418457031e-01 4.135053753852844238e-01 5.751197934150695801e-01 5.164110660552978516e-01 1.647984683513641357e-01 3.082515001296997070e-01 6.753988265991210938e-01 8.791135549545288086e-01 1.015534281730651855e+00 9.173516631126403809e-01 6.937841773033142090e-01 4.861491024494171143e-01 6.955541372299194336e-01 6.752192974090576172e-01
3.114868700504302979e-01 2.532212734222412109e-01 2.040309906005859375e-01 2.561272382736206055e-01 1.610583364963531494e-01 1.828129738569259644e-01 1.827848255634307861e-01 5.868269205093383789e-01 3.410314321517944336e-01 2.576546072959899902e-01 2.049806118011474609e-01 5.378118753433227539e-01 4.838154315948486328e-01 1.103759050369262695e+00 8.302479982376098633e-01 9.590330123901367188e-01 1.077988743782043457e+00 7.928562164306640625e-01 6.623662710189819336e-01 1.046898841857910156e+00
5.414529442787170410e-01 3.950912952423095703e-01 3.396545052528381348e-01 3.199814558029174805e-01 2.592563927173614502e-01 2.288641929626464844e-01 3.800535202026367188e-01 1.285163015127182007e-01 6.345540285110473633e-01 3.916335701942443848e-01 2.229641079902648926e-01 2.998451590538024902e-01 4.095894694328308105e-01 5.178348422050476074e-01 7.551477551460266113e-01 1.105693578720092773e+00 7.562768459320068359e-01 9.898251891136169434e-01 7.427797317504882812e-01 6.317260265350341797e-01
2.800820469856262207e-01 3.337644934654235840e-01 1.257617175579071045e-01 2.622026801109313965e-01 3.503380715847015381e-01 2.585624754428863525e-01 3.044463992118835449e-01 2.031214088201522827e-01 3.999571502208709717e-01 5.103641748428344727e-01 4.399861693382263184e-01 3.556334376335144043e-01 6.929658651351928711e-01 6.349216103553771973e-01 5.651615858078002930e-01 5.619163513183593750e-01 9.052223563194274902e-01 1.376001238822937012e+00 9.180222749710083008e-01 5.144989490509033203e-01
3.778909146785736084e-01 1.957916319370269775e-01 3.836421966552734375e-01 2.042372077703475952e-01 6.253533363342285156e-01 1.922320425510406494e-01 1.220323294401168823e-01 4.138690829277038574e-01 4.526641368865966797e-01 2.022874951362609863e-01 2.481075376272201538e-01 4.190682172775268555e-01 3.736886680126190186e-01 6.703252196311950684e-01 6.467952728271484375e-01 1.021818161010742188e+00 1.165371537208557129e+00 9.610798358917236328e-01 4.874327182769775391e-01 6.280673742294311523e-01
5.266774892807006836e-01 4.655709564685821533e-01 2.365047782659530640e-01 2.069662064313888550e-01 2.784337997436523438e-01 3.689131140708923340e-01 5.570334196090698242e-01 2.502128481864929199e-01 2.405149638652801514e-01 7.029268741607666016e-01 1.655716598033905029e-01 2.668975591659545898e-01 3.620105385780334473e-01 3.967953920364379883e-01 5.996066331863403320e-01 3.809966444969177246e-01 4.531041383743286133e-01 5.757954120635986328e-01 5.401239991188049316e-01 6.551381945610046387e-01
4.278727769851684570e-01 1.314007639884948730e-01 4.436647295951843262e-01 4.397725760936737061e-01 2.496675699949264526e-01 3.886735141277313232e-01 4.311393499374389648e-01 2.635819315910339355e-01 3.418500423431396484e-01 2.650886178016662598e-01 5.214585065841674805e-01 2.508933544158935547e-01 3.756557703018188477e-01 2.912986874580383301e-01 3.546472191810607910e-01 5.620790719985961914e-01 7.564759850502014160e-01 5.846945047378540039e-01 6.213111877441406250e-01 5.976971387863159180e-01
4.315403699874877930e-01 3.875821232795715332e-01 6.761174201965332031e-01 2.829530537128448486e-01 5.654200538992881775e-02 3.119503259658813477e-01 3.762850165367126465e-01 3.737120032310485840e-01 6.077142953872680664e-01 3.644370436668395996e-01 3.018534481525421143e-01 4.588031172752380371e-01 3.673097491264343262e-01 1.399379819631576538e-01 6.244288682937622070e-01 2.998826205730438232e-01 5.881096124649047852e-01 3.827262520790100098e-01 3.824014365673065186e-01 7.264510989189147949e-01
2.439354658126831055e-01 6.097801029682159424e-02 1.918582916259765625e-01 2.938579320907592773e-01 1.453057527542114258e-01 2.510852217674255371e-01 3.783073127269744873e-01 4.154292941093444824e-01 1.043637022376060486e-01 1.881842762231826782e-01 2.948018312454223633e-01 2.633155882358551025e-01 1.468279063701629639e-01 2.220414131879806519e-01 2.177617400884628296e-01 3.838050663471221924e-01 5.174745321273803711e-01 6.155886054039001465e-01 5.042836666107177734e-01 5.608003139495849609e-01
7.955210655927658081e-02 2.495780289173126221e-01 5.029095411300659180e-01 2.126049697399139404e-01 1.240022927522659302e-01 5.168108344078063965e-01 4.353424310684204102e-01 6.070875525474548340e-01 3.681896924972534180e-01 2.717692553997039795e-01 2.485647797584533691e-01 3.444964885711669922e-01 1.811239123344421387e-01 1.247626990079879761e-01 5.094721317291259766e-01 2.403675615787506104e-01 4.065944552421569824e-01 4.759128689765930176e-01 1.563197970390319824e-01 5.805447101593017578e-01
1.585914939641952515e-01 3.568311035633087158e-01 5.292370319366455078e-01 4.252210855484008789e-01 2.594626545906066895e-01 2.372961640357971191e-01 5.435201525688171387e-02 2.040976285934448242e-01 2.652224004268646240e-01 1.981585174798965454e-01 5.363505482673645020e-01 3.627011179924011230e-01 2.270182073116302490e-01 3.193110525608062744e-01 2.882757186889648438e-01 1.543847620487213135e-01 1.327601075172424316e-01 3.951289057731628418e-01 4.107491374015808105e-01 2.832912206649780273e-01
2.123966515064239502e-01 3.348963260650634766e-01 2.227909564971923828e-01 1.501671038568019867e-03 5.017882585525512695e-01 2.862872481346130371e-01 3.431370258331298828e-01 2.776615619659423828e-01 3.338919878005981445e-01 2.362351119518280029e-01 2.194754183292388916e-01 3.694938123226165771e-01 2.030898630619049072e-01 4.296171069145202637e-01 1.970153450965881348e-01 2.597561180591583252e-01 4.255937337875366211e-01 3.080163002014160156e-01 4.056863784790039062e-01 6.419993042945861816e-01
4.794558584690093994e-01 2.493538111448287964e-01 3.790062069892883301e-01 3.176823854446411133e-01 4.644781947135925293e-01 3.405617475509643555e-01 2.401890605688095093e-01 3.289902806282043457e-01 4.582926034927368164e-01 2.673988640308380127e-01 4.115168452262878418e-01 1.553745567798614502e-01 2.309843599796295166e-01 1.580350100994110107e-01 4.509828090667724609e-01 2.859841287136077881e-01 2.589809596538543701e-01 3.214937448501586914e-01 3.687494695186614990e-01 4.284928441047668457e-01
3.147546648979187012e-01 4.799422621726989746e-01 3.644884228706359863e-01 3.765573799610137939e-01 4.925492405891418457e-01 4.562122225761413574e-01 3.869911730289459229e-01 5.104000568389892578e-01 2.630153298377990723e-01 2.810526490211486816e-01 2.333248257637023926e-01 1.775189638137817383e-01 2.405345141887664795e-01 3.044286966323852539e-01 2.141191959381103516e-01 2.715074419975280762e-01 3.718566894531250000e-01 1.712255179882049561e-01 2.702842950820922852e-01 3.568541109561920166e-01
3.387894034385681152e-01 4.081019163131713867e-01 4.252098202705383301e-01 3.521273732185363770e-01 2.975097298622131348e-01 5.730948448181152344e-01 3.133319616317749023e-01 3.922054171562194824e-01 2.104612290859222412e-01 2.913032174110412598e-01 2.922505140304565430e-01 5.626170635223388672e-01 2.282346189022064209e-01 2.564523816108703613e-01 3.235541284084320068e-01 3.959623277187347412e-01 2.410572767257690430e-01 2.218787819147109985e-01 1.425378620624542236e-01 4.472050964832305908e-01
2.851977944374084473e-01 1.616465449333190918e-01 4.196033477783203125e-01 3.362284898757934570e-01 2.652751803398132324e-01 1.957813054323196411e-01 3.392611742019653320e-01 2.661666274070739746e-01 2.155230641365051270e-01 2.929261326789855957e-01 6.704828739166259766e-01 6.660959124565124512e-01 3.741133213043212891e-01 2.554279565811157227e-01 7.511596381664276123e-02 4.108439087867736816e-01 3.482300043106079102e-01 3.822584748268127441e-01 3.326498568058013916e-01 3.673059940338134766e-01
