2018-07-23 15:45:00
4.743259549140930176e-01 3.191846609115600586e-01 6.631487607955932617e-01 2.398412972688674927e-01 4.608322679996490479e-01 3.774067759513854980e-01 4.370159804821014404e-01 2.993269860744476318e-01 5.284960865974426270e-01 3.699491620063781738e-01 4.051491022109985352e-01 4.927105903625488281e-01 3.472478985786437988e-01 3.786923289299011230e-01 4.400115013122558594e-01 6.062856316566467285e-01 5.906891822814941406e-01 2.807303667068481445e-01 3.263753652572631836e-01 6.167633533477783203e-01
6.730057001113891602e-01 4.597547054290771484e-01 6.245343089103698730e-01 4.860994219779968262e-01 3.018295168876647949e-01 4.996646046638488770e-01 3.198833465576171875e-01 2.681298255920410156e-01 2.768135368824005127e-01 3.630805015563964844e-01 2.999106049537658691e-01 3.900647759437561035e-01 6.971784830093383789e-01 2.975551187992095947e-01 5.472331047058105469e-01 6.171956062316894531e-01 7.331136465072631836e-01 8.391199111938476562e-01 3.602537214756011963e-01 6.260148882865905762e-01
2.147663533687591553e-01 4.838482737541198730e-01 4.784676730632781982e-01 3.303804993629455566e-01 5.112770199775695801e-01 3.904663324356079102e-01 4.746617376804351807e-01 4.558714032173156738e-01 4.129651784896850586e-01 4.025200605392456055e-01 3.606064021587371826e-01 5.426491498947143555e-01 2.265942543745040894e-01 4.743750393390655518e-01 5.969630479812622070e-01 7.191952466964721680e-01 1.463382542133331299e-01 5.293646454811096191e-01 6.188725233078002930e-01 4.286874532699584961e-01
4.044774770736694336e-01 5.439025163650512695e-01 3.256671428680419922e-01 5.869268178939819336e-01 3.158598542213439941e-01 5.510351061820983887e-01 2.951262593269348145e-01 3.051626980304718018e-01 2.837184369564056396e-01 5.078454017639160156e-01 1.575008034706115723e-01 4.985467195510864258e-01 4.904424548149108887e-01 4.873412847518920898e-01 4.666121006011962891e-01 9.289596676826477051e-01 6.536027193069458008e-01 9.020118713378906250e-01 7.233579158782958984e-01 7.089223861694335938e-01
4.627223014831542969e-01 1.672631204128265381e-01 2.969989180564880371e-01 3.763946294784545898e-01 3.099830448627471924e-01 1.983873099088668823e-01 3.763267993927001953e-01 4.295901954174041748e-01 2.794700562953948975e-01 5.036176443099975586e-01 6.862570047378540039e-01 3.961086869239807129e-01 5.226242542266845703e-01 4.526656866073608398e-01 2.531395554542541504e-01 5.004702210426330566e-01 4.061889052391052246e-01 4.298512637615203857e-01 5.680313706398010254e-01 6.796280145645141602e-01
2.137269079685211182e-01 1.600580811500549316e-01 3.751759827136993408e-01 3.133333027362823486e-01 4.520988464355468750e-01 2.171565592288970947e-01 2.982597351074218750e-01 4.797144234180450439e-01 3.196064531803131104e-01 3.092975616455078125e-01 1.913398504257202148e-01 3.541847765445709229e-01 5.062770843505859375e-01 4.993910491466522217e-01 5.133472084999084473e-01 4.815183281898498535e-01 1.014474630355834961e+00 9.217164516448974609e-01 4.127406775951385498e-01 7.145542502403259277e-01
4.007179141044616699e-01 7.351400703191757202e-02 2.721822857856750488e-01 5.103010535240173340e-01 5.490540266036987305e-01 4.732533693313598633e-01 4.173228740692138672e-01 3.620774149894714355e-01 2.849731743335723877e-01 2.160053998231887817e-01 2.584469914436340332e-01 4.856439828872680664e-01 1.368343681097030640e-01 4.653636217117309570e-01 5.001382231712341309e-01 1.843747347593307495e-01 1.079958558082580566e+00 5.851030349731445312e-01 5.058966875076293945e-01 3.208142220973968506e-01
5.320956707000732422e-01 2.407099455595016479e-01 2.911275029182434082e-01 3.531957268714904785e-01 2.379052639007568359e-01 1.730657815933227539e-01 2.431996315717697144e-01 4.803894758224487305e-01 3.642473220825195312e-01 4.244728386402130127e-01 4.591249525547027588e-01 3.976424932479858398e-01 2.719755172729492188e-01 5.850092768669128418e-01 2.942788600921630859e-01 9.781448245048522949e-01 5.475380420684814453e-01 5.944110155105590820e-01 3.971998989582061768e-01 3.796549737453460693e-01
2.584807872772216797e-01 1.926923096179962158e-01 5.560716390609741211e-01 4.134336113929748535e-01 3.621591329574584961e-01 2.968773841857910156e-01 2.311969101428985596e-01 4.030964374542236328e-01 2.043342590332031250e-01 3.496442735195159912e-01 4.508591890335083008e-01 4.933837056159973145e-01 7.240297198295593262e-01 1.853626817464828491e-01 4.692117571830749512e-01 4.350582957267761230e-01 7.184695005416870117e-01 3.443489968776702881e-01 2.741295099258422852e-01 3.656805753707885742e-01
5.350635647773742676e-01 3.098678886890411377e-01 5.563440322875976562e-01 3.103388547897338867e-01 4.059798419475555420e-01 1.532931029796600342e-01 1.966280043125152588e-01 4.403052330017089844e-01 3.492342233657836914e-01 3.950771391391754150e-01 3.384065330028533936e-01 4.084564447402954102e-01 2.697133421897888184e-01 4.465454220771789551e-01 2.384299635887145996e-01 3.064563274383544922e-01 5.897346735000610352e-01 6.546401977539062500e-01 5.269255638122558594e-01 3.007817864418029785e-01
2.895874679088592529e-01 2.613363862037658691e-01 4.129506945610046387e-01 4.168030023574829102e-01 3.382138013839721680e-01 4.292569458484649658e-01 2.313326746225357056e-01 1.575939506292343140e-01 5.118205547332763672e-01 4.599131941795349121e-01 2.331128269433975220e-01 2.513874769210815430e-01 4.756436347961425781e-01 4.500032663345336914e-01 3.786639571189880371e-01 3.037464022636413574e-01 3.619631230831146240e-01 6.510428190231323242e-01 6.386929154396057129e-01 3.408567309379577637e-01
2.039279341697692871e-01 2.980405092239379883e-01 4.614677131175994873e-01 2.476525157690048218e-01 4.664345383644104004e-01 2.036661654710769653e-01 5.267453789710998535e-01 3.652756214141845703e-01 6.051068305969238281e-01 4.562762379646301270e-01 2.840752601623535156e-01 4.012840688228607178e-01 4.052452445030212402e-01 4.780912697315216064e-01 2.733635306358337402e-01 3.992816805839538574e-01 3.155540227890014648e-01 4.640069901943206787e-01 3.047689795494079590e-01 2.925897836685180664e-01
1.987582892179489136e-01 3.051706552505493164e-01 5.026887059211730957e-01 4.943735599517822266e-01 1.637671589851379395e-01 3.547009229660034180e-01 5.129263997077941895e-01 4.290522634983062744e-01 5.455930233001708984e-01 3.165158927440643311e-01 1.729379892349243164e-01 1.899394989013671875e-01 4.518584012985229492e-01 6.007855534553527832e-01 3.154224455356597900e-01 5.318751931190490723e-01 2.485155463218688965e-01 3.692881464958190918e-01 5.136605501174926758e-01 3.800918161869049072e-01
3.603638708591461182e-01 3.949807286262512207e-01 3.378498256206512451e-01 4.569051861763000488e-01 2.871544957160949707e-01 3.972773253917694092e-01 2.786789834499359131e-01 3.707133829593658447e-01 6.121348738670349121e-01 4.495922327041625977e-01 3.324200809001922607e-01 4.183150529861450195e-01 3.540267050266265869e-01 4.247185587882995605e-01 3.047403693199157715e-01 3.765001595020294189e-01 4.831401109695434570e-01 3.612810969352722168e-01 1.887236833572387695e-01 2.366815954446792603e-01
4.986258149147033691e-01 3.369588553905487061e-01 2.736977636814117432e-01 3.390421867370605469e-01 4.137252569198608398e-01 5.333796739578247070e-01 4.701157808303833008e-01 2.178280949592590332e-01 3.175889253616333008e-01 3.114232718944549561e-01 2.525511682033538818e-01 4.350304007530212402e-01 3.982846736907958984e-01 3.660418093204498291e-01 3.806797266006469727e-01 3.216542601585388184e-01 2.413583844900131226e-01 1.517808586359024048e-01 3.044001460075378418e-01 3.377946615219116211e-01
2.525047957897186279e-01 2.443366050720214844e-01 6.024888753890991211e-01 3.655556440353393555e-01 5.138233900070190430e-01 3.263242840766906738e-01 1.917933523654937744e-01 5.808725953102111816e-01 3.106092214584350586e-01 2.776689529418945312e-01 4.963015317916870117e-01 4.796831011772155762e-01 2.798254191875457764e-01 3.321552276611328125e-01 4.564225673675537109e-01 5.143462419509887695e-01 1.487890183925628662e-01 2.286306023597717285e-01 2.568315863609313965e-01 2.025234252214431763e-01
3.675647377967834473e-01 4.404810667037963867e-01 1.652225852012634277e-01 6.209840774536132812e-01 4.439433217048645020e-01 3.810435831546783447e-01 4.487771987915039062e-01 4.053207635879516602e-01 2.858305573463439941e-01 4.257059693336486816e-01 3.015362024307250977e-01 3.754056096076965332e-01 2.719988226890563965e-01 6.723539233207702637e-01 1.186982542276382446e-01 2.883864045143127441e-01 2.565770149230957031e-01 2.256458252668380737e-01 3.149062693119049072e-01 3.393738269805908203e-01
6.248470544815063477e-01 2.143714725971221924e-01 6.691711544990539551e-01 3.994626998901367188e-01 3.788795471191406250e-01 2.363867163658142090e-01 3.566023707389831543e-01 5.344974398612976074e-01 3.745784163475036621e-01 4.815121591091156006e-01 4.204337000846862793e-01 2.486536800861358643e-01 2.348273098468780518e-01 2.930576801300048828e-01 3.287054002285003662e-01 1.890020817518234253e-01 2.507874369621276855e-01 2.139391377568244934e-03 3.443863093852996826e-01 2.021771073341369629e-01
4.582500755786895752e-01 4.548612236976623535e-01 2.129714488983154297e-01 3.270147442817687988e-01 3.860208392143249512e-01 6.078228950500488281e-01 2.264638543128967285e-01 2.952338159084320068e-01 2.516784071922302246e-01 6.243780851364135742e-01 6.580991744995117188e-01 5.374923944473266602e-01 2.138761729001998901e-01 2.206658422946929932e-01 5.306705832481384277e-01 2.412565648555755615e-01 2.728986144065856934e-01 2.282579243183135986e-01 2.120248526334762573e-01 1.308295875787734985e-01
3.946447372436523438e-01 4.742236733436584473e-01 4.494510293006896973e-01 4.294422268867492676e-01 3.508053719997406006e-01 1.375818997621536255e-01 3.733895421028137207e-01 2.376836538314819336e-01 5.686830282211303711e-01 2.284300625324249268e-01 4.950600862503051758e-01 6.360881328582763672e-01 3.824383020401000977e-01 3.512538671493530273e-01 3.703509569168090820e-01 2.736130058765411377e-01 3.993861079216003418e-01 3.754368424415588379e-01 3.997903764247894287e-01 4.059275984764099121e-01
