2018-07-23 17:15:00
4.355359971523284912e-01 1.195451542735099792e-01 4.890060424804687500e-01 3.727072477340698242e-01 3.643380999565124512e-01 3.794218599796295166e-01 1.486117541790008545e-01 9.950529038906097412e-02 2.675245404243469238e-01 2.997330427169799805e-01 1.501687318086624146e-01 2.153606712818145752e-01 2.410015910863876343e-01 1.842870861291885376e-01 5.090504288673400879e-01 5.680804252624511719e-01 2.186467051506042480e-01 4.606124460697174072e-01 5.754724144935607910e-01 2.519693374633789062e-01
4.456521868705749512e-01 6.656121015548706055e-01 2.594638466835021973e-01 1.679169237613677979e-01 5.044935941696166992e-01 4.221872687339782715e-01 2.736234068870544434e-01 1.598836928606033325e-01 1.489193141460418701e-01 1.280881464481353760e-01 2.502596676349639893e-01 1.622321605682373047e-01 1.249105930328369141e-01 4.310021996498107910e-01 3.119849264621734619e-01 3.823229670524597168e-01 4.544059634208679199e-01 4.628847539424896240e-01 2.860440313816070557e-01 3.273999691009521484e-01
2.374371886253356934e-01 4.301773607730865479e-01 4.862657785415649414e-01 4.544534087181091309e-01 4.518710970878601074e-01 2.346721291542053223e-01 4.085435867309570312e-01 2.853872478008270264e-01 1.742391586303710938e-01 1.946761906147003174e-01 1.906131803989410400e-01 2.418107092380523682e-01 3.731206655502319336e-01 2.175548076629638672e-01 2.789449691772460938e-01 6.962620019912719727e-01 5.520280599594116211e-01 4.244275391101837158e-01 6.170297861099243164e-01 4.486858546733856201e-01
3.442904353141784668e-01 2.034958302974700928e-01 1.521981656551361084e-01 5.830162763595581055e-01 2.043193280696868896e-01 1.477853953838348389e-01 1.017528623342514038e-01 1.066563948988914490e-01 1.417098343372344971e-01 4.122643470764160156e-01 7.440390586853027344e-01 2.880505323410034180e-01 2.263175994157791138e-01 3.217260837554931641e-01 3.840440809726715088e-01 5.480629205703735352e-01 6.780585646629333496e-01 3.799727559089660645e-01 4.626247286796569824e-01 3.326322436332702637e-01
2.233571857213973999e-01 1.526162624359130859e-01 4.106636345386505127e-01 2.101504206657409668e-01 2.648760676383972168e-01 2.927094697952270508e-01 2.688394784927368164e-01 1.873659193515777588e-01 2.768952399492263794e-02 1.312191337347030640e-01 9.352192282676696777e-02 2.924985587596893311e-01 3.662877678871154785e-01 2.034894824028015137e-01 3.217621445655822754e-01 3.942076563835144043e-01 5.869543552398681641e-01 4.257013201713562012e-01 3.693157136440277100e-01 7.122911214828491211e-01
2.384399473667144775e-01 4.248766303062438965e-01 2.978095412254333496e-01 3.557071685791015625e-01 3.443083763122558594e-01 6.585257053375244141e-01 3.387692272663116455e-01 3.826164305210113525e-01 2.806428670883178711e-01 2.219825088977813721e-01 1.951709091663360596e-01 3.700793385505676270e-01 2.045276761054992676e-01 4.644062221050262451e-01 3.868993520736694336e-01 5.383718013763427734e-01 7.286942005157470703e-01 2.955766022205352783e-01 3.785880804061889648e-01 5.587394833564758301e-01
2.690884172916412354e-01 1.695435643196105957e-01 2.409077584743499756e-01 2.026455402374267578e-01 5.726509094238281250e-01 3.017368912696838379e-01 2.760845124721527100e-01 3.234005570411682129e-01 1.875721514225006104e-01 1.190837174654006958e-01 3.003761172294616699e-01 3.833042383193969727e-01 2.092700302600860596e-01 6.417239904403686523e-01 1.646016836166381836e-01 4.499981105327606201e-01 4.912857413291931152e-01 5.494282245635986328e-01 4.221609234809875488e-01 3.927148282527923584e-01
1.503209322690963745e-01 1.981469392776489258e-01 2.224618196487426758e-01 1.265344917774200439e-01 2.587420940399169922e-01 3.054116666316986084e-01 2.854141592979431152e-01 3.087543845176696777e-01 1.720412969589233398e-01 2.875092923641204834e-01 4.666755497455596924e-01 3.984284400939941406e-01 6.036906242370605469e-01 3.310813605785369873e-01 2.823961377143859863e-01 4.109941720962524414e-01 3.875942230224609375e-01 5.184066295623779297e-01 5.215122699737548828e-01 3.930238187313079834e-01
2.541389763355255127e-01 2.334641665220260620e-01 1.400293558835983276e-01 3.895841240882873535e-01 5.200949907302856445e-01 4.311412274837493896e-01 3.600451052188873291e-01 2.172994017601013184e-01 3.403034508228302002e-01 2.735942304134368896e-01 4.985165596008300781e-01 8.653186261653900146e-02 2.412925064563751221e-01 3.134334981441497803e-01 3.405824899673461914e-01 2.984776198863983154e-01 3.218938708305358887e-01 4.530222415924072266e-01 3.522658944129943848e-01 3.334406018257141113e-01
6.274801492691040039e-02 1.683769673109054565e-01 3.958016037940979004e-01 3.696251213550567627e-01 2.363419681787490845e-01 2.431501448154449463e-01 1.295917183160781860e-01 3.076641559600830078e-01 3.852739334106445312e-01 3.309246003627777100e-01 2.601185441017150879e-01 3.772164583206176758e-01 2.561458647251129150e-01 1.924456954002380371e-01 2.356149852275848389e-01 3.209735155105590820e-01 5.144829154014587402e-01 5.969245433807373047e-01 5.901500582695007324e-01 1.339341700077056885e-01
3.224373459815979004e-01 3.545700311660766602e-01 3.852077424526214600e-01 3.532602190971374512e-01 2.188043147325515747e-01 3.391798734664916992e-01 2.748987674713134766e-01 5.529013872146606445e-01 4.578801095485687256e-01 3.406903445720672607e-01 2.940249145030975342e-01 3.912419378757476807e-01 2.106892168521881104e-01 2.468709945678710938e-01 2.242204248905181885e-01 1.461040228605270386e-01 3.373899459838867188e-01 2.436319887638092041e-01 4.180629849433898926e-01 2.209050953388214111e-01
4.561563134193420410e-01 1.764620393514633179e-01 2.860034108161926270e-01 4.543294608592987061e-01 1.895621418952941895e-01 3.265255093574523926e-01 2.105635106563568115e-01 4.110600650310516357e-01 3.340591788291931152e-01 2.859095931053161621e-01 2.669141292572021484e-01 4.571305513381958008e-01 2.319277971982955933e-01 4.592702984809875488e-01 3.461179733276367188e-01 5.227688550949096680e-01 3.311387896537780762e-01 1.598900556564331055e-01 3.432980775833129883e-01 2.540852725505828857e-01
3.411105871200561523e-01 7.045080065727233887e-01 2.848158478736877441e-01 5.188355445861816406e-01 3.645897209644317627e-01 4.368668794631958008e-02 2.697196304798126221e-01 4.027190804481506348e-01 3.318325877189636230e-01 3.728405237197875977e-01 1.214078292250633240e-01 2.560417056083679199e-01 2.278931587934494019e-01 1.867526322603225708e-01 4.434620738029479980e-01 3.662413358688354492e-01 1.247735172510147095e-01 1.992182731628417969e-01 3.059240579605102539e-01 3.456323444843292236e-01
5.291839241981506348e-01 4.493972361087799072e-01 2.749740779399871826e-01 2.805258333683013916e-01 4.097076654434204102e-01 2.914814352989196777e-01 2.663793563842773438e-01 2.829287946224212646e-01 2.425710558891296387e-01 4.543076753616333008e-01 2.116897106170654297e-01 8.207216113805770874e-02 2.582907378673553467e-01 3.836963176727294922e-01 1.919353455305099487e-01 2.920660078525543213e-01 1.774904131889343262e-01 2.726442813873291016e-01 2.228520512580871582e-01 1.922496408224105835e-01
2.056847363710403442e-01 3.770975172519683838e-01 3.913820087909698486e-01 3.326618671417236328e-01 3.402244746685028076e-01 3.451330959796905518e-01 4.180512726306915283e-01 4.704105556011199951e-01 5.664219856262207031e-01 2.371935248374938965e-01 2.539499402046203613e-01 2.472744882106781006e-01 1.954726874828338623e-01 4.569393992424011230e-01 4.247930645942687988e-01 1.138504967093467712e-01 1.359131187200546265e-01 8.650813996791839600e-02 1.829339265823364258e-01 1.362546980381011963e-01
2.350384742021560669e-01 1.574705690145492554e-01 3.020111918449401855e-01 3.987208306789398193e-01 5.849315524101257324e-01 4.397338628768920898e-01 4.071650207042694092e-01 3.451993465423583984e-01 2.952436208724975586e-01 2.298805415630340576e-01 3.524295091629028320e-01 2.491716742515563965e-01 3.582229912281036377e-01 2.488713413476943970e-01 2.462342381477355957e-01 6.195334345102310181e-02 2.083136737346649170e-01 1.159843727946281433e-01 1.270884424448013306e-01 1.529950499534606934e-01
4.932568371295928955e-01 3.648407459259033203e-01 1.765849888324737549e-01 3.165102899074554443e-01 4.876914024353027344e-01 2.001789361238479614e-01 2.712970376014709473e-01 4.317750930786132812e-01 2.997279465198516846e-01 2.467681765556335449e-01 4.640255570411682129e-01 3.758255839347839355e-01 2.938536703586578369e-01 1.905941963195800781e-01 1.620245277881622314e-01 2.948176562786102295e-01 3.473654985427856445e-01 1.739658713340759277e-01 1.803794503211975098e-01 2.104425728321075439e-01
3.562552332878112793e-01 1.532150954008102417e-01 3.511751592159271240e-01 3.752810955047607422e-01 2.878461778163909912e-01 3.873060643672943115e-01 5.147953033447265625e-01 1.800510734319686890e-01 4.228795170783996582e-01 3.661699593067169189e-01 3.572864532470703125e-01 1.685869991779327393e-01 3.956489264965057373e-02 2.422209978103637695e-01 3.827353119850158691e-01 1.268451660871505737e-02 2.518002986907958984e-01 1.318908333778381348e-01 2.339540868997573853e-01 2.636134326457977295e-01
1.985173225402832031e-01 1.887374669313430786e-01 3.214274942874908447e-01 2.591938972473144531e-01 3.309008479118347168e-01 3.265286684036254883e-01 2.779115438461303711e-01 2.864666581153869629e-01 2.782232165336608887e-01 3.983238339424133301e-01 4.953780472278594971e-01 2.947911024093627930e-01 3.296988308429718018e-01 4.385309219360351562e-01 3.050726056098937988e-01 5.692275166511535645e-01 3.945882916450500488e-01 3.076100051403045654e-01 3.806319832801818848e-01 1.280465722084045410e-01
2.952592372894287109e-01 2.523216307163238525e-01 2.856646478176116943e-01 2.859824299812316895e-01 4.385490417480468750e-01 7.710152864456176758e-02 1.477364897727966309e-01 3.389705419540405273e-01 3.708617687225341797e-01 4.597154855728149414e-01 2.699281573295593262e-01 2.293394505977630615e-01 3.729054927825927734e-01 1.263115704059600830e-01 1.947286427021026611e-01 4.624379277229309082e-01 2.302357852458953857e-01 2.732761800289154053e-01 2.248311787843704224e-01 3.176393210887908936e-01
