2018-07-23 01:45:00
1.231845140457153320e+00 8.428711295127868652e-01 1.561933755874633789e+00 1.349315285682678223e+00 1.799711942672729492e+00 9.540598988533020020e-01 1.365948677062988281e+00 1.422271013259887695e+00 1.172483444213867188e+00 1.384082078933715820e+00 1.322697043418884277e+00 9.610036611557006836e-01 7.888168096542358398e-01 1.504585742950439453e+00 1.591075658798217773e+00 1.443022847175598145e+00 7.772068977355957031e-01 1.788339138031005859e+00 1.134505867958068848e+00 1.872340559959411621e+00
1.481835603713989258e+00 1.807502388954162598e+00 1.418992757797241211e+00 1.096607208251953125e+00 1.111508011817932129e+00 1.431606769561767578e+00 1.320621967315673828e+00 1.590192675590515137e+00 1.500491738319396973e+00 1.447410821914672852e+00 1.510566234588623047e+00 1.163085699081420898e+00 1.228993654251098633e+00 1.220232009887695312e+00 1.944522857666015625e+00 1.711347103118896484e+00 9.486286640167236328e-01 1.065901279449462891e+00 1.551317214965820312e+00 9.037331342697143555e-01
8.628166317939758301e-01 1.803240776062011719e+00 1.331766843795776367e+00 9.631947278976440430e-01 1.101435661315917969e+00 1.097956657409667969e+00 1.261207342147827148e+00 1.400221347808837891e+00 1.334185004234313965e+00 1.070395112037658691e+00 7.422940135002136230e-01 1.253697872161865234e+00 1.376042842864990234e+00 7.309609055519104004e-01 1.830464124679565430e+00 1.081635475158691406e+00 1.114826202392578125e+00 1.453379511833190918e+00 1.620155692100524902e+00 1.652213931083679199e+00
1.388903260231018066e+00 1.088839530944824219e+00 1.096248149871826172e+00 8.480951786041259766e-01 1.257670640945434570e+00 1.423905491828918457e+00 6.939283609390258789e-01 1.584235787391662598e+00 1.282710075378417969e+00 1.019880533218383789e+00 1.085218310356140137e+00 1.144094109535217285e+00 1.551001667976379395e+00 1.379868984222412109e+00 7.544299364089965820e-01 8.833649158477783203e-01 1.216740369796752930e+00 1.221394658088684082e+00 1.585847020149230957e+00 8.688648939132690430e-01
1.425033569335937500e+00 1.541147112846374512e+00 1.209539413452148438e+00 1.081702470779418945e+00 1.236628890037536621e+00 1.173573255538940430e+00 1.735134601593017578e+00 8.929876089096069336e-01 1.362483978271484375e+00 1.002774357795715332e+00 1.042411327362060547e+00 1.307477116584777832e+00 1.544791460037231445e+00 9.607495665550231934e-01 1.034751415252685547e+00 1.140404105186462402e+00 1.832532644271850586e+00 1.135077357292175293e+00 9.700557589530944824e-01 1.412184476852416992e+00
8.827816247940063477e-01 1.321146249771118164e+00 1.016234397888183594e+00 1.462101221084594727e+00 1.244594573974609375e+00 1.034075975418090820e+00 1.421971321105957031e+00 1.472239255905151367e+00 1.715884804725646973e+00 9.231484532356262207e-01 9.622130393981933594e-01 1.465547084808349609e+00 1.588558435440063477e+00 1.041085243225097656e+00 1.400815844535827637e+00 6.549646854400634766e-01 2.006903648376464844e+00 8.677101135253906250e-01 1.156856775283813477e+00 1.554281234741210938e+00
1.361403703689575195e+00 1.267971873283386230e+00 1.310519814491271973e+00 6.716049909591674805e-01 1.293228745460510254e+00 1.061446666717529297e+00 1.071602344512939453e+00 7.812215685844421387e-01 1.260427713394165039e+00 8.315063714981079102e-01 1.456974506378173828e+00 8.790621757507324219e-01 1.129049301147460938e+00 1.367143869400024414e+00 1.253310799598693848e+00 1.677536487579345703e+00 1.902497768402099609e+00 1.897918105125427246e+00 1.178180336952209473e+00 1.773860216140747070e+00
9.257857799530029297e-01 1.376686096191406250e+00 1.305433750152587891e+00 8.777295947074890137e-01 1.549092411994934082e+00 1.470385789871215820e+00 1.221427679061889648e+00 1.328706145286560059e+00 1.316905140876770020e+00 1.078940391540527344e+00 1.582154750823974609e+00 1.421152830123901367e+00 1.606289625167846680e+00 1.254937648773193359e+00 1.155684471130371094e+00 1.566720008850097656e+00 1.237829685211181641e+00 1.817682743072509766e+00 9.473098516464233398e-01 1.043847560882568359e+00
1.336940646171569824e+00 1.656069278717041016e+00 1.159462928771972656e+00 1.289763689041137695e+00 5.328867435455322266e-01 1.033885478973388672e+00 1.062798976898193359e+00 1.122751474380493164e+00 7.175234556198120117e-01 8.696372509002685547e-01 1.414609909057617188e+00 1.133582592010498047e+00 1.299803495407104492e+00 1.601952910423278809e+00 1.415494203567504883e+00 8.298534154891967773e-01 9.837852716445922852e-01 1.616586923599243164e+00 1.159479498863220215e+00 1.511410236358642578e+00
1.302107095718383789e+00 1.189500570297241211e+00 1.820189476013183594e+00 1.557640314102172852e+00 1.370590567588806152e+00 1.550207853317260742e+00 1.392451047897338867e+00 1.287292003631591797e+00 3.738768398761749268e-01 1.515354633331298828e+00 1.077002763748168945e+00 1.485213041305541992e+00 1.028568863868713379e+00 1.435446500778198242e+00 1.240661144256591797e+00 1.516606092453002930e+00 1.550458312034606934e+00 1.856961965560913086e+00 1.617194652557373047e+00 1.463487505912780762e+00
1.532136440277099609e+00 7.723532915115356445e-01 1.251218080520629883e+00 1.802373409271240234e+00 1.313028097152709961e+00 1.163237452507019043e+00 1.273523569107055664e+00 1.565847396850585938e+00 1.527046918869018555e+00 1.854596495628356934e+00 1.332049131393432617e+00 1.331762313842773438e+00 1.299199938774108887e+00 9.899191856384277344e-01 1.213687419891357422e+00 1.065010666847229004e+00 1.447576642036437988e+00 1.638110876083374023e+00 2.018912792205810547e+00 1.273009777069091797e+00
1.716882228851318359e+00 1.574707746505737305e+00 9.362434744834899902e-01 1.382849216461181641e+00 1.149794697761535645e+00 1.474616765975952148e+00 1.073587059974670410e+00 1.217801332473754883e+00 1.540774583816528320e+00 9.014595150947570801e-01 9.652186036109924316e-01 1.063279628753662109e+00 1.422435641288757324e+00 1.349108695983886719e+00 1.239545822143554688e+00 1.798824310302734375e+00 1.129912614822387695e+00 1.157749176025390625e+00 1.565976142883300781e+00 1.722486019134521484e+00
9.403574466705322266e-01 1.118500232696533203e+00 1.035890817642211914e+00 1.288174390792846680e+00 1.444512128829956055e+00 1.425620794296264648e+00 1.291996479034423828e+00 9.666755199432373047e-01 9.754682779312133789e-01 1.230806827545166016e+00 1.534317970275878906e+00 1.294251203536987305e+00 1.717499971389770508e+00 1.799880504608154297e+00 1.936530590057373047e+00 1.482207655906677246e+00 7.679343223571777344e-01 1.672852277755737305e+00 1.518041372299194336e+00 1.554678797721862793e+00
1.343974351882934570e+00 1.150213956832885742e+00 1.369521141052246094e+00 1.516222357749938965e+00 1.272836208343505859e+00 1.103196024894714355e+00 9.983440637588500977e-01 1.600005626678466797e+00 8.359727859497070312e-01 7.500094175338745117e-01 1.188562750816345215e+00 1.641040563583374023e+00 1.530804634094238281e+00 1.568756341934204102e+00 1.320072889328002930e+00 1.561780333518981934e+00 1.191428184509277344e+00 1.190438032150268555e+00 1.772670865058898926e+00 1.217088699340820312e+00
2.012768268585205078e+00 1.748915195465087891e+00 1.611703515052795410e+00 1.398121118545532227e+00 1.452187538146972656e+00 9.159586429595947266e-01 1.316045522689819336e+00 1.137333512306213379e+00 1.669037342071533203e+00 1.424327611923217773e+00 9.428317546844482422e-01 1.092793464660644531e+00 1.056208133697509766e+00 1.534073591232299805e+00 1.093243837356567383e+00 1.395457506179809570e+00 1.444153189659118652e+00 1.872443675994873047e+00 1.158371448516845703e+00 7.766473889350891113e-01
1.290917634963989258e+00 9.507966041564941406e-01 1.479219913482666016e+00 1.306777477264404297e+00 1.754383802413940430e+00 8.762157559394836426e-01 1.394886136054992676e+00 1.019623279571533203e+00 1.040295958518981934e+00 1.151985406875610352e+00 1.077383399009704590e+00 1.611836910247802734e+00 1.275153398513793945e+00 1.441019058227539062e+00 1.789377331733703613e+00 1.645118117332458496e+00 1.180860996246337891e+00 7.861180901527404785e-01 1.559906601905822754e+00 1.020779848098754883e+00
1.358209609985351562e+00 1.142795085906982422e+00 1.787009119987487793e+00 1.545732259750366211e+00 1.184962272644042969e+00 1.154395341873168945e+00 2.100565910339355469e+00 1.771834254264831543e+00 1.136390089988708496e+00 2.067021846771240234e+00 1.260022163391113281e+00 2.245670795440673828e+00 1.172979474067687988e+00 1.413014650344848633e+00 1.955509901046752930e+00 1.570842742919921875e+00 8.807872533798217773e-01 1.402109742164611816e+00 1.034281015396118164e+00 1.290532588958740234e+00
8.501746654510498047e-01 1.542584180831909180e+00 1.664037227630615234e+00 1.017957091331481934e+00 9.113816022872924805e-01 6.860171556472778320e-01 1.490832090377807617e+00 1.273784041404724121e+00 1.593732595443725586e+00 1.173064827919006348e+00 1.247243404388427734e+00 1.111054182052612305e+00 8.669990301132202148e-01 1.122531414031982422e+00 8.380056023597717285e-01 9.757539033889770508e-01 9.451898932456970215e-01 1.200460672378540039e+00 1.521749258041381836e+00 1.078795433044433594e+00
8.864653706550598145e-01 1.610904216766357422e+00 8.850824832916259766e-01 1.134304642677307129e+00 1.329604864120483398e+00 8.612807989120483398e-01 2.015269279479980469e+00 1.098826646804809570e+00 1.961028575897216797e+00 1.226178407669067383e+00 1.285369277000427246e+00 7.417910099029541016e-01 1.139533042907714844e+00 1.117002725601196289e+00 6.085616946220397949e-01 8.988770842552185059e-01 1.512482285499572754e+00 1.996996879577636719e+00 9.734402894973754883e-01 1.283119678497314453e+00
1.156903862953186035e+00 1.608559370040893555e+00 1.481484055519104004e+00 9.573559165000915527e-01 1.547281503677368164e+00 1.625869870185852051e+00 1.251732349395751953e+00 1.303867340087890625e+00 1.029383897781372070e+00 1.748189449310302734e+00 1.286870002746582031e+00 1.510653734207153320e+00 2.219816684722900391e+00 1.343059778213500977e+00 1.162140607833862305e+00 8.831896185874938965e-01 1.315438270568847656e+00 1.073666810989379883e+00 1.618481636047363281e+00 1.742084145545959473e+00
