2018-07-23 17:30:00
2.234574556350708008e-01 2.291361391544342041e-01 6.510874629020690918e-01 2.211469411849975586e-01 2.525649964809417725e-01 2.758632302284240723e-01 3.963055312633514404e-01 5.608364939689636230e-01 5.692540407180786133e-01 4.055751562118530273e-01 3.276351690292358398e-01 2.459388077259063721e-01 2.115911841392517090e-01 6.162145137786865234e-01 6.130195856094360352e-01 8.401260375976562500e-01 5.790971517562866211e-01 3.960808515548706055e-01 3.795657157897949219e-01 3.252982199192047119e-01
3.051723837852478027e-01 6.156122088432312012e-01 5.401335954666137695e-01 1.857865154743194580e-01 5.462325215339660645e-01 2.164263874292373657e-01 4.382854700088500977e-01 3.638162016868591309e-01 4.137835204601287842e-01 3.515832722187042236e-01 5.839294195175170898e-01 4.510018527507781982e-01 4.460283815860748291e-01 4.991469085216522217e-01 5.949672460556030273e-01 8.517266511917114258e-01 4.943230748176574707e-01 7.463091611862182617e-01 1.642597615718841553e-01 5.393939018249511719e-01
5.397942662239074707e-01 2.960048913955688477e-01 1.557421982288360596e-01 2.363871932029724121e-01 2.024289369583129883e-01 7.378761768341064453e-01 3.348233103752136230e-01 3.365434408187866211e-01 3.237880468368530273e-01 2.397726178169250488e-01 3.629956245422363281e-01 4.422561824321746826e-01 2.354776114225387573e-01 2.772483229637145996e-01 3.559843003749847412e-01 5.243207216262817383e-01 7.159152030944824219e-01 3.615082502365112305e-01 4.640707969665527344e-01 4.777149260044097900e-01
3.201218843460083008e-01 5.219497680664062500e-01 3.020323812961578369e-01 3.470512628555297852e-01 3.006543219089508057e-01 2.815822958946228027e-01 3.455567359924316406e-01 3.462046682834625244e-01 4.288104176521301270e-01 2.774540185928344727e-01 3.885809183120727539e-01 4.033669829368591309e-01 4.402925968170166016e-01 4.177979826927185059e-01 5.486849546432495117e-01 6.490937471389770508e-01 4.894298613071441650e-01 5.368947982788085938e-01 3.059575259685516357e-01 4.358692765235900879e-01
1.524995863437652588e-01 3.107562959194183350e-01 3.353550136089324951e-01 2.382383048534393311e-01 3.216790556907653809e-01 3.292366862297058105e-01 4.727067947387695312e-01 3.475508689880371094e-01 2.282478213310241699e-01 6.727964878082275391e-01 2.637755572795867920e-01 3.663638830184936523e-01 5.261868238449096680e-01 4.965082705020904541e-01 4.133958518505096436e-01 2.629882693290710449e-01 5.071873068809509277e-01 3.050222992897033691e-01 6.657093763351440430e-01 4.805858135223388672e-01
1.156116798520088196e-01 3.955281376838684082e-01 2.722721099853515625e-01 1.614455133676528931e-01 5.870103836059570312e-01 4.298694729804992676e-01 4.742997586727142334e-01 1.028600215911865234e+00 3.221139311790466309e-01 4.803189933300018311e-01 5.390535593032836914e-01 4.257843196392059326e-01 2.413064837455749512e-01 4.452973902225494385e-01 4.663663208484649658e-01 6.348338127136230469e-01 5.187691450119018555e-01 6.643027067184448242e-01 7.102325558662414551e-01 5.660247802734375000e-01
4.419814944267272949e-01 1.814394295215606689e-01 4.574274718761444092e-01 7.473765313625335693e-02 2.862515747547149658e-01 5.229436159133911133e-01 3.279765248298645020e-01 3.580720722675323486e-01 3.904018402099609375e-01 4.376397132873535156e-01 3.552584648132324219e-01 4.695587158203125000e-01 3.393526673316955566e-01 5.594344139099121094e-01 1.964889615774154663e-01 5.387558341026306152e-01 3.944182991981506348e-01 6.375398635864257812e-01 3.771577477455139160e-01 3.906629085540771484e-01
1.776964068412780762e-01 2.322485297918319702e-01 3.282079696655273438e-01 3.706129789352416992e-01 2.631916403770446777e-01 2.238498777151107788e-01 2.852214574813842773e-01 3.164969682693481445e-01 3.616015315055847168e-01 2.784701585769653320e-01 4.505153000354766846e-01 3.911583423614501953e-01 3.593997359275817871e-01 5.474478006362915039e-01 2.490828186273574829e-01 5.599459409713745117e-01 3.976842463016510010e-01 4.100872278213500977e-01 2.248567938804626465e-01 3.463101387023925781e-01
2.804425358772277832e-01 3.310471177101135254e-01 2.862126529216766357e-01 2.213400304317474365e-01 3.188717961311340332e-01 4.346512854099273682e-01 2.436653673648834229e-01 4.332469105720520020e-01 3.852735161781311035e-01 4.718512892723083496e-01 3.671899139881134033e-01 5.327645540237426758e-01 2.634577155113220215e-01 2.311516255140304565e-01 3.726019263267517090e-01 4.037554860115051270e-01 3.016684055328369141e-01 5.529268980026245117e-01 2.677695155143737793e-01 6.268805861473083496e-01
4.979167878627777100e-01 5.122442245483398438e-01 4.283564686775207520e-01 2.889901399612426758e-01 2.888878583908081055e-01 4.622233510017395020e-01 3.841598033905029297e-01 4.887391328811645508e-01 2.066629827022552490e-01 5.245223045349121094e-01 5.414222478866577148e-01 4.297494292259216309e-01 2.780269384384155273e-01 3.980468511581420898e-01 4.123768210411071777e-01 2.596322298049926758e-01 4.748253822326660156e-01 3.394564390182495117e-01 2.558558583259582520e-01 3.657779991626739502e-01
3.201182484626770020e-01 2.414987981319427490e-01 5.755331516265869141e-01 6.130032539367675781e-01 2.433878183364868164e-01 3.896637558937072754e-01 2.523599863052368164e-01 3.486033082008361816e-01 2.917627692222595215e-01 6.505677700042724609e-01 2.976050972938537598e-01 4.190458655357360840e-01 6.815749406814575195e-01 4.739637374877929688e-01 2.768949866294860840e-01 4.948904514312744141e-01 2.734467089176177979e-01 4.972041249275207520e-01 5.942858457565307617e-01 3.718497753143310547e-01
1.668687015771865845e-01 3.176480531692504883e-01 2.523566186428070068e-01 2.234501838684082031e-01 3.443795442581176758e-01 2.403008639812469482e-01 6.228880882263183594e-01 7.640607357025146484e-01 4.228290617465972900e-01 4.618203043937683105e-01 3.905543088912963867e-01 3.369583487510681152e-01 4.450687766075134277e-01 3.781503140926361084e-01 3.981488347053527832e-01 6.711584925651550293e-01 3.853372931480407715e-01 3.887880444526672363e-01 4.712176620960235596e-01 3.142808675765991211e-01
4.443571567535400391e-01 4.228861927986145020e-01 3.109156787395477295e-01 1.566421687602996826e-01 5.033020973205566406e-01 3.044753074645996094e-01 4.670491218566894531e-01 4.089763760566711426e-01 4.196336865425109863e-01 3.361738920211791992e-01 3.185127079486846924e-01 1.235093325376510620e-01 5.260967612266540527e-01 4.103428125381469727e-01 3.501220047473907471e-01 4.404094815254211426e-01 2.169725000858306885e-01 1.633617728948593140e-01 2.477167397737503052e-01 3.943750262260437012e-01
4.580175280570983887e-01 3.453155159950256348e-01 3.288087248802185059e-01 6.273489594459533691e-01 3.177410960197448730e-01 4.044924974441528320e-01 3.878412246704101562e-01 4.141436219215393066e-01 5.974881052970886230e-01 3.199408352375030518e-01 3.527745008468627930e-01 1.596354097127914429e-01 3.925421833992004395e-01 1.934784352779388428e-01 2.366339266300201416e-01 7.316453456878662109e-01 4.061620235443115234e-01 1.265836358070373535e-01 1.685554981231689453e-01 3.529650568962097168e-01
1.730212271213531494e-01 2.975641191005706787e-01 4.116192758083343506e-01 3.294594585895538330e-01 2.404442876577377319e-01 3.375404477119445801e-01 3.528770208358764648e-01 4.087230563163757324e-01 4.789335727691650391e-01 4.927795231342315674e-01 3.091515898704528809e-01 5.950773954391479492e-01 2.118852138519287109e-01 5.255632400512695312e-01 2.957676351070404053e-01 3.494626581668853760e-01 4.086464941501617432e-01 3.960972130298614502e-01 2.781141996383666992e-01 3.302803039550781250e-01
2.470475137233734131e-01 3.629772365093231201e-01 8.535550534725189209e-02 3.707722425460815430e-01 4.005512595176696777e-01 2.109229266643524170e-01 2.516104578971862793e-01 3.274470567703247070e-01 2.659763395786285400e-01 6.267496943473815918e-01 1.819414943456649780e-01 1.888406127691268921e-01 4.161941409111022949e-01 3.740159571170806885e-01 4.636680185794830322e-01 3.802545070648193359e-01 3.741042315959930420e-01 3.464046716690063477e-01 3.312528133392333984e-01 7.569215297698974609e-01
1.642026305198669434e-01 1.950356513261795044e-01 2.965602576732635498e-01 3.645922243595123291e-01 4.535870552062988281e-01 2.565977275371551514e-01 3.360356688499450684e-01 3.737581968307495117e-01 3.986585140228271484e-01 1.982662826776504517e-01 2.821615934371948242e-01 3.030529916286468506e-01 2.946425080299377441e-01 3.504563570022583008e-01 2.813993096351623535e-01 1.693288832902908325e-01 2.337412536144256592e-01 2.674513161182403564e-01 3.301205337047576904e-01 4.088235795497894287e-01
2.296945601701736450e-01 3.133518695831298828e-01 4.291211366653442383e-01 2.503922879695892334e-01 2.027381360530853271e-01 2.272169142961502075e-01 3.083512783050537109e-01 3.623389899730682373e-01 3.489943742752075195e-01 3.276240229606628418e-01 2.367573082447052002e-01 2.672874033451080322e-01 2.291711717844009399e-01 3.325209021568298340e-01 3.094778656959533691e-01 3.634032011032104492e-01 2.769583761692047119e-01 1.394733041524887085e-01 3.682563304901123047e-01 2.833721935749053955e-01
3.629214167594909668e-01 1.068133935332298279e-01 3.355469703674316406e-01 3.665556311607360840e-01 1.820629239082336426e-01 2.726001143455505371e-01 3.072831630706787109e-01 6.002309322357177734e-01 3.496665358543395996e-01 5.930641889572143555e-01 8.042523860931396484e-01 3.573979139328002930e-01 3.090559542179107666e-01 4.449052810668945312e-01 2.941537499427795410e-01 2.568692266941070557e-01 2.875747680664062500e-01 3.585337102413177490e-01 2.975687384605407715e-01 3.563886284828186035e-01
3.348872363567352295e-01 4.873436689376831055e-01 3.402593135833740234e-01 1.944691091775894165e-01 2.222873717546463013e-01 4.052281379699707031e-01 3.163940608501434326e-01 2.846642434597015381e-01 3.103646934032440186e-01 4.094048440456390381e-01 4.798100590705871582e-01 5.115048885345458984e-01 4.901281297206878662e-01 3.654899001121520996e-01 2.210729718208312988e-01 3.716059029102325439e-01 2.684000134468078613e-01 5.192103385925292969e-01 3.654350042343139648e-01 3.449088931083679199e-01
