2018-07-23 18:00:00
2.017126083374023438e-01 2.632426619529724121e-01 1.592378690838813782e-02 3.803504109382629395e-01 3.233816027641296387e-01 3.901067376136779785e-01 3.352844119071960449e-01 4.105993211269378662e-01 2.137531340122222900e-01 3.842902481555938721e-01 3.346257805824279785e-01 6.186239123344421387e-01 4.179212450981140137e-01 1.257631301879882812e+00 5.337481498718261719e-01 5.530077219009399414e-01 6.115694642066955566e-01 8.768407106399536133e-01 7.655428647994995117e-01 7.262865900993347168e-01
3.359143137931823730e-01 2.987514063715934753e-02 2.469934374094009399e-01 3.803999125957489014e-01 3.736145198345184326e-01 1.571312844753265381e-01 4.502981305122375488e-01 1.116805598139762878e-01 4.221652150154113770e-01 3.415814340114593506e-01 4.592616260051727295e-01 3.691334724426269531e-01 4.611913561820983887e-01 5.361891984939575195e-01 5.176186561584472656e-01 6.591836214065551758e-01 4.529184997081756592e-01 9.758800864219665527e-01 3.942344188690185547e-01 4.687806963920593262e-01
8.791211247444152832e-02 1.906724572181701660e-01 2.760532498359680176e-01 2.363394647836685181e-01 3.079387545585632324e-01 3.708113431930541992e-01 4.120464920997619629e-01 2.823880612850189209e-01 2.738385498523712158e-01 5.260348916053771973e-01 3.900297880172729492e-01 1.542565226554870605e-01 5.352923870086669922e-01 4.975157082080841064e-01 5.965162515640258789e-01 8.076438307762145996e-01 2.792930603027343750e-01 5.100737810134887695e-01 8.741983175277709961e-01 3.537425994873046875e-01
2.988736629486083984e-01 2.463501989841461182e-01 2.085857689380645752e-01 2.564326524734497070e-01 1.095294803380966187e-01 1.654695123434066772e-01 1.618249714374542236e-01 2.277070581912994385e-01 2.591327726840972900e-01 3.915922343730926514e-01 2.635538578033447266e-01 3.666144013404846191e-01 4.004858732223510742e-01 8.352522850036621094e-01 5.299292802810668945e-01 7.634148597717285156e-01 8.799207806587219238e-01 5.733824968338012695e-01 3.462641239166259766e-01 4.403817653656005859e-01
8.920180797576904297e-02 1.351706385612487793e-01 4.648632407188415527e-01 1.767836213111877441e-01 1.121635437011718750e-01 3.072631061077117920e-01 2.827003598213195801e-01 2.689397633075714111e-01 3.625911772251129150e-01 1.624135226011276245e-01 3.255779147148132324e-01 2.724672257900238037e-01 8.394542932510375977e-01 4.853022694587707520e-01 4.848445951938629150e-01 5.177803039550781250e-01 1.020047903060913086e+00 3.262052536010742188e-01 4.239494204521179199e-01 7.486463785171508789e-01
2.259217500686645508e-01 3.289455175399780273e-01 3.831772506237030029e-01 3.399164080619812012e-01 5.719408988952636719e-01 4.754831194877624512e-01 1.705387830734252930e-01 2.936471700668334961e-01 4.126093387603759766e-01 5.950148701667785645e-01 2.685382962226867676e-01 3.435329794883728027e-01 3.935744166374206543e-01 6.402939558029174805e-01 9.427996873855590820e-01 6.902906298637390137e-01 1.369497537612915039e+00 6.566743850708007812e-01 7.339035272598266602e-01 7.532622814178466797e-01
1.811730563640594482e-01 3.636528253555297852e-01 4.368381202220916748e-01 2.795463204383850098e-01 5.281390547752380371e-01 3.064604401588439941e-01 3.023298680782318115e-01 2.354282140731811523e-01 4.573931097984313965e-01 3.095548152923583984e-01 3.250286877155303955e-01 3.770371675491333008e-01 5.753457546234130859e-01 4.841762185096740723e-01 5.789862871170043945e-01 9.710050821304321289e-01 7.576036453247070312e-01 8.961710333824157715e-01 4.150377810001373291e-01 5.537047386169433594e-01
3.647994399070739746e-01 3.304853439331054688e-01 2.351694703102111816e-01 2.153404057025909424e-01 3.214899003505706787e-01 1.759355068206787109e-01 3.488056063652038574e-01 2.051114439964294434e-01 2.910704910755157471e-01 3.695535659790039062e-01 2.605221569538116455e-01 2.142251729965209961e-01 5.492347478866577148e-01 6.091476082801818848e-01 4.132004678249359131e-01 5.526435375213623047e-01 6.640912294387817383e-01 5.246469974517822266e-01 5.517970919609069824e-01 6.605486869812011719e-01
2.526304721832275391e-01 2.013681828975677490e-01 1.570999622344970703e-01 3.062052428722381592e-01 1.339600086212158203e-01 2.442860752344131470e-01 1.622537821531295776e-01 3.797762989997863770e-01 5.748652815818786621e-01 4.168664813041687012e-01 5.908232331275939941e-01 4.320759773254394531e-01 3.058286011219024658e-01 4.703247845172882080e-01 3.172456622123718262e-01 6.705256700515747070e-01 5.857694149017333984e-01 7.300324440002441406e-01 5.081585645675659180e-01 4.053899049758911133e-01
2.346576005220413208e-01 2.881100773811340332e-01 3.249947130680084229e-01 2.911931872367858887e-01 3.470270335674285889e-01 2.079635858535766602e-01 4.198058843612670898e-01 2.264619171619415283e-01 1.521117091178894043e-01 4.829996228218078613e-01 3.517762124538421631e-01 3.572762608528137207e-01 2.178988754749298096e-01 3.741719126701354980e-01 3.678491115570068359e-01 6.586449146270751953e-01 6.170910596847534180e-01 7.666417360305786133e-01 4.224318563938140869e-01 6.354860067367553711e-01
4.820641875267028809e-01 4.279639422893524170e-01 4.034375548362731934e-01 3.892256915569305420e-01 3.230087161064147949e-01 5.642563700675964355e-01 4.340836703777313232e-01 3.120455741882324219e-01 5.398495197296142578e-01 3.590094447135925293e-01 4.570091366767883301e-01 2.598631381988525391e-01 4.026364684104919434e-01 4.655516743659973145e-01 5.353035926818847656e-01 3.315901160240173340e-01 4.739154577255249023e-01 1.822765171527862549e-01 6.049127578735351562e-01 4.785124063491821289e-01
4.381821453571319580e-01 4.646784067153930664e-01 5.049977302551269531e-01 3.252338171005249023e-01 3.080369532108306885e-01 2.987582683563232422e-01 2.317445576190948486e-01 3.646275699138641357e-01 4.239223003387451172e-01 4.582212865352630615e-01 2.214973717927932739e-01 2.673847675323486328e-01 4.316633045673370361e-01 2.999697029590606689e-01 3.642650246620178223e-01 3.223630785942077637e-01 4.207876324653625488e-01 3.257490396499633789e-01 2.601612210273742676e-01 5.126277804374694824e-01
2.794289290904998779e-01 4.389157891273498535e-01 5.241951942443847656e-01 3.649344444274902344e-01 3.570961654186248779e-01 4.577304720878601074e-01 1.830022335052490234e-01 2.258220016956329346e-01 3.705661892890930176e-01 3.454643487930297852e-01 2.675062417984008789e-01 2.750667631626129150e-01 3.170414566993713379e-01 6.884334087371826172e-01 4.551819562911987305e-01 4.003206193447113037e-01 3.328885436058044434e-01 2.457204610109329224e-01 2.575911581516265869e-01 6.259596347808837891e-01
5.191956758499145508e-01 1.623422503471374512e-01 2.764471769332885742e-01 4.565661847591400146e-01 5.989536046981811523e-01 2.281074672937393188e-01 3.559888601303100586e-01 2.399576455354690552e-01 3.036511242389678955e-01 3.044934272766113281e-01 2.451390027999877930e-01 1.991881728172302246e-01 5.342579483985900879e-01 3.180690407752990723e-01 2.524252831935882568e-01 3.232876062393188477e-01 2.467296123504638672e-01 3.513925671577453613e-01 4.840006828308105469e-01 2.697365880012512207e-01
2.262923419475555420e-01 3.852117359638214111e-01 5.216591358184814453e-01 4.306051731109619141e-01 1.476374417543411255e-01 3.573434948921203613e-01 3.978332281112670898e-01 2.115547955036163330e-01 3.642543554306030273e-01 3.114151954650878906e-01 4.097758531570434570e-01 2.643740177154541016e-01 4.047919213771820068e-01 3.534127473831176758e-01 1.945374161005020142e-01 3.641728162765502930e-01 2.652420997619628906e-01 2.395251840353012085e-01 2.890940308570861816e-01 1.906186193227767944e-01
3.113710582256317139e-01 3.596330285072326660e-01 5.456408262252807617e-01 5.650365948677062988e-01 2.268184274435043335e-01 4.040645360946655273e-01 6.005391478538513184e-01 4.160438179969787598e-01 3.918334841728210449e-01 2.961551547050476074e-01 1.955482661724090576e-01 1.246506720781326294e-01 4.371107220649719238e-01 2.950049638748168945e-01 4.643447995185852051e-01 3.237191140651702881e-01 1.735160201787948608e-01 1.466296315193176270e-01 3.973265886306762695e-01 3.585792779922485352e-01
4.270275831222534180e-01 4.824696779251098633e-01 4.972878694534301758e-01 3.920699059963226318e-01 3.797935247421264648e-01 3.755331635475158691e-01 5.351122021675109863e-01 5.751687884330749512e-01 1.767508387565612793e-01 3.117723464965820312e-01 4.098840355873107910e-01 5.860534906387329102e-01 2.169159948825836182e-01 2.437573075294494629e-01 3.073924779891967773e-01 3.278034329414367676e-01 4.100086092948913574e-01 2.253952920436859131e-01 3.579247593879699707e-01 3.180242180824279785e-01
4.119553267955780029e-01 4.613086879253387451e-01 3.991694152355194092e-01 5.995388627052307129e-01 4.015564322471618652e-01 6.115048527717590332e-01 2.814207375049591064e-01 3.685498237609863281e-01 1.626673340797424316e-01 1.933420300483703613e-01 2.331251949071884155e-01 2.277716696262359619e-01 2.655473649501800537e-01 2.590783238410949707e-01 4.741682708263397217e-01 3.643010854721069336e-01 2.321592271327972412e-01 4.612582325935363770e-01 4.603053331375122070e-01 4.461750388145446777e-01
5.215129852294921875e-01 4.846882522106170654e-01 3.981409072875976562e-01 3.053219914436340332e-01 4.593028128147125244e-01 5.164337754249572754e-01 2.758048772811889648e-01 3.506948351860046387e-01 2.422132194042205811e-01 4.547573924064636230e-01 4.127528071403503418e-01 3.158834576606750488e-01 2.787138521671295166e-01 2.612498700618743896e-01 2.306746393442153931e-01 2.781880497932434082e-01 3.454140424728393555e-01 3.829855918884277344e-01 2.397568821907043457e-01 2.661301791667938232e-01
5.342381000518798828e-01 2.687392234802246094e-01 4.308617115020751953e-01 2.437163144350051880e-01 4.964926242828369141e-01 3.438389599323272705e-01 2.273411899805068970e-01 5.640990734100341797e-01 3.442075848579406738e-01 2.714395523071289062e-01 3.551151156425476074e-01 4.005607962608337402e-01 1.712926030158996582e-01 3.809958696365356445e-01 3.680144548416137695e-01 3.436515629291534424e-01 6.303463578224182129e-01 3.483289778232574463e-01 3.141274750232696533e-01 3.944059014320373535e-01
