2018-07-23 19:15:00
2.653101384639739990e-01 3.611127436161041260e-01 4.396094083786010742e-01 2.941138148307800293e-01 2.527835369110107422e-01 3.595113158226013184e-01 2.035085260868072510e-01 2.735965549945831299e-01 1.490906924009323120e-01 3.491522967815399170e-01 1.401426643133163452e-01 1.732347905635833740e-01 3.448922634124755859e-01 2.980274558067321777e-01 3.691273033618927002e-01 7.949440479278564453e-01 5.230556726455688477e-01 3.288722336292266846e-01 3.688712120056152344e-01 1.314675211906433105e-01
4.410597085952758789e-01 2.433332055807113647e-01 5.398476719856262207e-01 4.603697955608367920e-01 3.837438225746154785e-01 4.482339620590209961e-01 1.335073560476303101e-01 1.154052540659904480e-01 1.745460033416748047e-01 2.264010459184646606e-01 2.156336307525634766e-01 2.063907384872436523e-01 1.579592972993850708e-01 2.064892500638961792e-01 3.515200614929199219e-01 3.126569390296936035e-01 6.421748995780944824e-01 2.666136026382446289e-01 3.749493360519409180e-01 2.478107959032058716e-01
5.617151260375976562e-01 2.217079699039459229e-01 1.899155676364898682e-01 3.223050534725189209e-01 2.952081561088562012e-01 5.929365158081054688e-01 3.654884099960327148e-01 4.217880368232727051e-01 2.745238840579986572e-01 2.061188369989395142e-01 4.001960754394531250e-01 1.280776560306549072e-01 2.074010819196701050e-01 2.724771201610565186e-01 4.137941002845764160e-01 3.952967226505279541e-01 3.603751063346862793e-01 2.389701008796691895e-01 4.799861609935760498e-01 3.728218078613281250e-01
5.784673690795898438e-01 6.096075773239135742e-01 4.268852472305297852e-01 2.559809982776641846e-01 2.072049975395202637e-01 2.147024273872375488e-01 2.169300317764282227e-01 3.016079664230346680e-01 1.109291911125183105e-01 6.200847625732421875e-01 4.780546724796295166e-01 2.438756376504898071e-01 8.748779445886611938e-02 2.243173718452453613e-01 2.085597217082977295e-01 1.672272980213165283e-01 1.191133856773376465e-01 2.372117489576339722e-01 2.561382055282592773e-01 1.910759061574935913e-01
2.040792852640151978e-01 1.232901215553283691e-01 2.864508628845214844e-01 2.407520413398742676e-01 2.303172349929809570e-01 3.163215219974517822e-01 3.241740763187408447e-01 1.574548780918121338e-01 6.487246751785278320e-01 5.122646689414978027e-01 3.560802042484283447e-01 4.233372211456298828e-01 4.134186804294586182e-01 2.401282936334609985e-01 2.533171176910400391e-01 4.453473687171936035e-01 2.985770702362060547e-01 3.899854719638824463e-01 6.182160377502441406e-01 1.832410693168640137e-01
2.996800541877746582e-01 1.574107706546783447e-01 2.857092320919036865e-01 1.737967729568481445e-01 4.855632781982421875e-01 4.385841488838195801e-01 1.516603529453277588e-01 7.773978710174560547e-01 2.311835885047912598e-01 2.621233463287353516e-01 1.862542629241943359e-01 2.017338126897811890e-01 2.884475588798522949e-01 2.118773162364959717e-01 2.000457346439361572e-01 1.495774835348129272e-01 3.409987092018127441e-01 3.186907768249511719e-01 5.003613233566284180e-01 2.214580327272415161e-01
4.508276581764221191e-01 4.633437693119049072e-01 3.356405794620513916e-01 3.963654041290283203e-01 3.830998241901397705e-01 1.716700494289398193e-01 2.087880373001098633e-01 3.319861292839050293e-01 3.089424669742584229e-01 3.470892310142517090e-01 1.897410750389099121e-01 4.053164720535278320e-01 4.231162667274475098e-01 1.724361330270767212e-01 5.286935567855834961e-01 2.693330347537994385e-01 2.569172382354736328e-01 2.635044455528259277e-01 1.330816447734832764e-01 3.998253941535949707e-01
8.472432196140289307e-02 3.763866722583770752e-01 2.500944733619689941e-01 3.319025039672851562e-01 1.539662182331085205e-01 3.076381981372833252e-01 3.113000988960266113e-01 3.231036365032196045e-01 2.928628921508789062e-01 5.170358419418334961e-01 2.511748671531677246e-01 3.514542877674102783e-01 3.876259326934814453e-01 3.766354918479919434e-01 3.616578876972198486e-01 2.243143618106842041e-01 2.754551768302917480e-01 2.526929974555969238e-01 3.250285685062408447e-01 2.134481817483901978e-01
2.095415443181991577e-01 1.967284381389617920e-01 3.201426267623901367e-01 3.610397577285766602e-01 2.933380603790283203e-01 2.848798930644989014e-01 1.805182248353958130e-01 3.024790883064270020e-01 2.596426010131835938e-01 2.603425085544586182e-01 2.426783144474029541e-01 2.831109166145324707e-01 3.897880911827087402e-01 3.755074739456176758e-01 2.825803160667419434e-01 2.893171012401580811e-01 3.617185652256011963e-01 4.312801957130432129e-01 3.756996691226959229e-01 1.443417072296142578e-01
7.589396834373474121e-02 4.441911578178405762e-01 4.706407785415649414e-01 3.373922705650329590e-01 2.960805296897888184e-01 5.366433262825012207e-01 3.706736266613006592e-01 4.274752736091613770e-01 2.911795377731323242e-01 5.381532311439514160e-01 3.507106900215148926e-01 4.364070296287536621e-01 1.441789418458938599e-01 2.994557023048400879e-01 2.482757568359375000e-01 1.490663290023803711e-01 4.766520559787750244e-01 3.292661905288696289e-01 2.871279120445251465e-01 2.731555998325347900e-01
2.309546172618865967e-01 4.224343299865722656e-01 3.194783926010131836e-01 2.197444289922714233e-01 3.514924049377441406e-01 1.584995239973068237e-01 4.504047930240631104e-01 4.907078146934509277e-01 4.447147548198699951e-01 5.590204000473022461e-01 4.370777904987335205e-01 2.130033671855926514e-01 4.261874556541442871e-01 2.497071772813796997e-01 2.090296298265457153e-01 3.517641425132751465e-01 1.382635831832885742e-01 7.418414950370788574e-01 2.346621006727218628e-01 1.888536214828491211e-01
4.677664041519165039e-01 3.384123146533966064e-01 4.062510728836059570e-01 3.723958730697631836e-01 1.441671252250671387e-01 1.775711029767990112e-01 2.562861442565917969e-01 1.925313174724578857e-01 4.302573800086975098e-01 3.969985842704772949e-01 5.701782703399658203e-01 3.327791094779968262e-01 3.219853639602661133e-01 1.557742506265640259e-01 4.481768012046813965e-01 2.110179662704467773e-01 1.979629993438720703e-01 1.864570081233978271e-01 3.886021673679351807e-01 2.982932925224304199e-01
1.988436281681060791e-01 2.777841687202453613e-01 4.516696631908416748e-01 4.182732701301574707e-01 2.862895429134368896e-01 3.706634938716888428e-01 4.753350615501403809e-01 4.230763912200927734e-01 1.361010521650314331e-01 3.835259974002838135e-01 9.005074203014373779e-02 1.335813403129577637e-01 3.361556231975555420e-01 3.802695274353027344e-01 4.460473656654357910e-01 3.966669440269470215e-01 2.161238491535186768e-01 2.889394462108612061e-01 2.610450088977813721e-01 4.169034957885742188e-01
3.683520853519439697e-01 2.457693517208099365e-01 3.293652236461639404e-01 3.508448004722595215e-01 1.834489405155181885e-01 2.015833109617233276e-01 2.469874322414398193e-01 2.958748936653137207e-01 2.622952461242675781e-01 1.739933639764785767e-01 1.807328909635543823e-01 3.491927683353424072e-01 4.261907637119293213e-01 1.944932937622070312e-01 2.998993098735809326e-01 2.207299917936325073e-01 2.478189319372177124e-01 4.758122563362121582e-01 3.043945431709289551e-01 9.508935362100601196e-02
3.083274960517883301e-01 3.787568807601928711e-01 5.323141217231750488e-01 3.135747313499450684e-01 3.124007284641265869e-01 2.020026743412017822e-01 3.806404173374176025e-01 4.782198071479797363e-01 2.702950239181518555e-01 3.145709931850433350e-01 2.725593447685241699e-01 1.038301587104797363e-01 3.940518498420715332e-01 3.698715567588806152e-01 3.317102193832397461e-01 3.575366437435150146e-01 5.671744346618652344e-01 3.255349397659301758e-01 2.360814809799194336e-01 2.760317027568817139e-01
1.912044882774353027e-01 5.486489534378051758e-01 3.762130439281463623e-01 3.671752810478210449e-01 4.112261831760406494e-01 3.188249468803405762e-01 2.389155328273773193e-01 2.744541168212890625e-01 4.356442987918853760e-01 2.783893346786499023e-01 1.596817672252655029e-01 3.431851565837860107e-01 3.165961503982543945e-01 2.216006070375442505e-01 3.124923706054687500e-01 4.651787579059600830e-01 2.537972927093505859e-01 2.887600064277648926e-01 2.707583904266357422e-01 3.775785565376281738e-01
3.336632847785949707e-01 4.282501935958862305e-01 1.282822489738464355e-01 4.223031699657440186e-01 3.176746368408203125e-01 2.273818999528884888e-01 4.006684720516204834e-01 3.642531037330627441e-01 1.616574227809906006e-01 2.338702976703643799e-01 2.719337344169616699e-01 3.690473437309265137e-01 3.724832534790039062e-01 1.613098382949829102e-01 2.191060632467269897e-01 2.106099426746368408e-01 3.834100961685180664e-01 2.654910981655120850e-01 4.240992069244384766e-01 3.514939844608306885e-01
3.266188502311706543e-01 3.263229429721832275e-01 3.397411108016967773e-01 7.051157206296920776e-02 3.988789319992065430e-01 3.178269565105438232e-01 1.501935422420501709e-01 2.316925227642059326e-01 2.864718735218048096e-01 1.154317706823348999e-01 2.625445425510406494e-01 2.288424372673034668e-01 2.927401959896087646e-01 1.020990163087844849e-01 2.617507576942443848e-01 4.482773244380950928e-01 1.914602369070053101e-01 2.015074044466018677e-01 2.657451629638671875e-01 2.139992415904998779e-01
2.745140194892883301e-01 3.292582631111145020e-01 2.539187967777252197e-01 3.935198485851287842e-01 3.333414793014526367e-01 1.092003285884857178e-01 2.982069551944732666e-01 3.203982114791870117e-01 1.486047077924013138e-02 2.178326547145843506e-01 3.642850518226623535e-01 1.430290341377258301e-01 2.142048478126525879e-01 2.336155176162719727e-01 1.668560802936553955e-01 3.430999219417572021e-01 2.302632629871368408e-01 1.464713662862777710e-01 2.860718369483947754e-01 1.364944130182266235e-01
1.967073231935501099e-01 9.449017047882080078e-02 3.336824774742126465e-01 1.503317356109619141e-01 2.263279259204864502e-01 4.256224036216735840e-01 1.844705045223236084e-01 1.545641124248504639e-01 3.380908668041229248e-01 2.394419610500335693e-01 3.801928758621215820e-01 3.092428445816040039e-01 3.884756267070770264e-01 1.428797841072082520e-01 1.831300556659698486e-01 4.262120723724365234e-01 3.012314438819885254e-01 2.550177574157714844e-01 1.348997503519058228e-01 3.105632662773132324e-01
