2018-07-23 19:45:00
6.079102754592895508e-01 3.100981414318084717e-01 5.366842150688171387e-01 3.104591369628906250e-01 9.704346954822540283e-02 1.452974379062652588e-01 2.193997204303741455e-01 2.525546252727508545e-01 4.009189605712890625e-01 5.930671691894531250e-01 3.780488669872283936e-01 3.812307417392730713e-01 3.879008293151855469e-01 7.258188724517822266e-01 6.361559629440307617e-01 8.322219848632812500e-01 4.416467547416687012e-01 5.688618421554565430e-01 5.844201445579528809e-01 5.614074468612670898e-01
2.118219137191772461e-01 6.220650076866149902e-01 4.485196471214294434e-01 4.005591273307800293e-01 2.024783343076705933e-01 2.971507310867309570e-01 3.542785644531250000e-01 2.096622586250305176e-01 1.803888082504272461e-01 4.640987217426300049e-01 2.373067885637283325e-01 4.106982946395874023e-01 4.608146846294403076e-01 5.695720314979553223e-01 5.196534395217895508e-01 7.342386841773986816e-01 4.716803729534149170e-01 4.216170608997344971e-01 5.368730425834655762e-01 3.871405720710754395e-01
4.719553291797637939e-01 6.163636445999145508e-01 4.464645385742187500e-01 2.947443425655364990e-01 5.540716648101806641e-01 2.663788795471191406e-01 1.681991219520568848e-01 3.576874434947967529e-01 4.489506185054779053e-01 2.361365854740142822e-01 5.220440030097961426e-01 2.840123772621154785e-01 5.336056351661682129e-01 5.522500276565551758e-01 2.594378590583801270e-01 4.278582930564880371e-01 7.328888177871704102e-01 7.271498441696166992e-01 6.658691167831420898e-01 6.907215118408203125e-01
5.107133984565734863e-01 3.474442362785339355e-01 2.755831480026245117e-01 2.940170764923095703e-01 2.962539792060852051e-01 3.108132481575012207e-01 2.090255618095397949e-01 2.060895562171936035e-01 2.255333662033081055e-01 4.119427800178527832e-01 3.895717561244964600e-01 4.837455749511718750e-01 3.609352707862854004e-01 4.224410951137542725e-01 6.073575019836425781e-01 6.157504320144653320e-01 6.547817587852478027e-01 7.346211671829223633e-01 8.057395815849304199e-01 4.938117563724517822e-01
4.257183074951171875e-01 3.900420665740966797e-01 1.407447457313537598e-01 1.130952835083007812e-01 2.553048133850097656e-01 2.227706015110015869e-01 2.847563624382019043e-01 5.481745004653930664e-01 3.281857967376708984e-01 4.099970757961273193e-01 4.350285828113555908e-01 2.223434448242187500e-01 2.634743452072143555e-01 6.298292279243469238e-01 5.386237502098083496e-01 5.206840038299560547e-01 7.287598252296447754e-01 6.351184248924255371e-01 6.445140838623046875e-01 5.687837600708007812e-01
3.446685671806335449e-01 3.816775977611541748e-01 4.594321250915527344e-01 5.579198002815246582e-01 2.268737405538558960e-01 6.770477294921875000e-01 2.684916555881500244e-01 5.287555456161499023e-01 5.426267981529235840e-01 2.323349714279174805e-01 2.547701597213745117e-01 3.054346740245819092e-01 4.439387023448944092e-01 6.236023902893066406e-01 6.738162636756896973e-01 7.183449268341064453e-01 1.215793490409851074e+00 6.636681556701660156e-01 5.450544953346252441e-01 5.654784440994262695e-01
5.951086282730102539e-01 3.086509108543395996e-01 2.884858846664428711e-01 2.793648242950439453e-01 4.162765741348266602e-01 3.395617604255676270e-01 3.718075752258300781e-01 1.055027171969413757e-01 4.771180450916290283e-01 5.224159359931945801e-01 6.966930627822875977e-01 5.430265069007873535e-01 4.583237767219543457e-01 3.592407703399658203e-01 4.183098077774047852e-01 6.480700969696044922e-01 5.357515215873718262e-01 8.599181771278381348e-01 2.692461013793945312e-01 5.317071676254272461e-01
2.418859899044036865e-01 2.839179039001464844e-01 1.379510611295700073e-01 3.917424082756042480e-01 3.427765369415283203e-01 2.035665512084960938e-01 3.049395978450775146e-01 5.224491953849792480e-01 4.486957192420959473e-01 4.407391548156738281e-01 5.031329393386840820e-01 3.943892121315002441e-01 5.412268042564392090e-01 5.868583917617797852e-01 4.033856391906738281e-01 3.945859074592590332e-01 5.066570043563842773e-01 4.900341033935546875e-01 5.630733370780944824e-01 5.526472330093383789e-01
3.543238043785095215e-01 1.197523325681686401e-01 1.716028451919555664e-01 4.457206726074218750e-01 3.193686604499816895e-01 3.874456286430358887e-01 5.675085783004760742e-01 3.749443292617797852e-01 1.467533856630325317e-01 4.314373135566711426e-01 5.190735459327697754e-01 3.722960352897644043e-01 5.875592827796936035e-01 4.289845824241638184e-01 5.152145624160766602e-01 6.067349910736083984e-01 4.099684357643127441e-01 3.066682815551757812e-01 3.830767869949340820e-01 3.086858689785003662e-01
3.383801579475402832e-01 9.415812790393829346e-02 4.052971601486206055e-01 3.080022335052490234e-01 1.326177418231964111e-01 1.516280174255371094e-01 2.724347114562988281e-01 4.905585646629333496e-01 1.393849104642868042e-01 5.040303468704223633e-01 2.761569619178771973e-01 2.140403836965560913e-01 2.377111315727233887e-01 3.234033584594726562e-01 2.878024578094482422e-01 5.042263269424438477e-01 4.448846876621246338e-01 5.220942497253417969e-01 4.037141799926757812e-01 4.428413808345794678e-01
2.408373206853866577e-01 2.470560073852539062e-01 3.213599622249603271e-01 3.547927737236022949e-01 3.889790773391723633e-01 5.064388513565063477e-01 5.405505299568176270e-01 4.309533834457397461e-01 2.357367426156997681e-01 3.498035073280334473e-01 5.097544193267822266e-01 2.349653542041778564e-01 4.333736896514892578e-01 3.487087190151214600e-01 2.917722463607788086e-01 3.137685656547546387e-01 3.593833446502685547e-01 6.284515857696533203e-01 3.652496635913848877e-01 3.558685779571533203e-01
1.521868705749511719e-01 2.067058533430099487e-01 4.495643377304077148e-01 2.625183165073394775e-01 2.809418737888336182e-01 2.606268525123596191e-01 3.316567540168762207e-01 3.523263931274414062e-01 4.231722354888916016e-01 3.335429430007934570e-01 3.122442960739135742e-01 2.744179964065551758e-01 4.067589044570922852e-01 2.160758972167968750e-01 2.165098637342453003e-01 2.502968609333038330e-01 3.461610674858093262e-01 4.228485822677612305e-01 3.319153189659118652e-01 6.593068838119506836e-01
4.291610717773437500e-01 3.931469917297363281e-01 4.829748272895812988e-01 3.360998630523681641e-01 4.192336201667785645e-01 1.859996914863586426e-01 3.325685858726501465e-01 4.463745057582855225e-01 2.593878209590911865e-01 4.231209456920623779e-01 6.423571109771728516e-01 2.166124284267425537e-01 3.953286409378051758e-01 1.054283306002616882e-01 1.909311860799789429e-01 3.978899121284484863e-01 2.936136424541473389e-01 1.805747449398040771e-01 2.221867144107818604e-01 4.105774164199829102e-01
3.965700864791870117e-01 2.624194324016571045e-01 3.350307345390319824e-01 3.104004263877868652e-01 3.746148943901062012e-01 4.015127122402191162e-01 5.158193707466125488e-01 3.758562803268432617e-01 5.089797973632812500e-01 3.583554625511169434e-01 3.130265176296234131e-01 1.227124333381652832e-01 3.041126132011413574e-01 4.602606296539306641e-01 4.485095143318176270e-01 2.962422370910644531e-01 3.879068493843078613e-01 2.557035386562347412e-01 4.135217666625976562e-01 1.489543467760086060e-01
2.429259717464447021e-01 4.625417888164520264e-01 4.758977890014648438e-01 2.874093353748321533e-01 3.916985094547271729e-01 5.863677859306335449e-01 4.767212867736816406e-01 5.096433758735656738e-01 3.539628982543945312e-01 1.438339203596115112e-01 5.428869724273681641e-01 1.711809039115905762e-01 4.080694913864135742e-01 2.239491939544677734e-01 4.781732559204101562e-01 1.139107942581176758e-01 3.941147774457931519e-02 3.031979501247406006e-01 3.911303281784057617e-01 2.300692200660705566e-01
2.314172089099884033e-01 3.659786880016326904e-01 4.524714946746826172e-01 2.760110795497894287e-01 2.519652843475341797e-01 5.304071307182312012e-01 9.200090169906616211e-01 3.281531929969787598e-01 2.245247960090637207e-01 3.772533535957336426e-01 2.857101559638977051e-01 4.086070656776428223e-01 2.892319858074188232e-01 1.454057842493057251e-01 5.462393760681152344e-01 2.585645914077758789e-01 2.725634574890136719e-01 3.288322687149047852e-01 3.676446080207824707e-01 4.514040350914001465e-01
3.553416132926940918e-01 4.870836734771728516e-01 2.919920384883880615e-01 3.976278901100158691e-01 7.491388320922851562e-01 4.406310617923736572e-01 4.511076211929321289e-01 4.684832394123077393e-01 3.406649827957153320e-01 3.844704627990722656e-01 4.804625213146209717e-01 3.018643856048583984e-01 2.758930027484893799e-01 3.694627285003662109e-01 2.177278101444244385e-01 6.915137171745300293e-02 2.699195742607116699e-01 1.689425408840179443e-01 2.796095609664916992e-01 3.189899921417236328e-01
5.073904991149902344e-01 4.518568515777587891e-01 2.875228524208068848e-01 5.265290737152099609e-01 3.515412211418151855e-01 4.527128934860229492e-01 5.071420669555664062e-01 4.075697064399719238e-01 6.458266377449035645e-01 3.859770298004150391e-01 3.402654230594635010e-01 3.681188821792602539e-01 3.129173815250396729e-01 2.157449275255203247e-01 2.104123830795288086e-01 2.917051017284393311e-01 3.535002470016479492e-01 3.253459930419921875e-01 1.933800429105758667e-01 2.360116541385650635e-01
3.216108679771423340e-01 3.619982600212097168e-01 3.583666384220123291e-01 3.857790231704711914e-01 2.826271951198577881e-01 2.832301557064056396e-01 4.207612872123718262e-01 2.906389236450195312e-01 4.208777844905853271e-01 2.859293222427368164e-01 7.168356180191040039e-01 5.469138026237487793e-01 3.392704129219055176e-01 1.671901047229766846e-01 2.901389598846435547e-01 3.400195240974426270e-01 4.222245812416076660e-01 4.540417790412902832e-01 3.525377511978149414e-01 2.691109180450439453e-01
6.552651524543762207e-01 3.759439587593078613e-01 5.961903333663940430e-01 3.885074257850646973e-01 3.999586701393127441e-01 3.118538856506347656e-01 3.433464765548706055e-01 3.677875697612762451e-01 3.114405274391174316e-01 6.134568452835083008e-01 4.781958460807800293e-01 6.109037995338439941e-01 2.214788794517517090e-01 5.149511098861694336e-01 4.328041076660156250e-01 3.455492556095123291e-01 3.479357957839965820e-01 2.163545489311218262e-01 2.609657645225524902e-01 2.191690504550933838e-01
