2018-07-23 02:00:00
2.194144725799560547e+00 1.669952392578125000e+00 1.996260404586791992e+00 1.345097780227661133e+00 2.729112863540649414e+00 2.326160669326782227e+00 3.066630363464355469e+00 1.619025468826293945e+00 1.114268183708190918e+00 1.806821107864379883e+00 1.003223061561584473e+00 2.183708906173706055e+00 1.588524699211120605e+00 2.293995857238769531e+00 2.794169902801513672e+00 9.539951086044311523e-01 1.631538867950439453e+00 1.869355440139770508e+00 2.446794986724853516e+00 1.624069929122924805e+00
1.905652284622192383e+00 1.656564712524414062e+00 2.088080406188964844e+00 1.355759859085083008e+00 1.079154491424560547e+00 2.283802986145019531e+00 2.166551113128662109e+00 1.478336453437805176e+00 1.311314821243286133e+00 2.171046733856201172e+00 1.630346298217773438e+00 2.307595252990722656e+00 1.337225556373596191e+00 2.759520053863525391e+00 1.745178222656250000e+00 2.509647369384765625e+00 9.875145554542541504e-01 1.683748841285705566e+00 2.244000434875488281e+00 2.045412778854370117e+00
1.609678268432617188e+00 1.809104442596435547e+00 1.955324530601501465e+00 1.526718020439147949e+00 1.597420454025268555e+00 2.004691600799560547e+00 2.665328979492187500e+00 1.251121640205383301e+00 2.753035068511962891e+00 2.313696622848510742e+00 2.192602634429931641e+00 1.472381591796875000e+00 1.884453296661376953e+00 1.547185420989990234e+00 1.134308576583862305e+00 2.435540676116943359e+00 2.549556016921997070e+00 2.223767280578613281e+00 2.293238878250122070e+00 1.994715213775634766e+00
2.308522701263427734e+00 1.785247325897216797e+00 1.314619541168212891e+00 2.859728336334228516e+00 1.979810953140258789e+00 1.863213181495666504e+00 2.134988784790039062e+00 2.226317882537841797e+00 1.669696450233459473e+00 1.537777423858642578e+00 1.482520103454589844e+00 1.404572248458862305e+00 1.926288366317749023e+00 2.046000242233276367e+00 1.700690746307373047e+00 1.953281164169311523e+00 3.112165927886962891e+00 1.694758415222167969e+00 2.023012161254882812e+00 1.656044244766235352e+00
1.476838827133178711e+00 1.926307320594787598e+00 2.048519134521484375e+00 2.191315650939941406e+00 1.027395606040954590e+00 1.974653482437133789e+00 1.923427700996398926e+00 2.359884977340698242e+00 1.464498996734619141e+00 1.691836118698120117e+00 1.894640684127807617e+00 2.305718898773193359e+00 1.306297183036804199e+00 2.340179443359375000e+00 1.676614522933959961e+00 1.438849329948425293e+00 1.361807823181152344e+00 6.253282427787780762e-01 1.465898156166076660e+00 1.623913288116455078e+00
1.452992200851440430e+00 1.681657791137695312e+00 1.914453029632568359e+00 1.836530685424804688e+00 1.880613923072814941e+00 1.432123780250549316e+00 1.511611342430114746e+00 1.553230404853820801e+00 1.485314011573791504e+00 2.020401000976562500e+00 1.229331016540527344e+00 1.038758635520935059e+00 1.211886763572692871e+00 2.068723678588867188e+00 1.835408926010131836e+00 1.062372088432312012e+00 1.508903026580810547e+00 1.798390626907348633e+00 2.190124034881591797e+00 1.563362836837768555e+00
9.854910969734191895e-01 2.199600458145141602e+00 2.694146156311035156e+00 1.343235254287719727e+00 1.430745601654052734e+00 2.385590076446533203e+00 2.284065008163452148e+00 1.536325097084045410e+00 1.423161268234252930e+00 2.077018976211547852e+00 1.568075299263000488e+00 1.118468523025512695e+00 1.774342536926269531e+00 8.953979015350341797e-01 2.054064273834228516e+00 2.225408077239990234e+00 2.419876098632812500e+00 1.834965705871582031e+00 3.133737087249755859e+00 1.490805387496948242e+00
2.242450237274169922e+00 1.601690173149108887e+00 1.906371712684631348e+00 1.891582489013671875e+00 2.045155525207519531e+00 1.933265566825866699e+00 2.393990516662597656e+00 2.186850547790527344e+00 1.082458972930908203e+00 2.212568759918212891e+00 2.103948116302490234e+00 1.382151484489440918e+00 1.336044788360595703e+00 1.672212839126586914e+00 1.600972890853881836e+00 1.743956685066223145e+00 2.176528453826904297e+00 3.587009429931640625e+00 1.847221374511718750e+00 1.987812042236328125e+00
2.278859853744506836e+00 2.091510772705078125e+00 1.900976181030273438e+00 1.484411716461181641e+00 9.360258579254150391e-01 1.490178585052490234e+00 2.373312473297119141e+00 1.397078514099121094e+00 1.617924451828002930e+00 1.617148637771606445e+00 1.985661864280700684e+00 1.381129741668701172e+00 1.443079710006713867e+00 1.537175655364990234e+00 2.183463096618652344e+00 1.493567705154418945e+00 1.214554548263549805e+00 1.921740055084228516e+00 2.485396862030029297e+00 1.420440912246704102e+00
1.609468340873718262e+00 1.536299586296081543e+00 1.738904714584350586e+00 1.304491519927978516e+00 2.431052207946777344e+00 1.869554042816162109e+00 1.872025489807128906e+00 1.537115812301635742e+00 2.022427558898925781e+00 9.258226752281188965e-01 1.886455774307250977e+00 2.164157390594482422e+00 1.111387014389038086e+00 2.051779031753540039e+00 2.257611274719238281e+00 1.706370711326599121e+00 2.107139348983764648e+00 1.719097375869750977e+00 3.025310993194580078e+00 2.231133699417114258e+00
1.720426559448242188e+00 1.948734521865844727e+00 2.136186122894287109e+00 2.179964065551757812e+00 2.157301425933837891e+00 1.907165288925170898e+00 2.533452033996582031e+00 2.357098102569580078e+00 1.579526424407958984e+00 1.666266322135925293e+00 1.172172784805297852e+00 2.001829147338867188e+00 1.388889431953430176e+00 1.895682930946350098e+00 1.836742281913757324e+00 2.052310943603515625e+00 1.766701817512512207e+00 1.070016503334045410e+00 2.047652244567871094e+00 2.259665489196777344e+00
9.513242840766906738e-01 1.935602664947509766e+00 1.687556743621826172e+00 1.310708522796630859e+00 1.203833580017089844e+00 1.902555465698242188e+00 1.768326044082641602e+00 2.511429071426391602e+00 1.813764452934265137e+00 1.415609002113342285e+00 1.599906444549560547e+00 2.228897094726562500e+00 9.655404090881347656e-01 1.715144157409667969e+00 2.063546180725097656e+00 1.159665703773498535e+00 1.745105266571044922e+00 1.766994953155517578e+00 3.495343685150146484e+00 2.592571258544921875e+00
1.807518243789672852e+00 1.545556068420410156e+00 1.487864613533020020e+00 1.270646333694458008e+00 1.825761318206787109e+00 2.182608127593994141e+00 1.945960640907287598e+00 1.484667897224426270e+00 1.401748538017272949e+00 1.688294172286987305e+00 2.099316120147705078e+00 1.460065841674804688e+00 1.814010858535766602e+00 2.444704294204711914e+00 1.840222358703613281e+00 2.037530422210693359e+00 1.652783393859863281e+00 2.533479690551757812e+00 9.209919571876525879e-01 1.200423479080200195e+00
1.892741084098815918e+00 2.092407703399658203e+00 1.285635828971862793e+00 1.810555696487426758e+00 1.804723739624023438e+00 1.918601870536804199e+00 1.798128366470336914e+00 1.660605669021606445e+00 1.346138954162597656e+00 1.483556985855102539e+00 9.369778037071228027e-01 2.684931993484497070e+00 1.660755991935729980e+00 2.331493854522705078e+00 1.653473854064941406e+00 1.783717393875122070e+00 2.386943578720092773e+00 1.581662893295288086e+00 2.131799697875976562e+00 2.034463644027709961e+00
1.139638900756835938e+00 2.348180532455444336e+00 1.853740453720092773e+00 1.021693348884582520e+00 1.459791183471679688e+00 2.080758571624755859e+00 1.784048795700073242e+00 1.573428153991699219e+00 1.915212154388427734e+00 2.667752981185913086e+00 1.594679832458496094e+00 2.115836143493652344e+00 2.134036779403686523e+00 2.033814907073974609e+00 5.443722605705261230e-01 1.989110708236694336e+00 1.848556876182556152e+00 1.631872415542602539e+00 2.997255802154541016e+00 1.831664562225341797e+00
1.980641365051269531e+00 2.161461353302001953e+00 2.566802501678466797e+00 2.431263446807861328e+00 1.935070037841796875e+00 2.747042655944824219e+00 2.726899147033691406e+00 1.699517369270324707e+00 1.706503391265869141e+00 1.471448063850402832e+00 2.079229116439819336e+00 1.607329368591308594e+00 1.898459672927856445e+00 2.630776166915893555e+00 1.584824562072753906e+00 1.696200847625732422e+00 1.515588998794555664e+00 2.452028989791870117e+00 1.584258437156677246e+00 1.590446114540100098e+00
1.694906473159790039e+00 2.219497203826904297e+00 2.478023767471313477e+00 1.240946292877197266e+00 1.772045254707336426e+00 2.102068901062011719e+00 1.901840209960937500e+00 1.995515942573547363e+00 1.564294815063476562e+00 2.163734197616577148e+00 2.007706642150878906e+00 2.471314907073974609e+00 1.797030448913574219e+00 1.764621615409851074e+00 3.236671447753906250e+00 1.872928380966186523e+00 2.209161758422851562e+00 2.304429054260253906e+00 1.555989265441894531e+00 1.777210474014282227e+00
1.545779347419738770e+00 1.948936343193054199e+00 1.669081449508666992e+00 1.810432314872741699e+00 2.134225130081176758e+00 2.006761550903320312e+00 2.120267152786254883e+00 2.426531314849853516e+00 2.306233644485473633e+00 1.769565820693969727e+00 2.642027378082275391e+00 2.448969364166259766e+00 2.472862243652343750e+00 1.449913501739501953e+00 2.049326658248901367e+00 1.296777486801147461e+00 1.954189896583557129e+00 2.056985139846801758e+00 2.392551660537719727e+00 3.007453441619873047e+00
1.682215213775634766e+00 2.427389144897460938e+00 2.471653461456298828e+00 1.645292520523071289e+00 1.875247359275817871e+00 1.832230567932128906e+00 2.151317358016967773e+00 1.522369146347045898e+00 2.823760986328125000e+00 1.963983774185180664e+00 2.495687007904052734e+00 2.098475456237792969e+00 1.714017271995544434e+00 1.856627345085144043e+00 2.097088575363159180e+00 1.584536075592041016e+00 1.651984930038452148e+00 1.093085050582885742e+00 2.210389375686645508e+00 2.621038913726806641e+00
1.703443050384521484e+00 2.482791900634765625e+00 1.716464757919311523e+00 3.353138208389282227e+00 1.957504272460937500e+00 2.008744955062866211e+00 2.072363853454589844e+00 1.832261562347412109e+00 1.787850856781005859e+00 1.720273137092590332e+00 1.763614058494567871e+00 1.978639364242553711e+00 1.379987239837646484e+00 2.266947269439697266e+00 1.815193176269531250e+00 1.450645327568054199e+00 2.537914752960205078e+00 3.092924594879150391e+00 1.374928712844848633e+00 1.832336664199829102e+00
