2018-07-23 20:30:00
3.982111215591430664e-01 5.489541292190551758e-01 5.425027012825012207e-01 6.240862607955932617e-01 3.634889125823974609e-01 6.033139228820800781e-01 7.817789316177368164e-01 6.454789042472839355e-01 3.420177698135375977e-01 1.387737691402435303e-01 7.621084451675415039e-01 5.007842779159545898e-01 7.035732269287109375e-01 1.115549445152282715e+00 1.216538667678833008e+00 1.040932893753051758e+00 6.223095059394836426e-01 7.695358991622924805e-01 7.539999485015869141e-01 4.668129384517669678e-01
3.210341930389404297e-01 7.383468151092529297e-01 5.121613740921020508e-01 2.622351050376892090e-01 3.287691175937652588e-01 2.974273562431335449e-01 3.554663658142089844e-01 4.725658595561981201e-01 5.271196365356445312e-01 6.202535629272460938e-01 5.788589715957641602e-01 1.052130937576293945e+00 9.899346828460693359e-01 7.966438531875610352e-01 1.235172629356384277e+00 1.192924618721008301e+00 1.516950488090515137e+00 8.328461647033691406e-01 7.937255501747131348e-01 1.092609763145446777e+00
5.716859102249145508e-01 5.556210875511169434e-01 8.905547857284545898e-01 2.621617317199707031e-01 1.369952857494354248e-01 4.154778122901916504e-01 4.152491688728332520e-01 2.663321793079376221e-01 4.013356864452362061e-01 6.882107257843017578e-01 6.310955882072448730e-01 5.258495807647705078e-01 6.477201581001281738e-01 1.169651746749877930e+00 7.089515328407287598e-01 1.744194984436035156e+00 1.082560181617736816e+00 1.398077249526977539e+00 7.284122705459594727e-01 8.204743266105651855e-01
4.903634786605834961e-01 4.523282051086425781e-01 2.192872762680053711e-01 8.371870964765548706e-02 4.244349896907806396e-01 3.280905485153198242e-01 4.253445267677307129e-01 4.537653028964996338e-01 6.082938909530639648e-01 5.971772670745849609e-01 3.566655516624450684e-01 6.708483099937438965e-01 8.577467203140258789e-01 6.687658429145812988e-01 1.260612249374389648e+00 1.504349470138549805e+00 1.341569304466247559e+00 1.278616666793823242e+00 5.214724540710449219e-01 5.950638055801391602e-01
4.881856739521026611e-01 4.770188033580780029e-01 4.238304197788238525e-01 3.541657626628875732e-01 2.887309193611145020e-01 6.364570260047912598e-01 4.003822803497314453e-01 3.344510495662689209e-01 -1.261476576328277588e-01 2.870027124881744385e-01 3.206993043422698975e-01 8.754976987838745117e-01 5.605287551879882812e-01 1.048651695251464844e+00 8.141622543334960938e-01 1.101450443267822266e+00 1.634490489959716797e+00 9.208029508590698242e-01 8.755421638488769531e-01 1.465336561203002930e+00
2.468528449535369873e-01 4.279543757438659668e-01 2.261440455913543701e-01 2.692278027534484863e-01 4.009611010551452637e-01 4.212168753147125244e-01 3.893081545829772949e-01 3.130561411380767822e-01 4.223044514656066895e-01 5.198282003402709961e-01 8.350719213485717773e-01 8.304712176322937012e-01 8.329554796218872070e-01 1.194664239883422852e+00 1.491797566413879395e+00 8.020947575569152832e-01 1.342304587364196777e+00 1.158391237258911133e+00 1.349940538406372070e+00 1.442970275878906250e+00
4.681594371795654297e-01 4.734491705894470215e-01 2.095230519771575928e-01 2.607431709766387939e-01 4.640676677227020264e-01 3.388330042362213135e-01 4.006951451301574707e-01 4.901073575019836426e-01 5.137338638305664062e-01 3.290892541408538818e-01 6.589971184730529785e-01 1.122797012329101562e+00 8.125357031822204590e-01 8.910135626792907715e-01 1.544893741607666016e+00 1.212282299995422363e+00 9.295514822006225586e-01 1.682382822036743164e+00 1.060441493988037109e+00 1.025946378707885742e+00
3.831211626529693604e-01 2.275648862123489380e-01 2.509105503559112549e-01 2.655253112316131592e-01 2.249961197376251221e-01 3.998550772666931152e-01 4.543471932411193848e-01 4.299650192260742188e-01 3.519060313701629639e-01 5.966129899024963379e-01 4.303991496562957764e-01 6.696384549140930176e-01 8.688887953758239746e-01 9.426319003105163574e-01 1.464883685111999512e+00 1.465302467346191406e+00 7.675892114639282227e-01 1.308319807052612305e+00 1.344819307327270508e+00 1.003280878067016602e+00
5.651537179946899414e-01 3.932941555976867676e-01 3.356556594371795654e-01 4.816443622112274170e-01 5.057702064514160156e-01 3.495685756206512451e-01 4.628619253635406494e-01 2.768752872943878174e-01 4.224833846092224121e-01 4.934266507625579834e-01 1.882753074169158936e-01 6.746554374694824219e-01 5.048437118530273438e-01 9.188227653503417969e-01 1.070338010787963867e+00 8.128909468650817871e-01 1.241732716560363770e+00 1.057979464530944824e+00 7.492485642433166504e-01 1.342822909355163574e+00
3.862029314041137695e-01 2.309524416923522949e-01 3.976543545722961426e-01 1.817221641540527344e-01 3.731231093406677246e-01 3.434764742851257324e-01 1.553316414356231689e-01 7.062904238700866699e-01 2.567721903324127197e-01 6.313118934631347656e-01 6.475081443786621094e-01 6.836763620376586914e-01 9.330101013183593750e-01 7.628945112228393555e-01 6.620773077011108398e-01 8.730419278144836426e-01 7.167505025863647461e-01 1.545671939849853516e+00 1.147708535194396973e+00 6.542704105377197266e-01
2.774794995784759521e-01 3.246498107910156250e-01 4.900116622447967529e-01 2.913330793380737305e-01 1.659270823001861572e-01 5.078758001327514648e-01 3.803130388259887695e-01 4.279736876487731934e-01 6.099786758422851562e-01 6.208495497703552246e-01 6.846179962158203125e-01 6.558319330215454102e-01 8.715742230415344238e-01 9.191411733627319336e-01 8.539622426033020020e-01 6.606682538986206055e-01 1.127558231353759766e+00 8.380498886108398438e-01 1.103863954544067383e+00 9.721257686614990234e-01
2.878811955451965332e-01 6.666210293769836426e-01 2.936170697212219238e-01 1.858896911144256592e-01 5.809435248374938965e-01 5.671381950378417969e-01 3.646131753921508789e-01 2.386273890733718872e-01 4.209103882312774658e-01 2.034608423709869385e-01 3.409014940261840820e-01 3.846845328807830811e-01 4.693838953971862793e-01 6.184635162353515625e-01 2.637104988098144531e-01 7.189851999282836914e-01 1.176307797431945801e+00 9.281740188598632812e-01 7.332556843757629395e-01 1.074766993522644043e+00
3.182564377784729004e-01 2.721778750419616699e-01 2.709897756576538086e-01 3.505430221557617188e-01 5.879206657409667969e-01 3.639613986015319824e-01 2.863745689392089844e-01 4.750303030014038086e-01 4.314697384834289551e-01 4.980700314044952393e-01 4.215703308582305908e-01 3.366923928260803223e-01 6.261456608772277832e-01 7.442007064819335938e-01 4.919187426567077637e-01 8.597394227981567383e-01 6.258000731468200684e-01 1.143826246261596680e+00 8.114393353462219238e-01 6.336367726325988770e-01
4.442425370216369629e-01 4.702396690845489502e-01 2.946740388870239258e-01 4.662724435329437256e-01 4.418408572673797607e-01 3.932299613952636719e-01 3.685209155082702637e-01 4.072374105453491211e-01 3.814028501510620117e-01 3.622695207595825195e-01 2.578286826610565186e-01 4.472185671329498291e-01 4.526903927326202393e-01 5.740838050842285156e-01 3.398373425006866455e-01 4.513179361820220947e-01 6.034877300262451172e-01 8.451077938079833984e-01 3.979927003383636475e-01 6.180579066276550293e-01
7.901483774185180664e-01 6.951688528060913086e-01 3.127271533012390137e-01 3.522564172744750977e-01 5.276603698730468750e-01 4.396167993545532227e-01 5.665022730827331543e-01 2.810859382152557373e-01 2.779416143894195557e-01 4.359467625617980957e-01 9.297713637351989746e-01 2.765796184539794922e-01 4.685465097427368164e-01 5.920923352241516113e-01 2.841992676258087158e-01 4.886429309844970703e-01 3.802578151226043701e-01 5.071380138397216797e-01 8.477905988693237305e-01 5.694167613983154297e-01
4.902736544609069824e-01 7.118757367134094238e-01 4.780172109603881836e-01 4.516931176185607910e-01 9.154254198074340820e-01 4.198482632637023926e-01 7.599020004272460938e-01 1.851572543382644653e-01 3.974173069000244141e-01 3.446899652481079102e-01 4.706021547317504883e-01 9.189685583114624023e-01 3.779067695140838623e-01 3.775416314601898193e-01 3.275542557239532471e-01 5.738427639007568359e-01 3.987168371677398682e-01 6.220784187316894531e-01 9.172014594078063965e-01 4.546951055526733398e-01
7.530130743980407715e-01 5.505321025848388672e-01 6.056308150291442871e-01 3.516004681587219238e-01 6.801409125328063965e-01 6.429166197776794434e-01 7.720192074775695801e-01 4.392638504505157471e-01 4.918417334556579590e-01 8.763573169708251953e-01 5.696976184844970703e-01 4.756664037704467773e-01 5.697786211967468262e-01 3.927859663963317871e-01 2.732693254947662354e-01 5.564471483230590820e-01 1.742896735668182373e-01 6.215374469757080078e-01 6.577157378196716309e-01 6.671535968780517578e-01
8.665494322776794434e-01 4.118337333202362061e-01 5.893986821174621582e-01 7.067780494689941406e-01 5.567790865898132324e-01 4.328921437263488770e-01 4.543879032135009766e-01 5.710434913635253906e-01 6.794698834419250488e-01 5.789661407470703125e-01 6.483601331710815430e-01 5.134967565536499023e-01 8.352341651916503906e-01 4.497178196907043457e-01 2.684748768806457520e-01 3.677763342857360840e-01 4.978961944580078125e-01 7.512881755828857422e-01 5.654039978981018066e-01 7.842490673065185547e-01
4.445104002952575684e-01 7.524883151054382324e-01 7.437990903854370117e-01 5.907545089721679688e-01 4.325219392776489258e-01 7.062733769416809082e-01 7.737985253334045410e-01 4.613731205463409424e-01 5.103633403778076172e-01 5.965538024902343750e-01 5.749138593673706055e-01 7.452739477157592773e-01 4.041524529457092285e-01 2.573739886283874512e-01 3.563867211341857910e-01 3.386355042457580566e-01 5.492993593215942383e-01 5.318546295166015625e-01 3.843694627285003662e-01 5.025653839111328125e-01
4.679214358329772949e-01 5.493085384368896484e-01 4.760889112949371338e-01 2.648777365684509277e-01 6.683678627014160156e-01 6.302561759948730469e-01 6.269347667694091797e-01 7.022995948791503906e-01 5.021243095397949219e-01 6.620171070098876953e-01 6.783074140548706055e-01 7.193027138710021973e-01 4.700215458869934082e-01 4.165564477443695068e-01 3.960562944412231445e-01 3.746711015701293945e-01 3.719621002674102783e-01 5.358856916427612305e-01 4.199848771095275879e-01 3.062005043029785156e-01
