2018-07-23 20:45:00
6.783273220062255859e-01 1.638285368680953979e-01 6.897047758102416992e-01 4.715945422649383545e-01 2.939386367797851562e-01 3.056719899177551270e-01 6.043868660926818848e-01 5.564050078392028809e-01 4.147711992263793945e-01 6.492505073547363281e-01 3.735215067863464355e-01 6.664396524429321289e-01 4.942877590656280518e-01 8.580753803253173828e-01 7.826158404350280762e-01 1.001159906387329102e+00 5.769402384757995605e-01 4.996789395809173584e-01 5.255340933799743652e-01 9.091374874114990234e-01
6.570184230804443359e-01 2.583023011684417725e-01 5.836964249610900879e-01 4.094756543636322021e-01 6.050565838813781738e-01 5.312287211418151855e-01 4.154530167579650879e-01 3.978614509105682373e-01 6.281447410583496094e-01 4.965561032295227051e-01 7.436181306838989258e-01 6.324540376663208008e-01 4.089971780776977539e-01 8.995217084884643555e-01 1.050971269607543945e+00 1.228412151336669922e+00 8.044238686561584473e-01 8.709815740585327148e-01 8.977897167205810547e-01 5.145207643508911133e-01
5.594049692153930664e-01 4.253521859645843506e-01 3.472229242324829102e-01 4.380017518997192383e-01 6.217438578605651855e-01 2.188761830329895020e-01 4.514601826667785645e-01 4.957664310932159424e-01 3.571469783782958984e-01 3.812568783760070801e-01 9.900587201118469238e-01 4.956454932689666748e-01 1.097514748573303223e+00 4.335661530494689941e-01 8.688243031501770020e-01 7.407756447792053223e-01 6.578537225723266602e-01 1.145431756973266602e+00 7.109255790710449219e-01 6.083834171295166016e-01
4.274698495864868164e-01 1.316168606281280518e-01 3.863460123538970947e-01 4.080908298492431641e-01 3.820752203464508057e-01 4.074113965034484863e-01 4.680137932300567627e-01 2.386450767517089844e-01 4.599990248680114746e-01 2.421986162662506104e-01 4.374070167541503906e-01 3.942467570304870605e-01 9.277200102806091309e-01 5.848063230514526367e-01 7.993180751800537109e-01 1.735819816589355469e+00 1.169586181640625000e+00 1.144672036170959473e+00 5.908061265945434570e-01 6.200629472732543945e-01
4.766762852668762207e-01 6.102374792098999023e-01 3.385723829269409180e-01 3.281829059123992920e-01 2.979986667633056641e-01 1.910689026117324829e-01 2.891394793987274170e-01 3.732786178588867188e-01 2.759228944778442383e-01 4.318456351757049561e-01 4.742711782455444336e-01 6.436772346496582031e-01 5.512760877609252930e-01 9.006311893463134766e-01 9.690196514129638672e-01 6.893387436866760254e-01 7.780243754386901855e-01 5.852045416831970215e-01 8.303502798080444336e-01 1.128782033920288086e+00
3.253694772720336914e-01 4.266796708106994629e-01 1.773818880319595337e-01 3.028621375560760498e-01 3.314680457115173340e-01 5.805023908615112305e-01 3.987025320529937744e-01 4.004067778587341309e-01 2.773597538471221924e-01 5.051214098930358887e-01 5.723464488983154297e-01 8.823677897453308105e-01 5.877362489700317383e-01 7.108809947967529297e-01 6.342684030532836914e-01 7.153806686401367188e-01 1.006346225738525391e+00 9.285308122634887695e-01 6.598031520843505859e-01 6.507182121276855469e-01
4.722773432731628418e-01 3.917598128318786621e-01 4.302057921886444092e-01 6.457482576370239258e-01 4.580597281455993652e-01 2.826572358608245850e-01 4.661889076232910156e-01 5.828073024749755859e-01 5.220759510993957520e-01 3.794288039207458496e-01 5.225529074668884277e-01 4.408699870109558105e-01 3.286821246147155762e-01 6.247239112854003906e-01 7.526144981384277344e-01 9.711425304412841797e-01 1.420842409133911133e+00 1.271121025085449219e+00 7.018837928771972656e-01 1.016885638236999512e+00
6.102337837219238281e-01 3.584964871406555176e-01 1.941340267658233643e-01 4.681430459022521973e-01 4.803373217582702637e-01 4.021897315979003906e-01 3.517490029335021973e-01 2.127533107995986938e-01 2.068776488304138184e-01 3.234800696372985840e-01 4.327674508094787598e-01 3.004844784736633301e-01 8.045821189880371094e-01 6.097590923309326172e-01 9.368287324905395508e-01 7.543948888778686523e-01 6.093841791152954102e-01 5.457490682601928711e-01 1.220879554748535156e+00 6.474145650863647461e-01
2.640770375728607178e-01 4.742698073387145996e-01 4.088338613510131836e-01 4.122215509414672852e-01 4.114130139350891113e-01 5.777884721755981445e-01 3.822597861289978027e-01 4.125650525093078613e-01 3.568494617938995361e-01 3.194215893745422363e-01 5.203379988670349121e-01 5.548562407493591309e-01 5.794695615768432617e-01 6.135135889053344727e-01 1.543296128511428833e-01 7.084995508193969727e-01 5.877410173416137695e-01 7.788881063461303711e-01 5.987670421600341797e-01 7.875764369964599609e-01
2.513003945350646973e-01 3.873456716537475586e-01 3.443726599216461182e-01 4.253383278846740723e-01 3.464960455894470215e-01 3.175835907459259033e-01 2.687029242515563965e-01 3.687439560890197754e-01 6.847081184387207031e-01 5.220708847045898438e-01 3.258763253688812256e-01 5.554138422012329102e-01 4.487937092781066895e-01 6.032782793045043945e-01 4.547774791717529297e-01 6.055324077606201172e-01 8.285052180290222168e-01 6.041542291641235352e-01 7.651597261428833008e-01 4.681914746761322021e-01
2.890967726707458496e-01 2.826285958290100098e-01 4.551264047622680664e-01 3.475520014762878418e-01 2.658643424510955811e-01 3.977333903312683105e-01 3.305803537368774414e-01 5.148610472679138184e-01 2.923153042793273926e-01 5.118653774261474609e-01 5.317934751510620117e-01 3.631733059883117676e-01 3.335905671119689941e-01 3.949941396713256836e-01 4.957980513572692871e-01 6.911055445671081543e-01 8.380916118621826172e-01 1.088493108749389648e+00 4.752489030361175537e-01 2.118313461542129517e-01
4.602803289890289307e-01 3.143029808998107910e-01 2.120426297187805176e-01 3.090821504592895508e-01 4.652836620807647705e-01 4.870264828205108643e-01 2.300614416599273682e-01 6.367547512054443359e-01 4.209672212600708008e-01 4.382404088973999023e-01 2.251735031604766846e-01 3.237058818340301514e-01 3.355773985385894775e-01 2.462460845708847046e-01 5.888675451278686523e-01 3.376536667346954346e-01 4.653116762638092041e-01 3.879765272140502930e-01 5.068935155868530273e-01 3.292280435562133789e-01
4.020572304725646973e-01 3.097172081470489502e-01 3.865926265716552734e-01 4.592913985252380371e-01 3.688018918037414551e-01 3.049295544624328613e-01 4.095180630683898926e-01 2.784791588783264160e-01 2.609908580780029297e-01 4.107228517532348633e-01 4.023120403289794922e-01 2.926636934280395508e-01 2.332019209861755371e-01 2.925436496734619141e-01 2.338400185108184814e-01 1.718914210796356201e-01 2.650202512741088867e-01 3.427697420120239258e-01 2.288574576377868652e-01 5.679874420166015625e-01
2.692129015922546387e-01 1.789278984069824219e-01 3.879318237304687500e-01 3.739634454250335693e-01 4.580275118350982666e-01 2.459113746881484985e-01 2.756579518318176270e-01 4.376544952392578125e-01 3.432092964649200439e-01 3.410634994506835938e-01 3.498513102531433105e-01 1.203411221504211426e-01 5.026504993438720703e-01 4.652900695800781250e-01 3.286091983318328857e-01 3.368279933929443359e-01 1.289514899253845215e-01 2.645018994808197021e-01 2.660392522811889648e-01 2.405232638120651245e-01
5.165757536888122559e-01 4.853384494781494141e-01 4.040958285331726074e-01 4.340459108352661133e-01 4.719666242599487305e-01 2.625088095664978027e-01 4.495687186717987061e-01 3.986978232860565186e-01 3.981434404850006104e-01 2.601605057716369629e-01 6.592887639999389648e-01 4.236944317817687988e-01 5.836967229843139648e-01 7.662306725978851318e-02 1.541840732097625732e-01 2.781613469123840332e-01 4.070736169815063477e-01 8.725399523973464966e-02 3.770481944084167480e-01 4.405549168586730957e-01
3.413450717926025391e-01 3.798384070396423340e-01 4.832229316234588623e-01 6.084266304969787598e-01 6.687177419662475586e-01 5.553150773048400879e-01 5.145835876464843750e-01 2.947642505168914795e-01 3.570314347743988037e-01 3.380944132804870605e-01 5.323156118392944336e-01 5.196866989135742188e-01 1.985617578029632568e-01 1.693339943885803223e-01 4.651500880718231201e-01 4.290781915187835693e-01 3.326721191406250000e-01 2.825106978416442871e-01 3.538038730621337891e-01 2.735760807991027832e-01
3.364192247390747070e-01 4.912931919097900391e-01 3.811370730400085449e-01 6.764456033706665039e-01 3.828303217887878418e-01 3.589389622211456299e-01 6.569204330444335938e-01 7.324622869491577148e-01 3.473401367664337158e-01 7.000393867492675781e-01 5.024924278259277344e-01 5.374120473861694336e-01 4.543785154819488525e-01 2.404569834470748901e-01 3.298641443252563477e-01 4.013910889625549316e-01 3.423013091087341309e-01 1.993272900581359863e-01 3.937821090221405029e-01 2.962563633918762207e-01
2.557058930397033691e-01 5.093096494674682617e-01 2.885888218879699707e-01 3.217493891716003418e-01 7.076795697212219238e-01 6.641261577606201172e-01 3.830771446228027344e-01 8.083449602127075195e-01 4.868789315223693848e-01 5.447456836700439453e-01 2.592163383960723877e-01 2.642096877098083496e-01 3.338485062122344971e-01 3.270860910415649414e-01 2.931520938873291016e-01 2.115524858236312866e-01 2.409118562936782837e-01 3.205227553844451904e-01 4.064642786979675293e-01 2.190442979335784912e-01
5.169686079025268555e-01 3.170292377471923828e-01 6.272904872894287109e-01 4.290074706077575684e-01 4.594289660453796387e-01 5.434398055076599121e-01 3.439168334007263184e-01 7.711709141731262207e-01 5.962800979614257812e-01 6.085053682327270508e-01 5.970787405967712402e-01 5.270338654518127441e-01 4.424383640289306641e-01 2.327115982770919800e-01 2.632459402084350586e-01 3.252469301223754883e-01 1.712673306465148926e-01 3.646588921546936035e-01 8.622695505619049072e-02 4.541341662406921387e-01
3.038346171379089355e-01 4.637309014797210693e-01 4.575268626213073730e-01 4.171615242958068848e-01 2.608295083045959473e-01 6.206200122833251953e-01 7.081601619720458984e-01 5.107808709144592285e-01 6.734242439270019531e-01 3.346490561962127686e-01 4.952476620674133301e-01 8.108174800872802734e-01 9.060440957546234131e-02 2.916068434715270996e-01 1.983802020549774170e-01 1.728458404541015625e-01 1.573342382907867432e-01 5.655403137207031250e-01 2.673382163047790527e-01 3.179550468921661377e-01
