2018-07-23 21:45:00
5.872748494148254395e-01 5.448384284973144531e-01 4.709032773971557617e-01 3.844373524188995361e-01 6.085299253463745117e-01 4.368998408317565918e-01 4.442875385284423828e-01 3.721718192100524902e-01 3.732700943946838379e-01 6.133399605751037598e-01 4.209538400173187256e-01 5.564046502113342285e-01 4.170585572719573975e-01 6.921870708465576172e-01 7.626384496688842773e-01 2.787241041660308838e-01 2.609052360057830811e-01 4.904869794845581055e-01 4.482010304927825928e-01 4.607878327369689941e-01
4.783740639686584473e-01 4.908750057220458984e-01 4.438717961311340332e-01 7.089864611625671387e-01 8.972276747226715088e-02 4.475221037864685059e-01 4.790699481964111328e-01 4.918203651905059814e-01 3.927625417709350586e-01 4.550394117832183838e-01 5.068003535270690918e-01 3.624188005924224854e-01 6.488196253776550293e-01 5.049600601196289062e-01 6.051393747329711914e-01 6.278033256530761719e-01 5.149524807929992676e-01 5.361199975013732910e-01 2.354535013437271118e-01 5.827666521072387695e-01
3.915361464023590088e-01 3.636170029640197754e-01 5.546739101409912109e-01 3.929980099201202393e-01 5.178435444831848145e-01 5.510501265525817871e-01 5.939225554466247559e-01 4.572539329528808594e-01 6.157624721527099609e-01 4.706519246101379395e-01 2.325529158115386963e-01 2.701776027679443359e-01 4.235584139823913574e-01 7.318455576896667480e-01 6.655471920967102051e-01 7.848877906799316406e-01 4.374077320098876953e-01 6.074279546737670898e-01 1.854063421487808228e-01 5.933780670166015625e-01
3.314363956451416016e-01 7.212390899658203125e-01 5.517510771751403809e-01 4.425645470619201660e-01 6.367234587669372559e-01 4.728119373321533203e-01 4.203757047653198242e-01 5.432666540145874023e-01 5.488850474357604980e-01 3.470977842807769775e-01 4.070119857788085938e-01 2.389997839927673340e-01 3.540461659431457520e-01 5.064023733139038086e-01 3.579357862472534180e-01 3.899644017219543457e-01 4.504616558551788330e-01 5.767740607261657715e-01 3.126110732555389404e-01 5.040394663810729980e-01
6.990430355072021484e-01 5.327420234680175781e-01 2.266932427883148193e-01 7.282021045684814453e-01 4.259497225284576416e-01 4.905401468276977539e-01 4.595066905021667480e-01 4.056844115257263184e-01 4.803291261196136475e-01 3.586131334304809570e-01 3.302831947803497314e-01 3.917442560195922852e-01 2.127301394939422607e-01 3.667353689670562744e-01 4.628573358058929443e-01 4.112050533294677734e-01 7.226399183273315430e-01 3.641827702522277832e-01 4.722664654254913330e-01 5.224589705467224121e-01
5.847672820091247559e-01 3.229067921638488770e-01 7.319456338882446289e-01 2.286058217287063599e-01 8.317765593528747559e-02 6.950242519378662109e-01 1.927314102649688721e-01 5.490074753761291504e-01 2.775037884712219238e-01 3.610790669918060303e-01 6.770649552345275879e-01 5.088328123092651367e-01 5.405974984169006348e-01 6.761798858642578125e-01 4.432190656661987305e-01 5.764168500900268555e-01 4.020861685276031494e-01 3.865445852279663086e-01 5.640971660614013672e-01 3.341733813285827637e-01
3.466529250144958496e-01 4.225829541683197021e-01 4.780415296554565430e-01 9.838752448558807373e-02 7.744311094284057617e-01 7.157952785491943359e-01 3.137559890747070312e-01 3.180533945560455322e-01 1.170029789209365845e-01 5.897402763366699219e-01 2.495679855346679688e-01 4.124180674552917480e-01 5.442665815353393555e-01 3.291175365447998047e-01 2.810817956924438477e-01 5.154855251312255859e-01 9.648424983024597168e-01 3.290969133377075195e-01 5.199877023696899414e-01 3.646982312202453613e-01
5.257459282875061035e-01 3.446491360664367676e-01 3.507663607597351074e-01 5.666351318359375000e-01 4.740360975265502930e-01 4.785130918025970459e-01 3.852323293685913086e-01 4.173346459865570068e-01 2.842620611190795898e-01 5.429572463035583496e-01 4.887760281562805176e-01 3.621916174888610840e-01 4.721806049346923828e-01 9.670782089233398438e-01 6.110761165618896484e-01 4.766044318675994873e-01 1.637257337570190430e-01 6.279181241989135742e-01 4.130165576934814453e-01 3.616092801094055176e-01
5.162534713745117188e-01 3.723310530185699463e-01 5.091440677642822266e-01 4.843721091747283936e-01 3.004322946071624756e-01 4.047871232032775879e-01 5.030415654182434082e-01 3.016159534454345703e-01 5.844390392303466797e-01 4.441954493522644043e-01 4.545412659645080566e-01 4.789303541183471680e-01 4.536765217781066895e-01 5.319588184356689453e-01 6.427294015884399414e-01 5.200551152229309082e-01 4.280386269092559814e-01 4.988932609558105469e-01 3.628801703453063965e-01 4.904641509056091309e-01
3.884329497814178467e-01 5.312765836715698242e-01 2.105078548192977905e-01 3.535113930702209473e-01 2.109955996274948120e-01 4.243762493133544922e-01 1.376243233680725098e-01 5.393610000610351562e-01 4.836305379867553711e-01 5.923439860343933105e-01 6.056295633316040039e-01 5.635777711868286133e-01 6.599820852279663086e-01 4.436284303665161133e-01 5.012646317481994629e-01 5.597467422485351562e-01 4.007398486137390137e-01 6.432257890701293945e-01 6.393726468086242676e-01 1.339937746524810791e-01
3.126463294029235840e-01 3.150685429573059082e-01 5.010550022125244141e-01 2.425841540098190308e-01 3.339444994926452637e-01 4.619112610816955566e-01 2.283419817686080933e-01 3.937889933586120605e-01 5.084978938102722168e-01 7.113496661186218262e-01 3.064095973968505859e-01 5.547859072685241699e-01 6.044350266456604004e-01 4.381732046604156494e-01 6.453422307968139648e-01 3.410366177558898926e-01 5.342320799827575684e-01 3.907663226127624512e-01 5.134840011596679688e-01 4.585503339767456055e-01
2.844505608081817627e-01 4.107595682144165039e-01 5.942680835723876953e-01 3.647403419017791748e-01 5.757896304130554199e-01 4.600416123867034912e-01 4.269402623176574707e-01 4.947384297847747803e-01 3.523125350475311279e-01 2.806474566459655762e-01 3.804795145988464355e-01 3.699943125247955322e-01 4.304724931716918945e-01 3.965546488761901855e-01 2.620822191238403320e-01 3.874700069427490234e-01 6.657062768936157227e-01 2.140147984027862549e-01 7.185888290405273438e-01 3.720123171806335449e-01
2.498328387737274170e-01 7.137036323547363281e-01 4.446287155151367188e-01 2.853159010410308838e-01 3.759753704071044922e-01 2.181511819362640381e-01 5.705139040946960449e-01 4.837858676910400391e-01 3.263384103775024414e-01 5.667364597320556641e-01 3.750704526901245117e-01 3.435735702514648438e-01 3.112753331661224365e-01 3.156263828277587891e-01 4.154640734195709229e-01 2.203949391841888428e-01 5.029942393302917480e-01 6.027550697326660156e-01 3.628667593002319336e-01 6.290541887283325195e-01
5.171221494674682617e-01 3.185239434242248535e-01 4.095354676246643066e-01 6.718826293945312500e-01 2.475883066654205322e-01 3.383356928825378418e-01 3.401660323143005371e-01 3.262504339218139648e-01 5.549194812774658203e-01 4.375513195991516113e-01 4.196528196334838867e-01 3.857450187206268311e-01 3.082634210586547852e-01 2.809073328971862793e-01 3.285662531852722168e-01 3.384067118167877197e-01 4.448056221008300781e-01 3.074376583099365234e-01 3.266393542289733887e-01 5.255636572837829590e-01
5.559010505676269531e-01 6.033864021301269531e-01 3.360681533813476562e-01 4.604668319225311279e-01 4.697342514991760254e-01 1.560596823692321777e-01 3.624420762062072754e-01 2.924783825874328613e-01 4.171304106712341309e-01 2.508456408977508545e-01 7.126876115798950195e-01 2.839417755603790283e-01 3.506217002868652344e-01 3.530812859535217285e-01 5.500527024269104004e-01 4.125405251979827881e-01 3.516293764114379883e-01 2.530430257320404053e-01 5.710374116897583008e-01 5.324193239212036133e-01
2.774135470390319824e-01 4.570441842079162598e-01 2.455324232578277588e-01 3.837208151817321777e-01 3.298820257186889648e-01 5.192757844924926758e-01 7.463947534561157227e-01 4.966939091682434082e-01 6.246392726898193359e-01 3.694193363189697266e-01 3.673515617847442627e-01 3.851202130317687988e-01 5.208854079246520996e-01 3.860142827033996582e-01 5.677900910377502441e-01 4.960339069366455078e-01 6.495825052261352539e-01 2.959044277667999268e-01 4.801448583602905273e-01 8.419398069381713867e-01
2.061930447816848755e-01 1.349086910486221313e-01 3.382180929183959961e-01 3.996694684028625488e-01 3.711697459220886230e-01 5.381370186805725098e-01 5.829552412033081055e-01 2.512802779674530029e-01 3.006824254989624023e-01 5.592911243438720703e-01 4.058367013931274414e-01 3.489337861537933350e-01 4.219386577606201172e-01 6.720384359359741211e-01 2.952862977981567383e-01 4.385365545749664307e-01 3.596268296241760254e-01 3.605206608772277832e-01 5.246738791465759277e-01 3.144811987876892090e-01
4.247432351112365723e-01 3.487603962421417236e-01 3.949987888336181641e-01 2.328530550003051758e-01 2.628923058509826660e-01 2.002552449703216553e-01 2.182100117206573486e-01 2.317675799131393433e-01 5.546796321868896484e-01 3.669555485248565674e-01 3.207241296768188477e-01 4.870533645153045654e-01 5.324234962463378906e-01 1.847534775733947754e-01 4.235498905181884766e-01 2.675907015800476074e-01 3.413391709327697754e-01 4.856911599636077881e-01 2.295445054769515991e-01 2.727053165435791016e-01
3.884548544883728027e-01 3.968542218208312988e-01 3.709639608860015869e-01 2.899178862571716309e-01 3.751936554908752441e-01 3.839126527309417725e-01 2.841718792915344238e-01 3.861784338951110840e-01 5.483394265174865723e-01 3.901557922363281250e-01 4.823356270790100098e-01 5.824638605117797852e-01 3.330079913139343262e-01 5.342763662338256836e-01 4.228155612945556641e-01 4.168502092361450195e-01 4.150335192680358887e-01 5.584423542022705078e-01 3.505035638809204102e-01 6.842899322509765625e-01
4.561973810195922852e-01 5.789740681648254395e-01 4.664764404296875000e-01 3.530569672584533691e-01 2.911993265151977539e-01 5.161105990409851074e-01 2.895849347114562988e-01 5.458323359489440918e-01 3.443168997764587402e-01 3.755087852478027344e-01 5.316631793975830078e-01 4.989575147628784180e-01 4.865712821483612061e-01 3.423479795455932617e-01 4.109684526920318604e-01 2.599876523017883301e-01 2.014528363943099976e-01 5.999844074249267578e-01 3.836467266082763672e-01 5.203919410705566406e-01
