2018-07-23 22:15:00
2.515139281749725342e-01 2.989163398742675781e-01 2.691502571105957031e-01 2.976199090480804443e-01 2.400785088539123535e-01 2.051867246627807617e-01 2.979547977447509766e-01 1.851429343223571777e-01 3.403825461864471436e-01 1.400763690471649170e-01 4.029851555824279785e-01 4.050226211547851562e-01 3.323330283164978027e-01 5.358598232269287109e-01 1.020570755004882812e+00 3.629052340984344482e-01 4.069708287715911865e-01 3.079834282398223877e-01 4.230639040470123291e-01 5.313903093338012695e-01
8.125072717666625977e-01 2.676611542701721191e-01 4.924423694610595703e-01 3.202044069766998291e-01 6.584560871124267578e-01 2.289724647998809814e-01 4.231263399124145508e-01 2.458624839782714844e-01 2.330998480319976807e-01 4.808317422866821289e-01 3.322307765483856201e-01 3.422328829765319824e-01 3.983798623085021973e-01 3.713544011116027832e-01 9.155372381210327148e-01 8.587768077850341797e-01 6.229580640792846680e-01 6.560314893722534180e-01 4.293916225433349609e-01 5.227622985839843750e-01
2.225906103849411011e-01 2.498609721660614014e-01 3.386121392250061035e-01 3.695230484008789062e-01 3.098453283309936523e-01 4.545551240444183350e-01 4.852140247821807861e-01 3.123097419738769531e-01 2.110287547111511230e-01 2.897235751152038574e-01 2.224510759115219116e-01 3.401853144168853760e-01 4.575458467006683350e-01 2.432154417037963867e-01 2.564099431037902832e-01 7.363352775573730469e-01 3.714190721511840820e-01 6.955048441886901855e-01 6.255881190299987793e-01 1.850394010543823242e-01
2.638361752033233643e-01 2.465248256921768188e-01 2.247038334608078003e-01 2.943381667137145996e-01 1.580383777618408203e-01 2.127695381641387939e-01 1.672472059726715088e-01 2.472101747989654541e-01 3.359275162220001221e-01 7.403441667556762695e-01 5.050088167190551758e-01 2.372974455356597900e-01 3.321310579776763916e-01 3.779062032699584961e-01 4.793268144130706787e-01 7.841403484344482422e-01 7.124940752983093262e-01 6.371265649795532227e-01 6.223676204681396484e-01 5.738750696182250977e-01
3.668254315853118896e-01 1.528714895248413086e-01 3.716922402381896973e-01 2.401435822248458862e-01 1.343993395566940308e-01 2.118109613656997681e-01 2.740988135337829590e-01 1.056653633713722229e-01 4.667056500911712646e-01 4.234451651573181152e-01 3.973525166511535645e-01 1.982590258121490479e-01 3.830674290657043457e-01 4.342922270298004150e-01 5.336778759956359863e-01 6.550843119621276855e-01 6.040004491806030273e-01 9.137405157089233398e-01 7.699260711669921875e-01 3.434076607227325439e-01
2.613649368286132812e-01 2.612566053867340088e-01 6.106706261634826660e-01 3.445589840412139893e-01 1.817362904548645020e-01 3.385585248470306396e-01 2.716503143310546875e-01 3.247485458850860596e-01 4.705125093460083008e-01 3.645393252372741699e-01 3.757463097572326660e-01 3.755174875259399414e-01 3.671253919601440430e-01 4.763908386230468750e-01 4.453181326389312744e-01 5.221967101097106934e-01 6.917418837547302246e-01 6.286298036575317383e-01 4.327147006988525391e-01 7.847114801406860352e-01
1.700878441333770752e-01 1.892470419406890869e-01 3.621332049369812012e-01 4.690707325935363770e-01 4.984171986579895020e-01 7.426741123199462891e-01 3.895734548568725586e-01 4.222157895565032959e-01 2.500833570957183838e-01 5.586200952529907227e-01 2.574762403964996338e-01 3.206453621387481689e-01 4.689845442771911621e-01 3.244283795356750488e-01 7.102762460708618164e-01 7.394595146179199219e-01 7.426504492759704590e-01 1.013975977897644043e+00 3.194928765296936035e-01 3.599394559860229492e-01
1.760089397430419922e-01 2.842035591602325439e-01 3.436018526554107666e-01 3.672026395797729492e-01 2.477325350046157837e-01 1.816248744726181030e-01 1.513911634683609009e-01 3.491867780685424805e-01 2.705823779106140137e-01 2.127913236618041992e-01 3.648378252983093262e-01 2.006150335073471069e-01 8.624491691589355469e-01 7.201684713363647461e-01 6.004214286804199219e-01 4.906176924705505371e-01 5.524812936782836914e-01 7.811999917030334473e-01 4.470327198505401611e-01 4.532532393932342529e-01
1.436253190040588379e-01 1.678862273693084717e-01 3.567972779273986816e-01 4.913254380226135254e-01 3.625440895557403564e-01 5.228663086891174316e-01 3.919814229011535645e-01 2.602899074554443359e-01 2.912851274013519287e-01 1.956639289855957031e-01 2.221927642822265625e-01 3.594783842563629150e-01 4.753265976905822754e-01 2.851497530937194824e-01 4.982476234436035156e-01 5.397621989250183105e-01 5.501431822776794434e-01 4.950792193412780762e-01 7.236710786819458008e-01 5.461552143096923828e-01
2.331088781356811523e-01 4.898591041564941406e-01 5.262038707733154297e-01 4.992261230945587158e-01 2.269414812326431274e-01 4.044992327690124512e-01 4.299906492233276367e-01 4.472735822200775146e-01 4.428831040859222412e-01 4.423708021640777588e-01 3.074011802673339844e-01 3.946270942687988281e-01 3.767879605293273926e-01 2.715842127799987793e-01 3.051511645317077637e-01 5.172787904739379883e-01 3.993861675262451172e-01 5.354372859001159668e-01 3.203436136245727539e-01 3.145904541015625000e-01
2.323862910270690918e-01 4.015918374061584473e-01 3.706448674201965332e-01 4.290812611579895020e-01 3.964301347732543945e-01 4.524357616901397705e-01 2.892331480979919434e-01 1.203630417585372925e-01 4.595555961132049561e-01 3.476118445396423340e-01 3.763180971145629883e-01 2.586916089057922363e-01 4.130021929740905762e-01 1.037707626819610596e-01 3.618150651454925537e-01 4.330212473869323730e-01 3.661441504955291748e-01 6.261696815490722656e-01 6.613612174987792969e-01 1.594962179660797119e-01
4.018293619155883789e-01 2.717764079570770264e-01 2.160053998231887817e-01 4.664197564125061035e-01 3.856626749038696289e-01 5.408176183700561523e-01 5.040952563285827637e-01 4.042325913906097412e-01 4.717904925346374512e-01 4.059876799583435059e-01 3.335178196430206299e-01 2.611542940139770508e-01 2.330690920352935791e-01 4.074559211730957031e-01 4.435969591140747070e-01 9.900170564651489258e-02 4.056494534015655518e-01 2.277547270059585571e-01 3.531095385551452637e-01 3.872681260108947754e-01
4.313186407089233398e-01 3.067744970321655273e-01 2.622057795524597168e-01 2.721657156944274902e-01 3.347653746604919434e-01 3.825330138206481934e-01 4.628271758556365967e-01 3.350329995155334473e-01 2.731786668300628662e-01 4.631331861019134521e-01 3.453878462314605713e-01 2.738379836082458496e-01 3.650255203247070312e-01 4.191212952136993408e-01 2.585555315017700195e-01 8.251592516899108887e-02 2.398626804351806641e-01 3.998667001724243164e-01 3.258252441883087158e-01 3.092667460441589355e-01
3.278239965438842773e-01 4.395341873168945312e-01 3.865758478641510010e-01 3.544383049011230469e-01 3.407509922981262207e-01 3.147398531436920166e-01 2.933980226516723633e-01 4.156506657600402832e-01 4.300859570503234863e-01 4.863814115524291992e-01 2.546620965003967285e-01 2.584803998470306396e-01 4.621235728263854980e-01 4.260572493076324463e-01 3.069080710411071777e-01 1.207854524254798889e-01 2.671113610267639160e-01 3.913694918155670166e-01 3.719307482242584229e-01 2.864476442337036133e-01
3.568262457847595215e-01 6.680784821510314941e-01 5.355224609375000000e-01 2.783313095569610596e-01 4.478622078895568848e-01 4.196026027202606201e-01 2.905211746692657471e-01 4.048495292663574219e-01 3.144320249557495117e-01 2.985053658485412598e-01 4.268089830875396729e-01 2.708725929260253906e-01 2.586521804332733154e-01 5.525981187820434570e-01 7.276083528995513916e-02 2.643820643424987793e-01 2.462705969810485840e-01 3.059947192668914795e-01 1.899918317794799805e-01 2.995642125606536865e-01
2.173745632171630859e-01 3.387682139873504639e-01 3.139044940471649170e-01 4.830766618251800537e-01 2.983765006065368652e-01 6.728737354278564453e-01 6.060369610786437988e-01 2.714337408542633057e-01 2.908435463905334473e-01 4.872259497642517090e-01 2.891802191734313965e-01 3.499588370323181152e-01 1.299591660499572754e-01 1.550186276435852051e-01 1.610814779996871948e-01 2.412864565849304199e-01 3.306304812431335449e-01 3.920851349830627441e-01 1.407048702239990234e-01 6.118494272232055664e-01
4.477236866950988770e-01 5.803645849227905273e-01 5.177946090698242188e-01 3.220292329788208008e-01 3.799370527267456055e-01 4.377428591251373291e-01 5.345804691314697266e-01 5.692716836929321289e-01 3.332561850547790527e-01 2.406497448682785034e-01 5.060117244720458984e-01 2.101585865020751953e-01 5.555740594863891602e-01 2.527678012847900391e-01 5.600035190582275391e-01 3.057858943939208984e-01 2.708240151405334473e-01 1.575634032487869263e-01 1.191122010350227356e-01 1.995175778865814209e-01
3.637263774871826172e-01 4.326951205730438232e-01 4.198997914791107178e-01 2.594562172889709473e-01 2.142480611801147461e-01 3.082742989063262939e-01 3.388800621032714844e-01 7.073925733566284180e-01 2.981605529785156250e-01 2.747358083724975586e-01 3.450264930725097656e-01 2.353713810443878174e-01 2.018585205078125000e-01 2.758966684341430664e-01 3.406788706779479980e-01 2.518450021743774414e-01 2.945997118949890137e-01 2.901986837387084961e-01 2.872115671634674072e-01 3.408587574958801270e-01
3.200477063655853271e-01 2.511590421199798584e-01 5.976015925407409668e-01 4.013078808784484863e-01 5.992819070816040039e-01 2.567814886569976807e-01 3.497462272644042969e-01 4.210042357444763184e-01 2.558248043060302734e-01 4.708846807479858398e-01 6.627927422523498535e-01 4.872567057609558105e-01 2.848370969295501709e-01 2.871101498603820801e-01 3.422407507896423340e-01 1.784795969724655151e-01 3.959212899208068848e-01 2.393304109573364258e-01 2.227239608764648438e-01 2.547857761383056641e-01
2.107169032096862793e-01 3.684434592723846436e-01 4.863761067390441895e-01 4.461613893508911133e-01 2.256620079278945923e-01 4.073819518089294434e-01 1.802015453577041626e-01 3.591032624244689941e-01 6.712927222251892090e-01 5.934121608734130859e-01 4.157855212688446045e-01 6.537222862243652344e-01 6.225854158401489258e-01 2.466883659362792969e-01 3.164791762828826904e-01 4.894734919071197510e-01 2.860022783279418945e-01 2.837015092372894287e-01 3.119735717773437500e-01 3.201670646667480469e-01
