2018-07-23 22:30:00
1.939296722412109375e-01 3.176066875457763672e-01 4.556041955947875977e-01 3.493159115314483643e-01 3.488259911537170410e-01 2.326752245426177979e-01 1.244957819581031799e-01 2.495021224021911621e-01 2.908172309398651123e-01 4.012367427349090576e-01 3.722698688507080078e-01 3.590875566005706787e-01 2.177270650863647461e-01 4.233071208000183105e-01 2.309919893741607666e-01 6.960296034812927246e-01 4.970457255840301514e-01 1.990909576416015625e-01 1.532136797904968262e-01 2.453868687152862549e-01
5.155011415481567383e-01 4.681262075901031494e-01 1.617210954427719116e-01 1.942796707153320312e-01 3.749082684516906738e-01 3.872211575508117676e-01 2.847883701324462891e-01 4.455432593822479248e-01 3.213739693164825439e-01 3.008318543434143066e-01 2.704151868820190430e-01 2.115546315908432007e-01 2.237757146358489990e-01 2.718859612941741943e-01 4.677563607692718506e-01 4.078800678253173828e-01 5.333551168441772461e-01 2.944334447383880615e-01 2.290527671575546265e-01 3.194410204887390137e-01
3.639534711837768555e-01 2.548933029174804688e-01 4.146354198455810547e-01 2.054413855075836182e-01 3.020043969154357910e-01 2.355186939239501953e-01 4.546799659729003906e-01 6.825383901596069336e-01 4.383631944656372070e-01 3.810454010963439941e-01 5.865594148635864258e-01 1.626126319169998169e-01 3.330364823341369629e-01 5.593789219856262207e-01 4.647190868854522705e-01 2.834354639053344727e-01 4.324495792388916016e-01 3.345668315887451172e-01 4.796322882175445557e-01 4.415307641029357910e-01
3.325048387050628662e-01 4.040186405181884766e-01 3.593770563602447510e-01 2.899019718170166016e-01 3.073669672012329102e-01 3.008427619934082031e-01 2.474532127380371094e-01 4.829552173614501953e-01 3.543289899826049805e-01 5.274801254272460938e-01 4.604505598545074463e-01 3.197103738784790039e-01 2.457508444786071777e-01 2.412719279527664185e-01 4.711289703845977783e-01 3.237123489379882812e-01 2.815402746200561523e-01 2.122735679149627686e-01 3.329395949840545654e-01 3.475783765316009521e-01
3.598740100860595703e-01 2.552850842475891113e-01 3.254905045032501221e-01 3.883622288703918457e-01 4.028833210468292236e-01 4.632428586483001709e-01 3.845650255680084229e-01 3.576228022575378418e-01 1.092140376567840576e-01 5.501636266708374023e-01 2.139428704977035522e-01 4.184538125991821289e-01 7.763108611106872559e-01 5.053107738494873047e-01 3.309777379035949707e-01 2.452453970909118652e-01 3.376703262329101562e-01 4.523038864135742188e-01 3.693835735321044922e-01 2.730493843555450439e-01
2.783013880252838135e-01 2.335639446973800659e-01 4.030741751194000244e-01 3.050958514213562012e-01 5.347692370414733887e-01 4.983206391334533691e-01 2.779982388019561768e-01 2.476102411746978760e-01 3.310443162918090820e-01 3.624220490455627441e-01 1.212518066167831421e-01 4.100819230079650879e-01 3.643430471420288086e-01 3.355370163917541504e-01 4.058548510074615479e-01 7.204408049583435059e-01 3.710489273071289062e-01 2.975631952285766602e-01 3.929972350597381592e-01 2.884727716445922852e-01
3.908902406692504883e-01 6.390752792358398438e-01 2.936944961547851562e-01 1.764255166053771973e-01 4.600545465946197510e-01 5.241206288337707520e-01 3.178793489933013916e-01 4.158509969711303711e-01 4.281652569770812988e-01 2.817678153514862061e-01 4.430479109287261963e-01 2.552423477172851562e-01 3.087531626224517822e-01 3.934044837951660156e-01 3.748989105224609375e-01 4.797151982784271240e-01 3.131908476352691650e-01 3.712415099143981934e-01 4.431889951229095459e-01 3.346359133720397949e-01
3.693062067031860352e-01 2.291418612003326416e-01 3.170094192028045654e-01 2.846158146858215332e-01 5.206298828125000000e-01 2.257692515850067139e-01 4.773148298263549805e-01 2.721807658672332764e-01 3.362355232238769531e-01 3.180637061595916748e-01 4.784620404243469238e-01 2.500784993171691895e-01 3.835473358631134033e-01 7.375705242156982422e-01 4.531631171703338623e-01 3.201717734336853027e-01 3.421698808670043945e-01 2.699930965900421143e-01 5.032204389572143555e-01 4.169956743717193604e-01
4.675408005714416504e-01 3.719857335090637207e-01 2.205087393522262573e-01 4.664527177810668945e-01 1.936507672071456909e-01 2.461940348148345947e-01 2.265779227018356323e-01 2.806659638881683350e-01 3.759082853794097900e-01 2.150527983903884888e-01 4.078190326690673828e-01 1.519095003604888916e-01 6.360116004943847656e-01 2.934796810150146484e-01 2.482520043849945068e-01 4.718402028083801270e-01 2.020830512046813965e-01 1.766422986984252930e-01 4.732677936553955078e-01 3.088122010231018066e-01
9.024241566658020020e-02 3.034752011299133301e-01 3.028540611267089844e-01 4.211734533309936523e-01 3.739904165267944336e-01 3.801643848419189453e-01 3.756633996963500977e-01 2.589123547077178955e-01 1.789584606885910034e-01 6.350971460342407227e-01 3.015578985214233398e-01 2.540286779403686523e-01 2.929213643074035645e-01 3.084948062896728516e-01 3.562278747558593750e-01 3.191349804401397705e-01 3.779719769954681396e-01 3.185764551162719727e-01 2.745162248611450195e-01 6.301145553588867188e-01
2.888931632041931152e-01 2.497459501028060913e-01 2.296981811523437500e-01 2.009653151035308838e-01 4.108550548553466797e-01 3.193145990371704102e-01 2.292252779006958008e-01 4.732173681259155273e-01 3.063871860504150391e-01 3.288574814796447754e-01 6.785188913345336914e-01 1.797294765710830688e-01 4.146276116371154785e-01 1.682561039924621582e-01 1.951244473457336426e-01 4.036486148834228516e-01 4.103358685970306396e-01 4.997702240943908691e-01 4.313650727272033691e-01 2.766036391258239746e-01
3.793534934520721436e-01 3.362293243408203125e-01 4.104646444320678711e-01 5.804738998413085938e-01 3.778370618820190430e-01 3.387593626976013184e-01 3.362094759941101074e-01 5.283506512641906738e-01 3.370003104209899902e-01 2.744784951210021973e-01 2.822976112365722656e-01 3.441921174526214600e-01 2.928951382637023926e-01 4.675326943397521973e-01 3.604705631732940674e-01 1.739015579223632812e-01 2.369228899478912354e-01 3.717375099658966064e-01 2.906377613544464111e-01 2.600654363632202148e-01
3.729649186134338379e-01 2.000274956226348877e-01 3.067407906055450439e-01 2.046920359134674072e-01 4.192463755607604980e-01 1.746970117092132568e-01 2.294881492853164673e-01 1.234128773212432861e-01 2.870400547981262207e-01 1.697824299335479736e-01 2.984124124050140381e-01 4.013293981552124023e-01 2.827401161193847656e-01 4.920736253261566162e-01 4.573988914489746094e-01 4.260087311267852783e-01 3.221475481986999512e-01 1.785629689693450928e-01 3.302168846130371094e-01 5.018086433410644531e-01
9.830917418003082275e-02 3.732056021690368652e-01 3.560715615749359131e-01 2.685687839984893799e-01 3.619588613510131836e-01 1.566689759492874146e-01 3.952018618583679199e-01 3.870546221733093262e-01 2.877527773380279541e-01 2.778221368789672852e-01 2.997723817825317383e-01 3.108224868774414062e-01 2.883746325969696045e-01 2.823818325996398926e-01 3.657107353210449219e-01 3.851862549781799316e-01 3.226876854896545410e-01 3.420314490795135498e-01 4.124214053153991699e-01 3.868416547775268555e-01
2.760314047336578369e-01 3.273427784442901611e-01 3.240551054477691650e-01 3.089806437492370605e-01 2.231232225894927979e-01 5.008625984191894531e-01 2.988755702972412109e-01 1.815785467624664307e-01 3.896963000297546387e-01 4.620168805122375488e-01 3.882808685302734375e-01 1.980274766683578491e-01 2.990057170391082764e-01 2.096116989850997925e-01 4.072657823562622070e-01 3.471232354640960693e-01 2.472418248653411865e-01 3.379373550415039062e-01 2.433217465877532959e-01 2.708138227462768555e-01
6.944985985755920410e-01 3.744796514511108398e-01 5.892896652221679688e-01 2.591948807239532471e-01 2.657324075698852539e-01 3.661110997200012207e-01 3.267286419868469238e-01 2.917848229408264160e-01 3.664502501487731934e-01 1.291584670543670654e-01 1.729150712490081787e-01 2.891703844070434570e-01 2.232359945774078369e-01 3.971539139747619629e-01 3.578521609306335449e-01 4.412379264831542969e-01 3.663058876991271973e-01 4.492969810962677002e-01 1.750442981719970703e-01 5.479284524917602539e-01
1.774850785732269287e-01 3.882785439491271973e-01 1.312524527311325073e-01 3.313021659851074219e-01 2.519287467002868652e-01 3.913175463676452637e-01 4.850675463676452637e-01 1.829376220703125000e-01 4.234930872917175293e-01 3.170189857482910156e-01 5.003154277801513672e-01 9.192846417427062988e-01 3.588264584541320801e-01 6.348672509193420410e-01 2.895389199256896973e-01 4.369439482688903809e-01 3.070828318595886230e-01 1.264239251613616943e-01 2.770617008209228516e-01 5.532934665679931641e-01
4.333730936050415039e-01 3.719338178634643555e-01 2.188999503850936890e-01 3.013789951801300049e-01 3.036465644836425781e-01 3.534123897552490234e-01 1.161067560315132141e-01 1.523218899965286255e-01 5.913755893707275391e-01 3.034871816635131836e-01 2.530861496925354004e-01 2.537496089935302734e-01 2.597728967666625977e-01 3.696432709693908691e-01 4.491031169891357422e-01 3.285827040672302246e-01 2.313117384910583496e-01 3.192775249481201172e-01 2.398919165134429932e-01 2.437316477298736572e-01
2.946444749832153320e-01 4.198916554450988770e-01 3.621195852756500244e-01 3.540534675121307373e-01 2.952829003334045410e-01 3.032407462596893311e-01 4.397642612457275391e-01 1.651194095611572266e-01 1.787086427211761475e-01 3.517180085182189941e-01 3.992816805839538574e-01 3.682969808578491211e-01 4.799104630947113037e-01 3.807336688041687012e-01 1.308067440986633301e-01 3.644422888755798340e-01 3.613040447235107422e-01 2.538223564624786377e-01 2.887567579746246338e-01 2.949633598327636719e-01
2.159900069236755371e-01 5.311979055404663086e-01 3.501502275466918945e-01 2.336658388376235962e-01 4.221441745758056641e-01 2.179643362760543823e-01 3.870275318622589111e-01 2.140240520238876343e-01 4.713212251663208008e-01 4.119995832443237305e-01 3.201625943183898926e-01 8.001350164413452148e-01 5.090720653533935547e-01 3.029419779777526855e-01 2.828676700592041016e-01 3.524087369441986084e-01 2.047800570726394653e-01 1.353651732206344604e-01 3.660152256488800049e-01 2.760663628578186035e-01
