2018-07-23 23:00:00
4.424954354763031006e-01 1.043319329619407654e-01 5.576471984386444092e-02 4.763868451118469238e-01 2.898206114768981934e-01 3.940985500812530518e-01 2.750624716281890869e-01 4.078365564346313477e-01 3.867914676666259766e-01 5.117948055267333984e-01 2.554864883422851562e-01 3.410831689834594727e-01 4.106300473213195801e-01 5.721681118011474609e-01 3.439554572105407715e-01 5.824931859970092773e-01 3.132530152797698975e-01 2.644006311893463135e-01 3.840241432189941406e-01 4.047674536705017090e-01
4.483775794506072998e-01 2.223287969827651978e-01 -1.246007718145847321e-02 5.109791159629821777e-01 5.509806871414184570e-01 9.315945208072662354e-02 3.424972593784332275e-01 2.363838106393814087e-01 3.632446527481079102e-01 4.275789260864257812e-01 3.203786313533782959e-01 3.029415607452392578e-01 5.093364715576171875e-01 3.923668265342712402e-01 5.538566112518310547e-01 3.725812435150146484e-01 3.860958814620971680e-01 4.064140915870666504e-01 3.796542882919311523e-01 3.220320343971252441e-01
4.078280925750732422e-01 2.974936962127685547e-01 1.731247901916503906e-01 3.466609120368957520e-01 3.564338684082031250e-01 5.683696866035461426e-01 5.523436069488525391e-01 1.614406257867813110e-01 3.495901226997375488e-01 3.944757580757141113e-01 7.407936453819274902e-01 2.925016283988952637e-01 5.908896923065185547e-01 3.056694865226745605e-01 3.830880224704742432e-01 5.535924434661865234e-01 5.425124168395996094e-01 3.268889188766479492e-01 4.828156828880310059e-01 3.096172213554382324e-01
4.611918330192565918e-01 4.069819748401641846e-01 3.699338436126708984e-01 2.683472931385040283e-01 9.201365709304809570e-02 1.741097569465637207e-01 2.256750017404556274e-01 2.113483399152755737e-01 2.852163910865783691e-01 3.843043148517608643e-01 3.583204150199890137e-01 1.678633838891983032e-01 3.766959607601165771e-01 4.860957264900207520e-01 4.982510209083557129e-01 3.873710036277770996e-01 5.379587411880493164e-01 5.859007239341735840e-01 4.386320412158966064e-01 4.885025024414062500e-01
4.373525977134704590e-01 1.894040405750274658e-01 2.370516955852508545e-01 1.647287458181381226e-01 1.931821554899215698e-01 4.618171453475952148e-01 3.539170622825622559e-01 1.983257532119750977e-01 5.094522833824157715e-01 5.583133697509765625e-01 7.624686956405639648e-01 4.748637378215789795e-01 4.324015676975250244e-01 5.466582179069519043e-01 7.252708673477172852e-01 3.484123349189758301e-01 7.851861119270324707e-01 4.859088063240051270e-01 6.674674749374389648e-01 5.701429843902587891e-01
2.211751937866210938e-01 3.780685067176818848e-01 2.976716160774230957e-01 2.211248874664306641e-01 3.861055672168731689e-01 3.408809900283813477e-01 2.374182939529418945e-01 5.251703262329101562e-01 1.885510683059692383e-01 2.825219035148620605e-01 3.821388483047485352e-01 2.599724531173706055e-01 4.313191771507263184e-01 2.681278586387634277e-01 4.277830123901367188e-01 4.189016819000244141e-01 6.797687411308288574e-01 3.142527043819427490e-01 6.069518327713012695e-01 6.510524749755859375e-01
2.769882678985595703e-01 2.127851545810699463e-01 1.145869940519332886e-01 3.794351518154144287e-01 2.378086447715759277e-01 5.595569610595703125e-01 4.306688606739044189e-01 2.649565339088439941e-01 4.642257690429687500e-01 3.789563775062561035e-01 2.750291824340820312e-01 1.842830479145050049e-01 8.099720478057861328e-01 4.471096992492675781e-01 5.484914779663085938e-01 5.984254479408264160e-01 5.373524427413940430e-01 6.173378229141235352e-01 5.733466744422912598e-01 4.290992021560668945e-01
1.912514567375183105e-01 1.771257519721984863e-01 3.237374126911163330e-01 2.539446353912353516e-01 2.267573773860931396e-01 1.804700791835784912e-01 2.113578617572784424e-01 2.962405681610107422e-01 2.890141308307647705e-01 1.177326813340187073e-01 3.916652202606201172e-01 5.141551494598388672e-01 3.140586316585540771e-01 5.688462257385253906e-01 3.895754218101501465e-01 3.862559497356414795e-01 5.227728486061096191e-01 4.220556914806365967e-01 3.874537348747253418e-01 3.143544197082519531e-01
4.330326616764068604e-01 2.384430170059204102e-01 1.129995808005332947e-01 3.659023046493530273e-01 2.780012488365173340e-01 3.087609112262725830e-01 3.100407719612121582e-01 6.553329229354858398e-01 2.835409939289093018e-01 2.734511196613311768e-01 2.867752313613891602e-01 4.531689286231994629e-01 7.903881669044494629e-01 4.929717481136322021e-01 1.847013384103775024e-01 3.848122656345367432e-01 6.296646595001220703e-01 5.782933235168457031e-01 3.956744074821472168e-01 5.457364916801452637e-01
2.451759874820709229e-01 9.882272034883499146e-02 3.182722926139831543e-01 1.698985695838928223e-01 2.737020552158355713e-01 5.033763647079467773e-01 2.859227061271667480e-01 2.915440797805786133e-01 2.376877963542938232e-01 2.425984740257263184e-01 4.073056876659393311e-01 2.157711088657379150e-01 2.685507237911224365e-01 3.250114917755126953e-01 2.905467748641967773e-01 4.341258108615875244e-01 5.165808200836181641e-01 5.014687776565551758e-01 6.336933374404907227e-01 2.660672664642333984e-01
3.073563873767852783e-01 2.799740433692932129e-01 4.920072257518768311e-01 2.303884178400039673e-01 3.184128105640411377e-01 3.215033411979675293e-01 4.271206855773925781e-01 2.862141132354736328e-01 4.168442487716674805e-01 3.277216255664825439e-01 3.204177618026733398e-01 2.571897804737091064e-01 3.304270505905151367e-01 3.715416193008422852e-01 2.870872020721435547e-01 2.748327553272247314e-01 5.015298128128051758e-01 1.945063769817352295e-01 4.224049746990203857e-01 3.367221355438232422e-01
3.615620136260986328e-01 2.795253992080688477e-01 4.497165679931640625e-01 2.937182188034057617e-01 4.586173892021179199e-01 7.718878984451293945e-02 3.132714033126831055e-01 3.890691399574279785e-01 4.134534299373626709e-01 5.576531887054443359e-01 2.164205610752105713e-01 1.893442124128341675e-01 5.127283334732055664e-01 5.375427603721618652e-01 1.715975105762481689e-01 5.385924577713012695e-01 2.667175233364105225e-01 4.208470880985260010e-01 4.160105586051940918e-01 3.594410121440887451e-01
2.584639787673950195e-01 4.277548789978027344e-01 3.933894336223602295e-01 4.944840669631958008e-01 2.206375002861022949e-01 2.438583374023437500e-01 2.465693950653076172e-01 6.125520467758178711e-01 3.475344181060791016e-01 4.018761217594146729e-01 3.911828696727752686e-01 3.599353432655334473e-01 3.337302207946777344e-01 2.826135456562042236e-01 3.542318642139434814e-01 5.075929760932922363e-01 3.597228527069091797e-01 2.797987759113311768e-01 1.729728281497955322e-01 3.921985328197479248e-01
3.928245902061462402e-01 2.045321762561798096e-01 2.198654562234878540e-01 3.397154211997985840e-01 5.514919161796569824e-01 3.676868081092834473e-01 6.144163012504577637e-01 5.795094966888427734e-01 4.089659452438354492e-01 3.404178023338317871e-01 2.539676427841186523e-01 2.515575289726257324e-01 2.588245868682861328e-01 2.192328125238418579e-01 2.419441342353820801e-01 2.436169683933258057e-01 2.481422424316406250e-01 4.024216532707214355e-01 2.195932567119598389e-01 3.748646676540374756e-01
4.007348716259002686e-01 5.111097097396850586e-01 6.715486049652099609e-01 3.633870482444763184e-01 2.814504802227020264e-01 4.541556239128112793e-01 2.533905506134033203e-01 4.087150394916534424e-01 2.189495116472244263e-01 3.734383881092071533e-01 5.523645877838134766e-01 4.183619916439056396e-01 3.530454039573669434e-01 2.676194906234741211e-01 1.347636282444000244e-01 3.534394502639770508e-01 2.430300712585449219e-01 4.077039957046508789e-01 1.997249722480773926e-01 2.433290481567382812e-01
2.193751782178878784e-01 3.843932151794433594e-01 4.368158578872680664e-01 3.464849293231964111e-01 3.220691904425621033e-02 2.071007043123245239e-01 3.249449729919433594e-01 1.389652788639068604e-01 6.275803446769714355e-01 5.270259976387023926e-01 5.446650981903076172e-01 1.849651038646697998e-01 3.797995150089263916e-01 2.954492270946502686e-01 2.355776429176330566e-01 3.684985041618347168e-01 4.035594761371612549e-01 3.904879093170166016e-01 2.981381416320800781e-01 4.718339443206787109e-01
3.229136466979980469e-01 3.526661098003387451e-01 3.295902013778686523e-01 3.520533442497253418e-01 4.135702550411224365e-01 2.518258392810821533e-01 3.812500536441802979e-01 9.167333841323852539e-01 3.901814818382263184e-01 3.950810730457305908e-01 4.649736285209655762e-01 5.128504037857055664e-01 2.834140658378601074e-01 2.876430153846740723e-01 4.611300528049468994e-01 3.246763348579406738e-01 3.365587592124938965e-01 3.195683956146240234e-01 4.037678241729736328e-01 4.321235716342926025e-01
3.002102971076965332e-01 3.755181431770324707e-01 4.667936563491821289e-01 2.360756844282150269e-01 4.055351018905639648e-01 2.839843928813934326e-01 3.046594560146331787e-01 5.531896948814392090e-01 4.525530934333801270e-01 3.806531727313995361e-01 2.121770679950714111e-01 3.215071856975555420e-01 1.718180626630783081e-01 3.780183196067810059e-01 2.680206000804901123e-01 6.698160767555236816e-01 2.883846759796142578e-01 1.997157186269760132e-01 3.605410456657409668e-01 1.769665479660034180e-01
3.590013384819030762e-01 2.867313921451568604e-01 4.056967198848724365e-01 2.318116426467895508e-01 3.167443275451660156e-01 1.956024765968322754e-01 3.305820822715759277e-01 5.587774515151977539e-01 4.040494263172149658e-01 2.844552993774414062e-01 1.956550031900405884e-01 3.054561018943786621e-01 3.728830218315124512e-01 3.547744154930114746e-01 2.673782408237457275e-01 2.892991602420806885e-01 4.025276899337768555e-01 4.063652753829956055e-01 5.100578069686889648e-01 2.405897676944732666e-01
1.696591079235076904e-01 1.524036973714828491e-01 4.230462014675140381e-01 1.683250665664672852e-01 3.232360780239105225e-01 4.255357384681701660e-01 4.184385836124420166e-01 3.601108789443969727e-01 3.626039028167724609e-01 7.503399848937988281e-01 3.401435017585754395e-01 4.608940482139587402e-01 4.020924866199493408e-01 4.270371794700622559e-01 2.002512812614440918e-01 3.920320868492126465e-01 3.150481581687927246e-01 3.370281755924224854e-01 2.928782701492309570e-01 2.928828895092010498e-01
