2018-07-23 23:15:00
3.805696964263916016e-01 3.525916635990142822e-01 5.411316752433776855e-01 2.998310327529907227e-01 1.837013065814971924e-01 3.499634861946105957e-01 4.255919456481933594e-01 3.178613483905792236e-01 1.063756644725799561e-01 4.230241775512695312e-01 2.762020826339721680e-01 4.682330489158630371e-01 3.124162852764129639e-01 6.989321708679199219e-01 8.597863912582397461e-01 5.586413145065307617e-01 9.306549429893493652e-01 7.300656437873840332e-01 5.817487239837646484e-01 6.234992742538452148e-01
3.471788167953491211e-01 2.663214206695556641e-01 4.167106449604034424e-01 4.970226585865020752e-01 4.717864990234375000e-01 2.606232762336730957e-01 2.674078941345214844e-01 2.671180963516235352e-01 4.218682646751403809e-01 2.839308679103851318e-01 4.384270906448364258e-01 3.475833535194396973e-01 4.388699829578399658e-01 7.848707437515258789e-01 7.623974084854125977e-01 1.356440186500549316e+00 7.234144210815429688e-01 4.109638929367065430e-01 3.211780786514282227e-01 7.368997931480407715e-01
2.305312752723693848e-01 4.947368204593658447e-01 1.951600611209869385e-01 3.177270293235778809e-01 3.568636476993560791e-01 5.415756702423095703e-01 3.294982388615608215e-02 2.769578099250793457e-01 2.758207023143768311e-01 4.481333494186401367e-01 4.266597628593444824e-01 6.054959297180175781e-01 5.641412138938903809e-01 7.192633152008056641e-01 6.172780990600585938e-01 1.197571992874145508e+00 5.745028257369995117e-01 4.740538895130157471e-01 4.319176375865936279e-01 4.935113489627838135e-01
3.397285342216491699e-01 2.749039232730865479e-01 2.508634924888610840e-01 3.756300806999206543e-01 2.958807945251464844e-01 2.897733747959136963e-01 4.100560247898101807e-01 2.058775275945663452e-01 2.499205917119979858e-01 4.611301422119140625e-01 3.130825161933898926e-01 4.590377807617187500e-01 5.236518383026123047e-01 7.089160084724426270e-01 8.990161418914794922e-01 8.442994356155395508e-01 8.473531007766723633e-01 7.765216231346130371e-01 6.461870670318603516e-01 6.668061017990112305e-01
2.846598625183105469e-01 3.122852742671966553e-01 3.622108697891235352e-01 3.318402767181396484e-01 3.170944452285766602e-01 6.738110184669494629e-01 4.082192182540893555e-01 3.923985958099365234e-01 5.869440436363220215e-01 5.428473353385925293e-01 5.175024271011352539e-01 6.262694597244262695e-01 1.064664840698242188e+00 6.877582073211669922e-01 7.324428558349609375e-01 6.403742432594299316e-01 7.625359296798706055e-01 5.753315091133117676e-01 5.352104306221008301e-01 9.282747507095336914e-01
3.943598270416259766e-01 2.349066138267517090e-01 2.746273875236511230e-01 4.500864148139953613e-01 5.343974828720092773e-01 4.076999425888061523e-01 2.733452618122100830e-01 -2.330110222101211548e-02 3.711890578269958496e-01 1.647336184978485107e-01 2.984441518783569336e-01 3.702974617481231689e-01 5.016450881958007812e-01 9.108222723007202148e-01 8.284671902656555176e-01 4.304090142250061035e-01 1.130460500717163086e+00 1.008352279663085938e+00 2.410386055707931519e-01 8.355323076248168945e-01
4.061447978019714355e-01 1.042965874075889587e-01 2.552663683891296387e-01 4.418912529945373535e-01 2.502676546573638916e-01 5.600604414939880371e-01 3.359855413436889648e-01 2.093062400817871094e-01 2.985107898712158203e-01 6.550487279891967773e-01 4.031215012073516846e-01 3.720516860485076904e-01 2.859978675842285156e-01 4.601206779479980469e-01 7.391704320907592773e-01 6.337335705757141113e-01 6.842371225357055664e-01 1.082559585571289062e+00 6.629039049148559570e-01 9.392045736312866211e-01
3.967644572257995605e-01 2.032757997512817383e-01 2.048518657684326172e-01 1.532301157712936401e-01 3.871669173240661621e-01 2.116759717464447021e-01 1.412351131439208984e-01 3.640294075012207031e-01 2.990869283676147461e-01 3.806556761264801025e-01 3.120058178901672363e-01 3.963716924190521240e-01 5.177063345909118652e-01 6.771790385246276855e-01 5.199890136718750000e-01 8.788803219795227051e-01 4.651421010494232178e-01 7.627656459808349609e-01 7.437816858291625977e-01 7.165659666061401367e-01
1.927602887153625488e-01 1.327450275421142578e-01 4.129523038864135742e-01 1.530606746673583984e-01 3.952493667602539062e-01 4.313817024230957031e-01 2.198847383260726929e-01 5.038327574729919434e-01 2.425571382045745850e-01 3.996838927268981934e-01 1.862822622060775757e-01 4.969844818115234375e-01 2.592099905014038086e-01 5.463437438011169434e-01 4.533499479293823242e-01 5.230951309204101562e-01 7.828788757324218750e-01 6.410983800888061523e-01 2.108587920665740967e-01 6.182075142860412598e-01
1.999033838510513306e-01 4.082623720169067383e-01 4.420097470283508301e-01 4.024145603179931641e-01 2.880262434482574463e-01 2.458866834640502930e-01 5.427305102348327637e-01 5.762908458709716797e-01 2.328941076993942261e-01 2.366346120834350586e-01 2.571468353271484375e-01 2.789832651615142822e-01 3.192674219608306885e-01 3.628185391426086426e-01 4.854441881179809570e-01 4.134156107902526855e-01 4.759960770606994629e-01 6.681064963340759277e-01 5.272543430328369141e-01 4.105109870433807373e-01
3.257369101047515869e-01 3.952636420726776123e-01 4.025176763534545898e-01 3.677582144737243652e-01 4.163066148757934570e-01 3.976465463638305664e-01 1.873893141746520996e-01 1.874712854623794556e-01 5.188481807708740234e-01 4.576390385627746582e-01 4.786052405834197998e-01 3.290507197380065918e-01 1.726190447807312012e-01 3.750545084476470947e-01 5.365815162658691406e-01 6.307982802391052246e-01 4.682556390762329102e-01 5.069677829742431641e-01 5.643151402473449707e-01 3.680903315544128418e-01
2.938374578952789307e-01 4.420590400695800781e-01 4.149655103683471680e-01 4.577584266662597656e-01 3.201763033866882324e-01 5.882767438888549805e-01 2.525543272495269775e-01 4.217808842658996582e-01 3.812473118305206299e-01 2.218351960182189941e-01 3.374446630477905273e-01 1.959422081708908081e-01 3.474170565605163574e-01 1.388507634401321411e-01 2.976714968681335449e-01 5.390061140060424805e-01 4.912309050559997559e-01 4.395720362663269043e-01 4.618742763996124268e-01 4.157481193542480469e-01
3.509364724159240723e-01 2.795397043228149414e-01 3.679754137992858887e-01 1.105113327503204346e-01 5.712864995002746582e-01 1.949888020753860474e-01 4.645923078060150146e-01 3.420343101024627686e-01 4.939780831336975098e-01 2.321531474590301514e-01 3.633235692977905273e-01 3.294629752635955811e-01 1.414678245782852173e-01 2.713996767997741699e-01 3.418771624565124512e-01 1.950743645429611206e-01 3.122074902057647705e-01 3.120223283767700195e-01 2.567396461963653564e-01 5.165569186210632324e-01
2.525121569633483887e-01 2.345863431692123413e-01 4.360437393188476562e-01 1.804349422454833984e-01 5.737841129302978516e-01 7.860214114189147949e-01 1.852045953273773193e-01 2.896674275398254395e-01 2.105319797992706299e-01 2.009753286838531494e-01 3.961261510848999023e-01 6.181792020797729492e-01 5.007197856903076172e-01 5.889060497283935547e-01 3.187301754951477051e-01 3.243396282196044922e-01 7.290753722190856934e-01 5.155942440032958984e-01 3.061148524284362793e-01 1.590709537267684937e-01
3.323436975479125977e-01 5.742023587226867676e-01 4.377792477607727051e-01 3.476652503013610840e-01 5.463525056838989258e-01 5.562801957130432129e-01 7.386230230331420898e-01 3.434830307960510254e-01 5.250002145767211914e-01 3.051687777042388916e-01 4.530215263366699219e-01 4.999101758003234863e-01 3.526819348335266113e-01 6.655443906784057617e-01 3.421553969383239746e-01 3.580347895622253418e-01 2.713969051837921143e-01 6.939113885164260864e-02 1.538407802581787109e-01 3.630236685276031494e-01
3.223587870597839355e-01 1.985582411289215088e-01 2.099934071302413940e-01 4.088658094406127930e-01 4.688828289508819580e-01 9.289532899856567383e-01 7.293059825897216797e-01 3.331488370895385742e-01 6.379483342170715332e-01 5.558257102966308594e-01 5.298527479171752930e-01 2.719486951828002930e-01 2.105911076068878174e-01 3.039741814136505127e-01 4.130872488021850586e-01 1.729478985071182251e-01 1.228694021701812744e-01 4.465515911579132080e-01 2.754426598548889160e-01 3.463330864906311035e-01
4.377555251121520996e-01 2.787801623344421387e-01 1.644653975963592529e-01 2.477474063634872437e-01 5.021571516990661621e-01 4.335605204105377197e-01 2.836945056915283203e-01 4.603983163833618164e-01 3.085175156593322754e-01 4.838094711303710938e-01 5.318981409072875977e-01 2.277289032936096191e-01 4.193905889987945557e-01 3.751714825630187988e-01 2.725870013236999512e-01 4.744419455528259277e-01 2.375831007957458496e-01 2.677684724330902100e-01 3.189200460910797119e-01 3.085588812828063965e-01
4.774164259433746338e-01 3.995228707790374756e-01 3.842626512050628662e-01 4.975485205650329590e-01 4.843030571937561035e-01 3.070030808448791504e-01 4.949105679988861084e-01 2.665501236915588379e-01 3.398327231407165527e-01 3.847801387310028076e-01 5.272477269172668457e-01 3.012739419937133789e-01 1.861083507537841797e-01 1.864884495735168457e-01 3.352887034416198730e-01 2.974765896797180176e-01 4.346857666969299316e-01 2.006840705871582031e-01 4.505269527435302734e-01 2.823097407817840576e-01
2.714604437351226807e-01 5.110094547271728516e-01 3.255892693996429443e-01 3.161142766475677490e-01 3.705960214138031006e-01 2.864493429660797119e-01 3.692692816257476807e-01 4.715393483638763428e-01 2.851440310478210449e-01 7.276939153671264648e-01 1.001899123191833496e+00 4.242681860923767090e-01 1.858431100845336914e-01 2.254385948181152344e-01 2.555129230022430420e-01 3.535517752170562744e-01 2.335270643234252930e-01 2.905861139297485352e-01 4.988432526588439941e-01 1.448814272880554199e-01
2.874714732170104980e-01 3.760552108287811279e-01 5.938000679016113281e-01 2.401754856109619141e-01 3.779526650905609131e-01 4.770073890686035156e-01 3.753744661808013916e-01 4.181643128395080566e-01 6.557612419128417969e-01 2.087354212999343872e-01 1.153646335005760193e-01 3.181214630603790283e-01 3.445408940315246582e-01 3.853702247142791748e-01 1.084112524986267090e-01 3.026641905307769775e-01 2.825535833835601807e-01 1.949236392974853516e-01 1.916536986827850342e-01 2.003194093704223633e-01
