2019-07-24 00:00:00
7.682348251342773438e+00 5.707809448242187500e+00 9.029875755310058594e+00 8.406072616577148438e+00 6.442241668701171875e+00 6.145376205444335938e+00 5.326884269714355469e+00 2.334932327270507812e+00 6.921335220336914062e+00 5.391545772552490234e+00 5.713380813598632812e+00 3.463148117065429688e+00 1.108567047119140625e+01 5.342038154602050781e+00 5.211463928222656250e+00 9.859563827514648438e+00 5.991727828979492188e+00 5.570076942443847656e+00 5.921600341796875000e+00 4.430488109588623047e+00
8.586885452270507812e+00 9.362808227539062500e+00 7.463843822479248047e+00 7.657920360565185547e+00 1.090565299987792969e+01 7.520693778991699219e+00 3.755296707153320312e+00 4.153090000152587891e+00 3.639381647109985352e+00 3.465933799743652344e+00 3.634532690048217773e+00 4.187874794006347656e+00 4.442522525787353516e+00 8.054437637329101562e+00 7.328146934509277344e+00 3.119612693786621094e+00 7.770146369934082031e+00 4.818100929260253906e+00 9.240310668945312500e+00 5.161635398864746094e+00
5.357533454895019531e+00 8.831058502197265625e+00 5.530515670776367188e+00 7.192883491516113281e+00 5.979835510253906250e+00 1.555446815490722656e+01 8.225502014160156250e+00 4.117031574249267578e+00 3.942905187606811523e+00 4.796643733978271484e+00 1.052251911163330078e+01 7.286859512329101562e+00 2.835836887359619141e+00 6.724785804748535156e+00 8.077264785766601562e+00 4.399087905883789062e+00 1.056602478027343750e+01 5.099848747253417969e+00 5.871493816375732422e+00 4.988488197326660156e+00
6.195689201354980469e+00 5.662014961242675781e+00 8.148233413696289062e+00 6.195518016815185547e+00 6.122739315032958984e+00 3.513945579528808594e+00 4.192413330078125000e+00 4.988025665283203125e+00 3.514004707336425781e+00 5.204951286315917969e+00 5.920393943786621094e+00 9.458885192871093750e+00 4.889715671539306641e+00 4.992938518524169922e+00 1.021640586853027344e+01 3.164046764373779297e+00 4.626595497131347656e+00 6.573268413543701172e+00 5.173664093017578125e+00 4.987775802612304688e+00
4.060478687286376953e+00 3.658568382263183594e+00 4.793950557708740234e+00 4.253497600555419922e+00 4.145264625549316406e+00 8.505653381347656250e+00 3.364301681518554688e+00 8.165193557739257812e+00 1.013157367706298828e+01 7.732311248779296875e+00 8.323894500732421875e+00 7.070951461791992188e+00 7.356856822967529297e+00 6.469151496887207031e+00 7.725360870361328125e+00 5.914433479309082031e+00 5.325059890747070312e+00 8.445114135742187500e+00 6.500120162963867188e+00 5.039484977722167969e+00
6.303503036499023438e+00 5.867684364318847656e+00 9.188209533691406250e+00 6.900488853454589844e+00 1.336678600311279297e+01 4.233860492706298828e+00 4.655399322509765625e+00 7.917983055114746094e+00 9.339558601379394531e+00 5.656472206115722656e+00 4.292886734008789062e+00 4.154405593872070312e+00 4.903213500976562500e+00 4.011115550994873047e+00 5.165947437286376953e+00 6.915129184722900391e+00 5.385379314422607422e+00 7.793697357177734375e+00 7.605723381042480469e+00 6.409739494323730469e+00
4.010216236114501953e+00 6.616159439086914062e+00 5.007611274719238281e+00 6.612258434295654297e+00 5.757877349853515625e+00 7.817362785339355469e+00 6.392872333526611328e+00 7.703258514404296875e+00 4.987225532531738281e+00 4.237526416778564453e+00 6.017868041992187500e+00 6.991552352905273438e+00 7.703646659851074219e+00 1.109016513824462891e+01 3.591154813766479492e+00 6.045327186584472656e+00 4.554055213928222656e+00 3.704388856887817383e+00 8.503733634948730469e+00 6.081448554992675781e+00
7.456434249877929688e+00 8.007978439331054688e+00 6.377655029296875000e+00 1.035536098480224609e+01 7.499640464782714844e+00 5.477013587951660156e+00 7.078644752502441406e+00 5.501400947570800781e+00 7.513789176940917969e+00 5.891520500183105469e+00 6.699487209320068359e+00 5.816689491271972656e+00 1.023288536071777344e+01 5.834768295288085938e+00 3.425133466720581055e+00 4.304119110107421875e+00 6.310567855834960938e+00 4.670463562011718750e+00 8.800536155700683594e+00 5.215285301208496094e+00
8.552417755126953125e+00 4.902734756469726562e+00 7.063876152038574219e+00 1.073647594451904297e+01 6.684628009796142578e+00 5.732465267181396484e+00 5.331939220428466797e+00 7.212152957916259766e+00 6.265042781829833984e+00 5.665818214416503906e+00 6.280911922454833984e+00 4.263986587524414062e+00 8.293405532836914062e+00 7.326005935668945312e+00 6.598721504211425781e+00 3.944444179534912109e+00 6.909826278686523438e+00 7.566543102264404297e+00 7.464974403381347656e+00 3.358925819396972656e+00
5.887434959411621094e+00 9.218029022216796875e+00 8.088127136230468750e+00 6.058111667633056641e+00 7.312566757202148438e+00 5.834142208099365234e+00 4.426461219787597656e+00 6.789140224456787109e+00 6.784659862518310547e+00 5.682294845581054688e+00 6.779214859008789062e+00 5.259611129760742188e+00 7.622419357299804688e+00 3.266350269317626953e+00 5.468955993652343750e+00 4.067124843597412109e+00 1.002817058563232422e+01 4.207782745361328125e+00 4.673333168029785156e+00 5.477471351623535156e+00
5.197582244873046875e+00 7.718525409698486328e+00 5.829568386077880859e+00 5.567945480346679688e+00 5.254647731781005859e+00 5.460416793823242188e+00 5.459266185760498047e+00 6.525051116943359375e+00 4.052331924438476562e+00 4.883029937744140625e+00 4.508871078491210938e+00 4.692979335784912109e+00 6.417318344116210938e+00 6.340183258056640625e+00 5.700764656066894531e+00 5.022056102752685547e+00 3.856620550155639648e+00 1.247377967834472656e+01 6.813542366027832031e+00 3.911464691162109375e+00
8.284592628479003906e+00 4.407723903656005859e+00 5.601308822631835938e+00 5.929959297180175781e+00 5.378061294555664062e+00 4.847193241119384766e+00 4.862529277801513672e+00 4.017178058624267578e+00 5.062666893005371094e+00 7.823301315307617188e+00 5.414475440979003906e+00 5.536247253417968750e+00 9.797384262084960938e+00 2.375105857849121094e+00 4.280776023864746094e+00 1.115815925598144531e+01 5.748986244201660156e+00 3.658282041549682617e+00 3.558499813079833984e+00 3.939374923706054688e+00
6.927541255950927734e+00 5.115923881530761719e+00 8.479554176330566406e+00 7.293478488922119141e+00 7.724796295166015625e+00 5.590373039245605469e+00 6.056440353393554688e+00 5.956248283386230469e+00 5.312331199645996094e+00 5.277501583099365234e+00 4.473070144653320312e+00 6.503038883209228516e+00 7.734855651855468750e+00 5.629487514495849609e+00 4.187228679656982422e+00 4.757348060607910156e+00 4.301261901855468750e+00 6.329926967620849609e+00 7.982277870178222656e+00 4.514672279357910156e+00
3.642952203750610352e+00 6.887082099914550781e+00 6.383324146270751953e+00 4.610240936279296875e+00 7.092765808105468750e+00 5.668540954589843750e+00 6.452439308166503906e+00 6.850931167602539062e+00 6.929431438446044922e+00 6.102095603942871094e+00 6.546906948089599609e+00 3.953503131866455078e+00 6.686814308166503906e+00 5.365650177001953125e+00 3.765677452087402344e+00 7.024175643920898438e+00 7.065455436706542969e+00 5.579293727874755859e+00 4.666740417480468750e+00 6.821183204650878906e+00
4.582018375396728516e+00 4.755737304687500000e+00 4.773972511291503906e+00 6.514064788818359375e+00 5.636627197265625000e+00 3.019128561019897461e+00 6.201757431030273438e+00 4.001905918121337891e+00 5.772573471069335938e+00 6.484504699707031250e+00 5.550178050994873047e+00 4.627014160156250000e+00 6.450573921203613281e+00 7.653139114379882812e+00 5.057217597961425781e+00 2.864766597747802734e+00 6.208749771118164062e+00 5.444806098937988281e+00 8.255708694458007812e+00 6.380926132202148438e+00
5.583082675933837891e+00 3.831986904144287109e+00 5.367264747619628906e+00 5.702301502227783203e+00 5.567892074584960938e+00 5.870965003967285156e+00 6.555749893188476562e+00 4.983821392059326172e+00 3.916357517242431641e+00 4.483897686004638672e+00 6.735339641571044922e+00 3.063406467437744141e+00 4.299738407135009766e+00 6.367651939392089844e+00 4.552236557006835938e+00 3.856924533843994141e+00 5.369835853576660156e+00 5.905230998992919922e+00 2.975957870483398438e+00 9.814273834228515625e+00
4.118771553039550781e+00 5.479622840881347656e+00 6.225186347961425781e+00 5.209266662597656250e+00 1.052553558349609375e+01 5.079384326934814453e+00 5.560868263244628906e+00 6.226632118225097656e+00 4.288086891174316406e+00 6.883250236511230469e+00 7.099579811096191406e+00 4.544761657714843750e+00 4.563874244689941406e+00 6.541493415832519531e+00 4.739990711212158203e+00 3.855283021926879883e+00 5.425025463104248047e+00 4.311528682708740234e+00 6.269459724426269531e+00 5.480367660522460938e+00
8.694103240966796875e+00 4.891217231750488281e+00 3.667922496795654297e+00 6.752482891082763672e+00 6.854149818420410156e+00 7.806530952453613281e+00 5.710250854492187500e+00 5.190628051757812500e+00 4.961607933044433594e+00 5.803984642028808594e+00 7.461360931396484375e+00 3.878994226455688477e+00 6.401443004608154297e+00 5.305438041687011719e+00 6.001482009887695312e+00 6.742804527282714844e+00 6.610336780548095703e+00 6.587393760681152344e+00 6.330626487731933594e+00 6.296108245849609375e+00
6.057392597198486328e+00 8.500394821166992188e+00 4.382652282714843750e+00 7.714695453643798828e+00 7.133814811706542969e+00 6.063917160034179688e+00 8.783091545104980469e+00 6.760045051574707031e+00 6.520928859710693359e+00 5.813622474670410156e+00 8.447969436645507812e+00 6.395642757415771484e+00 9.688335418701171875e+00 5.216713428497314453e+00 8.210113525390625000e+00 2.748676061630249023e+00 5.125237941741943359e+00 5.422852516174316406e+00 3.448833465576171875e+00 5.556244373321533203e+00
5.993378639221191406e+00 7.056506156921386719e+00 4.166487693786621094e+00 1.014675140380859375e+01 8.201457977294921875e+00 9.732039451599121094e+00 6.885679244995117188e+00 6.957232475280761719e+00 7.482864379882812500e+00 7.979207038879394531e+00 8.745941162109375000e+00 7.198242187500000000e+00 6.668529033660888672e+00 3.864866256713867188e+00 7.940837860107421875e+00 4.995897293090820312e+00 5.470707893371582031e+00 6.416210174560546875e+00 8.027185440063476562e+00 5.323359012603759766e+00
