2019-07-24 02:30:00
7.754104614257812500e+00 5.971980094909667969e+00 8.238321304321289062e+00 3.818883419036865234e+00 4.933208465576171875e+00 6.850578308105468750e+00 4.772507667541503906e+00 3.006037712097167969e+00 5.797534942626953125e+00 9.123357772827148438e+00 5.492710113525390625e+00 4.333434581756591797e+00 4.037713527679443359e+00 5.732038021087646484e+00 5.894499778747558594e+00 6.805094718933105469e+00 6.061967849731445312e+00 3.923895359039306641e+00 6.237041473388671875e+00 4.585487365722656250e+00
8.655280113220214844e+00 8.831671714782714844e+00 8.327320098876953125e+00 1.017563819885253906e+01 5.607542991638183594e+00 3.947572946548461914e+00 4.446206569671630859e+00 3.932172298431396484e+00 4.740169525146484375e+00 3.684103012084960938e+00 3.855794429779052734e+00 2.819515228271484375e+00 3.321459770202636719e+00 5.950971603393554688e+00 6.399245262145996094e+00 4.651984214782714844e+00 7.106120109558105469e+00 6.607307910919189453e+00 5.840640544891357422e+00 3.956364393234252930e+00
7.692056179046630859e+00 3.950750827789306641e+00 7.236646652221679688e+00 8.073167800903320312e+00 9.162903785705566406e+00 7.474242210388183594e+00 9.386436462402343750e+00 5.433396816253662109e+00 5.003117561340332031e+00 5.117271423339843750e+00 7.886943340301513672e+00 5.869707107543945312e+00 5.050889015197753906e+00 6.180274009704589844e+00 3.267971038818359375e+00 4.226566314697265625e+00 7.898292541503906250e+00 6.391090393066406250e+00 4.776842117309570312e+00 5.170323371887207031e+00
6.084991455078125000e+00 9.125815391540527344e+00 7.439221858978271484e+00 4.440050125122070312e+00 3.933487415313720703e+00 4.141317844390869141e+00 4.400846958160400391e+00 2.723063468933105469e+00 3.368015289306640625e+00 7.466391086578369141e+00 9.442213058471679688e+00 7.904367923736572266e+00 4.598759651184082031e+00 3.511464118957519531e+00 3.937038898468017578e+00 5.344764232635498047e+00 5.632587432861328125e+00 6.865887165069580078e+00 6.651476860046386719e+00 4.538936614990234375e+00
3.651831150054931641e+00 5.369603157043457031e+00 4.825601100921630859e+00 5.099026679992675781e+00 3.330807685852050781e+00 9.089640617370605469e+00 4.905646324157714844e+00 1.101093292236328125e+01 8.808047294616699219e+00 6.822754383087158203e+00 6.146158695220947266e+00 6.511184692382812500e+00 8.322360038757324219e+00 4.434062004089355469e+00 9.423019409179687500e+00 1.039465713500976562e+01 5.170923233032226562e+00 7.257005691528320312e+00 1.062574958801269531e+01 3.857593059539794922e+00
7.842883110046386719e+00 4.841975212097167969e+00 6.232296943664550781e+00 6.553026199340820312e+00 8.846982955932617188e+00 1.029650306701660156e+01 4.385622024536132812e+00 9.105405807495117188e+00 9.384765625000000000e+00 4.421899318695068359e+00 4.289696216583251953e+00 3.775785923004150391e+00 6.664703369140625000e+00 3.330240249633789062e+00 5.364052295684814453e+00 6.801589488983154297e+00 4.833845138549804688e+00 1.066252136230468750e+01 8.378355026245117188e+00 3.635857105255126953e+00
6.000227928161621094e+00 6.956743240356445312e+00 7.598299026489257812e+00 8.156061172485351562e+00 1.034665679931640625e+01 8.865685462951660156e+00 4.214342594146728516e+00 3.548636913299560547e+00 3.782408952713012695e+00 5.385558128356933594e+00 4.905799388885498047e+00 5.194082260131835938e+00 6.853523254394531250e+00 5.623107910156250000e+00 5.699768543243408203e+00 5.478778839111328125e+00 4.436204910278320312e+00 4.319579124450683594e+00 7.408110141754150391e+00 6.710505962371826172e+00
9.397190093994140625e+00 7.690633773803710938e+00 9.062070846557617188e+00 8.955020904541015625e+00 1.133286285400390625e+01 8.589059829711914062e+00 4.068038940429687500e+00 6.394834518432617188e+00 5.666804790496826172e+00 5.065955162048339844e+00 4.187475204467773438e+00 7.139978408813476562e+00 5.959522724151611328e+00 8.137598037719726562e+00 5.011843204498291016e+00 4.846695899963378906e+00 4.924818038940429688e+00 7.466526031494140625e+00 1.022401237487792969e+01 6.266820907592773438e+00
5.970582008361816406e+00 7.539265632629394531e+00 8.750827789306640625e+00 8.948641777038574219e+00 1.203015422821044922e+01 3.670635938644409180e+00 4.894752502441406250e+00 4.421598911285400391e+00 4.903512477874755859e+00 8.358049392700195312e+00 4.190911769866943359e+00 5.320130348205566406e+00 6.339253425598144531e+00 7.087365627288818359e+00 5.259038925170898438e+00 5.159525871276855469e+00 3.990723609924316406e+00 4.026570796966552734e+00 4.820114612579345703e+00 2.535768985748291016e+00
6.239681243896484375e+00 5.571832180023193359e+00 6.975809574127197266e+00 5.757186412811279297e+00 4.465212345123291016e+00 5.246178627014160156e+00 6.817451477050781250e+00 4.560384750366210938e+00 5.449298858642578125e+00 6.815296649932861328e+00 4.118300914764404297e+00 6.152507781982421875e+00 5.887715339660644531e+00 6.170616626739501953e+00 4.354642868041992188e+00 2.224058628082275391e+00 1.195000934600830078e+01 4.454228878021240234e+00 4.121949195861816406e+00 5.267730712890625000e+00
4.824781417846679688e+00 6.133896350860595703e+00 5.008566856384277344e+00 5.011391162872314453e+00 5.157437801361083984e+00 4.072263717651367188e+00 4.420160770416259766e+00 3.725477457046508789e+00 4.495937347412109375e+00 6.595471382141113281e+00 4.881699562072753906e+00 6.567695140838623047e+00 6.533102035522460938e+00 4.112008094787597656e+00 2.800154209136962891e+00 3.875063896179199219e+00 4.826645851135253906e+00 6.190749168395996094e+00 5.131399154663085938e+00 1.019593429565429688e+01
5.721099853515625000e+00 5.825819015502929688e+00 3.721646070480346680e+00 5.574320793151855469e+00 7.312878131866455078e+00 5.497512817382812500e+00 5.363949775695800781e+00 4.194529533386230469e+00 2.621548652648925781e+00 4.025351524353027344e+00 4.630515098571777344e+00 4.723209381103515625e+00 8.445777893066406250e+00 4.725975990295410156e+00 4.984698295593261719e+00 7.889545440673828125e+00 4.848150253295898438e+00 4.675410270690917969e+00 4.636797904968261719e+00 5.650820255279541016e+00
8.029906272888183594e+00 3.612373113632202148e+00 4.593472003936767578e+00 5.848592758178710938e+00 7.163535118103027344e+00 5.083728313446044922e+00 5.356782436370849609e+00 6.840669631958007812e+00 4.997488498687744141e+00 4.696023941040039062e+00 2.926780462265014648e+00 4.963719367980957031e+00 6.697917461395263672e+00 6.103724479675292969e+00 3.990434169769287109e+00 5.363860130310058594e+00 4.303038120269775391e+00 4.233503341674804688e+00 7.918264389038085938e+00 6.488901615142822266e+00
4.218500137329101562e+00 6.020827293395996094e+00 6.965769767761230469e+00 3.897730827331542969e+00 5.158996105194091797e+00 6.486905097961425781e+00 8.564656257629394531e+00 5.154176712036132812e+00 6.212578773498535156e+00 5.699120998382568359e+00 4.581470012664794922e+00 5.784946918487548828e+00 5.587169647216796875e+00 5.562671661376953125e+00 5.604052066802978516e+00 5.590490341186523438e+00 3.594103336334228516e+00 4.458836555480957031e+00 5.888566017150878906e+00 5.563526153564453125e+00
4.983693122863769531e+00 4.055295944213867188e+00 3.123508930206298828e+00 6.223521232604980469e+00 8.110937118530273438e+00 2.252858161926269531e+00 5.097125053405761719e+00 6.695683002471923828e+00 4.566805839538574219e+00 5.264235496520996094e+00 4.111902236938476562e+00 4.004207611083984375e+00 6.152882099151611328e+00 5.368356704711914062e+00 6.458366394042968750e+00 2.769111633300781250e+00 5.670870304107666016e+00 3.573619842529296875e+00 2.650375604629516602e+00 2.648683071136474609e+00
3.631429195404052734e+00 3.875142335891723633e+00 3.249043941497802734e+00 3.553207397460937500e+00 4.988287448883056641e+00 3.133284807205200195e+00 4.941598892211914062e+00 4.473691940307617188e+00 6.332418918609619141e+00 3.342146396636962891e+00 4.760722160339355469e+00 5.687036037445068359e+00 6.380817890167236328e+00 6.311902046203613281e+00 4.039296150207519531e+00 5.201245307922363281e+00 2.277532339096069336e+00 4.602936744689941406e+00 4.879624366760253906e+00 6.423762321472167969e+00
4.269883632659912109e+00 3.920730352401733398e+00 5.864423274993896484e+00 4.950768947601318359e+00 8.565788269042968750e+00 5.358268737792968750e+00 6.797670364379882812e+00 3.315821409225463867e+00 4.526162147521972656e+00 4.352823257446289062e+00 4.563161849975585938e+00 2.609034538269042969e+00 4.527734756469726562e+00 3.729669094085693359e+00 3.889295578002929688e+00 6.542478084564208984e+00 4.473613739013671875e+00 5.326558589935302734e+00 3.951779365539550781e+00 5.208747863769531250e+00
4.134678363800048828e+00 4.245020389556884766e+00 5.116220474243164062e+00 5.395454406738281250e+00 8.414405822753906250e+00 4.817317962646484375e+00 9.542692184448242188e+00 3.798777580261230469e+00 5.032749176025390625e+00 6.639015674591064453e+00 6.939352035522460938e+00 4.370149135589599609e+00 4.397212028503417969e+00 5.529174804687500000e+00 5.437160491943359375e+00 5.819269180297851562e+00 7.784453868865966797e+00 5.321691513061523438e+00 5.701673030853271484e+00 4.606758117675781250e+00
3.359249830245971680e+00 5.795969009399414062e+00 2.865435123443603516e+00 6.446965694427490234e+00 1.179701423645019531e+01 6.392535209655761719e+00 6.724070549011230469e+00 6.355462074279785156e+00 5.689174652099609375e+00 6.788688182830810547e+00 3.726904392242431641e+00 1.233590602874755859e+01 5.386725425720214844e+00 3.185431957244873047e+00 7.209293365478515625e+00 5.392854690551757812e+00 7.131774902343750000e+00 5.785360336303710938e+00 7.380627155303955078e+00 5.525706768035888672e+00
7.952696323394775391e+00 6.097318649291992188e+00 2.456543207168579102e+00 8.377449035644531250e+00 8.489232063293457031e+00 3.710230112075805664e+00 8.734941482543945312e+00 8.464000701904296875e+00 5.997929573059082031e+00 9.561042785644531250e+00 7.477031707763671875e+00 8.064262390136718750e+00 8.131952285766601562e+00 4.278223037719726562e+00 4.452966213226318359e+00 5.954297065734863281e+00 4.838598728179931641e+00 8.014673233032226562e+00 6.697412490844726562e+00 3.507070779800415039e+00
