2019-07-24 03:00:00
3.834639310836791992e+00 5.760030746459960938e+00 6.675570487976074219e+00 4.700924873352050781e+00 3.829302549362182617e+00 3.258701801300048828e+00 5.133158683776855469e+00 4.524244308471679688e+00 6.346566200256347656e+00 7.677769184112548828e+00 3.324310779571533203e+00 2.349282026290893555e+00 7.808334827423095703e+00 3.436860799789428711e+00 3.772872209548950195e+00 7.638069629669189453e+00 4.223858833312988281e+00 4.534712314605712891e+00 4.857662677764892578e+00 2.614408493041992188e+00
5.916402816772460938e+00 1.029020118713378906e+01 7.659284591674804688e+00 7.642276763916015625e+00 3.359529256820678711e+00 3.728837490081787109e+00 3.831887006759643555e+00 3.690206766128540039e+00 3.239193916320800781e+00 4.053455352783203125e+00 3.057171821594238281e+00 3.820045471191406250e+00 3.974265575408935547e+00 5.584277153015136719e+00 4.448088645935058594e+00 4.785128593444824219e+00 7.520612716674804688e+00 5.614507675170898438e+00 2.622180461883544922e+00 5.147392272949218750e+00
6.988550186157226562e+00 7.598132133483886719e+00 7.754072666168212891e+00 5.615443229675292969e+00 8.223407745361328125e+00 7.722011566162109375e+00 5.879971027374267578e+00 3.384176731109619141e+00 2.344628810882568359e+00 2.972500324249267578e+00 7.821235656738281250e+00 7.071297168731689453e+00 2.646763801574707031e+00 6.703515052795410156e+00 6.039733409881591797e+00 4.215804100036621094e+00 3.021511793136596680e+00 4.415760517120361328e+00 3.654353141784667969e+00 3.622739315032958984e+00
2.391201496124267578e+00 4.653206825256347656e+00 7.049097061157226562e+00 4.981150627136230469e+00 3.744859218597412109e+00 3.047319412231445312e+00 3.342905521392822266e+00 4.313794136047363281e+00 4.432583808898925781e+00 7.814859867095947266e+00 6.165951728820800781e+00 5.187009811401367188e+00 3.370094776153564453e+00 3.454242467880249023e+00 1.235529136657714844e+01 4.118634223937988281e+00 4.699134826660156250e+00 5.032269954681396484e+00 3.641856193542480469e+00 4.197024822235107422e+00
3.968733310699462891e+00 2.319125175476074219e+00 3.648821592330932617e+00 2.698855161666870117e+00 5.154616355895996094e+00 4.874112606048583984e+00 4.537595748901367188e+00 6.424230575561523438e+00 8.687376976013183594e+00 7.807778358459472656e+00 7.231612205505371094e+00 5.526115417480468750e+00 8.390306472778320312e+00 4.443545341491699219e+00 6.691782951354980469e+00 8.289350509643554688e+00 3.589610576629638672e+00 4.317148208618164062e+00 5.805660247802734375e+00 4.595812320709228516e+00
5.170240402221679688e+00 3.382848978042602539e+00 4.749649047851562500e+00 9.245254516601562500e+00 5.451396465301513672e+00 9.437589645385742188e+00 4.894599914550781250e+00 7.156257629394531250e+00 6.757303237915039062e+00 3.736448287963867188e+00 6.432458877563476562e+00 7.269036769866943359e+00 5.672804832458496094e+00 3.727165937423706055e+00 4.131210803985595703e+00 8.294284820556640625e+00 3.531355619430541992e+00 6.846590995788574219e+00 8.000543594360351562e+00 3.073472738265991211e+00
8.139940261840820312e+00 8.607799530029296875e+00 4.650151252746582031e+00 4.831501960754394531e+00 9.947181701660156250e+00 5.010009765625000000e+00 4.121673583984375000e+00 4.437100410461425781e+00 3.312150955200195312e+00 5.203695297241210938e+00 2.798240661621093750e+00 4.672528266906738281e+00 7.460294723510742188e+00 5.874306678771972656e+00 3.906354904174804688e+00 4.629428863525390625e+00 3.505666732788085938e+00 3.009451866149902344e+00 7.902486801147460938e+00 7.186683654785156250e+00
6.879344940185546875e+00 5.077705860137939453e+00 7.968441963195800781e+00 7.713117122650146484e+00 1.066187858581542969e+01 5.280759334564208984e+00 3.253243446350097656e+00 3.629785060882568359e+00 4.971135139465332031e+00 3.268513917922973633e+00 4.758744239807128906e+00 2.588951587677001953e+00 4.117835044860839844e+00 9.708681106567382812e+00 2.656963825225830078e+00 4.986611843109130859e+00 6.915129661560058594e+00 3.321347236633300781e+00 7.546527385711669922e+00 3.706813573837280273e+00
5.460201740264892578e+00 5.925706863403320312e+00 5.903923988342285156e+00 7.249538421630859375e+00 4.922933578491210938e+00 2.770037651062011719e+00 4.621989250183105469e+00 4.292171478271484375e+00 4.608921051025390625e+00 4.259655952453613281e+00 3.813850164413452148e+00 2.613554954528808594e+00 4.591349601745605469e+00 4.921078681945800781e+00 9.316667556762695312e+00 3.018115520477294922e+00 6.880153179168701172e+00 3.091468095779418945e+00 3.139397859573364258e+00 3.637120723724365234e+00
4.668327331542968750e+00 6.690689086914062500e+00 4.214646339416503906e+00 2.842229604721069336e+00 3.174251794815063477e+00 2.247976303100585938e+00 2.926577806472778320e+00 3.629234075546264648e+00 5.870469093322753906e+00 3.894800662994384766e+00 4.989357948303222656e+00 6.230214118957519531e+00 5.910957813262939453e+00 3.041383743286132812e+00 4.054951667785644531e+00 2.375117778778076172e+00 8.172267913818359375e+00 4.400599479675292969e+00 2.843908548355102539e+00 3.539004564285278320e+00
4.506560325622558594e+00 4.832430839538574219e+00 2.591097831726074219e+00 4.113257408142089844e+00 4.534663200378417969e+00 3.112872600555419922e+00 1.633629083633422852e+00 1.870433926582336426e+00 5.848143100738525391e+00 4.825274467468261719e+00 4.621814727783203125e+00 4.538983345031738281e+00 4.494055747985839844e+00 4.562504768371582031e+00 4.197708606719970703e+00 2.900653839111328125e+00 3.238228797912597656e+00 4.597403526306152344e+00 4.889835834503173828e+00 6.000579833984375000e+00
4.073155403137207031e+00 3.734579086303710938e+00 3.590570926666259766e+00 2.921194553375244141e+00 4.190973758697509766e+00 3.248581409454345703e+00 4.253060340881347656e+00 5.183346748352050781e+00 3.752608537673950195e+00 4.966652870178222656e+00 4.010250091552734375e+00 2.916897773742675781e+00 2.949566841125488281e+00 3.096970319747924805e+00 3.432651042938232422e+00 7.291188240051269531e+00 3.607402801513671875e+00 4.985228538513183594e+00 3.350236415863037109e+00 3.978974342346191406e+00
2.647852182388305664e+00 4.274081707000732422e+00 5.075391769409179688e+00 3.814812898635864258e+00 3.456330776214599609e+00 3.434057235717773438e+00 5.160403251647949219e+00 3.807240486145019531e+00 3.729674816131591797e+00 4.694524765014648438e+00 3.441285610198974609e+00 4.210316658020019531e+00 3.292222499847412109e+00 3.527312278747558594e+00 3.920852661132812500e+00 3.505721330642700195e+00 3.639207601547241211e+00 2.508237600326538086e+00 3.906896829605102539e+00 3.372571468353271484e+00
4.450804710388183594e+00 2.274558067321777344e+00 2.606932401657104492e+00 3.035683393478393555e+00 4.353397369384765625e+00 3.069300413131713867e+00 3.344719409942626953e+00 2.963880062103271484e+00 4.466282844543457031e+00 5.418534755706787109e+00 4.263610839843750000e+00 3.296465158462524414e+00 3.665382385253906250e+00 3.231883525848388672e+00 4.545857906341552734e+00 3.566775798797607422e+00 3.645349025726318359e+00 2.877067089080810547e+00 4.623228073120117188e+00 3.245625972747802734e+00
4.004425525665283203e+00 3.796547889709472656e+00 3.696945190429687500e+00 4.162055492401123047e+00 2.877890348434448242e+00 2.453769683837890625e+00 3.577340602874755859e+00 3.420846462249755859e+00 4.101138591766357422e+00 4.015567779541015625e+00 1.833685636520385742e+00 4.958627700805664062e+00 3.374818086624145508e+00 3.941452980041503906e+00 1.605201959609985352e+00 3.336338758468627930e+00 2.952936649322509766e+00 3.455652236938476562e+00 3.737926006317138672e+00 6.412415504455566406e+00
4.664002418518066406e+00 4.404917240142822266e+00 2.821335792541503906e+00 3.811937808990478516e+00 4.000278949737548828e+00 4.404487133026123047e+00 2.772632598876953125e+00 2.941439151763916016e+00 3.303925991058349609e+00 3.908617973327636719e+00 3.262756109237670898e+00 2.747378826141357422e+00 2.862881660461425781e+00 4.167166709899902344e+00 4.138442039489746094e+00 2.765246868133544922e+00 3.213245153427124023e+00 2.915111541748046875e+00 4.040588378906250000e+00 7.877756595611572266e+00
3.937104701995849609e+00 2.940093040466308594e+00 5.318187713623046875e+00 3.178372383117675781e+00 2.993205547332763672e+00 3.837069988250732422e+00 3.797588586807250977e+00 3.980213165283203125e+00 5.057826042175292969e+00 3.534932374954223633e+00 4.411228179931640625e+00 3.037360668182373047e+00 2.576740264892578125e+00 3.790639638900756836e+00 4.127214908599853516e+00 3.424302816390991211e+00 2.620942115783691406e+00 4.765158653259277344e+00 3.320394992828369141e+00 4.642167091369628906e+00
3.317186594009399414e+00 2.853723526000976562e+00 4.601380348205566406e+00 5.313545227050781250e+00 7.700976848602294922e+00 3.957175254821777344e+00 6.071743011474609375e+00 3.838366031646728516e+00 3.772174119949340820e+00 5.669056892395019531e+00 6.964931488037109375e+00 4.345996856689453125e+00 6.911892890930175781e+00 5.208765506744384766e+00 4.820087432861328125e+00 3.138983011245727539e+00 5.601139068603515625e+00 7.154743671417236328e+00 4.264085292816162109e+00 4.628105163574218750e+00
2.370291233062744141e+00 4.012521743774414062e+00 3.322632312774658203e+00 3.423741102218627930e+00 7.789861679077148438e+00 3.948194265365600586e+00 4.364359378814697266e+00 3.735888957977294922e+00 5.317624092102050781e+00 4.106219291687011719e+00 8.238695144653320312e+00 6.853763580322265625e+00 2.979137420654296875e+00 3.091742515563964844e+00 8.780389785766601562e+00 2.534250020980834961e+00 4.488493919372558594e+00 2.546458482742309570e+00 5.252671241760253906e+00 3.658588409423828125e+00
4.928808212280273438e+00 4.544538497924804688e+00 3.517124414443969727e+00 4.542883872985839844e+00 6.009369850158691406e+00 3.894019842147827148e+00 4.612921237945556641e+00 6.625552177429199219e+00 6.799054145812988281e+00 6.021618843078613281e+00 1.104495906829833984e+01 5.272056579589843750e+00 8.705045700073242188e+00 3.738106250762939453e+00 6.099617481231689453e+00 4.367324829101562500e+00 2.166331529617309570e+00 6.114104270935058594e+00 6.410350322723388672e+00 2.266711235046386719e+00
