2019-07-24 03:15:00
6.953087806701660156e+00 3.728913545608520508e+00 3.945294857025146484e+00 2.470086097717285156e+00 2.976068973541259766e+00 2.602333307266235352e+00 3.827543735504150391e+00 3.632099151611328125e+00 7.089101791381835938e+00 6.950236320495605469e+00 2.889261007308959961e+00 2.211682796478271484e+00 4.861419677734375000e+00 4.047836303710937500e+00 3.057281732559204102e+00 6.743532180786132812e+00 9.399431228637695312e+00 1.988750934600830078e+00 3.152655363082885742e+00 3.768247842788696289e+00
4.325636863708496094e+00 4.287436485290527344e+00 5.292201995849609375e+00 4.150859832763671875e+00 5.320098876953125000e+00 3.498439073562622070e+00 2.878295421600341797e+00 4.064080715179443359e+00 3.029695987701416016e+00 1.556788325309753418e+00 3.299247741699218750e+00 2.164511919021606445e+00 4.294885635375976562e+00 5.292953968048095703e+00 3.702520847320556641e+00 3.701212882995605469e+00 6.184487342834472656e+00 5.511099815368652344e+00 2.850167751312255859e+00 3.197220325469970703e+00
7.932039737701416016e+00 7.250458240509033203e+00 5.151059150695800781e+00 5.622484207153320312e+00 5.369723320007324219e+00 4.016809940338134766e+00 6.058735847473144531e+00 2.736747741699218750e+00 2.912650585174560547e+00 3.935689449310302734e+00 5.559533596038818359e+00 6.752915382385253906e+00 2.120629310607910156e+00 6.691102027893066406e+00 5.460667610168457031e+00 2.864029407501220703e+00 3.805207729339599609e+00 4.142259597778320312e+00 4.197025775909423828e+00 3.036666154861450195e+00
3.177474737167358398e+00 6.539287567138671875e+00 7.844796180725097656e+00 5.025745391845703125e+00 2.901968002319335938e+00 4.726480484008789062e+00 3.586581707000732422e+00 3.339208126068115234e+00 3.232614040374755859e+00 7.288102626800537109e+00 4.467720985412597656e+00 6.863277435302734375e+00 4.086985111236572266e+00 4.202675819396972656e+00 3.513098239898681641e+00 2.588035106658935547e+00 3.157604455947875977e+00 6.079114913940429688e+00 2.652266025543212891e+00 3.508692979812622070e+00
3.061625719070434570e+00 4.418317794799804688e+00 2.106039047241210938e+00 4.616844177246093750e+00 1.864214897155761719e+00 5.475190639495849609e+00 2.858407974243164062e+00 5.199137210845947266e+00 7.288347244262695312e+00 4.028725624084472656e+00 5.847217559814453125e+00 5.043266296386718750e+00 5.489504814147949219e+00 3.570054769515991211e+00 3.787626504898071289e+00 6.176396369934082031e+00 2.620517253875732422e+00 4.472948551177978516e+00 5.076379299163818359e+00 4.541373729705810547e+00
5.410573482513427734e+00 4.183211803436279297e+00 7.430201530456542969e+00 4.653712272644042969e+00 5.071054935455322266e+00 2.997748136520385742e+00 5.465477466583251953e+00 4.833996295928955078e+00 4.944196224212646484e+00 5.207176208496093750e+00 8.519325256347656250e+00 6.550073146820068359e+00 9.537324905395507812e+00 5.512862205505371094e+00 3.134580612182617188e+00 4.185047149658203125e+00 4.238718986511230469e+00 5.287137985229492188e+00 7.613686084747314453e+00 3.409438848495483398e+00
4.735586166381835938e+00 4.052210807800292969e+00 7.756808280944824219e+00 5.608364105224609375e+00 4.149539470672607422e+00 7.338379859924316406e+00 2.657895565032958984e+00 4.108331680297851562e+00 3.758412122726440430e+00 2.946326017379760742e+00 3.826627731323242188e+00 3.268558263778686523e+00 8.207508087158203125e+00 7.965593814849853516e+00 2.873681783676147461e+00 6.907516479492187500e+00 3.140521049499511719e+00 2.437180519104003906e+00 9.131226539611816406e+00 5.227989196777343750e+00
5.912362575531005859e+00 3.701799154281616211e+00 3.205804347991943359e+00 6.090779781341552734e+00 5.023443222045898438e+00 4.919849395751953125e+00 1.721030592918395996e+00 2.353384494781494141e+00 1.957634449005126953e+00 3.066711902618408203e+00 3.216660022735595703e+00 2.471469402313232422e+00 4.158699512481689453e+00 4.175649642944335938e+00 4.612214565277099609e+00 3.531781196594238281e+00 5.911036491394042969e+00 2.280465364456176758e+00 3.470590591430664062e+00 4.281769752502441406e+00
4.182884693145751953e+00 5.122655868530273438e+00 3.000668525695800781e+00 3.539233207702636719e+00 3.589569807052612305e+00 2.952172040939331055e+00 2.887053966522216797e+00 3.993126869201660156e+00 3.285065412521362305e+00 7.238709449768066406e+00 3.379694461822509766e+00 2.735735893249511719e+00 2.935625076293945312e+00 7.474174499511718750e+00 6.957760810852050781e+00 3.742194175720214844e+00 3.655386924743652344e+00 2.068167686462402344e+00 3.362006664276123047e+00 2.540820837020874023e+00
4.849932670593261719e+00 5.381291389465332031e+00 4.620246410369873047e+00 2.868298530578613281e+00 3.760389328002929688e+00 3.418078899383544922e+00 2.628345012664794922e+00 3.469479799270629883e+00 6.866978645324707031e+00 3.769350528717041016e+00 4.582551956176757812e+00 5.650664806365966797e+00 5.110419273376464844e+00 2.983035802841186523e+00 1.930678486824035645e+00 3.538659095764160156e+00 7.612329006195068359e+00 2.093284845352172852e+00 3.735080957412719727e+00 3.168657302856445312e+00
2.423909664154052734e+00 2.724959373474121094e+00 2.463856697082519531e+00 2.505883693695068359e+00 3.679037094116210938e+00 2.648412704467773438e+00 2.965188741683959961e+00 3.484610080718994141e+00 2.915568351745605469e+00 2.980737686157226562e+00 2.516786098480224609e+00 7.391860008239746094e+00 7.431628227233886719e+00 7.805155754089355469e+00 2.682596206665039062e+00 2.940562009811401367e+00 3.724752426147460938e+00 6.086464405059814453e+00 3.249625205993652344e+00 3.053804874420166016e+00
3.078776836395263672e+00 4.301649093627929688e+00 3.165654659271240234e+00 3.077601909637451172e+00 3.594955921173095703e+00 3.488628864288330078e+00 3.145333051681518555e+00 3.406213283538818359e+00 3.564763069152832031e+00 2.739215373992919922e+00 3.378404140472412109e+00 3.618013858795166016e+00 4.258482933044433594e+00 3.763570547103881836e+00 2.539373874664306641e+00 5.171250343322753906e+00 3.097560882568359375e+00 4.332510948181152344e+00 3.330498695373535156e+00 1.935968875885009766e+00
3.525761127471923828e+00 4.748662948608398438e+00 3.668529033660888672e+00 3.517760038375854492e+00 2.859632730484008789e+00 3.332705974578857422e+00 3.029083967208862305e+00 3.657673358917236328e+00 2.391469478607177734e+00 2.991382837295532227e+00 2.897832632064819336e+00 3.583865165710449219e+00 4.067232131958007812e+00 2.473399162292480469e+00 2.689939737319946289e+00 3.097852945327758789e+00 4.068980693817138672e+00 2.756320953369140625e+00 3.855283260345458984e+00 2.443666219711303711e+00
2.648265838623046875e+00 2.448327541351318359e+00 3.927470207214355469e+00 3.495659351348876953e+00 3.043057441711425781e+00 3.167859077453613281e+00 3.324917793273925781e+00 2.561877489089965820e+00 3.324423313140869141e+00 3.787274360656738281e+00 3.313816070556640625e+00 3.886678695678710938e+00 3.760757446289062500e+00 3.445565223693847656e+00 4.891031265258789062e+00 3.377974510192871094e+00 3.635963678359985352e+00 3.765807390213012695e+00 3.889296770095825195e+00 2.721497058868408203e+00
2.308454036712646484e+00 3.649301528930664062e+00 4.111421585083007812e+00 3.306311607360839844e+00 3.417572259902954102e+00 2.172883272171020508e+00 2.445803403854370117e+00 2.597751140594482422e+00 2.901673316955566406e+00 4.165099620819091797e+00 3.249049663543701172e+00 3.323714733123779297e+00 3.860283374786376953e+00 4.456260681152343750e+00 3.433666706085205078e+00 3.041604042053222656e+00 3.085988998413085938e+00 3.508677482604980469e+00 3.364640712738037109e+00 6.059829711914062500e+00
3.152683258056640625e+00 4.263216972351074219e+00 2.649460077285766602e+00 3.964321374893188477e+00 4.428595066070556641e+00 3.476260900497436523e+00 3.751760959625244141e+00 2.253504753112792969e+00 3.416074514389038086e+00 3.625703811645507812e+00 4.030165672302246094e+00 2.247187137603759766e+00 2.421260833740234375e+00 2.607621192932128906e+00 3.840314626693725586e+00 3.013950586318969727e+00 2.158411502838134766e+00 2.656085968017578125e+00 3.529801368713378906e+00 8.170105934143066406e+00
2.523009300231933594e+00 2.128437995910644531e+00 3.071602106094360352e+00 2.917628288269042969e+00 6.970684051513671875e+00 4.140173912048339844e+00 3.086400985717773438e+00 3.919200658798217773e+00 3.061985969543457031e+00 3.588591575622558594e+00 2.722728013992309570e+00 4.740748882293701172e+00 2.902214050292968750e+00 3.607391357421875000e+00 3.643989801406860352e+00 3.775397777557373047e+00 4.092245101928710938e+00 3.984163761138916016e+00 2.559320926666259766e+00 5.499563217163085938e+00
3.519194841384887695e+00 2.765405178070068359e+00 3.310979366302490234e+00 3.222035646438598633e+00 3.934459447860717773e+00 2.427545547485351562e+00 3.462981462478637695e+00 2.806599617004394531e+00 3.831736087799072266e+00 3.531497716903686523e+00 3.768196344375610352e+00 2.964184284210205078e+00 2.785067081451416016e+00 2.026559114456176758e+00 2.543174266815185547e+00 3.535292387008666992e+00 4.378399848937988281e+00 4.137101173400878906e+00 3.200559139251708984e+00 2.587922096252441406e+00
2.612598896026611328e+00 3.583727836608886719e+00 1.801283955574035645e+00 3.586964845657348633e+00 3.371711254119873047e+00 3.003864288330078125e+00 4.775290489196777344e+00 3.838735580444335938e+00 2.900150537490844727e+00 6.251480102539062500e+00 4.396427154541015625e+00 5.771109104156494141e+00 3.916755914688110352e+00 2.934403657913208008e+00 4.702778816223144531e+00 2.658314704895019531e+00 3.840260028839111328e+00 4.036387443542480469e+00 4.472522735595703125e+00 3.239447116851806641e+00
3.579559803009033203e+00 4.788929939270019531e+00 4.132773399353027344e+00 5.691482543945312500e+00 4.706007003784179688e+00 3.247342586517333984e+00 3.352094173431396484e+00 3.291162967681884766e+00 5.239635467529296875e+00 6.618927001953125000e+00 6.917884826660156250e+00 5.482373714447021484e+00 5.933358192443847656e+00 3.175017118453979492e+00 3.190544128417968750e+00 5.059038162231445312e+00 2.568297863006591797e+00 4.339770317077636719e+00 4.419003486633300781e+00 2.816005706787109375e+00
