2019-07-24 03:45:00
4.660347938537597656e+00 6.571300983428955078e+00 3.363710403442382812e+00 3.885368585586547852e+00 4.488993644714355469e+00 3.340728759765625000e+00 4.511260986328125000e+00 3.151048421859741211e+00 4.448904991149902344e+00 7.073193550109863281e+00 3.314671039581298828e+00 2.494270801544189453e+00 3.669960498809814453e+00 2.955904483795166016e+00 2.616027116775512695e+00 4.577535629272460938e+00 5.044538974761962891e+00 3.628931522369384766e+00 2.286049127578735352e+00 2.331966400146484375e+00
7.313046455383300781e+00 3.426878929138183594e+00 4.706110477447509766e+00 5.651962757110595703e+00 5.824342727661132812e+00 3.566129922866821289e+00 2.449671983718872070e+00 2.372070312500000000e+00 1.865278363227844238e+00 2.385417938232421875e+00 4.583418846130371094e+00 2.550040245056152344e+00 3.747245073318481445e+00 5.255007743835449219e+00 2.524410247802734375e+00 3.427960157394409180e+00 5.022758483886718750e+00 7.848781108856201172e+00 4.238081932067871094e+00 2.940890789031982422e+00
3.168150186538696289e+00 4.372459411621093750e+00 5.759903907775878906e+00 5.604190349578857422e+00 2.426973581314086914e+00 4.978249549865722656e+00 5.008550643920898438e+00 3.893830776214599609e+00 2.853283882141113281e+00 2.425407409667968750e+00 6.101922035217285156e+00 7.865864276885986328e+00 2.344376564025878906e+00 5.829626083374023438e+00 5.042864799499511719e+00 2.284325361251831055e+00 3.074307203292846680e+00 6.554999351501464844e+00 3.395176172256469727e+00 2.384850025177001953e+00
4.630905628204345703e+00 4.251985549926757812e+00 5.253695487976074219e+00 5.200792789459228516e+00 2.121793270111083984e+00 3.958173751831054688e+00 4.045544624328613281e+00 4.321501255035400391e+00 3.164413928985595703e+00 5.096542358398437500e+00 4.330577850341796875e+00 4.457671642303466797e+00 3.993655681610107422e+00 3.726163387298583984e+00 4.578671932220458984e+00 2.782107830047607422e+00 9.166413545608520508e-01 4.591404914855957031e+00 1.888581871986389160e+00 4.770042419433593750e+00
3.213817119598388672e+00 3.995089292526245117e+00 2.591373920440673828e+00 4.787220478057861328e+00 2.744944095611572266e+00 7.345844268798828125e+00 2.440759420394897461e+00 9.158971786499023438e+00 6.240162372589111328e+00 4.836191654205322266e+00 5.330665588378906250e+00 6.578238487243652344e+00 6.768932342529296875e+00 3.731671810150146484e+00 1.214509105682373047e+01 5.990579128265380859e+00 2.171660900115966797e+00 5.178945541381835938e+00 4.339504241943359375e+00 2.863689899444580078e+00
5.107347488403320312e+00 3.252425193786621094e+00 4.049640655517578125e+00 4.413488388061523438e+00 6.283751010894775391e+00 5.472565174102783203e+00 3.916470050811767578e+00 3.730250358581542969e+00 6.849177360534667969e+00 5.518729686737060547e+00 4.224040985107421875e+00 5.659814357757568359e+00 5.163710117340087891e+00 2.598555088043212891e+00 2.691117048263549805e+00 4.036579132080078125e+00 3.557529211044311523e+00 3.964890241622924805e+00 6.679794788360595703e+00 3.081634044647216797e+00
9.247367858886718750e+00 5.371739387512207031e+00 4.013113975524902344e+00 6.026822090148925781e+00 3.660710096359252930e+00 3.810939073562622070e+00 3.375074386596679688e+00 1.118450260162353516e+01 3.199275493621826172e+00 3.305447578430175781e+00 2.856702089309692383e+00 3.253973484039306641e+00 5.223484039306640625e+00 4.604104042053222656e+00 3.790152072906494141e+00 4.927563190460205078e+00 2.881327629089355469e+00 2.547119379043579102e+00 6.115016937255859375e+00 5.395426750183105469e+00
5.044042110443115234e+00 3.807661056518554688e+00 3.077188491821289062e+00 9.849350929260253906e+00 4.163705825805664062e+00 3.984666347503662109e+00 4.122525215148925781e+00 3.605457544326782227e+00 3.616718292236328125e+00 3.335503578186035156e+00 3.094181776046752930e+00 2.714137315750122070e+00 5.017333984375000000e+00 6.679939270019531250e+00 4.408896446228027344e+00 3.431287527084350586e+00 7.100179672241210938e+00 2.119474887847900391e+00 3.688004970550537109e+00 3.403209209442138672e+00
5.979164123535156250e+00 3.763113260269165039e+00 3.864185810089111328e+00 4.272294044494628906e+00 2.594252586364746094e+00 2.298760890960693359e+00 3.081568956375122070e+00 3.187374591827392578e+00 2.958229064941406250e+00 2.764109134674072266e+00 1.977396011352539062e+00 3.164471387863159180e+00 5.927389621734619141e+00 5.160221099853515625e+00 5.852118968963623047e+00 3.929749011993408203e+00 5.303608417510986328e+00 1.503425598144531250e+00 4.439587593078613281e+00 2.619628667831420898e+00
4.222243309020996094e+00 5.436208724975585938e+00 4.032079219818115234e+00 4.682961463928222656e+00 2.644530057907104492e+00 3.661782026290893555e+00 3.988156318664550781e+00 2.988653659820556641e+00 5.556131362915039062e+00 5.201018333435058594e+00 7.010942459106445312e+00 7.277186870574951172e+00 4.061980247497558594e+00 2.586900711059570312e+00 2.736628055572509766e+00 2.885117530822753906e+00 6.001393318176269531e+00 2.218237400054931641e+00 4.400767803192138672e+00 2.635161399841308594e+00
3.215900897979736328e+00 2.053504705429077148e+00 3.999540328979492188e+00 3.674244403839111328e+00 2.835248470306396484e+00 3.705852031707763672e+00 4.156861305236816406e+00 3.237934589385986328e+00 1.730871677398681641e+00 3.265120029449462891e+00 3.884860515594482422e+00 4.787086009979248047e+00 4.900288581848144531e+00 4.115918159484863281e+00 1.686493992805480957e+00 3.203204631805419922e+00 2.497969627380371094e+00 7.062791824340820312e+00 2.120520114898681641e+00 1.829187273979187012e+00
2.875701904296875000e+00 3.163172245025634766e+00 2.956855773925781250e+00 2.682980537414550781e+00 2.596360683441162109e+00 3.859685420989990234e+00 4.292740821838378906e+00 2.985443115234375000e+00 3.454415082931518555e+00 3.226433277130126953e+00 3.039852142333984375e+00 3.147850513458251953e+00 5.317627429962158203e+00 2.861977577209472656e+00 2.698945045471191406e+00 2.077983140945434570e+00 3.211323976516723633e+00 2.497417211532592773e+00 4.460844993591308594e+00 2.614421844482421875e+00
3.347190380096435547e+00 3.535160303115844727e+00 3.307769775390625000e+00 4.250144004821777344e+00 2.711694478988647461e+00 3.412109375000000000e+00 1.531935334205627441e+00 2.982938289642333984e+00 2.805464029312133789e+00 3.228662729263305664e+00 3.041067600250244141e+00 4.044278144836425781e+00 2.580568552017211914e+00 2.850125789642333984e+00 2.978191614151000977e+00 3.351572036743164062e+00 2.675585508346557617e+00 3.648422956466674805e+00 2.660350799560546875e+00 2.264133453369140625e+00
2.939316272735595703e+00 2.835406064987182617e+00 4.425544738769531250e+00 2.391008138656616211e+00 3.404954433441162109e+00 3.767973423004150391e+00 2.359916687011718750e+00 3.583158731460571289e+00 3.031621456146240234e+00 2.612619400024414062e+00 4.082647323608398438e+00 2.907924652099609375e+00 2.971520900726318359e+00 2.719027519226074219e+00 2.452562093734741211e+00 2.866164207458496094e+00 2.724238395690917969e+00 3.334462165832519531e+00 3.307927846908569336e+00 3.215948581695556641e+00
2.775149822235107422e+00 3.553250551223754883e+00 3.581485748291015625e+00 1.999068856239318848e+00 2.518098354339599609e+00 2.330964326858520508e+00 2.969926357269287109e+00 2.378203868865966797e+00 2.249234914779663086e+00 3.566604375839233398e+00 2.215599060058593750e+00 4.002130031585693359e+00 2.655649900436401367e+00 2.725668668746948242e+00 1.873684644699096680e+00 3.262825250625610352e+00 3.692362308502197266e+00 3.403957843780517578e+00 3.491421699523925781e+00 4.793306350708007812e+00
2.461611747741699219e+00 3.831172704696655273e+00 4.071087837219238281e+00 4.217329025268554688e+00 2.795753479003906250e+00 2.153906822204589844e+00 3.474703311920166016e+00 3.240660667419433594e+00 2.532027244567871094e+00 3.399777412414550781e+00 3.351309537887573242e+00 2.450366973876953125e+00 3.592546224594116211e+00 2.469164371490478516e+00 3.373923778533935547e+00 4.281108856201171875e+00 4.107096672058105469e+00 4.587484836578369141e+00 2.198023557662963867e+00 4.677179813385009766e+00
4.482508659362792969e+00 2.340232849121093750e+00 3.373869895935058594e+00 4.141550064086914062e+00 4.354504108428955078e+00 2.932749748229980469e+00 4.368972301483154297e+00 2.836428165435791016e+00 2.799804449081420898e+00 3.670642375946044922e+00 1.918897390365600586e+00 3.065680503845214844e+00 2.769689083099365234e+00 2.280670166015625000e+00 2.371690511703491211e+00 4.669733047485351562e+00 3.282501697540283203e+00 2.040416240692138672e+00 2.500732898712158203e+00 5.963415145874023438e+00
3.083623886108398438e+00 4.031951904296875000e+00 3.262056827545166016e+00 4.723474502563476562e+00 4.330957889556884766e+00 3.740008831024169922e+00 4.113269329071044922e+00 2.177388906478881836e+00 5.007389545440673828e+00 3.508874416351318359e+00 4.373332023620605469e+00 3.757479190826416016e+00 3.451926708221435547e+00 2.935088634490966797e+00 3.000725746154785156e+00 2.128313779830932617e+00 4.790923118591308594e+00 3.719138860702514648e+00 1.716273188591003418e+00 2.463511705398559570e+00
2.538369655609130859e+00 1.954402089118957520e+00 2.363920450210571289e+00 2.594635009765625000e+00 3.156309366226196289e+00 4.392011165618896484e+00 3.333012580871582031e+00 2.236556053161621094e+00 3.867116928100585938e+00 5.897022724151611328e+00 5.295233249664306641e+00 5.574757575988769531e+00 2.177694320678710938e+00 2.654891252517700195e+00 2.904203176498413086e+00 3.666105747222900391e+00 2.963206291198730469e+00 2.953369140625000000e+00 3.970059871673583984e+00 2.144440889358520508e+00
2.391256332397460938e+00 2.179515600204467773e+00 3.224942207336425781e+00 5.520998001098632812e+00 3.663544654846191406e+00 3.603978157043457031e+00 4.832171440124511719e+00 2.933407783508300781e+00 5.957049369812011719e+00 4.394358634948730469e+00 5.017941951751708984e+00 7.738422870635986328e+00 8.464775085449218750e+00 3.647558450698852539e+00 4.389379501342773438e+00 3.332238197326660156e+00 4.197842597961425781e+00 5.759552955627441406e+00 4.271914958953857422e+00 2.670322179794311523e+00
