2019-07-24 04:15:00
5.783895492553710938e+00 4.662853717803955078e+00 1.097325134277343750e+01 3.477344274520874023e+00 5.374491691589355469e+00 4.848277091979980469e+00 4.509512901306152344e+00 3.180635929107666016e+00 7.679246425628662109e+00 8.733650207519531250e+00 2.589206218719482422e+00 5.325115203857421875e+00 5.849338531494140625e+00 5.778117656707763672e+00 6.069219589233398438e+00 8.590222358703613281e+00 6.910104274749755859e+00 6.957394599914550781e+00 7.119007110595703125e+00 3.103761196136474609e+00
4.412016868591308594e+00 1.526968765258789062e+01 7.770476818084716797e+00 7.042529582977294922e+00 9.789970397949218750e+00 6.342595100402832031e+00 5.019024848937988281e+00 4.580908775329589844e+00 4.210254669189453125e+00 4.827568054199218750e+00 5.986487388610839844e+00 3.767365932464599609e+00 2.977091312408447266e+00 6.765452384948730469e+00 4.760907649993896484e+00 4.815841197967529297e+00 8.303193092346191406e+00 7.791393280029296875e+00 6.724664688110351562e+00 4.061574935913085938e+00
3.952385187149047852e+00 5.402708053588867188e+00 8.272243499755859375e+00 1.025867080688476562e+01 4.629331588745117188e+00 9.226282119750976562e+00 9.280135154724121094e+00 5.584971427917480469e+00 3.201203107833862305e+00 3.194520235061645508e+00 7.139918804168701172e+00 5.940258979797363281e+00 4.628063201904296875e+00 5.338178634643554688e+00 4.260180473327636719e+00 1.987745046615600586e+00 6.135768890380859375e+00 4.527931213378906250e+00 3.971286296844482422e+00 5.769391059875488281e+00
4.959034442901611328e+00 8.179586410522460938e+00 3.611304044723510742e+00 3.069044589996337891e+00 4.767512798309326172e+00 2.841183185577392578e+00 4.459848880767822266e+00 4.041482448577880859e+00 5.002224445343017578e+00 8.847917556762695312e+00 7.896437168121337891e+00 8.214135169982910156e+00 5.596566677093505859e+00 4.485394477844238281e+00 6.061715126037597656e+00 5.503869533538818359e+00 5.114522933959960938e+00 8.270878791809082031e+00 3.730466842651367188e+00 3.015418529510498047e+00
5.790514945983886719e+00 3.787356376647949219e+00 4.850791931152343750e+00 3.355553865432739258e+00 1.728439569473266602e+00 1.209127426147460938e+01 5.414015769958496094e+00 9.881818771362304688e+00 1.169996738433837891e+01 1.015133571624755859e+01 1.007124710083007812e+01 5.919848442077636719e+00 4.006306171417236328e+00 6.241328239440917969e+00 6.669365406036376953e+00 1.210661125183105469e+01 3.769397020339965820e+00 9.638030052185058594e+00 8.820590972900390625e+00 4.574614048004150391e+00
4.362099170684814453e+00 7.375817775726318359e+00 5.808459281921386719e+00 4.470468044281005859e+00 1.063323688507080078e+01 9.018568038940429688e+00 5.626855850219726562e+00 9.068092346191406250e+00 9.331024169921875000e+00 4.342297554016113281e+00 4.712997436523437500e+00 4.222022056579589844e+00 5.876457691192626953e+00 3.246904373168945312e+00 4.944457054138183594e+00 8.056114196777343750e+00 3.105504035949707031e+00 6.158478260040283203e+00 7.554674625396728516e+00 4.834680557250976562e+00
7.194760322570800781e+00 8.137732505798339844e+00 6.071157932281494141e+00 6.987357616424560547e+00 4.359936714172363281e+00 1.254372692108154297e+01 6.758375167846679688e+00 7.398981094360351562e+00 5.405699729919433594e+00 5.798219680786132812e+00 6.640867233276367188e+00 3.889817714691162109e+00 7.706882953643798828e+00 9.358215332031250000e+00 5.129306793212890625e+00 6.841897964477539062e+00 6.535552978515625000e+00 4.364631175994873047e+00 8.410627365112304688e+00 7.492240428924560547e+00
7.265189170837402344e+00 7.858401775360107422e+00 6.279125690460205078e+00 4.311200141906738281e+00 7.599648475646972656e+00 4.375986099243164062e+00 5.274645805358886719e+00 4.903979778289794922e+00 6.637286186218261719e+00 5.668906211853027344e+00 6.716485023498535156e+00 7.359573364257812500e+00 5.281365394592285156e+00 6.915128231048583984e+00 3.873752117156982422e+00 5.261404037475585938e+00 8.442062377929687500e+00 5.030013084411621094e+00 6.057874679565429688e+00 4.335387229919433594e+00
8.764776229858398438e+00 8.395886421203613281e+00 1.160411262512207031e+01 1.005346012115478516e+01 8.179804801940917969e+00 7.794633388519287109e+00 7.183046817779541016e+00 6.120201110839843750e+00 6.165451049804687500e+00 6.831906318664550781e+00 5.243269443511962891e+00 3.982800006866455078e+00 8.111019134521484375e+00 5.119055747985839844e+00 7.429006576538085938e+00 3.707533836364746094e+00 4.582385540008544922e+00 3.896840572357177734e+00 4.046648979187011719e+00 6.718764305114746094e+00
4.508390426635742188e+00 7.495556831359863281e+00 4.580830097198486328e+00 5.778772354125976562e+00 3.061294317245483398e+00 5.161426544189453125e+00 6.015891075134277344e+00 6.294770240783691406e+00 9.291662216186523438e+00 9.749290466308593750e+00 4.540206432342529297e+00 5.276424407958984375e+00 7.247796058654785156e+00 5.254435539245605469e+00 6.395768165588378906e+00 5.038698673248291016e+00 1.054393196105957031e+01 5.954117774963378906e+00 3.772089481353759766e+00 4.099096298217773438e+00
6.280419349670410156e+00 5.739196777343750000e+00 4.800287723541259766e+00 6.127810001373291016e+00 6.142302036285400391e+00 5.805122375488281250e+00 4.853606700897216797e+00 3.770544528961181641e+00 5.002233982086181641e+00 4.693657398223876953e+00 5.593918800354003906e+00 8.643091201782226562e+00 6.428154468536376953e+00 7.409193038940429688e+00 3.611729383468627930e+00 5.072474956512451172e+00 4.963934421539306641e+00 8.096751213073730469e+00 3.659609317779541016e+00 4.297407150268554688e+00
7.638325691223144531e+00 6.178993225097656250e+00 4.123972892761230469e+00 5.313927650451660156e+00 1.021720314025878906e+01 3.922597169876098633e+00 5.393641471862792969e+00 5.674062728881835938e+00 6.534707069396972656e+00 6.928770542144775391e+00 6.213821887969970703e+00 8.542262077331542969e+00 6.463991641998291016e+00 8.001166343688964844e+00 6.881227493286132812e+00 7.056249618530273438e+00 4.491001605987548828e+00 6.681563377380371094e+00 3.893594741821289062e+00 6.397623538970947266e+00
6.320008754730224609e+00 5.377525329589843750e+00 8.259481430053710938e+00 6.698523044586181641e+00 7.170780181884765625e+00 6.796346664428710938e+00 4.654152870178222656e+00 6.502602100372314453e+00 5.449647426605224609e+00 3.261113643646240234e+00 2.440801143646240234e+00 4.810130119323730469e+00 5.163823604583740234e+00 7.251338005065917969e+00 7.595863342285156250e+00 5.624607086181640625e+00 6.124108791351318359e+00 3.778102874755859375e+00 4.820112705230712891e+00 6.009546756744384766e+00
4.043540954589843750e+00 7.594247341156005859e+00 7.642377376556396484e+00 3.305335998535156250e+00 7.384225845336914062e+00 7.289460182189941406e+00 6.548595428466796875e+00 3.602980613708496094e+00 5.215404987335205078e+00 3.059889078140258789e+00 5.935649871826171875e+00 5.596867561340332031e+00 4.809292793273925781e+00 8.055186271667480469e+00 8.476942062377929688e+00 3.822347640991210938e+00 5.614426612854003906e+00 5.726247787475585938e+00 5.863906383514404297e+00 6.441287517547607422e+00
4.886203765869140625e+00 4.950405120849609375e+00 4.617277145385742188e+00 5.409472465515136719e+00 5.936760425567626953e+00 3.111929416656494141e+00 9.099586486816406250e+00 5.828138828277587891e+00 4.889320373535156250e+00 4.512296676635742188e+00 3.843414068222045898e+00 8.916069030761718750e+00 6.555974960327148438e+00 5.666444778442382812e+00 6.950736045837402344e+00 6.941524982452392578e+00 4.695160865783691406e+00 4.764806270599365234e+00 6.336595535278320312e+00 4.895866394042968750e+00
6.353773593902587891e+00 6.528141021728515625e+00 6.148610115051269531e+00 4.867592811584472656e+00 5.739943027496337891e+00 4.215390205383300781e+00 7.568833351135253906e+00 6.563302040100097656e+00 7.715175151824951172e+00 6.784206867218017578e+00 3.676443338394165039e+00 6.241623878479003906e+00 5.460968017578125000e+00 1.001294326782226562e+01 2.974351644515991211e+00 4.882205009460449219e+00 4.452150344848632812e+00 4.012409687042236328e+00 4.190865993499755859e+00 6.729562759399414062e+00
4.972687244415283203e+00 4.677571296691894531e+00 5.101526260375976562e+00 4.759573936462402344e+00 7.097485065460205078e+00 5.584444046020507812e+00 2.126832008361816406e+00 6.344441890716552734e+00 5.630952835083007812e+00 4.916593551635742188e+00 3.794642686843872070e+00 4.798941135406494141e+00 4.857714653015136719e+00 5.091141223907470703e+00 3.953012943267822266e+00 6.818694114685058594e+00 3.839837551116943359e+00 6.122620105743408203e+00 3.234484672546386719e+00 8.117414474487304688e+00
5.437804698944091797e+00 3.422026634216308594e+00 3.926111698150634766e+00 4.978640079498291016e+00 6.299787521362304688e+00 4.265583992004394531e+00 5.895246505737304688e+00 3.890672206878662109e+00 5.479525089263916016e+00 5.007008552551269531e+00 8.946215629577636719e+00 5.773253917694091797e+00 5.711434841156005859e+00 6.216440200805664062e+00 4.603538036346435547e+00 4.781087875366210938e+00 9.128477096557617188e+00 6.254553794860839844e+00 4.743283271789550781e+00 6.425291538238525391e+00
4.812168121337890625e+00 6.139552116394042969e+00 3.384235620498657227e+00 6.887480258941650391e+00 6.588514804840087891e+00 5.864961624145507812e+00 6.323420524597167969e+00 5.087619304656982422e+00 7.736567497253417969e+00 6.067379474639892578e+00 7.187011718750000000e+00 1.180932807922363281e+01 5.854385375976562500e+00 5.811273097991943359e+00 5.642854213714599609e+00 6.356095314025878906e+00 7.103222846984863281e+00 3.243763923645019531e+00 4.931344985961914062e+00 6.268552780151367188e+00
5.001322746276855469e+00 7.795766830444335938e+00 3.718565702438354492e+00 6.930007934570312500e+00 7.121755599975585938e+00 6.858918190002441406e+00 7.650877475738525391e+00 9.247091293334960938e+00 5.538899421691894531e+00 1.010957527160644531e+01 7.395374774932861328e+00 7.040191650390625000e+00 1.000588607788085938e+01 4.120414733886718750e+00 7.909050941467285156e+00 8.179496765136718750e+00 6.525244235992431641e+00 6.452159404754638672e+00 4.237123966217041016e+00 5.134510040283203125e+00
