2019-07-24 04:45:00
1.841029644012451172e+00 2.519113063812255859e+00 1.908441066741943359e+00 2.650435209274291992e+00 2.872139453887939453e+00 1.790224790573120117e+00 1.970947027206420898e+00 2.032267808914184570e+00 3.278773784637451172e+00 3.993870496749877930e+00 2.876407861709594727e+00 1.930439710617065430e+00 2.891381025314331055e+00 1.774947643280029297e+00 1.414696455001831055e+00 1.941096067428588867e+00 1.670898318290710449e+00 2.127523899078369141e+00 2.970886707305908203e+00 2.219950675964355469e+00
2.879396438598632812e+00 2.978035449981689453e+00 2.432156801223754883e+00 2.847735166549682617e+00 1.700206279754638672e+00 1.774544596672058105e+00 1.722801327705383301e+00 2.382198810577392578e+00 2.395898342132568359e+00 2.184180736541748047e+00 1.735716462135314941e+00 2.761720180511474609e+00 1.597813963890075684e+00 5.951525688171386719e+00 1.703862428665161133e+00 2.196294546127319336e+00 2.332017898559570312e+00 2.172940731048583984e+00 2.463252544403076172e+00 2.288563966751098633e+00
3.241904258728027344e+00 2.092466831207275391e+00 2.324889659881591797e+00 3.531625747680664062e+00 1.305073976516723633e+00 2.571054697036743164e+00 2.487620115280151367e+00 1.882466077804565430e+00 1.830675125122070312e+00 3.432231903076171875e+00 4.485981464385986328e+00 3.563132286071777344e+00 1.501813650131225586e+00 3.150007963180541992e+00 3.516288757324218750e+00 1.420152187347412109e+00 1.839227437973022461e+00 4.635544776916503906e+00 2.496751785278320312e+00 2.972363948822021484e+00
1.191961526870727539e+00 2.417908191680908203e+00 3.165939807891845703e+00 1.581208705902099609e+00 2.328773498535156250e+00 2.942684888839721680e+00 3.053409099578857422e+00 2.847528934478759766e+00 2.669919013977050781e+00 2.308197975158691406e+00 2.677586793899536133e+00 1.938711404800415039e+00 2.276619911193847656e+00 2.528102397918701172e+00 2.373163223266601562e+00 2.016139507293701172e+00 1.405397891998291016e+00 2.682758808135986328e+00 1.861890792846679688e+00 1.449177742004394531e+00
2.144205093383789062e+00 2.913317441940307617e+00 2.367199897766113281e+00 2.607520341873168945e+00 1.497059702873229980e+00 2.621638774871826172e+00 3.616412162780761719e+00 2.363551378250122070e+00 2.307019233703613281e+00 1.979409813880920410e+00 2.724349975585937500e+00 1.555337905883789062e+00 1.998315811157226562e+00 3.097172260284423828e+00 2.185642242431640625e+00 2.547961950302124023e+00 1.345689296722412109e+00 2.572835445404052734e+00 7.372182607650756836e-01 2.199546813964843750e+00
3.507541894912719727e+00 2.787102699279785156e+00 1.784007072448730469e+00 2.440766811370849609e+00 1.771793365478515625e+00 2.755703449249267578e+00 3.221924304962158203e+00 1.996802926063537598e+00 1.919234871864318848e+00 2.059091091156005859e+00 2.388797283172607422e+00 2.428008317947387695e+00 3.705897092819213867e+00 2.445355415344238281e+00 1.808520317077636719e+00 1.632351160049438477e+00 1.612873792648315430e+00 3.486390113830566406e+00 2.236098527908325195e+00 3.184848308563232422e+00
2.172972679138183594e+00 2.908254146575927734e+00 3.093395948410034180e+00 1.730559468269348145e+00 2.071489810943603516e+00 2.506460666656494141e+00 2.102572917938232422e+00 3.373309373855590820e+00 2.325130224227905273e+00 2.510437965393066406e+00 4.329068660736083984e+00 2.325743198394775391e+00 2.206452369689941406e+00 2.626627922058105469e+00 1.880167603492736816e+00 2.743861198425292969e+00 1.820723295211791992e+00 1.718208193778991699e+00 3.867209911346435547e+00 2.754980802536010742e+00
4.778715133666992188e+00 2.959233283996582031e+00 3.584871768951416016e+00 2.354251861572265625e+00 2.084223031997680664e+00 2.404376029968261719e+00 3.443727254867553711e+00 2.704338073730468750e+00 2.163781642913818359e+00 4.313000679016113281e+00 3.191154003143310547e+00 1.885764837265014648e+00 1.245402336120605469e+00 1.852601051330566406e+00 3.248173713684082031e+00 2.461448669433593750e+00 2.885597944259643555e+00 2.720542430877685547e+00 2.484489917755126953e+00 3.368166685104370117e+00
1.977330803871154785e+00 2.351902484893798828e+00 2.323560714721679688e+00 2.851238727569580078e+00 2.937151908874511719e+00 2.666964054107666016e+00 2.732513427734375000e+00 2.489296913146972656e+00 3.549175977706909180e+00 3.299055576324462891e+00 2.625152587890625000e+00 2.866864919662475586e+00 2.132427692413330078e+00 4.214205741882324219e+00 4.481082439422607422e+00 2.933573484420776367e+00 3.467599391937255859e+00 1.682114839553833008e+00 3.105220794677734375e+00 2.640850782394409180e+00
3.394927978515625000e+00 2.046076297760009766e+00 2.361080646514892578e+00 2.890122175216674805e+00 2.538350343704223633e+00 2.855827808380126953e+00 2.441827297210693359e+00 2.053975820541381836e+00 2.459004163742065430e+00 2.393858432769775391e+00 2.192964315414428711e+00 3.213999748229980469e+00 3.169188022613525391e+00 1.805405855178833008e+00 2.212911367416381836e+00 2.129131317138671875e+00 2.752364873886108398e+00 1.291660308837890625e+00 1.731123805046081543e+00 1.576317071914672852e+00
2.690488815307617188e+00 2.788879871368408203e+00 2.683324813842773438e+00 3.659157752990722656e+00 3.381109714508056641e+00 3.214058399200439453e+00 3.369771480560302734e+00 3.596627235412597656e+00 2.848371744155883789e+00 3.428508758544921875e+00 2.469207286834716797e+00 4.120151519775390625e+00 2.142488479614257812e+00 3.013774633407592773e+00 2.037226676940917969e+00 2.098362922668457031e+00 2.183656215667724609e+00 2.854516983032226562e+00 1.370661735534667969e+00 2.798376560211181641e+00
3.568205595016479492e+00 2.003628253936767578e+00 3.057460069656372070e+00 3.465749263763427734e+00 2.849946498870849609e+00 3.088671207427978516e+00 3.380248546600341797e+00 2.666880607604980469e+00 2.574568510055541992e+00 2.779911518096923828e+00 3.511592626571655273e+00 3.806464672088623047e+00 2.333171844482421875e+00 2.790293693542480469e+00 3.572669506072998047e+00 2.796669483184814453e+00 1.933519363403320312e+00 3.817851066589355469e+00 2.296119213104248047e+00 1.835148692131042480e+00
2.092609167098999023e+00 3.102948427200317383e+00 1.834981560707092285e+00 2.634227275848388672e+00 3.036484718322753906e+00 3.194137811660766602e+00 1.961696624755859375e+00 2.854719400405883789e+00 3.140642166137695312e+00 2.726061820983886719e+00 2.565396547317504883e+00 4.071051597595214844e+00 2.043529033660888672e+00 1.070031881332397461e+00 3.397361278533935547e+00 3.415518283843994141e+00 2.249696254730224609e+00 2.292483091354370117e+00 2.513355731964111328e+00 1.693602442741394043e+00
2.886217594146728516e+00 3.243095397949218750e+00 2.152447938919067383e+00 3.533397674560546875e+00 2.323590755462646484e+00 3.038792371749877930e+00 3.346139907836914062e+00 2.534926414489746094e+00 2.204179763793945312e+00 2.660847187042236328e+00 2.655559778213500977e+00 2.472922325134277344e+00 2.397087812423706055e+00 4.238345146179199219e+00 2.445004224777221680e+00 3.301082134246826172e+00 3.108498096466064453e+00 2.827756404876708984e+00 3.403068065643310547e+00 2.129901647567749023e+00
2.775068283081054688e+00 2.067366600036621094e+00 3.221614360809326172e+00 1.668288707733154297e+00 3.386673927307128906e+00 2.590241193771362305e+00 2.564687967300415039e+00 3.255092144012451172e+00 4.004130363464355469e+00 2.552839756011962891e+00 3.057268142700195312e+00 3.571866035461425781e+00 2.587291717529296875e+00 3.396754741668701172e+00 3.168782472610473633e+00 1.875935792922973633e+00 3.225016593933105469e+00 2.821897506713867188e+00 2.323432445526123047e+00 2.233174562454223633e+00
2.809878349304199219e+00 3.259781599044799805e+00 2.208692789077758789e+00 3.929015636444091797e+00 3.044107437133789062e+00 2.244357585906982422e+00 2.691169738769531250e+00 3.078015804290771484e+00 2.727196931838989258e+00 3.373692035675048828e+00 2.924963474273681641e+00 3.612575531005859375e+00 3.058961629867553711e+00 2.259629249572753906e+00 1.691252470016479492e+00 2.701410293579101562e+00 3.524533748626708984e+00 3.082180976867675781e+00 1.365393757820129395e+00 2.232283115386962891e+00
3.622186183929443359e+00 2.199497938156127930e+00 2.405710220336914062e+00 1.465064644813537598e+00 2.772629261016845703e+00 1.942190051078796387e+00 3.076370239257812500e+00 2.787957191467285156e+00 2.352543592453002930e+00 2.227362394332885742e+00 2.694422721862792969e+00 2.474390983581542969e+00 1.976256132125854492e+00 3.546195268630981445e+00 3.096119403839111328e+00 2.507409095764160156e+00 2.325472593307495117e+00 1.874132513999938965e+00 1.540525913238525391e+00 2.070184707641601562e+00
3.999403476715087891e+00 2.189683914184570312e+00 1.559922933578491211e+00 2.388564109802246094e+00 1.553867697715759277e+00 3.633694648742675781e+00 2.430570602416992188e+00 2.238582134246826172e+00 2.216413497924804688e+00 3.738487243652343750e+00 2.633767843246459961e+00 2.323825359344482422e+00 1.857925891876220703e+00 1.982944726943969727e+00 2.591044425964355469e+00 2.542470693588256836e+00 1.606382846832275391e+00 2.113129138946533203e+00 2.380382776260375977e+00 1.905676722526550293e+00
2.969683647155761719e+00 2.805686950683593750e+00 2.241953372955322266e+00 2.861608028411865234e+00 1.914741754531860352e+00 1.951129913330078125e+00 2.406890630722045898e+00 3.273169040679931641e+00 2.696624994277954102e+00 2.370839595794677734e+00 2.158042907714843750e+00 3.451416969299316406e+00 2.284334659576416016e+00 3.439525365829467773e+00 2.366497993469238281e+00 1.829119086265563965e+00 2.225468873977661133e+00 2.137349843978881836e+00 2.095443725585937500e+00 1.776901960372924805e+00
2.726626634597778320e+00 1.825666904449462891e+00 1.823594450950622559e+00 3.230766296386718750e+00 2.412753105163574219e+00 3.192300558090209961e+00 2.346224308013916016e+00 2.137823104858398438e+00 2.449080467224121094e+00 1.346201419830322266e+00 1.723932623863220215e+00 3.145465850830078125e+00 2.326400041580200195e+00 2.131977558135986328e+00 1.763656616210937500e+00 4.115368366241455078e+00 2.369781732559204102e+00 2.943445682525634766e+00 1.637658119201660156e+00 1.846867322921752930e+00
