2019-07-24 00:30:00
9.160221219062805176e-01 9.670557379722595215e-01 2.284301280975341797e+00 6.742857098579406738e-01 1.093529343605041504e+00 3.717855811119079590e-01 -1.118151396512985229e-01 6.475523710250854492e-01 5.657806396484375000e-01 7.599287629127502441e-01 2.359643459320068359e+00 2.413886547088623047e+00 5.865792751312255859e+00 4.341247558593750000e+00 6.995678901672363281e+00 7.665055274963378906e+00 4.097549438476562500e+00 4.618576049804687500e+00 4.961531639099121094e+00 3.459104776382446289e+00
1.121250152587890625e+00 8.835029006004333496e-01 2.037973165512084961e+00 1.503693103790283203e+00 2.643128871917724609e+00 1.866655707359313965e+00 8.560062646865844727e-01 8.485841751098632812e-01 1.199952244758605957e+00 2.140206098556518555e+00 2.765590190887451172e+00 4.098588466644287109e+00 4.069320678710937500e+00 7.363403320312500000e+00 7.753546714782714844e+00 5.915123939514160156e+00 8.264204025268554688e+00 8.931193351745605469e+00 1.001202011108398438e+01 3.931160926818847656e+00
1.100790500640869141e+00 1.433688640594482422e+00 1.600002408027648926e+00 8.234932422637939453e-01 1.774038791656494141e+00 1.332033753395080566e+00 7.662546634674072266e-01 1.062922477722167969e+00 1.427780508995056152e+00 2.820328235626220703e+00 9.955875396728515625e+00 8.499317169189453125e+00 5.233685493469238281e+00 6.337599754333496094e+00 6.848424434661865234e+00 5.068030357360839844e+00 6.751972198486328125e+00 5.973176002502441406e+00 5.030385971069335938e+00 6.663580894470214844e+00
2.697319030761718750e+00 2.056093931198120117e+00 2.065345287322998047e+00 2.238421916961669922e+00 2.284579992294311523e+00 1.894020676612854004e+00 1.873981356620788574e+00 4.089589118957519531e+00 3.153853893280029297e+00 5.516343116760253906e+00 2.696245908737182617e+00 7.846143722534179688e+00 5.802306652069091797e+00 9.348682403564453125e+00 7.090434074401855469e+00 1.000862121582031250e+01 8.838923454284667969e+00 6.822924613952636719e+00 5.496904373168945312e+00 3.540093898773193359e+00
2.523102045059204102e+00 2.617897748947143555e+00 2.686432838439941406e+00 1.935959458351135254e+00 3.874171018600463867e+00 4.640070438385009766e+00 3.281126022338867188e+00 4.464607238769531250e+00 7.760148048400878906e+00 1.502629566192626953e+01 8.845652580261230469e+00 4.539428710937500000e+00 1.120670509338378906e+01 7.964922904968261719e+00 9.194654464721679688e+00 6.789843082427978516e+00 7.922553062438964844e+00 6.861236572265625000e+00 8.326009750366210938e+00 5.941131591796875000e+00
5.163311958312988281e+00 3.543728828430175781e+00 6.101669311523437500e+00 6.203221321105957031e+00 7.149536132812500000e+00 6.216948509216308594e+00 2.097577095031738281e+00 7.463055133819580078e+00 7.572422981262207031e+00 6.640217781066894531e+00 7.290317535400390625e+00 7.411703109741210938e+00 9.418064117431640625e+00 7.399761199951171875e+00 9.955059051513671875e+00 1.034287071228027344e+01 7.032414436340332031e+00 8.004721641540527344e+00 3.992886066436767578e+00 5.045315742492675781e+00
1.049807357788085938e+01 7.402147293090820312e+00 8.751574516296386719e+00 9.015000343322753906e+00 6.731547355651855469e+00 1.163120460510253906e+01 3.970649003982543945e+00 4.122225284576416016e+00 5.091814994812011719e+00 3.896213769912719727e+00 7.755485534667968750e+00 6.034475326538085938e+00 5.722151756286621094e+00 9.338216781616210938e+00 5.585713386535644531e+00 6.703497886657714844e+00 8.041407585144042969e+00 9.812986373901367188e+00 7.058458328247070312e+00 1.085857009887695312e+01
7.851664543151855469e+00 7.134240150451660156e+00 7.475597381591796875e+00 1.018809700012207031e+01 7.869952201843261719e+00 5.865820407867431641e+00 5.124043464660644531e+00 5.674443721771240234e+00 5.459010124206542969e+00 4.221960067749023438e+00 7.086338043212890625e+00 9.997234344482421875e+00 7.244300842285156250e+00 9.601100921630859375e+00 8.195280075073242188e+00 9.135883331298828125e+00 8.418963432312011719e+00 9.148577690124511719e+00 9.567878723144531250e+00 8.065630912780761719e+00
8.448069572448730469e+00 9.944551467895507812e+00 9.159898757934570312e+00 9.715703964233398438e+00 7.891977787017822266e+00 5.476381301879882812e+00 3.834179639816284180e+00 5.542866706848144531e+00 3.107768535614013672e+00 7.031479835510253906e+00 8.614404678344726562e+00 9.456243515014648438e+00 5.320111274719238281e+00 2.694075822830200195e+00 8.479705810546875000e+00 5.564389228820800781e+00 1.149571037292480469e+01 1.278606319427490234e+01 7.884309768676757812e+00 7.804072380065917969e+00
8.637948989868164062e+00 9.818285942077636719e+00 8.258681297302246094e+00 3.981584548950195312e+00 6.578180789947509766e+00 5.268526554107666016e+00 4.529956817626953125e+00 4.233249664306640625e+00 6.451383590698242188e+00 9.497943878173828125e+00 7.749164104461669922e+00 4.600263118743896484e+00 5.478693962097167969e+00 4.484485626220703125e+00 7.073488235473632812e+00 5.421728134155273438e+00 8.607615470886230469e+00 7.941976547241210938e+00 9.687829971313476562e+00 8.459262847900390625e+00
5.809480667114257812e+00 6.907059669494628906e+00 6.510608673095703125e+00 5.591030120849609375e+00 4.769732475280761719e+00 3.985515594482421875e+00 6.569340705871582031e+00 3.889872550964355469e+00 3.792405128479003906e+00 4.410713195800781250e+00 4.723402976989746094e+00 4.896181583404541016e+00 5.275367259979248047e+00 4.328444480895996094e+00 5.382750511169433594e+00 5.618470668792724609e+00 6.004860401153564453e+00 8.122234344482421875e+00 8.910699844360351562e+00 9.486439704895019531e+00
4.078051567077636719e+00 9.152847290039062500e+00 1.008470058441162109e+01 4.884847640991210938e+00 6.070136547088623047e+00 2.955614566802978516e+00 3.896634578704833984e+00 3.619305133819580078e+00 3.076970577239990234e+00 3.364712238311767578e+00 3.425083398818969727e+00 5.720813751220703125e+00 5.871709823608398438e+00 3.494077444076538086e+00 7.951568126678466797e+00 1.047418689727783203e+01 7.684641361236572266e+00 8.306496620178222656e+00 1.092865276336669922e+01 6.944645881652832031e+00
6.466726303100585938e+00 4.988455772399902344e+00 5.720840454101562500e+00 6.390640258789062500e+00 4.794238090515136719e+00 5.026128768920898438e+00 3.441154956817626953e+00 3.167516231536865234e+00 3.387335777282714844e+00 2.647829055786132812e+00 2.802539110183715820e+00 4.958977699279785156e+00 5.695624828338623047e+00 5.930951118469238281e+00 9.732069015502929688e+00 5.323690891265869141e+00 3.629555225372314453e+00 5.731274604797363281e+00 1.124038887023925781e+01 7.033353805541992188e+00
4.570161819458007812e+00 6.442249298095703125e+00 3.532077074050903320e+00 1.074049472808837891e+01 8.249997138977050781e+00 2.818861484527587891e+00 3.840488910675048828e+00 3.287524700164794922e+00 3.231649398803710938e+00 4.932251930236816406e+00 4.039969921112060547e+00 2.301640510559082031e+00 3.212535381317138672e+00 4.711895942687988281e+00 6.703689575195312500e+00 4.024721145629882812e+00 7.446043014526367188e+00 4.862061500549316406e+00 6.477285385131835938e+00 4.638954162597656250e+00
5.282722949981689453e+00 5.694775581359863281e+00 3.454941749572753906e+00 4.793937206268310547e+00 7.995995044708251953e+00 7.971459388732910156e+00 2.927483081817626953e+00 3.939918041229248047e+00 2.949947834014892578e+00 1.648739576339721680e+00 2.323688745498657227e+00 3.368771791458129883e+00 2.919146776199340820e+00 3.600215673446655273e+00 5.854359626770019531e+00 8.772830009460449219e+00 5.851024627685546875e+00 5.893675327301025391e+00 4.422842025756835938e+00 5.486683845520019531e+00
6.346568107604980469e+00 3.872038125991821289e+00 7.978919506072998047e+00 6.571439743041992188e+00 7.137366294860839844e+00 4.711217403411865234e+00 4.853904724121093750e+00 3.932414531707763672e+00 3.723262310028076172e+00 4.396157264709472656e+00 3.649775028228759766e+00 4.045716285705566406e+00 4.252370834350585938e+00 4.566828727722167969e+00 4.012441635131835938e+00 2.905836105346679688e+00 3.560973167419433594e+00 3.574357986450195312e+00 4.629258632659912109e+00 7.212011337280273438e+00
4.954343318939208984e+00 5.848255157470703125e+00 6.189645290374755859e+00 5.998441696166992188e+00 1.436604499816894531e+01 6.087809562683105469e+00 6.997913360595703125e+00 6.114398956298828125e+00 3.708587646484375000e+00 2.359354257583618164e+00 5.171485900878906250e+00 2.812372684478759766e+00 4.189487457275390625e+00 4.445167064666748047e+00 3.781838893890380859e+00 3.629647493362426758e+00 5.009141921997070312e+00 4.983333110809326172e+00 4.081530570983886719e+00 6.053019523620605469e+00
6.671365261077880859e+00 4.815301895141601562e+00 4.987901687622070312e+00 5.391784667968750000e+00 9.890178680419921875e+00 7.864568710327148438e+00 1.069533538818359375e+01 4.560626029968261719e+00 6.908438682556152344e+00 8.378140449523925781e+00 4.979290008544921875e+00 5.416512489318847656e+00 4.918426990509033203e+00 3.542574644088745117e+00 3.335054874420166016e+00 2.591992616653442383e+00 3.481739044189453125e+00 5.716915130615234375e+00 2.270127058029174805e+00 3.740279674530029297e+00
7.768707275390625000e+00 8.264376640319824219e+00 5.269681453704833984e+00 6.092905998229980469e+00 6.888635158538818359e+00 8.783641815185546875e+00 9.818342208862304688e+00 7.914539813995361328e+00 6.133046150207519531e+00 1.064379692077636719e+01 6.741692543029785156e+00 3.922628641128540039e+00 5.474760532379150391e+00 2.924017429351806641e+00 3.656611442565917969e+00 2.284142732620239258e+00 2.463864803314208984e+00 2.918552398681640625e+00 2.111451864242553711e+00 1.754399299621582031e+00
8.030599594116210938e+00 7.725591659545898438e+00 6.887127876281738281e+00 6.817978858947753906e+00 7.540065288543701172e+00 9.641111373901367188e+00 1.047733592987060547e+01 8.430438995361328125e+00 8.830524444580078125e+00 5.855454921722412109e+00 4.015867233276367188e+00 6.144056797027587891e+00 3.745594024658203125e+00 2.428422927856445312e+00 1.459896802902221680e+00 2.158246994018554688e+00 2.857351541519165039e+00 9.083533287048339844e-01 1.843287467956542969e+00 1.414860725402832031e+00
