2019-07-24 05:00:00
1.980158567428588867e+00 3.011965274810791016e+00 2.902201175689697266e+00 2.670191287994384766e+00 3.160791873931884766e+00 2.542591094970703125e+00 2.538444995880126953e+00 2.618188858032226562e+00 1.844022870063781738e+00 2.516957283020019531e+00 2.936457872390747070e+00 2.258118629455566406e+00 2.504948616027832031e+00 1.289773464202880859e+00 1.540663480758666992e+00 2.056431770324707031e+00 4.139220714569091797e+00 2.635834693908691406e+00 2.470238208770751953e+00 2.992474794387817383e+00
3.032573223114013672e+00 2.905089855194091797e+00 2.275102138519287109e+00 3.163111686706542969e+00 2.789589881896972656e+00 1.920045256614685059e+00 2.946697235107421875e+00 1.738132476806640625e+00 3.286417961120605469e+00 1.829086065292358398e+00 1.532287836074829102e+00 1.788716197013854980e+00 2.537256956100463867e+00 2.051867961883544922e+00 1.688290357589721680e+00 1.516822695732116699e+00 2.531313896179199219e+00 2.389455318450927734e+00 2.601603031158447266e+00 2.248092889785766602e+00
4.112847328186035156e+00 3.468915462493896484e+00 3.427590847015380859e+00 2.668998956680297852e+00 3.493249177932739258e+00 1.851195335388183594e+00 3.114003658294677734e+00 1.696745753288269043e+00 2.530111789703369141e+00 1.864981174468994141e+00 3.734392166137695312e+00 1.813817858695983887e+00 1.513769388198852539e+00 2.454380035400390625e+00 4.514449119567871094e+00 1.451572895050048828e+00 2.161557674407958984e+00 3.996944904327392578e+00 2.035859584808349609e+00 3.189828395843505859e+00
2.248068332672119141e+00 2.896032094955444336e+00 2.014214277267456055e+00 2.331830501556396484e+00 3.479758501052856445e+00 1.373504161834716797e+00 2.304033994674682617e+00 1.822311043739318848e+00 2.198602676391601562e+00 2.528379917144775391e+00 3.417065858840942383e+00 1.774538159370422363e+00 2.368180751800537109e+00 3.168758153915405273e+00 2.539505481719970703e+00 2.209621906280517578e+00 1.814119338989257812e+00 2.878388881683349609e+00 1.961278915405273438e+00 2.982142925262451172e+00
2.128761053085327148e+00 2.415387153625488281e+00 1.344028234481811523e+00 3.658990621566772461e+00 1.218979716300964355e+00 1.919882655143737793e+00 2.759631156921386719e+00 2.639949798583984375e+00 3.568565607070922852e+00 3.132584571838378906e+00 1.899244308471679688e+00 2.412025451660156250e+00 2.199438333511352539e+00 2.618130445480346680e+00 4.799373626708984375e+00 1.914727687835693359e+00 1.230455160140991211e+00 2.295701503753662109e+00 3.286052703857421875e+00 3.187678813934326172e+00
3.090616226196289062e+00 3.577534675598144531e+00 4.573473930358886719e+00 1.619170188903808594e+00 2.259790420532226562e+00 1.701106667518615723e+00 3.050113677978515625e+00 1.549904227256774902e+00 3.902753591537475586e+00 5.146354675292968750e+00 4.463311672210693359e+00 2.934337615966796875e+00 4.895065307617187500e+00 2.911537408828735352e+00 2.446128129959106445e+00 3.310484647750854492e+00 1.492402315139770508e+00 2.615840196609497070e+00 1.732478857040405273e+00 3.444560527801513672e+00
2.441998720169067383e+00 2.181421756744384766e+00 3.373639345169067383e+00 3.037554264068603516e+00 1.629650712013244629e+00 1.830289602279663086e+00 3.857387542724609375e+00 2.144660949707031250e+00 2.523431777954101562e+00 2.817700862884521484e+00 2.886125087738037109e+00 2.010766029357910156e+00 3.237871170043945312e+00 2.650280952453613281e+00 2.948830127716064453e+00 3.880245923995971680e+00 1.650822401046752930e+00 1.536053419113159180e+00 2.221738815307617188e+00 1.699629187583923340e+00
2.333129882812500000e+00 2.638496398925781250e+00 2.524235963821411133e+00 2.072812318801879883e+00 2.272539377212524414e+00 2.476031780242919922e+00 2.429586887359619141e+00 2.974800825119018555e+00 3.234090089797973633e+00 3.219878196716308594e+00 2.631249189376831055e+00 3.396760940551757812e+00 2.667071342468261719e+00 3.107135295867919922e+00 2.061445474624633789e+00 3.043577194213867188e+00 3.189077377319335938e+00 1.444085121154785156e+00 2.524421215057373047e+00 3.163140773773193359e+00
1.713065743446350098e+00 2.858665943145751953e+00 3.089697122573852539e+00 2.201597690582275391e+00 2.938412904739379883e+00 2.602189779281616211e+00 2.148741722106933594e+00 2.399681091308593750e+00 2.248469352722167969e+00 3.049603700637817383e+00 2.506736040115356445e+00 3.160513877868652344e+00 4.551794052124023438e+00 4.630870342254638672e+00 3.613604307174682617e+00 3.780360937118530273e+00 2.780409574508666992e+00 1.310980439186096191e+00 3.222776889801025391e+00 2.319545984268188477e+00
2.379818439483642578e+00 3.357671260833740234e+00 2.595530509948730469e+00 3.454415321350097656e+00 1.861230373382568359e+00 2.843993663787841797e+00 3.814853906631469727e+00 1.910157322883605957e+00 2.003137826919555664e+00 1.920386552810668945e+00 2.868678569793701172e+00 2.837259769439697266e+00 3.965180873870849609e+00 1.867716670036315918e+00 2.287858247756958008e+00 2.234076023101806641e+00 3.731659173965454102e+00 1.746932506561279297e+00 1.954797744750976562e+00 2.355898857116699219e+00
2.466634273529052734e+00 2.052071094512939453e+00 2.919043779373168945e+00 2.325683116912841797e+00 2.440377235412597656e+00 3.126015663146972656e+00 1.837302803993225098e+00 2.382054328918457031e+00 2.746307849884033203e+00 2.310280799865722656e+00 1.725184679031372070e+00 3.957446575164794922e+00 3.086422443389892578e+00 5.427111625671386719e+00 2.509864330291748047e+00 2.071537971496582031e+00 2.797582626342773438e+00 1.596598148345947266e+00 2.637248992919921875e+00 1.940820693969726562e+00
4.030960083007812500e+00 4.100508213043212891e+00 3.094479560852050781e+00 3.214622497558593750e+00 2.399167776107788086e+00 3.053186178207397461e+00 2.805513143539428711e+00 3.166102170944213867e+00 3.588889122009277344e+00 2.020418882369995117e+00 3.275226116180419922e+00 2.321141242980957031e+00 2.696180105209350586e+00 2.410995483398437500e+00 2.271310806274414062e+00 1.879924058914184570e+00 4.161463737487792969e+00 2.616572141647338867e+00 2.220535278320312500e+00 2.601632595062255859e+00
2.722013950347900391e+00 3.689883232116699219e+00 2.567102909088134766e+00 2.903407573699951172e+00 1.895614624023437500e+00 2.008099079132080078e+00 2.760990142822265625e+00 1.941792368888854980e+00 2.291799545288085938e+00 3.031772136688232422e+00 2.690812110900878906e+00 3.550370693206787109e+00 2.403428316116333008e+00 2.529754638671875000e+00 3.033058643341064453e+00 2.557500362396240234e+00 3.237718105316162109e+00 2.821385383605957031e+00 2.678417444229125977e+00 1.692404747009277344e+00
2.116867065429687500e+00 2.741728305816650391e+00 3.551373720169067383e+00 2.999916076660156250e+00 2.990796089172363281e+00 2.661459445953369141e+00 3.091985702514648438e+00 2.547233581542968750e+00 2.624767780303955078e+00 3.620804548263549805e+00 3.553705930709838867e+00 2.421335220336914062e+00 3.500328063964843750e+00 3.182711839675903320e+00 1.641159892082214355e+00 2.710389852523803711e+00 3.296555757522583008e+00 1.828232526779174805e+00 4.151210784912109375e+00 2.279413223266601562e+00
3.440674304962158203e+00 3.495135545730590820e+00 2.744794368743896484e+00 3.308563709259033203e+00 1.768537163734436035e+00 2.446358680725097656e+00 2.729197502136230469e+00 2.824038505554199219e+00 2.058767080307006836e+00 2.980944395065307617e+00 3.507053375244140625e+00 3.495102405548095703e+00 4.064950466156005859e+00 3.944872379302978516e+00 3.004340171813964844e+00 1.594042301177978516e+00 2.864633083343505859e+00 1.770158529281616211e+00 1.897238254547119141e+00 2.739340305328369141e+00
2.697790622711181641e+00 2.146363973617553711e+00 1.713356733322143555e+00 2.218267440795898438e+00 1.996362924575805664e+00 1.309989452362060547e+00 1.888079285621643066e+00 2.633594036102294922e+00 3.040447711944580078e+00 3.239085435867309570e+00 2.908534765243530273e+00 3.849073886871337891e+00 4.553853034973144531e+00 2.666166782379150391e+00 2.060776233673095703e+00 2.047632694244384766e+00 2.218129158020019531e+00 2.746867418289184570e+00 2.509838342666625977e+00 1.762252211570739746e+00
2.932116985321044922e+00 2.272207736968994141e+00 2.669949531555175781e+00 1.873367786407470703e+00 2.766317605972290039e+00 1.068404674530029297e+00 1.568697452545166016e+00 2.229264259338378906e+00 3.394915580749511719e+00 3.462244510650634766e+00 2.764292240142822266e+00 2.203423261642456055e+00 3.615589141845703125e+00 3.063218593597412109e+00 2.262767791748046875e+00 2.722986221313476562e+00 2.359185457229614258e+00 2.604839801788330078e+00 2.157277107238769531e+00 2.733599185943603516e+00
1.884866237640380859e+00 1.955149412155151367e+00 2.488835096359252930e+00 2.155974149703979492e+00 3.046851873397827148e+00 2.226866483688354492e+00 3.531368494033813477e+00 3.005451679229736328e+00 1.489219188690185547e+00 2.712242603302001953e+00 2.504995822906494141e+00 2.349273920059204102e+00 2.210906982421875000e+00 3.689116001129150391e+00 2.290265560150146484e+00 2.971478939056396484e+00 2.800392150878906250e+00 2.692939758300781250e+00 2.187683105468750000e+00 1.718528270721435547e+00
1.631104469299316406e+00 2.963945865631103516e+00 2.968928813934326172e+00 2.479867935180664062e+00 2.001440525054931641e+00 2.407400608062744141e+00 2.959232807159423828e+00 2.160832166671752930e+00 1.650207519531250000e+00 2.525576591491699219e+00 1.042976856231689453e+00 2.993329763412475586e+00 2.216192722320556641e+00 3.176107883453369141e+00 1.973274946212768555e+00 2.854067802429199219e+00 1.778684854507446289e+00 2.671797275543212891e+00 4.022406578063964844e+00 2.056445360183715820e+00
1.851911425590515137e+00 2.390853166580200195e+00 2.845882177352905273e+00 2.794768810272216797e+00 2.918475866317749023e+00 2.383177042007446289e+00 2.357809305191040039e+00 2.630417108535766602e+00 1.560252904891967773e+00 2.036315917968750000e+00 3.253557682037353516e+00 3.343936204910278320e+00 3.225525379180908203e+00 2.779382944107055664e+00 2.346826553344726562e+00 2.387948751449584961e+00 4.194977760314941406e+00 2.701087474822998047e+00 2.159501075744628906e+00 1.580119967460632324e+00
