2019-07-24 05:15:00
7.777585029602050781e+00 8.030811309814453125e+00 2.480895996093750000e+00 1.856448769569396973e+00 2.488574028015136719e+00 3.825718164443969727e+00 4.079714775085449219e+00 4.551893234252929688e+00 4.281246185302734375e+00 5.505019187927246094e+00 4.316043853759765625e+00 3.340818881988525391e+00 2.964883327484130859e+00 3.215706348419189453e+00 2.553947448730468750e+00 6.564886093139648438e+00 4.875700950622558594e+00 2.959038257598876953e+00 2.218896389007568359e+00 3.072538375854492188e+00
6.296985626220703125e+00 2.574695587158203125e+00 5.190095901489257812e+00 4.507399559020996094e+00 4.086426258087158203e+00 4.352513790130615234e+00 2.818707466125488281e+00 2.686243057250976562e+00 2.414744853973388672e+00 3.837385177612304688e+00 3.255023717880249023e+00 4.120885848999023438e+00 1.892103910446166992e+00 4.035221099853515625e+00 3.079297542572021484e+00 2.773550748825073242e+00 2.666563510894775391e+00 5.881396770477294922e+00 4.261655807495117188e+00 3.302387237548828125e+00
6.863139152526855469e+00 3.713631153106689453e+00 5.762480735778808594e+00 6.193073272705078125e+00 3.757383346557617188e+00 2.922920227050781250e+00 3.546436548233032227e+00 2.009904623031616211e+00 2.826886177062988281e+00 4.584132194519042969e+00 3.856711864471435547e+00 3.460484504699707031e+00 2.857213973999023438e+00 5.375616550445556641e+00 5.467355728149414062e+00 2.315115451812744141e+00 3.979535818099975586e+00 5.502407073974609375e+00 3.690553188323974609e+00 2.595187902450561523e+00
3.244325637817382812e+00 2.461098670959472656e+00 5.227324962615966797e+00 5.273794174194335938e+00 3.231583833694458008e+00 3.382377386093139648e+00 4.109714031219482422e+00 4.488662719726562500e+00 5.100455284118652344e+00 4.600990772247314453e+00 2.916068553924560547e+00 4.007780075073242188e+00 4.136347770690917969e+00 2.298190593719482422e+00 5.044492721557617188e+00 2.487182378768920898e+00 1.559781074523925781e+00 4.974706172943115234e+00 2.392107248306274414e+00 4.473908901214599609e+00
2.346494197845458984e+00 2.911349296569824219e+00 3.375942230224609375e+00 2.744710206985473633e+00 4.042226791381835938e+00 4.626193523406982422e+00 3.297493457794189453e+00 2.582416534423828125e+00 4.972118377685546875e+00 2.805441379547119141e+00 4.094834804534912109e+00 3.999424457550048828e+00 5.444398403167724609e+00 3.914016246795654297e+00 4.711645126342773438e+00 5.652288436889648438e+00 2.797014236450195312e+00 5.469748973846435547e+00 4.973983764648437500e+00 3.241873264312744141e+00
6.955574512481689453e+00 4.556322097778320312e+00 5.269045352935791016e+00 7.792338371276855469e+00 4.627713680267333984e+00 6.344668388366699219e+00 2.759226799011230469e+00 2.009498119354248047e+00 5.915347099304199219e+00 5.448210716247558594e+00 4.940796375274658203e+00 3.313679695129394531e+00 6.712931156158447266e+00 3.349654436111450195e+00 2.991407394409179688e+00 3.906841754913330078e+00 2.153044223785400391e+00 1.999060392379760742e+00 5.145837783813476562e+00 2.219605445861816406e+00
4.336013317108154297e+00 6.872727870941162109e+00 6.844955444335937500e+00 6.799652576446533203e+00 2.383449792861938477e+00 2.947615623474121094e+00 3.259149551391601562e+00 6.737253189086914062e+00 4.223131179809570312e+00 2.718722820281982422e+00 2.198585033416748047e+00 2.884231567382812500e+00 3.036268949508666992e+00 3.588710546493530273e+00 3.777796506881713867e+00 7.243535041809082031e+00 3.515234947204589844e+00 1.837643146514892578e+00 7.729308128356933594e+00 5.145305156707763672e+00
5.084534645080566406e+00 3.197486877441406250e+00 3.680531978607177734e+00 5.738693714141845703e+00 4.750731945037841797e+00 2.885309219360351562e+00 3.395296335220336914e+00 2.622111558914184570e+00 2.543377399444580078e+00 2.555583953857421875e+00 2.735279560089111328e+00 3.065979480743408203e+00 4.249722957611083984e+00 3.604666709899902344e+00 2.881697177886962891e+00 3.075798988342285156e+00 6.248405456542968750e+00 2.770917892456054688e+00 7.365695476531982422e+00 2.144881248474121094e+00
2.131359100341796875e+00 2.018389463424682617e+00 3.078576087951660156e+00 6.104303836822509766e+00 5.189539432525634766e+00 3.050690412521362305e+00 3.260559558868408203e+00 2.638722658157348633e+00 2.241927146911621094e+00 3.392298936843872070e+00 2.974901914596557617e+00 2.859547138214111328e+00 3.062133550643920898e+00 4.686655044555664062e+00 3.628504753112792969e+00 4.725044250488281250e+00 6.445688247680664062e+00 1.959937930107116699e+00 2.050858497619628906e+00 2.977546215057373047e+00
2.764429092407226562e+00 2.167784214019775391e+00 2.429936885833740234e+00 3.147060871124267578e+00 2.974969387054443359e+00 3.624783039093017578e+00 3.495408058166503906e+00 4.047991752624511719e+00 6.015050888061523438e+00 2.484325885772705078e+00 4.721437454223632812e+00 3.872816324234008789e+00 6.136140823364257812e+00 2.616468429565429688e+00 2.133353710174560547e+00 2.593173027038574219e+00 8.549164772033691406e+00 2.435475826263427734e+00 3.289036750793457031e+00 1.969260931015014648e+00
2.421406745910644531e+00 3.020401954650878906e+00 3.745243549346923828e+00 4.403266906738281250e+00 2.904385566711425781e+00 4.329461097717285156e+00 4.174242496490478516e+00 2.862393140792846680e+00 3.780789375305175781e+00 2.822978496551513672e+00 3.871454715728759766e+00 3.635069608688354492e+00 4.889018058776855469e+00 3.700179100036621094e+00 2.678864479064941406e+00 3.787358760833740234e+00 4.479475975036621094e+00 4.925731182098388672e+00 2.446568965911865234e+00 3.165302038192749023e+00
2.541704893112182617e+00 2.083896636962890625e+00 3.057739734649658203e+00 2.564853668212890625e+00 5.146515369415283203e+00 2.437218904495239258e+00 2.691333293914794922e+00 2.592022180557250977e+00 2.725720882415771484e+00 2.496921062469482422e+00 2.425258874893188477e+00 3.467323780059814453e+00 2.336318969726562500e+00 4.228394031524658203e+00 3.393540143966674805e+00 4.939484596252441406e+00 4.017038345336914062e+00 4.153356552124023438e+00 3.930990457534790039e+00 2.975319385528564453e+00
4.088112831115722656e+00 3.338169336318969727e+00 1.787112951278686523e+00 2.306655168533325195e+00 4.215039730072021484e+00 3.084211826324462891e+00 3.320144176483154297e+00 2.869908332824707031e+00 3.007176637649536133e+00 2.165112972259521484e+00 3.236182212829589844e+00 2.736961603164672852e+00 2.635172843933105469e+00 3.649783611297607422e+00 1.996565103530883789e+00 3.322324752807617188e+00 3.046525001525878906e+00 3.581487178802490234e+00 2.297488689422607422e+00 3.395315170288085938e+00
2.450886726379394531e+00 3.518383502960205078e+00 3.564105510711669922e+00 2.766192913055419922e+00 2.736229419708251953e+00 2.580632686614990234e+00 4.970880508422851562e+00 3.108992576599121094e+00 2.864956855773925781e+00 3.711182117462158203e+00 3.757547616958618164e+00 2.349510669708251953e+00 4.165042400360107422e+00 2.141580820083618164e+00 2.776287078857421875e+00 2.062862157821655273e+00 1.141944885253906250e+00 3.204426288604736328e+00 2.592744350433349609e+00 2.351714134216308594e+00
2.842701911926269531e+00 4.185879707336425781e+00 2.054080486297607422e+00 2.823641777038574219e+00 1.887524366378784180e+00 2.944317340850830078e+00 3.305614233016967773e+00 3.485840797424316406e+00 3.066045284271240234e+00 3.072214126586914062e+00 3.047963619232177734e+00 2.661289215087890625e+00 2.374396800994873047e+00 3.609912872314453125e+00 2.462728261947631836e+00 2.160423517227172852e+00 1.773972272872924805e+00 3.827056646347045898e+00 2.431734800338745117e+00 5.834702491760253906e+00
3.211169719696044922e+00 2.814609050750732422e+00 3.181837558746337891e+00 4.419312477111816406e+00 2.617753505706787109e+00 2.978412628173828125e+00 2.353540182113647461e+00 3.205726623535156250e+00 2.556957244873046875e+00 3.870554685592651367e+00 2.640753746032714844e+00 1.854306459426879883e+00 2.633912324905395508e+00 3.824064731597900391e+00 3.119138240814208984e+00 3.014617919921875000e+00 3.412583351135253906e+00 3.136985063552856445e+00 2.848804950714111328e+00 5.547643661499023438e+00
2.807211399078369141e+00 3.628354072570800781e+00 3.625830888748168945e+00 2.534861087799072266e+00 2.914788007736206055e+00 1.700266599655151367e+00 4.098584175109863281e+00 3.026273250579833984e+00 3.924178123474121094e+00 3.163789749145507812e+00 2.131022930145263672e+00 3.360602617263793945e+00 3.351701259613037109e+00 3.011663913726806641e+00 3.021152973175048828e+00 3.313793420791625977e+00 2.862846374511718750e+00 1.829719066619873047e+00 2.226735353469848633e+00 5.909110069274902344e+00
2.349746227264404297e+00 3.470205307006835938e+00 3.459506511688232422e+00 2.844186782836914062e+00 2.554411411285400391e+00 2.103118419647216797e+00 2.792798757553100586e+00 3.563721895217895508e+00 3.121624231338500977e+00 4.311581611633300781e+00 2.413073539733886719e+00 2.141970396041870117e+00 3.735964775085449219e+00 3.029667615890502930e+00 2.493970394134521484e+00 2.741471767425537109e+00 2.624448060989379883e+00 2.588960409164428711e+00 2.138079166412353516e+00 2.708766460418701172e+00
3.667548894882202148e+00 3.519069433212280273e+00 3.770356416702270508e+00 2.868440389633178711e+00 2.520715475082397461e+00 3.244277477264404297e+00 3.843415737152099609e+00 3.465493202209472656e+00 2.426370382308959961e+00 3.034179449081420898e+00 3.641066551208496094e+00 3.350648880004882812e+00 2.900503158569335938e+00 2.590024471282958984e+00 3.289373397827148438e+00 1.591027259826660156e+00 2.803291320800781250e+00 1.967774629592895508e+00 3.279691457748413086e+00 2.140210866928100586e+00
3.329379558563232422e+00 3.328897714614868164e+00 2.980277299880981445e+00 1.757006406784057617e+00 2.606327056884765625e+00 3.067821025848388672e+00 4.855156421661376953e+00 2.739501476287841797e+00 2.448857069015502930e+00 7.778094291687011719e+00 4.600075721740722656e+00 4.201500892639160156e+00 4.798162460327148438e+00 2.681770563125610352e+00 2.032115459442138672e+00 2.811866760253906250e+00 2.118309974670410156e+00 2.357703208923339844e+00 3.539037227630615234e+00 2.557386398315429688e+00
