2019-07-24 05:30:00
3.896311759948730469e+00 5.045986652374267578e+00 4.425930976867675781e+00 3.055637359619140625e+00 4.199009895324707031e+00 3.858943462371826172e+00 3.775859594345092773e+00 3.290305614471435547e+00 5.918229579925537109e+00 4.280784606933593750e+00 4.427069664001464844e+00 3.492607593536376953e+00 5.192162990570068359e+00 3.614541530609130859e+00 3.167248964309692383e+00 5.825963020324707031e+00 6.504017829895019531e+00 4.038887023925781250e+00 3.072539329528808594e+00 3.014481067657470703e+00
3.831746101379394531e+00 3.535512685775756836e+00 6.592871665954589844e+00 3.064414024353027344e+00 6.459850311279296875e+00 3.029254913330078125e+00 3.753267049789428711e+00 3.651790380477905273e+00 2.540801763534545898e+00 3.370798587799072266e+00 2.879746198654174805e+00 3.414731025695800781e+00 4.174695014953613281e+00 6.704871177673339844e+00 4.240981101989746094e+00 3.504077911376953125e+00 6.469778537750244141e+00 5.387076854705810547e+00 5.876770019531250000e+00 4.364317893981933594e+00
6.639982223510742188e+00 3.744610786437988281e+00 7.126000404357910156e+00 6.319153785705566406e+00 7.036868572235107422e+00 5.610877037048339844e+00 8.067750930786132812e+00 2.868465662002563477e+00 5.234615802764892578e+00 2.666850566864013672e+00 4.792676925659179688e+00 5.428579330444335938e+00 2.632238864898681641e+00 5.898200988769531250e+00 3.893864870071411133e+00 3.249907493591308594e+00 6.785487174987792969e+00 8.926640510559082031e+00 4.475947856903076172e+00 3.860126256942749023e+00
3.671149969100952148e+00 6.916563987731933594e+00 8.332548141479492188e+00 9.478614807128906250e+00 4.829942703247070312e+00 4.190840244293212891e+00 3.450729370117187500e+00 3.612508058547973633e+00 2.429468154907226562e+00 5.674040794372558594e+00 5.409197807312011719e+00 9.680756568908691406e+00 4.589190483093261719e+00 3.819198369979858398e+00 5.772955894470214844e+00 1.942731380462646484e+00 2.187079668045043945e+00 4.168407440185546875e+00 2.930848360061645508e+00 3.876755952835083008e+00
2.684735536575317383e+00 3.180693626403808594e+00 3.040023326873779297e+00 3.656764984130859375e+00 4.180395126342773438e+00 8.566349029541015625e+00 3.209764480590820312e+00 5.644368648529052734e+00 2.845894336700439453e+00 3.939750194549560547e+00 7.852586746215820312e+00 3.866688251495361328e+00 4.916464328765869141e+00 4.210065364837646484e+00 7.298221588134765625e+00 6.013010025024414062e+00 3.619638919830322266e+00 6.268926620483398438e+00 7.661548137664794922e+00 3.024420261383056641e+00
6.447362899780273438e+00 3.665667295455932617e+00 6.056606292724609375e+00 5.436921119689941406e+00 4.306725502014160156e+00 4.539943218231201172e+00 1.943132162094116211e+00 7.063073158264160156e+00 8.795062065124511719e+00 6.663495063781738281e+00 5.261263847351074219e+00 6.192563056945800781e+00 4.487836837768554688e+00 4.067672729492187500e+00 3.727637290954589844e+00 5.552244186401367188e+00 2.605830192565917969e+00 5.299092292785644531e+00 5.413141727447509766e+00 2.757067918777465820e+00
5.139581680297851562e+00 8.042757987976074219e+00 3.296635150909423828e+00 5.783409118652343750e+00 4.996270179748535156e+00 7.241512298583984375e+00 3.672780036926269531e+00 6.886524200439453125e+00 3.068369865417480469e+00 2.694561958312988281e+00 4.409755706787109375e+00 2.413669109344482422e+00 6.452987670898437500e+00 8.094585418701171875e+00 3.248257160186767578e+00 8.319784164428710938e+00 3.154514074325561523e+00 4.541002273559570312e+00 6.355277061462402344e+00 6.668435096740722656e+00
5.117524147033691406e+00 4.926644802093505859e+00 4.326631546020507812e+00 6.172158718109130859e+00 4.667909622192382812e+00 4.245152473449707031e+00 3.949819326400756836e+00 3.869238853454589844e+00 3.114470481872558594e+00 2.605286598205566406e+00 3.140370368957519531e+00 3.289785385131835938e+00 5.117757797241210938e+00 4.760784149169921875e+00 3.472180128097534180e+00 3.328503847122192383e+00 6.183561325073242188e+00 3.507117271423339844e+00 5.668518066406250000e+00 4.014701366424560547e+00
4.368326187133789062e+00 3.292917728424072266e+00 5.807863235473632812e+00 3.880302667617797852e+00 6.503165245056152344e+00 2.820457935333251953e+00 2.466135740280151367e+00 4.999451637268066406e+00 1.870674490928649902e+00 2.518082618713378906e+00 3.180367469787597656e+00 4.463247299194335938e+00 6.327121257781982422e+00 5.203718185424804688e+00 5.160589218139648438e+00 4.875741958618164062e+00 3.231805324554443359e+00 1.730071544647216797e+00 4.329159736633300781e+00 3.205968141555786133e+00
6.107853412628173828e+00 5.251228809356689453e+00 4.472342491149902344e+00 3.032568216323852539e+00 2.452067613601684570e+00 3.673903465270996094e+00 3.597811698913574219e+00 4.049434661865234375e+00 2.917926788330078125e+00 4.210824966430664062e+00 6.840330123901367188e+00 4.092190265655517578e+00 2.872099161148071289e+00 3.724728345870971680e+00 3.274443149566650391e+00 4.252629756927490234e+00 5.336277961730957031e+00 3.216665267944335938e+00 3.777998208999633789e+00 4.402601718902587891e+00
1.777016162872314453e+00 5.003590583801269531e+00 3.577959060668945312e+00 1.926009058952331543e+00 2.200356960296630859e+00 2.748867273330688477e+00 2.634126186370849609e+00 3.436220407485961914e+00 1.967568635940551758e+00 3.100930929183959961e+00 3.176627635955810547e+00 4.136053085327148438e+00 4.651977539062500000e+00 4.386828422546386719e+00 4.016386985778808594e+00 2.507313728332519531e+00 4.074581146240234375e+00 4.022720813751220703e+00 3.823712348937988281e+00 4.172673225402832031e+00
2.334010601043701172e+00 3.702218532562255859e+00 2.919539928436279297e+00 2.963756084442138672e+00 3.679529905319213867e+00 2.920202970504760742e+00 3.007423162460327148e+00 2.653119802474975586e+00 2.873459100723266602e+00 4.156785011291503906e+00 2.647256612777709961e+00 3.312112808227539062e+00 3.234809160232543945e+00 3.612455368041992188e+00 1.768968820571899414e+00 5.190140724182128906e+00 4.565188407897949219e+00 4.384053230285644531e+00 2.859679222106933594e+00 2.205323696136474609e+00
2.767608642578125000e+00 2.664749622344970703e+00 3.538659572601318359e+00 3.555572986602783203e+00 3.763771057128906250e+00 2.509615659713745117e+00 2.741493225097656250e+00 3.142730712890625000e+00 4.314849853515625000e+00 3.840650558471679688e+00 4.758847236633300781e+00 3.197040557861328125e+00 4.302284240722656250e+00 3.407789707183837891e+00 3.967946052551269531e+00 3.878384590148925781e+00 2.563861131668090820e+00 3.378834247589111328e+00 6.024559974670410156e+00 2.779127597808837891e+00
3.231562137603759766e+00 4.459790706634521484e+00 4.457213878631591797e+00 1.710531592369079590e+00 3.047801971435546875e+00 3.024117469787597656e+00 3.461861133575439453e+00 4.067935943603515625e+00 4.419983863830566406e+00 2.667110443115234375e+00 4.015241146087646484e+00 2.784827232360839844e+00 4.296933174133300781e+00 3.282237052917480469e+00 2.115427732467651367e+00 3.614241600036621094e+00 4.532895088195800781e+00 3.345599889755249023e+00 3.721270084381103516e+00 3.363589525222778320e+00
2.580033540725708008e+00 3.222926139831542969e+00 3.461998701095581055e+00 1.998106122016906738e+00 5.333748817443847656e+00 2.281479358673095703e+00 4.112286090850830078e+00 2.318395137786865234e+00 3.420431375503540039e+00 2.683183431625366211e+00 3.109123229980468750e+00 2.134134531021118164e+00 2.948907852172851562e+00 2.630333662033081055e+00 3.054838180541992188e+00 2.800335407257080078e+00 4.566893100738525391e+00 3.332234859466552734e+00 3.035342693328857422e+00 4.642745971679687500e+00
4.504182815551757812e+00 2.981971979141235352e+00 3.188234806060791016e+00 4.285462379455566406e+00 3.027826070785522461e+00 3.592251300811767578e+00 2.510618925094604492e+00 3.347007513046264648e+00 1.891623020172119141e+00 2.789488792419433594e+00 4.032176971435546875e+00 3.544142484664916992e+00 3.918528318405151367e+00 2.382459640502929688e+00 3.570626497268676758e+00 3.471029758453369141e+00 4.377396583557128906e+00 3.293321371078491211e+00 2.726312875747680664e+00 6.851528167724609375e+00
2.417449474334716797e+00 2.512473821640014648e+00 4.120395183563232422e+00 3.788650035858154297e+00 7.122376441955566406e+00 2.310014247894287109e+00 3.937612771987915039e+00 4.374439239501953125e+00 4.546527385711669922e+00 3.330175638198852539e+00 4.112721443176269531e+00 3.819845199584960938e+00 2.735963582992553711e+00 3.106270313262939453e+00 3.721656322479248047e+00 2.069045543670654297e+00 4.624090194702148438e+00 3.791743755340576172e+00 2.881982326507568359e+00 3.780441761016845703e+00
2.645745277404785156e+00 3.007538318634033203e+00 3.266397237777709961e+00 3.070476770401000977e+00 5.064837455749511719e+00 3.032683610916137695e+00 5.843691349029541016e+00 3.786290645599365234e+00 3.353233814239501953e+00 5.021035671234130859e+00 4.704521179199218750e+00 3.521167278289794922e+00 4.236906051635742188e+00 4.009800434112548828e+00 3.430883646011352539e+00 2.821678638458251953e+00 3.970964431762695312e+00 4.889476776123046875e+00 3.343579292297363281e+00 2.939059734344482422e+00
3.789221286773681641e+00 4.681107997894287109e+00 2.728240489959716797e+00 2.676681756973266602e+00 3.508945465087890625e+00 4.619754314422607422e+00 3.508856058120727539e+00 2.955292701721191406e+00 3.394677877426147461e+00 4.394352912902832031e+00 6.547519207000732422e+00 6.413923263549804688e+00 3.961095571517944336e+00 2.149615764617919922e+00 4.230560302734375000e+00 3.839804172515869141e+00 2.542015075683593750e+00 3.430600643157958984e+00 4.253066062927246094e+00 4.004765510559082031e+00
4.282568931579589844e+00 7.189321994781494141e+00 4.088853836059570312e+00 5.784432411193847656e+00 5.309092998504638672e+00 4.109825134277343750e+00 4.930585384368896484e+00 3.403368473052978516e+00 6.877449989318847656e+00 5.851490974426269531e+00 7.466690540313720703e+00 7.837709903717041016e+00 6.350743770599365234e+00 3.264353275299072266e+00 5.522655487060546875e+00 3.518116474151611328e+00 3.657437086105346680e+00 3.967387676239013672e+00 3.936173915863037109e+00 4.236217498779296875e+00
