2019-07-24 06:15:00
4.105106353759765625e+00 4.891779899597167969e+00 4.166800498962402344e+00 3.707210540771484375e+00 3.528469085693359375e+00 2.827049493789672852e+00 3.783557653427124023e+00 3.372257709503173828e+00 8.193462371826171875e+00 3.861838102340698242e+00 4.090645790100097656e+00 3.355171680450439453e+00 7.349315643310546875e+00 2.250115156173706055e+00 3.467746734619140625e+00 5.637565612792968750e+00 4.762135982513427734e+00 3.707808971405029297e+00 2.420419931411743164e+00 2.770468235015869141e+00
5.416127681732177734e+00 7.204708576202392578e+00 4.036326408386230469e+00 6.069225788116455078e+00 6.322326660156250000e+00 4.179931163787841797e+00 3.951296329498291016e+00 4.399084091186523438e+00 3.073341846466064453e+00 3.529330015182495117e+00 3.216230630874633789e+00 2.797199726104736328e+00 2.420603275299072266e+00 4.937077999114990234e+00 4.239327907562255859e+00 4.064099311828613281e+00 8.621871948242187500e+00 4.933068275451660156e+00 2.727907180786132812e+00 3.376789808273315430e+00
7.182480335235595703e+00 6.687303543090820312e+00 6.419251441955566406e+00 6.388098716735839844e+00 5.034904479980468750e+00 6.021806240081787109e+00 6.672311782836914062e+00 3.140097141265869141e+00 3.978656768798828125e+00 3.536077499389648438e+00 7.389926433563232422e+00 7.273086547851562500e+00 4.033737182617187500e+00 4.623703002929687500e+00 5.963055610656738281e+00 2.328970909118652344e+00 7.279993534088134766e+00 3.877613067626953125e+00 3.246066093444824219e+00 4.540101528167724609e+00
3.365246772766113281e+00 3.071165800094604492e+00 9.051284790039062500e+00 5.349056720733642578e+00 4.193115711212158203e+00 4.243324279785156250e+00 3.640125751495361328e+00 3.803308725357055664e+00 3.113158702850341797e+00 5.605381011962890625e+00 5.051275253295898438e+00 5.571722030639648438e+00 2.914098739624023438e+00 2.846924304962158203e+00 5.990366935729980469e+00 4.033602714538574219e+00 2.124749183654785156e+00 5.123350143432617188e+00 2.815291881561279297e+00 2.801582813262939453e+00
3.118126392364501953e+00 4.362146377563476562e+00 3.289767503738403320e+00 3.330302715301513672e+00 4.010225772857666016e+00 6.031392574310302734e+00 3.313779830932617188e+00 7.058507919311523438e+00 8.934374809265136719e+00 8.165120124816894531e+00 8.812626838684082031e+00 6.891205310821533203e+00 6.111114501953125000e+00 3.134529590606689453e+00 5.353349208831787109e+00 6.167574882507324219e+00 2.328805446624755859e+00 6.835355281829833984e+00 5.221886634826660156e+00 3.499778270721435547e+00
5.594520568847656250e+00 3.415989637374877930e+00 4.487678050994873047e+00 6.349428653717041016e+00 4.772447109222412109e+00 6.405119895935058594e+00 3.616109609603881836e+00 4.004965305328369141e+00 5.498816013336181641e+00 4.671303272247314453e+00 5.904962539672851562e+00 4.240967750549316406e+00 5.131353378295898438e+00 2.845608711242675781e+00 2.815446615219116211e+00 4.816299915313720703e+00 3.098866939544677734e+00 4.449467658996582031e+00 3.686038732528686523e+00 3.197283744812011719e+00
9.031774520874023438e+00 6.248941421508789062e+00 6.763024330139160156e+00 7.308419704437255859e+00 6.847513198852539062e+00 6.942009449005126953e+00 5.143566131591796875e+00 2.942260742187500000e+00 3.303606271743774414e+00 2.947776317596435547e+00 3.056411266326904297e+00 3.011954307556152344e+00 7.401229858398437500e+00 1.094986343383789062e+01 3.070210695266723633e+00 7.024357318878173828e+00 2.296955585479736328e+00 3.255748271942138672e+00 6.533010005950927734e+00 9.826965332031250000e+00
6.477552890777587891e+00 3.692052364349365234e+00 5.094383716583251953e+00 8.796925544738769531e+00 1.177778816223144531e+01 3.462711334228515625e+00 5.065599918365478516e+00 3.509684085845947266e+00 3.586968898773193359e+00 4.056199073791503906e+00 3.260149002075195312e+00 2.858413696289062500e+00 4.882030010223388672e+00 6.485262870788574219e+00 3.076845645904541016e+00 3.665862083435058594e+00 5.648153305053710938e+00 3.479984045028686523e+00 3.677143335342407227e+00 3.250260114669799805e+00
3.683883190155029297e+00 4.583590507507324219e+00 6.289584159851074219e+00 6.154256820678710938e+00 6.597176074981689453e+00 2.872052192687988281e+00 4.571189880371093750e+00 4.115939617156982422e+00 3.564172744750976562e+00 3.067741632461547852e+00 2.702193975448608398e+00 3.234077215194702148e+00 5.047076702117919922e+00 4.785897254943847656e+00 5.868631839752197266e+00 3.716307163238525391e+00 6.630441665649414062e+00 3.264995098114013672e+00 3.422668457031250000e+00 2.282297849655151367e+00
6.217146873474121094e+00 4.638923168182373047e+00 2.932195663452148438e+00 5.062275886535644531e+00 3.766307830810546875e+00 3.231118679046630859e+00 4.333940505981445312e+00 1.613881468772888184e+00 5.918574333190917969e+00 8.218226432800292969e+00 4.329104423522949219e+00 3.903765678405761719e+00 5.479929924011230469e+00 3.699856281280517578e+00 2.644018173217773438e+00 3.708600044250488281e+00 5.261366367340087891e+00 1.813438892364501953e+00 3.828238725662231445e+00 3.253134489059448242e+00
4.045406341552734375e+00 2.233257293701171875e+00 3.271986961364746094e+00 3.009878396987915039e+00 3.420365095138549805e+00 3.506134986877441406e+00 3.530948638916015625e+00 3.802202463150024414e+00 4.085785865783691406e+00 3.950002431869506836e+00 4.597917079925537109e+00 5.835601806640625000e+00 3.558126449584960938e+00 7.184113025665283203e+00 4.439052581787109375e+00 2.339625597000122070e+00 4.202879905700683594e+00 8.138780593872070312e+00 2.147064447402954102e+00 4.416253566741943359e+00
4.020434379577636719e+00 3.361851692199707031e+00 3.941660165786743164e+00 3.340159893035888672e+00 5.537959575653076172e+00 3.385400772094726562e+00 3.400236368179321289e+00 4.284139633178710938e+00 2.570240736007690430e+00 3.335966110229492188e+00 2.417967796325683594e+00 4.787728309631347656e+00 3.582399845123291016e+00 2.597988128662109375e+00 4.796607971191406250e+00 3.716657638549804688e+00 3.484799861907958984e+00 3.370810985565185547e+00 2.660299777984619141e+00 2.082256793975830078e+00
4.211440086364746094e+00 4.200859546661376953e+00 3.315862655639648438e+00 3.658065557479858398e+00 3.056925058364868164e+00 4.152431011199951172e+00 2.854860305786132812e+00 4.915961742401123047e+00 4.530351161956787109e+00 4.032313823699951172e+00 2.443046331405639648e+00 3.371174097061157227e+00 2.893867969512939453e+00 3.943700790405273438e+00 2.199429273605346680e+00 3.065761089324951172e+00 3.422219753265380859e+00 2.350336551666259766e+00 4.339487075805664062e+00 3.606040000915527344e+00
2.871829032897949219e+00 2.975941658020019531e+00 2.547317028045654297e+00 4.407429218292236328e+00 3.528167963027954102e+00 2.811905622482299805e+00 2.790704488754272461e+00 4.346335411071777344e+00 4.278663635253906250e+00 3.503628015518188477e+00 3.901369094848632812e+00 4.083974838256835938e+00 3.393621444702148438e+00 2.929055213928222656e+00 4.133600234985351562e+00 2.675540924072265625e+00 2.534864425659179688e+00 4.274886131286621094e+00 1.993018150329589844e+00 4.630852222442626953e+00
2.615899562835693359e+00 3.210443019866943359e+00 3.702048301696777344e+00 3.828290462493896484e+00 1.424569368362426758e+00 2.161111593246459961e+00 3.162011623382568359e+00 4.170238494873046875e+00 3.100341320037841797e+00 2.940763950347900391e+00 4.274536132812500000e+00 2.248089790344238281e+00 4.418064117431640625e+00 1.745160102844238281e+00 3.272182941436767578e+00 3.627255916595458984e+00 3.112736701965332031e+00 3.873651027679443359e+00 1.862763643264770508e+00 5.328645706176757812e+00
2.738610744476318359e+00 4.060971260070800781e+00 3.139085531234741211e+00 3.378365039825439453e+00 3.855526447296142578e+00 4.386122703552246094e+00 2.679025888442993164e+00 3.163813114166259766e+00 4.423739910125732422e+00 2.774468421936035156e+00 3.462505817413330078e+00 3.011472225189208984e+00 3.546877145767211914e+00 2.304875373840332031e+00 4.120822429656982422e+00 4.149386405944824219e+00 3.883697986602783203e+00 3.828281879425048828e+00 2.710216522216796875e+00 5.671631813049316406e+00
3.957839012145996094e+00 4.308707237243652344e+00 4.153918743133544922e+00 1.769665837287902832e+00 5.762195587158203125e+00 2.881967544555664062e+00 2.410231351852416992e+00 3.904201030731201172e+00 3.619569540023803711e+00 3.522930145263671875e+00 3.231416702270507812e+00 2.143294811248779297e+00 3.472609996795654297e+00 4.974156856536865234e+00 4.126937389373779297e+00 2.829332828521728516e+00 3.574751377105712891e+00 2.592344760894775391e+00 4.344561576843261719e+00 6.332757472991943359e+00
3.561963081359863281e+00 3.149866342544555664e+00 3.863234519958496094e+00 4.894291877746582031e+00 4.596425056457519531e+00 4.541699409484863281e+00 3.398643493652343750e+00 2.158596515655517578e+00 5.560708045959472656e+00 4.284567832946777344e+00 3.945574283599853516e+00 3.814569950103759766e+00 5.660296440124511719e+00 2.984373807907104492e+00 2.421449184417724609e+00 3.721382617950439453e+00 3.288658142089843750e+00 4.493327140808105469e+00 2.934531211853027344e+00 2.982909917831420898e+00
2.295470714569091797e+00 2.718975543975830078e+00 3.771437168121337891e+00 5.335721015930175781e+00 4.786138534545898438e+00 4.886507034301757812e+00 5.361819744110107422e+00 2.562727451324462891e+00 4.653843879699707031e+00 4.182073116302490234e+00 7.049348831176757812e+00 9.223840713500976562e+00 5.712927818298339844e+00 3.078114032745361328e+00 4.365992546081542969e+00 3.465511560440063477e+00 2.838167428970336914e+00 3.730241298675537109e+00 3.747064590454101562e+00 3.021100521087646484e+00
4.417193412780761719e+00 6.126199722290039062e+00 2.518993854522705078e+00 5.853730201721191406e+00 2.804973840713500977e+00 3.883545160293579102e+00 5.804827213287353516e+00 3.090879440307617188e+00 5.495792388916015625e+00 4.637219429016113281e+00 6.873198509216308594e+00 3.844195365905761719e+00 4.778042316436767578e+00 2.546627044677734375e+00 3.544006109237670898e+00 3.250666141510009766e+00 4.435985565185546875e+00 3.958546161651611328e+00 5.358697414398193359e+00 3.280096769332885742e+00
