2019-07-24 06:45:00
4.914160728454589844e+00 4.569747924804687500e+00 5.365091323852539062e+00 3.778657913208007812e+00 3.764355182647705078e+00 2.288039207458496094e+00 3.345006227493286133e+00 2.960968017578125000e+00 8.836021423339843750e+00 8.178091049194335938e+00 3.726979017257690430e+00 3.510236263275146484e+00 1.003972434997558594e+01 4.585809230804443359e+00 3.839524269104003906e+00 6.266953468322753906e+00 7.218340873718261719e+00 3.215647935867309570e+00 2.473821401596069336e+00 3.257603645324707031e+00
3.546523094177246094e+00 6.098713874816894531e+00 6.497989177703857422e+00 4.886736869812011719e+00 8.662701606750488281e+00 3.985110759735107422e+00 2.949081897735595703e+00 3.427541017532348633e+00 2.396152019500732422e+00 4.719660758972167969e+00 2.943104028701782227e+00 2.115639209747314453e+00 1.671267509460449219e+00 5.174788951873779297e+00 3.014732599258422852e+00 2.433100223541259766e+00 6.869162559509277344e+00 4.938006401062011719e+00 1.801451802253723145e+00 3.746333122253417969e+00
1.088463783264160156e+01 7.614284038543701172e+00 4.336124420166015625e+00 6.680227756500244141e+00 5.988038063049316406e+00 9.852361679077148438e+00 8.636341094970703125e+00 3.686930894851684570e+00 3.355782985687255859e+00 4.066152572631835938e+00 5.595899581909179688e+00 3.762980222702026367e+00 1.992433071136474609e+00 3.142610549926757812e+00 7.208736419677734375e+00 3.078744173049926758e+00 4.023732185363769531e+00 3.714698553085327148e+00 3.026380062103271484e+00 2.375068664550781250e+00
2.554780721664428711e+00 7.294440746307373047e+00 7.462070465087890625e+00 5.342127323150634766e+00 3.336622714996337891e+00 3.936954975128173828e+00 4.892292022705078125e+00 3.641299962997436523e+00 2.334166526794433594e+00 6.011976242065429688e+00 4.094352722167968750e+00 4.860426902770996094e+00 2.950349569320678711e+00 3.354512214660644531e+00 7.976532936096191406e+00 4.166632652282714844e+00 2.915719509124755859e+00 5.693116188049316406e+00 3.111887931823730469e+00 5.580026626586914062e+00
2.710038661956787109e+00 3.353100776672363281e+00 2.647215366363525391e+00 3.207049846649169922e+00 3.355735063552856445e+00 5.563004493713378906e+00 3.866454124450683594e+00 6.373869419097900391e+00 5.035480499267578125e+00 7.199545383453369141e+00 4.255215644836425781e+00 3.092145681381225586e+00 6.349460124969482422e+00 4.877140998840332031e+00 4.604977607727050781e+00 5.606385231018066406e+00 2.673161983489990234e+00 4.110310554504394531e+00 6.017478942871093750e+00 2.814311027526855469e+00
6.793492317199707031e+00 3.167292118072509766e+00 4.548324108123779297e+00 4.274127006530761719e+00 4.196707725524902344e+00 1.309167671203613281e+01 4.068688392639160156e+00 5.241532325744628906e+00 5.401107311248779297e+00 3.326549291610717773e+00 4.293513298034667969e+00 5.796343803405761719e+00 4.923810005187988281e+00 3.513221263885498047e+00 3.187955379486083984e+00 4.768622398376464844e+00 4.158734321594238281e+00 5.123288154602050781e+00 5.197924137115478516e+00 4.026272773742675781e+00
5.847375869750976562e+00 5.437452316284179688e+00 5.159854888916015625e+00 3.990554094314575195e+00 3.837110519409179688e+00 6.436974525451660156e+00 3.898657321929931641e+00 5.265905857086181641e+00 2.830014228820800781e+00 3.603458881378173828e+00 3.393392324447631836e+00 3.970782279968261719e+00 6.839619636535644531e+00 7.335285186767578125e+00 3.412468910217285156e+00 5.719914913177490234e+00 3.130274772644042969e+00 3.007146835327148438e+00 6.758586883544921875e+00 7.597800254821777344e+00
2.585757255554199219e+00 3.988117694854736328e+00 3.911153316497802734e+00 7.552848815917968750e+00 5.084171772003173828e+00 4.953145027160644531e+00 2.551014661788940430e+00 3.090691328048706055e+00 2.719578742980957031e+00 3.555763244628906250e+00 3.663734674453735352e+00 2.680465698242187500e+00 4.722491264343261719e+00 5.979275226593017578e+00 3.600540876388549805e+00 4.641993045806884766e+00 7.613717079162597656e+00 3.250196456909179688e+00 3.426301240921020508e+00 4.646761894226074219e+00
2.062507152557373047e+00 4.957660198211669922e+00 5.185217857360839844e+00 7.283701896667480469e+00 4.197885513305664062e+00 3.103450775146484375e+00 3.462802886962890625e+00 3.218205928802490234e+00 2.383558273315429688e+00 3.418991088867187500e+00 3.227914571762084961e+00 3.596564292907714844e+00 5.023850440979003906e+00 5.737340450286865234e+00 7.402801990509033203e+00 3.581233978271484375e+00 5.396844387054443359e+00 2.123944282531738281e+00 2.741899490356445312e+00 2.182973861694335938e+00
9.253457069396972656e+00 4.375091552734375000e+00 3.834380149841308594e+00 2.661541938781738281e+00 2.823231935501098633e+00 2.643507003784179688e+00 2.076475381851196289e+00 3.541332244873046875e+00 6.911406517028808594e+00 3.950996398925781250e+00 7.299467086791992188e+00 2.667438983917236328e+00 5.863555908203125000e+00 3.158762454986572266e+00 4.504767894744873047e+00 3.422229766845703125e+00 9.667804718017578125e+00 2.966526031494140625e+00 4.164571285247802734e+00 3.619846820831298828e+00
3.038565635681152344e+00 2.892934560775756836e+00 3.212823390960693359e+00 4.033620834350585938e+00 3.230331420898437500e+00 3.302013874053955078e+00 3.259086608886718750e+00 3.659258842468261719e+00 5.157970428466796875e+00 3.364281654357910156e+00 2.610493183135986328e+00 5.078300476074218750e+00 3.853144645690917969e+00 3.617576360702514648e+00 3.026745319366455078e+00 2.628374814987182617e+00 4.082603454589843750e+00 6.502629280090332031e+00 4.423402786254882812e+00 4.211431503295898438e+00
2.975709915161132812e+00 3.126431941986083984e+00 1.614216685295104980e+00 2.393947601318359375e+00 6.263758659362792969e+00 2.717702865600585938e+00 2.673877239227294922e+00 3.840562343597412109e+00 1.934050559997558594e+00 5.953237533569335938e+00 2.743389129638671875e+00 3.872234821319580078e+00 4.451505661010742188e+00 3.199048519134521484e+00 3.485304832458496094e+00 4.637804031372070312e+00 3.317556142807006836e+00 3.980710744857788086e+00 4.149353504180908203e+00 3.834742546081542969e+00
3.821653127670288086e+00 3.627942085266113281e+00 5.206911087036132812e+00 4.269297599792480469e+00 3.345966815948486328e+00 4.047939300537109375e+00 2.668894290924072266e+00 2.661299467086791992e+00 3.652178764343261719e+00 4.051897525787353516e+00 2.347590684890747070e+00 3.405014038085937500e+00 4.350191116333007812e+00 4.384460449218750000e+00 3.586565732955932617e+00 2.229061126708984375e+00 3.455670118331909180e+00 2.437729597091674805e+00 4.169308662414550781e+00 3.015867233276367188e+00
2.624946355819702148e+00 4.129405975341796875e+00 4.080047607421875000e+00 3.935436725616455078e+00 3.214609622955322266e+00 3.552897453308105469e+00 3.117177724838256836e+00 4.139549255371093750e+00 3.583681106567382812e+00 3.294358253479003906e+00 3.494524955749511719e+00 2.227279663085937500e+00 3.993680477142333984e+00 3.917761325836181641e+00 4.142369270324707031e+00 4.866918563842773438e+00 3.234226942062377930e+00 4.115341186523437500e+00 4.704713821411132812e+00 4.510107994079589844e+00
2.200961589813232422e+00 4.560113906860351562e+00 3.108035564422607422e+00 3.428267717361450195e+00 3.012354373931884766e+00 2.104587554931640625e+00 3.803788900375366211e+00 3.824882984161376953e+00 3.248756885528564453e+00 4.480191230773925781e+00 2.992818355560302734e+00 2.116281032562255859e+00 3.373062849044799805e+00 2.810503959655761719e+00 1.964626789093017578e+00 3.740275859832763672e+00 3.036880016326904297e+00 4.370271205902099609e+00 1.893836021423339844e+00 6.787606716156005859e+00
4.423189163208007812e+00 3.516617059707641602e+00 3.393930673599243164e+00 3.371546506881713867e+00 3.146887779235839844e+00 3.789898395538330078e+00 4.119338035583496094e+00 3.519388675689697266e+00 2.789773225784301758e+00 2.572314023971557617e+00 2.908709049224853516e+00 3.035206794738769531e+00 3.498125791549682617e+00 3.093651771545410156e+00 3.302378177642822266e+00 3.006227970123291016e+00 4.237070083618164062e+00 3.805217027664184570e+00 3.027428150177001953e+00 4.100481986999511719e+00
3.431409120559692383e+00 4.306473731994628906e+00 4.523441791534423828e+00 3.409038066864013672e+00 3.200687885284423828e+00 3.680762767791748047e+00 3.104889869689941406e+00 3.894025325775146484e+00 3.732416152954101562e+00 3.764831066131591797e+00 2.812840938568115234e+00 4.392679691314697266e+00 3.885189056396484375e+00 3.668098688125610352e+00 3.074342727661132812e+00 3.351212978363037109e+00 2.731870889663696289e+00 2.941500186920166016e+00 3.599678754806518555e+00 4.539901256561279297e+00
3.017272472381591797e+00 3.964686632156372070e+00 2.639274835586547852e+00 4.655444145202636719e+00 4.498758792877197266e+00 2.256790637969970703e+00 4.196354866027832031e+00 2.398497819900512695e+00 4.297021865844726562e+00 3.803044795989990234e+00 4.530122280120849609e+00 2.585145711898803711e+00 3.448213338851928711e+00 3.231113672256469727e+00 3.884897232055664062e+00 3.620315551757812500e+00 2.698246479034423828e+00 5.125620365142822266e+00 3.473874092102050781e+00 2.843453407287597656e+00
1.629059314727783203e+00 3.560788154602050781e+00 3.500343322753906250e+00 4.377924919128417969e+00 4.790519714355468750e+00 3.447453975677490234e+00 3.127504825592041016e+00 4.499215126037597656e+00 4.059732437133789062e+00 6.668725967407226562e+00 8.913167953491210938e+00 3.935250282287597656e+00 3.350983858108520508e+00 3.430331707000732422e+00 4.120822906494140625e+00 4.721567153930664062e+00 2.901458263397216797e+00 4.472499847412109375e+00 2.746415138244628906e+00 3.305012226104736328e+00
2.729640245437622070e+00 5.587593078613281250e+00 4.451193809509277344e+00 3.499280929565429688e+00 4.847453117370605469e+00 3.101728200912475586e+00 4.507881641387939453e+00 4.975284576416015625e+00 6.727723121643066406e+00 8.483125686645507812e+00 4.044373035430908203e+00 5.964767456054687500e+00 5.891356468200683594e+00 3.476553678512573242e+00 4.188309669494628906e+00 2.085831165313720703e+00 2.902365207672119141e+00 3.863851547241210938e+00 3.517341852188110352e+00 3.235097885131835938e+00
