2019-07-24 07:15:00
5.270426273345947266e+00 5.765869140625000000e+00 2.856686353683471680e+00 3.496583223342895508e+00 3.100585222244262695e+00 3.336006164550781250e+00 5.590214729309082031e+00 3.630165576934814453e+00 3.620106697082519531e+00 3.590666294097900391e+00 3.893752098083496094e+00 2.976300239562988281e+00 3.205439567565917969e+00 1.216508507728576660e+00 2.217883586883544922e+00 3.224529743194580078e+00 4.390084743499755859e+00 3.502621650695800781e+00 3.893294811248779297e+00 2.907448053359985352e+00
2.894154787063598633e+00 4.514492988586425781e+00 4.693343162536621094e+00 6.909222602844238281e+00 4.468044757843017578e+00 3.203092098236083984e+00 2.488093376159667969e+00 3.365294456481933594e+00 3.919755458831787109e+00 2.782430648803710938e+00 3.145508766174316406e+00 3.162465333938598633e+00 2.811805725097656250e+00 6.817107200622558594e+00 2.122323513031005859e+00 2.521781921386718750e+00 4.839216232299804688e+00 7.137939453125000000e+00 4.199778556823730469e+00 2.617286682128906250e+00
2.718080520629882812e+00 5.061538696289062500e+00 2.978364944458007812e+00 3.510556697845458984e+00 7.383635520935058594e+00 3.444248199462890625e+00 4.017390251159667969e+00 2.783797979354858398e+00 3.202105998992919922e+00 3.048501014709472656e+00 2.669200897216796875e+00 5.766546249389648438e+00 2.242326259613037109e+00 4.822627544403076172e+00 3.762036800384521484e+00 2.706919193267822266e+00 3.046324729919433594e+00 5.863312244415283203e+00 2.384979009628295898e+00 2.967791795730590820e+00
2.722785472869873047e+00 5.492045402526855469e+00 4.956779003143310547e+00 4.951589584350585938e+00 2.659842491149902344e+00 3.821844577789306641e+00 5.286924362182617188e+00 2.578578233718872070e+00 3.899261474609375000e+00 4.521173954010009766e+00 6.212824821472167969e+00 4.749047279357910156e+00 4.517189979553222656e+00 1.865225791931152344e+00 6.490404129028320312e+00 1.600542306900024414e+00 2.153558492660522461e+00 4.909512519836425781e+00 1.700161457061767578e+00 4.174921035766601562e+00
2.298032045364379883e+00 2.814614295959472656e+00 1.809415102005004883e+00 3.177390336990356445e+00 2.372327804565429688e+00 3.491501331329345703e+00 2.764793872833251953e+00 5.403115749359130859e+00 4.542593955993652344e+00 2.539049148559570312e+00 9.603101730346679688e+00 6.738977909088134766e+00 4.253194808959960938e+00 2.663794994354248047e+00 4.861449241638183594e+00 4.482518196105957031e+00 2.903679370880126953e+00 4.945543289184570312e+00 3.663250684738159180e+00 2.949452400207519531e+00
5.641819953918457031e+00 3.430325269699096680e+00 4.371020317077636719e+00 6.503210067749023438e+00 1.863008737564086914e+00 2.876163244247436523e+00 2.945396900177001953e+00 3.065665245056152344e+00 5.381176948547363281e+00 6.304676055908203125e+00 3.950814008712768555e+00 3.728787183761596680e+00 3.554519653320312500e+00 4.097774505615234375e+00 4.769849300384521484e+00 3.362596035003662109e+00 2.165495395660400391e+00 5.390647888183593750e+00 7.861005783081054688e+00 2.041323184967041016e+00
5.761412620544433594e+00 6.530534744262695312e+00 3.353850603103637695e+00 5.771150588989257812e+00 5.250696182250976562e+00 3.572107791900634766e+00 2.504221439361572266e+00 7.772443771362304688e+00 3.063031435012817383e+00 3.355905771255493164e+00 3.109883308410644531e+00 2.960063934326171875e+00 3.853343963623046875e+00 4.182815074920654297e+00 3.428513288497924805e+00 5.841679096221923828e+00 3.614690780639648438e+00 1.897156476974487305e+00 4.062660217285156250e+00 2.869370698928833008e+00
4.276720523834228516e+00 3.541771650314331055e+00 3.975170373916625977e+00 2.994540691375732422e+00 5.610343933105468750e+00 2.509279489517211914e+00 2.365050792694091797e+00 2.630923748016357422e+00 2.352396965026855469e+00 2.932219505310058594e+00 2.351486682891845703e+00 2.172295093536376953e+00 5.180809974670410156e+00 2.913771629333496094e+00 4.099070549011230469e+00 2.208731651306152344e+00 6.864921092987060547e+00 3.226823091506958008e+00 6.289544582366943359e+00 3.327234268188476562e+00
2.796812772750854492e+00 2.752811431884765625e+00 2.830908775329589844e+00 2.174113750457763672e+00 3.114688634872436523e+00 2.701847553253173828e+00 3.335512638092041016e+00 3.311858177185058594e+00 2.443123817443847656e+00 3.247886657714843750e+00 2.889328479766845703e+00 2.731328487396240234e+00 2.633460521697998047e+00 5.531065940856933594e+00 5.430225372314453125e+00 3.140948534011840820e+00 5.093011379241943359e+00 3.070335865020751953e+00 2.827292919158935547e+00 2.503903388977050781e+00
3.393260955810546875e+00 4.057495594024658203e+00 2.962384223937988281e+00 2.355833530426025391e+00 4.227411270141601562e+00 2.890268802642822266e+00 2.445847034454345703e+00 2.866130113601684570e+00 4.152086257934570312e+00 3.994559764862060547e+00 5.032006263732910156e+00 3.912280082702636719e+00 6.952014923095703125e+00 2.095720767974853516e+00 3.149009943008422852e+00 2.996183633804321289e+00 5.319907188415527344e+00 2.403094291687011719e+00 3.486437320709228516e+00 4.035908699035644531e+00
2.518652439117431641e+00 3.324034214019775391e+00 3.017400979995727539e+00 3.344243526458740234e+00 1.165311217308044434e+00 2.585061550140380859e+00 3.252629756927490234e+00 2.283408164978027344e+00 2.636527061462402344e+00 3.428397655487060547e+00 2.265288829803466797e+00 5.348042488098144531e+00 7.587945461273193359e+00 7.826487064361572266e+00 3.280782222747802734e+00 3.212249994277954102e+00 3.523496150970458984e+00 2.828943252563476562e+00 1.934530496597290039e+00 2.640234231948852539e+00
2.491536617279052734e+00 2.690282821655273438e+00 3.104773759841918945e+00 2.459089279174804688e+00 4.485367774963378906e+00 3.375768184661865234e+00 3.736432313919067383e+00 3.370905399322509766e+00 2.615242719650268555e+00 3.650385379791259766e+00 4.415654182434082031e+00 3.846464633941650391e+00 2.897399902343750000e+00 2.090311527252197266e+00 2.652330160140991211e+00 5.780274391174316406e+00 2.656503677368164062e+00 2.696537017822265625e+00 2.490196943283081055e+00 2.498086452484130859e+00
2.684627532958984375e+00 1.989578485488891602e+00 1.697460770606994629e+00 2.411290407180786133e+00 3.123884201049804688e+00 2.409639120101928711e+00 2.387486934661865234e+00 2.847735643386840820e+00 1.841901779174804688e+00 3.749801635742187500e+00 2.541420936584472656e+00 3.256845951080322266e+00 1.205531001091003418e+00 2.496249675750732422e+00 2.864479064941406250e+00 3.260401487350463867e+00 4.441610336303710938e+00 3.254710197448730469e+00 3.303128480911254883e+00 4.298077106475830078e+00
2.721262454986572266e+00 3.532057285308837891e+00 3.017154216766357422e+00 3.003577947616577148e+00 4.039406776428222656e+00 3.942010402679443359e+00 2.631013393402099609e+00 1.899080872535705566e+00 1.575666546821594238e+00 3.689276695251464844e+00 2.918145179748535156e+00 2.196805953979492188e+00 3.266627073287963867e+00 2.793674945831298828e+00 2.402834653854370117e+00 3.090192556381225586e+00 3.194699048995971680e+00 2.324996232986450195e+00 2.634694576263427734e+00 1.613571286201477051e+00
2.728115081787109375e+00 3.165138959884643555e+00 1.886046886444091797e+00 2.590993404388427734e+00 2.729046344757080078e+00 2.266700744628906250e+00 2.642694711685180664e+00 2.498936414718627930e+00 4.592631816864013672e+00 3.361374616622924805e+00 2.881194829940795898e+00 2.574771881103515625e+00 2.437875747680664062e+00 2.525672197341918945e+00 2.848912477493286133e+00 4.149962425231933594e+00 3.103368759155273438e+00 2.695182085037231445e+00 1.335280418395996094e+00 3.480614900588989258e+00
2.565858364105224609e+00 2.460654735565185547e+00 3.002552032470703125e+00 4.479903221130371094e+00 2.110980272293090820e+00 2.118931531906127930e+00 3.605350017547607422e+00 1.872884035110473633e+00 2.741274595260620117e+00 2.989602088928222656e+00 3.281304836273193359e+00 2.757235288619995117e+00 3.017230987548828125e+00 3.590684890747070312e+00 2.961735725402832031e+00 3.254447221755981445e+00 3.531162738800048828e+00 3.382637739181518555e+00 2.091139078140258789e+00 5.015558719635009766e+00
1.965532302856445312e+00 2.818193435668945312e+00 2.471817493438720703e+00 3.008053302764892578e+00 2.763856172561645508e+00 3.101908922195434570e+00 3.922764778137207031e+00 3.057188510894775391e+00 4.035544395446777344e+00 2.486750602722167969e+00 3.326999425888061523e+00 3.235367536544799805e+00 4.204402923583984375e+00 3.670875310897827148e+00 2.769845485687255859e+00 3.797605991363525391e+00 1.592681527137756348e+00 3.035085201263427734e+00 2.030206680297851562e+00 5.835161685943603516e+00
3.791795253753662109e+00 3.525006771087646484e+00 2.468116521835327148e+00 3.858085393905639648e+00 2.227845907211303711e+00 2.336082458496093750e+00 2.406511783599853516e+00 3.324766635894775391e+00 2.834254741668701172e+00 3.096514463424682617e+00 1.789809942245483398e+00 3.272111654281616211e+00 3.680979251861572266e+00 4.268183708190917969e+00 2.483007907867431641e+00 1.949634552001953125e+00 3.364728689193725586e+00 4.772223472595214844e+00 2.672858238220214844e+00 2.967623949050903320e+00
2.924906015396118164e+00 2.430176258087158203e+00 3.365264415740966797e+00 2.682744503021240234e+00 3.026371717453002930e+00 4.359480381011962891e+00 2.158595800399780273e+00 3.258947134017944336e+00 3.597118854522705078e+00 3.198082447052001953e+00 3.859240531921386719e+00 4.110732078552246094e+00 3.025521755218505859e+00 2.923265457153320312e+00 3.454231500625610352e+00 3.361334800720214844e+00 2.841191053390502930e+00 3.116230010986328125e+00 3.254172086715698242e+00 2.273670673370361328e+00
3.795311689376831055e+00 2.886682748794555664e+00 1.849062919616699219e+00 5.177131652832031250e+00 2.581839084625244141e+00 2.442151308059692383e+00 2.086156368255615234e+00 2.433258056640625000e+00 5.907020568847656250e+00 5.401350021362304688e+00 3.992016077041625977e+00 3.330830574035644531e+00 3.967506408691406250e+00 2.703764915466308594e+00 2.511506557464599609e+00 3.522941589355468750e+00 3.407401561737060547e+00 3.038762092590332031e+00 3.446459293365478516e+00 2.895295143127441406e+00
