2019-07-24 07:30:00
3.359467983245849609e+00 5.208461761474609375e+00 2.932905912399291992e+00 3.054145812988281250e+00 2.630114078521728516e+00 2.582230091094970703e+00 2.402584075927734375e+00 1.561347484588623047e+00 4.677860736846923828e+00 5.614148139953613281e+00 3.206107616424560547e+00 2.429099082946777344e+00 5.732796669006347656e+00 3.297728538513183594e+00 3.119813919067382812e+00 3.166780710220336914e+00 8.728129386901855469e+00 2.242424488067626953e+00 2.677883625030517578e+00 2.725901126861572266e+00
5.292247772216796875e+00 2.544488430023193359e+00 4.082407951354980469e+00 7.592215061187744141e+00 3.704926729202270508e+00 2.687481164932250977e+00 2.981736660003662109e+00 3.247234821319580078e+00 3.137070178985595703e+00 3.548760890960693359e+00 3.285200119018554688e+00 3.149756908416748047e+00 3.630297183990478516e+00 4.816299915313720703e+00 2.665976285934448242e+00 2.753522157669067383e+00 6.473011016845703125e+00 5.174742221832275391e+00 3.856237411499023438e+00 2.122583627700805664e+00
3.985513210296630859e+00 3.650500774383544922e+00 8.053548812866210938e+00 3.294991016387939453e+00 5.970232009887695312e+00 2.723579883575439453e+00 3.454449415206909180e+00 2.471749544143676758e+00 3.351234912872314453e+00 3.102789878845214844e+00 5.059708118438720703e+00 6.588924407958984375e+00 2.006185054779052734e+00 5.455245018005371094e+00 5.214273452758789062e+00 3.075730800628662109e+00 7.242534637451171875e+00 6.369093894958496094e+00 3.175541639328002930e+00 3.664197921752929688e+00
3.453890800476074219e+00 2.987388610839843750e+00 6.460224628448486328e+00 7.147382259368896484e+00 3.785977840423583984e+00 3.372133970260620117e+00 2.508222579956054688e+00 3.460873842239379883e+00 4.108942985534667969e+00 4.815806388854980469e+00 5.232881069183349609e+00 7.850684165954589844e+00 3.977183818817138672e+00 3.042694568634033203e+00 4.918527126312255859e+00 3.598370552062988281e+00 2.963117599487304688e+00 4.529969215393066406e+00 2.821819782257080078e+00 2.869693279266357422e+00
3.858331203460693359e+00 4.256943225860595703e+00 2.702900409698486328e+00 4.878535270690917969e+00 2.436398506164550781e+00 4.513810157775878906e+00 3.690369367599487305e+00 4.871996402740478516e+00 3.587857007980346680e+00 4.298861503601074219e+00 6.579796791076660156e+00 5.446038246154785156e+00 4.964462280273437500e+00 5.077712059020996094e+00 6.372797012329101562e+00 3.798527240753173828e+00 2.177511215209960938e+00 7.576557159423828125e+00 4.448871612548828125e+00 3.367988824844360352e+00
4.447663307189941406e+00 4.405635356903076172e+00 6.538315773010253906e+00 4.090648651123046875e+00 2.925624370574951172e+00 4.036190986633300781e+00 3.858635425567626953e+00 5.763274192810058594e+00 5.700135231018066406e+00 5.159014701843261719e+00 5.583418846130371094e+00 8.305504798889160156e+00 4.162928581237792969e+00 3.860228538513183594e+00 4.124180793762207031e+00 2.901007175445556641e+00 3.137547016143798828e+00 5.437869071960449219e+00 8.369889259338378906e+00 2.649073362350463867e+00
4.396786689758300781e+00 6.574010848999023438e+00 7.305189609527587891e+00 5.868441104888916016e+00 4.872943878173828125e+00 4.649939060211181641e+00 2.136104583740234375e+00 6.363594055175781250e+00 3.422460317611694336e+00 3.805010557174682617e+00 2.343377113342285156e+00 3.099308967590332031e+00 6.516087532043457031e+00 4.714849948883056641e+00 3.533058166503906250e+00 5.344520568847656250e+00 4.214853763580322266e+00 3.312626838684082031e+00 7.106776237487792969e+00 6.716317176818847656e+00
4.845049858093261719e+00 2.977107048034667969e+00 5.227497100830078125e+00 4.750562191009521484e+00 7.607133388519287109e+00 3.231048107147216797e+00 3.830161809921264648e+00 1.970389962196350098e+00 3.981474161148071289e+00 3.534748554229736328e+00 2.690911293029785156e+00 3.692810535430908203e+00 6.069076061248779297e+00 3.603957653045654297e+00 2.025746107101440430e+00 3.475350618362426758e+00 5.350417137145996094e+00 3.297392368316650391e+00 4.245425701141357422e+00 2.466656684875488281e+00
3.577687263488769531e+00 3.832101345062255859e+00 3.248644590377807617e+00 4.462189674377441406e+00 4.016655921936035156e+00 3.243935346603393555e+00 3.691516637802124023e+00 2.127111434936523438e+00 1.971784830093383789e+00 2.652692079544067383e+00 4.048567771911621094e+00 2.758246660232543945e+00 5.388863563537597656e+00 6.097352027893066406e+00 6.530157089233398438e+00 3.051587343215942383e+00 6.596814632415771484e+00 1.829932332038879395e+00 3.577312469482421875e+00 3.368230342864990234e+00
5.795362949371337891e+00 4.133641242980957031e+00 2.758774757385253906e+00 2.808959960937500000e+00 3.934555530548095703e+00 2.302540540695190430e+00 3.872525215148925781e+00 3.261443138122558594e+00 6.559963226318359375e+00 7.053983688354492188e+00 6.743394851684570312e+00 4.754139900207519531e+00 6.241468429565429688e+00 1.296632528305053711e+00 3.589031934738159180e+00 4.090125560760498047e+00 6.398463726043701172e+00 1.826909422874450684e+00 3.393523693084716797e+00 2.573784828186035156e+00
4.052624702453613281e+00 3.484953641891479492e+00 3.958491802215576172e+00 5.199797630310058594e+00 3.161682128906250000e+00 3.577926635742187500e+00 3.435697317123413086e+00 3.435450077056884766e+00 4.155218124389648438e+00 1.780083060264587402e+00 2.885779857635498047e+00 6.005172729492187500e+00 4.897458076477050781e+00 3.540547847747802734e+00 2.637482643127441406e+00 2.250589847564697266e+00 2.712317943572998047e+00 5.776359558105468750e+00 2.752295970916748047e+00 3.160292625427246094e+00
3.452154636383056641e+00 3.312089920043945312e+00 3.063875913619995117e+00 3.036339521408081055e+00 6.999960899353027344e+00 2.143296718597412109e+00 3.397477626800537109e+00 2.282494068145751953e+00 2.049879074096679688e+00 3.585547685623168945e+00 2.926740169525146484e+00 3.211448669433593750e+00 2.979957103729248047e+00 2.585938930511474609e+00 2.766873598098754883e+00 6.557336807250976562e+00 2.124665021896362305e+00 3.046689510345458984e+00 4.606413841247558594e+00 2.939049243927001953e+00
4.440128803253173828e+00 3.366233825683593750e+00 4.019473075866699219e+00 2.772627353668212891e+00 3.566573143005371094e+00 2.575242042541503906e+00 2.125581741333007812e+00 3.745545625686645508e+00 2.838997840881347656e+00 3.465379953384399414e+00 3.692061901092529297e+00 3.019858360290527344e+00 3.073947906494140625e+00 1.833478808403015137e+00 4.164675235748291016e+00 2.280966281890869141e+00 3.058608055114746094e+00 1.701947212219238281e+00 2.281838893890380859e+00 2.599089145660400391e+00
2.862617015838623047e+00 4.059941291809082031e+00 3.788018703460693359e+00 3.304912805557250977e+00 3.071590423583984375e+00 2.108288526535034180e+00 3.474857807159423828e+00 3.898529291152954102e+00 3.982819795608520508e+00 2.688581943511962891e+00 3.224127054214477539e+00 2.530843496322631836e+00 3.059543132781982422e+00 2.767014503479003906e+00 2.570075750350952148e+00 2.819140911102294922e+00 3.180527925491333008e+00 2.749171257019042969e+00 2.941710710525512695e+00 3.465586900711059570e+00
3.436523199081420898e+00 2.820428848266601562e+00 3.664026975631713867e+00 2.489167213439941406e+00 3.465034008026123047e+00 2.330915451049804688e+00 3.551980733871459961e+00 3.893095254898071289e+00 2.717722892761230469e+00 2.959215641021728516e+00 2.389237642288208008e+00 2.121678113937377930e+00 2.740273237228393555e+00 2.997978687286376953e+00 3.318773269653320312e+00 3.243048906326293945e+00 3.241888999938964844e+00 4.269340515136718750e+00 2.386987209320068359e+00 3.473251581192016602e+00
3.516492366790771484e+00 1.816011905670166016e+00 3.845990180969238281e+00 3.113516569137573242e+00 2.930948257446289062e+00 3.333749771118164062e+00 2.454576969146728516e+00 2.540486574172973633e+00 2.806341409683227539e+00 3.193204879760742188e+00 3.349829673767089844e+00 2.869356155395507812e+00 3.669438600540161133e+00 2.643840789794921875e+00 3.794206380844116211e+00 3.244005680084228516e+00 3.568356752395629883e+00 4.100743293762207031e+00 3.776060581207275391e+00 5.621355056762695312e+00
4.002673149108886719e+00 2.804615259170532227e+00 3.860500097274780273e+00 4.040310859680175781e+00 2.872032642364501953e+00 1.780949354171752930e+00 3.032837867736816406e+00 2.969194412231445312e+00 3.432046413421630859e+00 3.664707183837890625e+00 2.374544620513916016e+00 2.752514839172363281e+00 2.038809776306152344e+00 3.248813152313232422e+00 3.482506752014160156e+00 2.695338010787963867e+00 3.488739013671875000e+00 2.843477249145507812e+00 4.019967079162597656e+00 5.452602386474609375e+00
2.899690866470336914e+00 3.215291500091552734e+00 2.301718235015869141e+00 4.833907604217529297e+00 3.648477792739868164e+00 3.480354070663452148e+00 5.373485565185546875e+00 4.183334827423095703e+00 3.990188598632812500e+00 3.315618276596069336e+00 4.186797618865966797e+00 2.356703996658325195e+00 4.461585044860839844e+00 4.301718235015869141e+00 3.490816593170166016e+00 2.012074947357177734e+00 5.410715103149414062e+00 3.710764646530151367e+00 2.870520114898681641e+00 1.896850585937500000e+00
3.709932804107666016e+00 2.775676250457763672e+00 3.809254646301269531e+00 2.525061607360839844e+00 2.988567590713500977e+00 4.092333793640136719e+00 2.621850013732910156e+00 2.725287675857543945e+00 3.455065488815307617e+00 6.121547698974609375e+00 4.147123336791992188e+00 6.839494705200195312e+00 3.478775978088378906e+00 2.605523347854614258e+00 4.606875896453857422e+00 3.673404693603515625e+00 3.292531013488769531e+00 2.929224491119384766e+00 3.199811935424804688e+00 2.404478788375854492e+00
3.172714233398437500e+00 3.737399578094482422e+00 2.639724254608154297e+00 3.658244848251342773e+00 3.309186697006225586e+00 2.935492515563964844e+00 3.270025253295898438e+00 3.246860742568969727e+00 5.698620796203613281e+00 8.769604682922363281e+00 3.601200819015502930e+00 3.216821670532226562e+00 3.768370151519775391e+00 3.161931276321411133e+00 4.097996711730957031e+00 2.056897401809692383e+00 3.468185901641845703e+00 3.722137451171875000e+00 3.338943243026733398e+00 1.506539344787597656e+00
