2019-07-24 07:45:00
4.061111450195312500e+00 2.554708480834960938e+00 3.656716823577880859e+00 2.222861766815185547e+00 2.193821430206298828e+00 2.250406026840209961e+00 2.023979663848876953e+00 2.504052162170410156e+00 5.361321449279785156e+00 2.449653625488281250e+00 5.237527847290039062e+00 3.084800720214843750e+00 5.040453433990478516e+00 1.447028875350952148e+00 1.874714732170104980e+00 2.882767438888549805e+00 2.726139545440673828e+00 2.910643815994262695e+00 1.715546369552612305e+00 2.768477439880371094e+00
3.821536540985107422e+00 2.884771585464477539e+00 2.956152439117431641e+00 3.682615756988525391e+00 5.521718502044677734e+00 3.000047445297241211e+00 3.374532938003540039e+00 3.437515735626220703e+00 3.880008697509765625e+00 2.127097845077514648e+00 3.663274526596069336e+00 3.648539543151855469e+00 2.562737464904785156e+00 5.424800872802734375e+00 1.900737285614013672e+00 2.135024309158325195e+00 3.272110462188720703e+00 4.364759445190429688e+00 2.893985748291015625e+00 3.333753108978271484e+00
3.212383747100830078e+00 2.803818702697753906e+00 2.200317382812500000e+00 4.077441692352294922e+00 4.674106597900390625e+00 2.006512880325317383e+00 2.805814743041992188e+00 2.563970565795898438e+00 2.600607872009277344e+00 2.470651149749755859e+00 2.113788604736328125e+00 5.665737152099609375e+00 3.038935422897338867e+00 3.910048007965087891e+00 3.865591526031494141e+00 1.661056399345397949e+00 3.837553977966308594e+00 4.913274765014648438e+00 3.178176403045654297e+00 1.957792997360229492e+00
2.722566366195678711e+00 4.139511108398437500e+00 3.987614393234252930e+00 3.976449012756347656e+00 3.505781888961791992e+00 3.139644145965576172e+00 2.314749240875244141e+00 3.286071300506591797e+00 2.682904481887817383e+00 1.702238559722900391e+00 2.946733713150024414e+00 4.451823234558105469e+00 3.927170991897583008e+00 3.020749807357788086e+00 2.820703268051147461e+00 2.085617542266845703e+00 2.242013931274414062e+00 4.994463920593261719e+00 2.254968166351318359e+00 3.512695789337158203e+00
2.021633148193359375e+00 3.308941364288330078e+00 2.386312961578369141e+00 2.168094635009765625e+00 2.277479887008666992e+00 2.959079265594482422e+00 3.549298286437988281e+00 3.167660236358642578e+00 5.038038253784179688e+00 3.689814805984497070e+00 3.898578643798828125e+00 4.120810508728027344e+00 1.746610641479492188e+00 3.678726911544799805e+00 4.519341945648193359e+00 4.031896591186523438e+00 2.085397005081176758e+00 3.903824806213378906e+00 3.165481567382812500e+00 3.283796310424804688e+00
4.776659488677978516e+00 2.936480283737182617e+00 3.304447174072265625e+00 3.966570377349853516e+00 3.251618862152099609e+00 4.232610702514648438e+00 2.648910999298095703e+00 2.748934268951416016e+00 3.922348260879516602e+00 4.260153770446777344e+00 4.101083755493164062e+00 5.474404335021972656e+00 2.747576713562011719e+00 3.073626518249511719e+00 4.352156639099121094e+00 2.745668172836303711e+00 3.154638767242431641e+00 3.188598394393920898e+00 3.200708866119384766e+00 3.200035095214843750e+00
4.575895309448242188e+00 4.764780998229980469e+00 2.887135028839111328e+00 2.460752725601196289e+00 5.735903739929199219e+00 2.058875322341918945e+00 2.585968255996704102e+00 6.503101348876953125e+00 2.475545644760131836e+00 2.291945695877075195e+00 2.410552978515625000e+00 2.779253005981445312e+00 3.949189901351928711e+00 1.768198251724243164e+00 1.969192504882812500e+00 4.800704956054687500e+00 1.978852152824401855e+00 2.833408117294311523e+00 3.133054494857788086e+00 4.017577171325683594e+00
1.968165278434753418e+00 2.624007701873779297e+00 2.649490594863891602e+00 4.216063499450683594e+00 4.151059150695800781e+00 2.820383071899414062e+00 3.239632606506347656e+00 1.851046562194824219e+00 3.115956783294677734e+00 3.066601037979125977e+00 3.594638109207153320e+00 2.618828535079956055e+00 4.023700714111328125e+00 2.918627262115478516e+00 2.202704429626464844e+00 4.306967735290527344e+00 3.937437534332275391e+00 2.777098655700683594e+00 3.029692173004150391e+00 3.059687852859497070e+00
3.227345943450927734e+00 1.870795726776123047e+00 4.505801200866699219e+00 3.052747488021850586e+00 2.370857238769531250e+00 3.058440923690795898e+00 2.750644445419311523e+00 3.781238317489624023e+00 1.881378650665283203e+00 3.541341066360473633e+00 3.211653709411621094e+00 3.853718996047973633e+00 2.780725002288818359e+00 3.593357563018798828e+00 4.461664199829101562e+00 3.234333515167236328e+00 5.007029056549072266e+00 3.144775867462158203e+00 2.498251438140869141e+00 2.915858507156372070e+00
2.406588792800903320e+00 3.166994571685791016e+00 3.407923221588134766e+00 2.611439943313598633e+00 3.151800394058227539e+00 2.254038333892822266e+00 3.208992719650268555e+00 3.330673217773437500e+00 4.842654228210449219e+00 2.633919715881347656e+00 4.383571624755859375e+00 3.634302139282226562e+00 3.276188373565673828e+00 1.989710330963134766e+00 1.897441744804382324e+00 2.671034336090087891e+00 2.596716642379760742e+00 3.080227851867675781e+00 2.613913297653198242e+00 3.193804264068603516e+00
2.287247419357299805e+00 4.166522979736328125e+00 2.175787925720214844e+00 4.126003265380859375e+00 2.397690773010253906e+00 2.337472438812255859e+00 4.575011730194091797e+00 2.546958923339843750e+00 1.925161361694335938e+00 2.609296798706054688e+00 2.199548721313476562e+00 3.477415561676025391e+00 6.560025215148925781e+00 5.212813854217529297e+00 1.235215663909912109e+00 2.827156066894531250e+00 3.130483627319335938e+00 2.309876441955566406e+00 1.848116278648376465e+00 2.757500171661376953e+00
3.722196817398071289e+00 1.326725125312805176e+00 2.802207469940185547e+00 3.866634845733642578e+00 3.208723068237304688e+00 2.349338293075561523e+00 2.815992832183837891e+00 1.703940749168395996e+00 3.630158185958862305e+00 2.812599897384643555e+00 2.657052516937255859e+00 2.374056577682495117e+00 2.621260881423950195e+00 2.592508316040039062e+00 2.381460905075073242e+00 4.670980453491210938e+00 3.905975818634033203e+00 2.768391847610473633e+00 2.074161291122436523e+00 1.704091787338256836e+00
2.162954092025756836e+00 3.218789577484130859e+00 3.632765293121337891e+00 2.580320835113525391e+00 3.110932826995849609e+00 4.446505546569824219e+00 2.400339841842651367e+00 1.911510944366455078e+00 4.085978031158447266e+00 3.141820907592773438e+00 3.270792007446289062e+00 2.800973415374755859e+00 2.565989494323730469e+00 2.288074016571044922e+00 2.154794931411743164e+00 3.309738636016845703e+00 2.800637483596801758e+00 2.199565410614013672e+00 2.805225372314453125e+00 2.703643321990966797e+00
3.103352546691894531e+00 3.821110248565673828e+00 2.483895063400268555e+00 2.598544120788574219e+00 2.780926704406738281e+00 3.556692600250244141e+00 2.437150955200195312e+00 2.104962825775146484e+00 2.595609903335571289e+00 3.604438543319702148e+00 2.525111675262451172e+00 2.565465927124023438e+00 1.864726424217224121e+00 2.727223157882690430e+00 2.898010253906250000e+00 3.606775522232055664e+00 2.429230213165283203e+00 2.293552875518798828e+00 3.021686077117919922e+00 2.127895832061767578e+00
2.569012641906738281e+00 3.292651176452636719e+00 2.734699964523315430e+00 3.084923744201660156e+00 2.687408924102783203e+00 2.418215751647949219e+00 2.525934219360351562e+00 3.422256946563720703e+00 3.466800212860107422e+00 2.959375858306884766e+00 4.934915542602539062e+00 2.626114368438720703e+00 3.400419473648071289e+00 3.069332599639892578e+00 4.044351577758789062e+00 2.204646587371826172e+00 3.431395530700683594e+00 2.618350982666015625e+00 2.444466114044189453e+00 6.661501884460449219e+00
2.753366231918334961e+00 1.661335229873657227e+00 3.867124319076538086e+00 3.467915058135986328e+00 2.743455886840820312e+00 2.356361865997314453e+00 3.423961400985717773e+00 3.048553943634033203e+00 3.574145078659057617e+00 2.816233634948730469e+00 4.793502807617187500e+00 2.855413198471069336e+00 2.348546504974365234e+00 1.922659158706665039e+00 2.791929483413696289e+00 3.193316936492919922e+00 2.207192420959472656e+00 2.363370418548583984e+00 2.658162117004394531e+00 3.188393115997314453e+00
2.042139053344726562e+00 2.747370958328247070e+00 3.573189258575439453e+00 2.979354858398437500e+00 5.140853881835937500e+00 3.071412801742553711e+00 4.035864830017089844e+00 3.130633831024169922e+00 2.848411798477172852e+00 3.240014314651489258e+00 3.296713352203369141e+00 3.049201965332031250e+00 3.301826477050781250e+00 2.940749168395996094e+00 2.724863529205322266e+00 3.284399986267089844e+00 3.323552846908569336e+00 2.757535457611083984e+00 2.451477050781250000e+00 5.075430870056152344e+00
4.387667655944824219e+00 1.986283063888549805e+00 1.743872880935668945e+00 3.664649963378906250e+00 3.258067607879638672e+00 2.371049880981445312e+00 3.340442180633544922e+00 1.777276515960693359e+00 3.471319913864135742e+00 3.227468013763427734e+00 2.606066942214965820e+00 2.824672698974609375e+00 2.014466285705566406e+00 3.303845882415771484e+00 2.845242977142333984e+00 2.091259002685546875e+00 2.814184665679931641e+00 2.971643924713134766e+00 3.499608993530273438e+00 2.497689485549926758e+00
2.593778371810913086e+00 2.644209861755371094e+00 1.815569281578063965e+00 2.609756469726562500e+00 2.540996074676513672e+00 2.936460971832275391e+00 1.983791828155517578e+00 4.315327644348144531e+00 2.825677156448364258e+00 4.481078147888183594e+00 3.680842876434326172e+00 2.579381465911865234e+00 2.357244491577148438e+00 2.541031122207641602e+00 1.812810301780700684e+00 2.294903278350830078e+00 2.422201156616210938e+00 1.814985275268554688e+00 4.007406711578369141e+00 2.559262275695800781e+00
3.083301782608032227e+00 2.607768535614013672e+00 1.935004353523254395e+00 2.063712120056152344e+00 3.255862236022949219e+00 2.341321468353271484e+00 2.044874191284179688e+00 2.282761573791503906e+00 5.215241432189941406e+00 5.643783569335937500e+00 4.039057731628417969e+00 3.002778530120849609e+00 3.113823652267456055e+00 2.654761075973510742e+00 2.809494256973266602e+00 3.736382246017456055e+00 2.797799587249755859e+00 2.873766660690307617e+00 2.664826154708862305e+00 2.208316087722778320e+00
