2019-07-24 08:00:00
4.768885612487792969e+00 5.202065467834472656e+00 1.348965406417846680e+00 3.891469478607177734e+00 4.191545486450195312e+00 2.957919597625732422e+00 5.012597084045410156e+00 3.471029758453369141e+00 1.851914167404174805e+00 3.443314075469970703e+00 3.459183931350708008e+00 2.657822847366333008e+00 3.377932071685791016e+00 1.670721411705017090e+00 1.599672675132751465e+00 2.912237405776977539e+00 3.811316967010498047e+00 3.018832206726074219e+00 2.487378835678100586e+00 2.904675245285034180e+00
4.304651260375976562e+00 2.924554109573364258e+00 4.096424579620361328e+00 2.929065704345703125e+00 3.365656852722167969e+00 3.301831007003784180e+00 3.600530385971069336e+00 3.606055974960327148e+00 2.471444845199584961e+00 2.244615077972412109e+00 2.372090339660644531e+00 3.159798145294189453e+00 3.261721372604370117e+00 4.733557224273681641e+00 2.520859241485595703e+00 1.649122476577758789e+00 1.448754429817199707e+00 3.270110845565795898e+00 2.410162448883056641e+00 2.929237365722656250e+00
3.642652034759521484e+00 3.976186752319335938e+00 3.028745651245117188e+00 2.392389059066772461e+00 5.088816642761230469e+00 2.015683889389038086e+00 4.661198139190673828e+00 2.693543434143066406e+00 3.224586486816406250e+00 2.692748069763183594e+00 3.685503721237182617e+00 2.004997968673706055e+00 2.746165275573730469e+00 5.337912559509277344e+00 2.963887691497802734e+00 2.203657150268554688e+00 2.827091217041015625e+00 6.487154960632324219e+00 3.126293182373046875e+00 3.188961505889892578e+00
2.555021286010742188e+00 2.613000154495239258e+00 3.413469314575195312e+00 3.947985172271728516e+00 3.360964536666870117e+00 2.591343402862548828e+00 2.783059120178222656e+00 2.146728277206420898e+00 3.776372909545898438e+00 2.200768470764160156e+00 3.301086902618408203e+00 1.580716609954833984e+00 2.535822868347167969e+00 2.743148803710937500e+00 3.308930158615112305e+00 2.597411394119262695e+00 1.922687649726867676e+00 4.366891860961914062e+00 1.843975305557250977e+00 3.628211498260498047e+00
2.295180797576904297e+00 3.902212619781494141e+00 2.504965543746948242e+00 2.817173480987548828e+00 3.713335037231445312e+00 3.031995296478271484e+00 2.658720493316650391e+00 4.140732765197753906e+00 2.774301290512084961e+00 3.670436620712280273e+00 3.292157888412475586e+00 3.614072322845458984e+00 2.510616540908813477e+00 4.173583030700683594e+00 4.249163627624511719e+00 2.222009897232055664e+00 2.284973144531250000e+00 1.716110944747924805e+00 2.938006877899169922e+00 4.894248485565185547e+00
4.628528594970703125e+00 3.093214035034179688e+00 3.965854167938232422e+00 2.434645891189575195e+00 1.738051652908325195e+00 1.872411251068115234e+00 2.623515605926513672e+00 4.072769165039062500e+00 4.392990112304687500e+00 6.020475864410400391e+00 3.162335395812988281e+00 4.853679656982421875e+00 4.964697837829589844e+00 3.125220775604248047e+00 3.129460811614990234e+00 4.898359775543212891e+00 1.792197585105895996e+00 4.885536193847656250e+00 2.367120981216430664e+00 2.242897510528564453e+00
2.425741910934448242e+00 2.788435459136962891e+00 2.565048217773437500e+00 3.837467193603515625e+00 3.843294620513916016e+00 2.162241935729980469e+00 2.826103687286376953e+00 4.218222618103027344e+00 2.916910648345947266e+00 2.584257602691650391e+00 2.415583133697509766e+00 3.831801414489746094e+00 3.542177677154541016e+00 2.512879610061645508e+00 3.785831451416015625e+00 4.771586418151855469e+00 1.996470689773559570e+00 1.953899383544921875e+00 2.007500648498535156e+00 3.643119812011718750e+00
3.768276929855346680e+00 3.460600852966308594e+00 2.693969249725341797e+00 2.370233535766601562e+00 2.457097530364990234e+00 2.810619354248046875e+00 2.844146728515625000e+00 2.542401790618896484e+00 2.930099964141845703e+00 3.500839233398437500e+00 3.550983428955078125e+00 4.467150688171386719e+00 5.363719940185546875e+00 2.214389085769653320e+00 2.629009723663330078e+00 4.120189189910888672e+00 5.026010990142822266e+00 2.208266258239746094e+00 3.195177316665649414e+00 2.718003273010253906e+00
2.793216228485107422e+00 1.756606221199035645e+00 3.524908781051635742e+00 3.015837192535400391e+00 3.511793375015258789e+00 1.946347475051879883e+00 2.630640268325805664e+00 1.975773572921752930e+00 2.121910333633422852e+00 2.738693475723266602e+00 2.225015163421630859e+00 3.090759277343750000e+00 2.874188661575317383e+00 4.060325145721435547e+00 5.058010101318359375e+00 2.226588487625122070e+00 5.138252258300781250e+00 2.120945453643798828e+00 2.826850175857543945e+00 1.594914913177490234e+00
2.645663738250732422e+00 3.601300239562988281e+00 2.585958719253540039e+00 3.262091636657714844e+00 2.256224870681762695e+00 2.237169027328491211e+00 3.492856025695800781e+00 2.756836175918579102e+00 4.638278007507324219e+00 3.357827425003051758e+00 3.539681911468505859e+00 5.480493545532226562e+00 4.393412113189697266e+00 1.966133117675781250e+00 2.126598358154296875e+00 1.646059989929199219e+00 2.687466621398925781e+00 2.401350736618041992e+00 3.863958358764648438e+00 2.068946361541748047e+00
2.363937854766845703e+00 3.492532014846801758e+00 2.097838401794433594e+00 2.589043140411376953e+00 4.460972785949707031e+00 4.234999656677246094e+00 4.283436775207519531e+00 3.051112174987792969e+00 1.683732509613037109e+00 3.097931861877441406e+00 3.116016149520874023e+00 4.636724472045898438e+00 3.505638360977172852e+00 4.708485603332519531e+00 2.408296823501586914e+00 2.117013692855834961e+00 2.618741035461425781e+00 3.200053691864013672e+00 2.708346843719482422e+00 2.434074401855468750e+00
2.712232828140258789e+00 2.561096429824829102e+00 2.534418582916259766e+00 2.846562385559082031e+00 3.719085216522216797e+00 2.822419643402099609e+00 3.273132085800170898e+00 2.548982143402099609e+00 3.261664152145385742e+00 3.041981220245361328e+00 3.542986869812011719e+00 1.247779011726379395e+00 3.180846691131591797e+00 2.916440010070800781e+00 2.975314140319824219e+00 3.035411119461059570e+00 2.807293891906738281e+00 3.267942428588867188e+00 3.508986711502075195e+00 3.120759010314941406e+00
3.647635221481323242e+00 2.178807973861694336e+00 3.035502195358276367e+00 3.375631809234619141e+00 2.633616924285888672e+00 3.187552213668823242e+00 3.366885900497436523e+00 2.787515640258789062e+00 3.326954841613769531e+00 2.482437610626220703e+00 2.083138942718505859e+00 2.754437446594238281e+00 2.825411319732666016e+00 2.726055860519409180e+00 2.701878786087036133e+00 3.311017990112304688e+00 3.163382291793823242e+00 1.567622423171997070e+00 2.247808456420898438e+00 2.034163475036621094e+00
2.857321739196777344e+00 4.218059539794921875e+00 3.539984703063964844e+00 3.460729598999023438e+00 3.083814620971679688e+00 2.952213525772094727e+00 1.934771418571472168e+00 2.078292131423950195e+00 2.335792064666748047e+00 3.528294563293457031e+00 3.076319932937622070e+00 3.148486614227294922e+00 2.198998212814331055e+00 3.381285429000854492e+00 2.631798028945922852e+00 3.508539676666259766e+00 3.914053440093994141e+00 2.449571132659912109e+00 1.909350156784057617e+00 3.574064493179321289e+00
2.209136486053466797e+00 2.288534164428710938e+00 2.967092514038085938e+00 3.122251987457275391e+00 2.847044944763183594e+00 1.841299414634704590e+00 2.022883415222167969e+00 2.309259653091430664e+00 2.256305932998657227e+00 3.321239233016967773e+00 1.663286685943603516e+00 3.702033519744873047e+00 2.338766574859619141e+00 3.974357604980468750e+00 4.239672660827636719e+00 2.719639301300048828e+00 2.730408191680908203e+00 2.818190574645996094e+00 2.015284538269042969e+00 2.697383880615234375e+00
2.461393594741821289e+00 4.047064781188964844e+00 3.671977043151855469e+00 2.624711751937866211e+00 3.008681774139404297e+00 2.542131900787353516e+00 4.023722648620605469e+00 4.147330284118652344e+00 2.786511421203613281e+00 2.397891759872436523e+00 2.428191661834716797e+00 3.120614528656005859e+00 1.629916191101074219e+00 3.062472820281982422e+00 2.412103652954101562e+00 2.935169458389282227e+00 2.713662147521972656e+00 3.089951276779174805e+00 1.992762327194213867e+00 2.236234188079833984e+00
3.171225070953369141e+00 3.404803752899169922e+00 3.057259559631347656e+00 1.899365186691284180e+00 2.101890563964843750e+00 3.068755149841308594e+00 2.791189670562744141e+00 2.302228927612304688e+00 2.742093324661254883e+00 2.809787750244140625e+00 3.252166271209716797e+00 2.501040458679199219e+00 2.798400640487670898e+00 2.797323226928710938e+00 2.830562353134155273e+00 2.515827894210815430e+00 2.432410240173339844e+00 2.232149124145507812e+00 2.694032192230224609e+00 4.980989456176757812e+00
4.746981143951416016e+00 2.941425800323486328e+00 2.693240165710449219e+00 2.392532348632812500e+00 2.235741615295410156e+00 3.337283134460449219e+00 3.197517395019531250e+00 2.660193920135498047e+00 3.121931791305541992e+00 2.368988275527954102e+00 1.704344987869262695e+00 2.698091983795166016e+00 2.434788942337036133e+00 4.298792839050292969e+00 2.910606384277343750e+00 2.257462739944458008e+00 2.083889245986938477e+00 2.257451772689819336e+00 1.676966309547424316e+00 1.748090624809265137e+00
2.740838050842285156e+00 3.446421146392822266e+00 2.165734291076660156e+00 2.572479724884033203e+00 2.483577728271484375e+00 2.381446599960327148e+00 2.719114065170288086e+00 2.530570507049560547e+00 3.739696979522705078e+00 3.117589950561523438e+00 1.522817254066467285e+00 1.698232531547546387e+00 2.052084445953369141e+00 3.384736537933349609e+00 3.549057006835937500e+00 2.942818164825439453e+00 3.032881736755371094e+00 3.319820880889892578e+00 2.791648387908935547e+00 2.415052175521850586e+00
2.592787265777587891e+00 1.663146734237670898e+00 2.207885026931762695e+00 3.211838722229003906e+00 2.901400804519653320e+00 3.675794839859008789e+00 2.803564071655273438e+00 2.248329639434814453e+00 3.681874275207519531e+00 3.601220607757568359e+00 2.856615066528320312e+00 2.730060815811157227e+00 3.875054359436035156e+00 2.497690677642822266e+00 2.154381752014160156e+00 2.940505027770996094e+00 2.106139898300170898e+00 2.340852260589599609e+00 2.559701919555664062e+00 2.007905006408691406e+00
