2019-07-24 08:30:00
3.243498325347900391e+00 6.218960285186767578e+00 2.406858921051025391e+00 3.812916278839111328e+00 2.093322515487670898e+00 3.138892173767089844e+00 3.333712100982666016e+00 3.250876426696777344e+00 4.294833183288574219e+00 2.425285339355468750e+00 3.349162578582763672e+00 2.541864395141601562e+00 5.148534297943115234e+00 1.889647603034973145e+00 2.463353633880615234e+00 5.229628562927246094e+00 6.675206184387207031e+00 2.569723844528198242e+00 2.157615900039672852e+00 5.359778881072998047e+00
3.399995326995849609e+00 3.514629364013671875e+00 3.881909847259521484e+00 3.876611709594726562e+00 3.954525232315063477e+00 2.320165634155273438e+00 3.110216617584228516e+00 2.709632873535156250e+00 2.879222631454467773e+00 2.284740686416625977e+00 4.240689277648925781e+00 3.893007040023803711e+00 4.040040016174316406e+00 4.972621917724609375e+00 2.593774557113647461e+00 3.036452293395996094e+00 3.891060829162597656e+00 1.484324455261230469e+00 3.195838928222656250e+00 2.828282117843627930e+00
4.219252586364746094e+00 6.084072113037109375e+00 3.741103172302246094e+00 4.933849334716796875e+00 1.107513666152954102e+00 4.125977516174316406e+00 2.260871171951293945e+00 2.718721866607666016e+00 2.414434432983398438e+00 3.474803447723388672e+00 4.135445117950439453e+00 4.839537620544433594e+00 2.145547389984130859e+00 7.170042037963867188e+00 6.691774368286132812e+00 2.727681875228881836e+00 3.520223140716552734e+00 5.770995140075683594e+00 2.964623928070068359e+00 2.902887582778930664e+00
2.805269241333007812e+00 3.195582866668701172e+00 4.869438171386718750e+00 4.938420295715332031e+00 3.438064098358154297e+00 4.464454650878906250e+00 2.933767318725585938e+00 4.411784172058105469e+00 2.987147331237792969e+00 7.545556068420410156e+00 5.241426467895507812e+00 4.669706344604492188e+00 3.637056589126586914e+00 4.218496799468994141e+00 3.892157554626464844e+00 2.622144699096679688e+00 4.142636775970458984e+00 5.673515319824218750e+00 2.646106719970703125e+00 2.581062555313110352e+00
3.077486515045166016e+00 3.726714849472045898e+00 3.078300476074218750e+00 3.087517976760864258e+00 3.716680526733398438e+00 5.148239612579345703e+00 3.245007038116455078e+00 3.016297340393066406e+00 6.075469017028808594e+00 3.377856016159057617e+00 3.451035737991333008e+00 6.059536457061767578e+00 3.180281639099121094e+00 4.127067565917968750e+00 3.604546785354614258e+00 2.488381147384643555e+00 3.230958461761474609e+00 3.243443250656127930e+00 3.706903457641601562e+00 3.413980484008789062e+00
8.438650131225585938e+00 3.770428657531738281e+00 4.161792755126953125e+00 5.202972888946533203e+00 1.644922733306884766e+00 4.737818241119384766e+00 3.487421512603759766e+00 2.416318893432617188e+00 4.338001251220703125e+00 5.073907852172851562e+00 4.838300704956054688e+00 8.238090515136718750e+00 6.058121681213378906e+00 3.927738189697265625e+00 4.220714092254638672e+00 6.224692344665527344e+00 2.404713153839111328e+00 3.987125873565673828e+00 5.894305229187011719e+00 3.014419078826904297e+00
7.961621284484863281e+00 4.339002609252929688e+00 3.955409765243530273e+00 5.904788017272949219e+00 6.675704479217529297e+00 2.795288562774658203e+00 2.596474170684814453e+00 4.894911766052246094e+00 2.722072362899780273e+00 2.572561979293823242e+00 3.280003070831298828e+00 3.427443981170654297e+00 4.298439979553222656e+00 4.972446441650390625e+00 3.215632915496826172e+00 5.716241836547851562e+00 2.771790504455566406e+00 2.955473423004150391e+00 4.131007671356201172e+00 3.602015256881713867e+00
8.232790946960449219e+00 2.502417564392089844e+00 4.736688613891601562e+00 4.661897659301757812e+00 4.953087806701660156e+00 2.869850158691406250e+00 2.914150476455688477e+00 4.748436927795410156e+00 3.047741413116455078e+00 2.476311683654785156e+00 3.435585975646972656e+00 4.160059452056884766e+00 4.120366096496582031e+00 3.308921337127685547e+00 2.509942054748535156e+00 2.037147045135498047e+00 5.737320899963378906e+00 2.383329629898071289e+00 4.919806480407714844e+00 2.631025552749633789e+00
2.652976751327514648e+00 3.672821521759033203e+00 2.355203390121459961e+00 4.719123363494873047e+00 2.642889022827148438e+00 2.512710809707641602e+00 2.586755752563476562e+00 4.001252174377441406e+00 3.280017852783203125e+00 3.690979003906250000e+00 2.895801067352294922e+00 4.051976680755615234e+00 3.226470947265625000e+00 4.234970092773437500e+00 6.215186119079589844e+00 4.165353775024414062e+00 5.258250236511230469e+00 2.347370862960815430e+00 2.848855257034301758e+00 3.017442226409912109e+00
2.892149925231933594e+00 3.954494476318359375e+00 3.509988784790039062e+00 2.214212417602539062e+00 2.503883838653564453e+00 3.932882308959960938e+00 2.143358230590820312e+00 3.343867778778076172e+00 5.520757675170898438e+00 4.503520965576171875e+00 3.380181312561035156e+00 5.349668979644775391e+00 5.785308837890625000e+00 2.265758275985717773e+00 2.719105720520019531e+00 2.253088235855102539e+00 2.592460155487060547e+00 2.540937662124633789e+00 1.496456146240234375e+00 2.534911632537841797e+00
2.530361652374267578e+00 2.360562562942504883e+00 3.955184936523437500e+00 3.683732986450195312e+00 3.273222684860229492e+00 2.978926420211791992e+00 3.526042461395263672e+00 2.594347000122070312e+00 3.846200942993164062e+00 1.492353916168212891e+00 3.015249013900756836e+00 5.796081542968750000e+00 5.135558128356933594e+00 4.900834560394287109e+00 2.786213874816894531e+00 2.590349197387695312e+00 4.694993019104003906e+00 2.393114805221557617e+00 2.313434600830078125e+00 3.038076877593994141e+00
3.740168809890747070e+00 2.729132413864135742e+00 3.339683055877685547e+00 2.972275257110595703e+00 7.531392574310302734e+00 2.673224449157714844e+00 4.821387290954589844e+00 4.519734859466552734e+00 2.593264102935791016e+00 2.099661350250244141e+00 3.263171195983886719e+00 4.384838104248046875e+00 2.511852502822875977e+00 2.886462688446044922e+00 2.174554586410522461e+00 5.642833709716796875e+00 2.578258991241455078e+00 3.887788057327270508e+00 3.678573131561279297e+00 2.068535327911376953e+00
2.502650737762451172e+00 3.100100040435791016e+00 3.589860916137695312e+00 2.706764698028564453e+00 2.828096866607666016e+00 3.217366218566894531e+00 3.037519454956054688e+00 2.721892595291137695e+00 2.567994594573974609e+00 3.164167404174804688e+00 2.271156072616577148e+00 2.216756582260131836e+00 3.100193500518798828e+00 2.995226860046386719e+00 3.166290998458862305e+00 3.238815546035766602e+00 3.119604587554931641e+00 1.237805604934692383e+00 2.710382461547851562e+00 2.354755878448486328e+00
3.358393430709838867e+00 2.345036506652832031e+00 3.037122726440429688e+00 3.509954452514648438e+00 2.938937902450561523e+00 4.070573806762695312e+00 3.016468763351440430e+00 2.421754837036132812e+00 3.575787067413330078e+00 3.353350400924682617e+00 3.712088584899902344e+00 3.007328987121582031e+00 4.933712482452392578e+00 2.858891963958740234e+00 3.249868392944335938e+00 2.154734373092651367e+00 3.049738883972167969e+00 3.367850065231323242e+00 2.571470022201538086e+00 3.311091899871826172e+00
3.298092126846313477e+00 2.870431900024414062e+00 2.778786182403564453e+00 2.802214145660400391e+00 3.535524368286132812e+00 1.730218291282653809e+00 2.974424600601196289e+00 3.191460847854614258e+00 2.686887264251708984e+00 3.583585739135742188e+00 2.552876472473144531e+00 2.862998008728027344e+00 2.609158039093017578e+00 3.657503128051757812e+00 2.213115215301513672e+00 3.230149030685424805e+00 2.104225873947143555e+00 2.735953092575073242e+00 3.102035999298095703e+00 5.478346347808837891e+00
2.376599550247192383e+00 2.750247716903686523e+00 2.780452251434326172e+00 3.073202371597290039e+00 2.502698659896850586e+00 2.929567098617553711e+00 3.238075971603393555e+00 4.091053485870361328e+00 3.239376783370971680e+00 3.166849851608276367e+00 2.250879287719726562e+00 3.336193561553955078e+00 2.579929351806640625e+00 2.727089405059814453e+00 2.711307048797607422e+00 3.383523941040039062e+00 3.053103923797607422e+00 3.182972908020019531e+00 2.758165597915649414e+00 3.564366102218627930e+00
2.891807556152343750e+00 2.877774238586425781e+00 2.467453479766845703e+00 2.549390792846679688e+00 2.217195034027099609e+00 3.155003547668457031e+00 2.624570369720458984e+00 3.708119869232177734e+00 3.172264099121093750e+00 3.500707149505615234e+00 2.807969570159912109e+00 1.884293556213378906e+00 3.103004932403564453e+00 2.771620035171508789e+00 2.220749855041503906e+00 2.520994424819946289e+00 2.764168262481689453e+00 2.783913612365722656e+00 2.361494064331054688e+00 3.833321332931518555e+00
2.503493785858154297e+00 2.636894702911376953e+00 2.791822433471679688e+00 2.844404220581054688e+00 4.455446243286132812e+00 1.900701999664306641e+00 4.063892364501953125e+00 2.836987495422363281e+00 2.717560768127441406e+00 1.816589117050170898e+00 2.960227727890014648e+00 2.202207088470458984e+00 3.359463453292846680e+00 1.981072902679443359e+00 4.096606254577636719e+00 3.544044256210327148e+00 4.078388214111328125e+00 4.117503166198730469e+00 3.006514787673950195e+00 9.130458831787109375e-01
3.795988798141479492e+00 2.829216957092285156e+00 3.311657428741455078e+00 2.374692201614379883e+00 3.545475006103515625e+00 4.233791351318359375e+00 4.356922149658203125e+00 2.723946571350097656e+00 2.477310895919799805e+00 4.481080055236816406e+00 7.779164791107177734e+00 4.494483947753906250e+00 1.782384395599365234e+00 3.866487979888916016e+00 3.374899387359619141e+00 2.721384525299072266e+00 1.901202797889709473e+00 2.300502300262451172e+00 2.539075613021850586e+00 2.735647678375244141e+00
4.333343505859375000e+00 3.761838912963867188e+00 1.799213767051696777e+00 1.780178070068359375e+00 2.328892707824707031e+00 2.589048385620117188e+00 2.475687503814697266e+00 3.148957252502441406e+00 2.902001380920410156e+00 1.759924888610839844e+00 3.996493101119995117e+00 2.734837055206298828e+00 5.393166542053222656e+00 1.826187372207641602e+00 3.985247850418090820e+00 3.659952640533447266e+00 2.894089937210083008e+00 3.181003570556640625e+00 3.412218093872070312e+00 2.475479841232299805e+00
