2019-07-24 09:00:00
4.130177021026611328e+00 3.038476467132568359e+00 5.720139503479003906e+00 3.937025547027587891e+00 2.156730413436889648e+00 2.371017456054687500e+00 3.311571836471557617e+00 1.641102910041809082e+00 3.787510395050048828e+00 1.911612749099731445e+00 4.374751091003417969e+00 2.053471088409423828e+00 2.131598949432373047e+00 1.400168538093566895e+00 2.548588991165161133e+00 2.331886053085327148e+00 3.077161312103271484e+00 2.686855316162109375e+00 2.424347877502441406e+00 2.456267356872558594e+00
3.871546030044555664e+00 2.221292972564697266e+00 3.521297931671142578e+00 2.944424629211425781e+00 2.501647472381591797e+00 2.872429370880126953e+00 2.866383552551269531e+00 1.734435558319091797e+00 1.926977634429931641e+00 1.861677885055541992e+00 4.985077857971191406e+00 3.390971422195434570e+00 2.958018779754638672e+00 2.559797763824462891e+00 2.614510536193847656e+00 1.797293543815612793e+00 2.647663116455078125e+00 3.361202239990234375e+00 2.563891172409057617e+00 3.844562530517578125e+00
4.762144565582275391e+00 3.080782175064086914e+00 2.220174312591552734e+00 4.189200878143310547e+00 1.949459075927734375e+00 3.620946884155273438e+00 2.382984638214111328e+00 2.479752540588378906e+00 3.512466430664062500e+00 3.101211071014404297e+00 2.818471431732177734e+00 5.125059127807617188e+00 1.828436613082885742e+00 3.495078086853027344e+00 4.421525955200195312e+00 2.067332267761230469e+00 3.566854000091552734e+00 3.063282489776611328e+00 3.810609340667724609e+00 2.962106466293334961e+00
2.845473051071166992e+00 1.794293761253356934e+00 2.974487781524658203e+00 4.963421344757080078e+00 2.289199113845825195e+00 3.474077224731445312e+00 3.790360927581787109e+00 2.903309822082519531e+00 3.244031906127929688e+00 3.433265209197998047e+00 2.937568426132202148e+00 3.291106939315795898e+00 2.337543964385986328e+00 2.475832462310791016e+00 2.877150535583496094e+00 1.912626743316650391e+00 2.042186260223388672e+00 3.587968587875366211e+00 2.513961553573608398e+00 1.716493129730224609e+00
1.879283189773559570e+00 4.049252510070800781e+00 3.324524402618408203e+00 3.424602031707763672e+00 3.282808780670166016e+00 2.969596147537231445e+00 3.077282428741455078e+00 2.936284542083740234e+00 2.226348161697387695e+00 2.478850364685058594e+00 3.513974189758300781e+00 4.385726928710937500e+00 3.929625749588012695e+00 2.995265960693359375e+00 2.741133689880371094e+00 3.042177677154541016e+00 2.446211814880371094e+00 4.062494754791259766e+00 3.490021705627441406e+00 2.359418392181396484e+00
3.344990968704223633e+00 2.150382280349731445e+00 5.129689216613769531e+00 4.803862571716308594e+00 3.189196348190307617e+00 2.900230884552001953e+00 2.251494884490966797e+00 5.014608383178710938e+00 2.883978843688964844e+00 3.103066444396972656e+00 3.160218238830566406e+00 3.521680355072021484e+00 1.983413696289062500e+00 3.433272361755371094e+00 2.163782119750976562e+00 4.217499732971191406e+00 1.601452827453613281e+00 4.424415588378906250e+00 3.554400920867919922e+00 3.048517227172851562e+00
2.961889743804931641e+00 2.983346939086914062e+00 4.225399017333984375e+00 2.818983078002929688e+00 2.804681539535522461e+00 1.823978424072265625e+00 2.712780475616455078e+00 3.377683162689208984e+00 3.176460027694702148e+00 2.835141658782958984e+00 3.144525766372680664e+00 2.356824874877929688e+00 3.953880071640014648e+00 4.448248386383056641e+00 3.292542934417724609e+00 4.888642787933349609e+00 1.902678728103637695e+00 2.414157390594482422e+00 3.510242700576782227e+00 3.381944179534912109e+00
4.491492271423339844e+00 1.989126682281494141e+00 3.079521656036376953e+00 4.615715026855468750e+00 2.072504997253417969e+00 3.513269186019897461e+00 2.732748508453369141e+00 3.614639759063720703e+00 2.854671478271484375e+00 2.354602813720703125e+00 3.856352090835571289e+00 3.628698587417602539e+00 3.902725934982299805e+00 4.072945117950439453e+00 2.176602840423583984e+00 2.456569910049438477e+00 5.247595787048339844e+00 2.719351053237915039e+00 2.347798585891723633e+00 2.408271074295043945e+00
2.334710359573364258e+00 4.161420822143554688e+00 2.928812503814697266e+00 2.405633211135864258e+00 1.643048048019409180e+00 3.236452817916870117e+00 2.901144981384277344e+00 2.494967460632324219e+00 2.644324541091918945e+00 3.776301860809326172e+00 3.773787498474121094e+00 2.459121227264404297e+00 2.908451557159423828e+00 3.300919532775878906e+00 4.911891460418701172e+00 3.500889301300048828e+00 3.528049945831298828e+00 2.423694133758544922e+00 2.900308132171630859e+00 2.339040279388427734e+00
4.646618843078613281e+00 3.361325025558471680e+00 4.228210449218750000e+00 2.500138044357299805e+00 2.359534263610839844e+00 3.577077627182006836e+00 2.800118923187255859e+00 2.277732849121093750e+00 3.208661079406738281e+00 4.344548225402832031e+00 5.047326087951660156e+00 4.409551143646240234e+00 3.193397045135498047e+00 1.908943176269531250e+00 1.905110597610473633e+00 2.558132410049438477e+00 3.689682006835937500e+00 1.979288816452026367e+00 8.592014312744140625e-01 2.528414726257324219e+00
3.846053600311279297e+00 2.319638967514038086e+00 3.602929353713989258e+00 2.667575836181640625e+00 2.107578277587890625e+00 3.394199132919311523e+00 3.914849281311035156e+00 2.488500595092773438e+00 3.236416816711425781e+00 2.441807270050048828e+00 2.616125822067260742e+00 3.478159904479980469e+00 2.379408597946166992e+00 4.172809600830078125e+00 3.237168550491333008e+00 2.561297416687011719e+00 3.067374706268310547e+00 2.142735004425048828e+00 2.315186023712158203e+00 3.200209617614746094e+00
3.825889348983764648e+00 2.057932376861572266e+00 3.240936517715454102e+00 1.652937293052673340e+00 3.240231990814208984e+00 3.254497766494750977e+00 2.233698844909667969e+00 2.889964818954467773e+00 3.420341014862060547e+00 2.652010440826416016e+00 4.135454177856445312e+00 2.942620754241943359e+00 4.046097755432128906e+00 1.642273664474487305e+00 2.512298583984375000e+00 3.625441551208496094e+00 3.905253887176513672e+00 2.331038475036621094e+00 3.549885749816894531e+00 2.389328718185424805e+00
1.773681163787841797e+00 2.690761804580688477e+00 2.903405189514160156e+00 3.186707496643066406e+00 2.480325222015380859e+00 3.809279918670654297e+00 2.839682102203369141e+00 2.061573982238769531e+00 2.208020210266113281e+00 2.211547851562500000e+00 3.490958213806152344e+00 2.392735719680786133e+00 3.231564521789550781e+00 2.493042945861816406e+00 2.755686759948730469e+00 2.989560604095458984e+00 3.059605121612548828e+00 2.554704666137695312e+00 2.093358039855957031e+00 2.426911830902099609e+00
2.327844619750976562e+00 2.002198219299316406e+00 3.782056808471679688e+00 3.191624879837036133e+00 3.042776584625244141e+00 2.551798105239868164e+00 2.312725067138671875e+00 3.590991020202636719e+00 2.669959068298339844e+00 3.707273960113525391e+00 2.363514423370361328e+00 2.577871084213256836e+00 3.175271034240722656e+00 2.362601757049560547e+00 2.948322296142578125e+00 2.817440748214721680e+00 3.018268823623657227e+00 3.144041538238525391e+00 3.013759851455688477e+00 1.897178888320922852e+00
3.036407947540283203e+00 2.596162319183349609e+00 3.072155237197875977e+00 2.984183788299560547e+00 3.090151548385620117e+00 1.778993368148803711e+00 3.788997650146484375e+00 2.835512161254882812e+00 2.301223039627075195e+00 3.134425401687622070e+00 1.991091609001159668e+00 2.546524524688720703e+00 2.843048810958862305e+00 4.034759044647216797e+00 2.704972028732299805e+00 2.923309803009033203e+00 2.041913270950317383e+00 2.457988977432250977e+00 2.610140800476074219e+00 4.863619804382324219e+00
3.004569768905639648e+00 2.513082981109619141e+00 3.293480396270751953e+00 2.809938430786132812e+00 3.381564617156982422e+00 2.227741956710815430e+00 3.445256710052490234e+00 2.493587493896484375e+00 3.250308036804199219e+00 3.557154893875122070e+00 2.734850406646728516e+00 2.759087085723876953e+00 2.940941810607910156e+00 3.353562593460083008e+00 2.414041996002197266e+00 3.482273340225219727e+00 1.311746597290039062e+00 2.136091232299804688e+00 2.280256748199462891e+00 2.105924606323242188e+00
3.674880504608154297e+00 1.843019723892211914e+00 2.976329088211059570e+00 2.203744411468505859e+00 1.338435530662536621e+00 2.927017450332641602e+00 3.256438732147216797e+00 2.894742250442504883e+00 2.816369771957397461e+00 2.967690944671630859e+00 2.487621545791625977e+00 1.524112820625305176e+00 3.450183629989624023e+00 2.747369527816772461e+00 2.581010580062866211e+00 3.301201343536376953e+00 3.064283370971679688e+00 2.200944423675537109e+00 1.929450273513793945e+00 4.487562179565429688e+00
2.239100933074951172e+00 2.283892631530761719e+00 2.849460363388061523e+00 1.943650245666503906e+00 2.688637733459472656e+00 2.792750358581542969e+00 2.436206340789794922e+00 3.194154262542724609e+00 3.132021188735961914e+00 2.670616149902343750e+00 2.888234615325927734e+00 3.410173892974853516e+00 2.987478733062744141e+00 1.845062375068664551e+00 1.702516794204711914e+00 2.662233591079711914e+00 2.954119205474853516e+00 1.961671590805053711e+00 3.218388557434082031e+00 2.005454301834106445e+00
2.669326782226562500e+00 3.150469779968261719e+00 2.292765378952026367e+00 3.023458957672119141e+00 2.210802078247070312e+00 2.752035617828369141e+00 1.647894263267517090e+00 3.165769338607788086e+00 1.904610991477966309e+00 4.273531913757324219e+00 3.955675125122070312e+00 3.251133680343627930e+00 2.991040706634521484e+00 2.872192382812500000e+00 2.773972749710083008e+00 2.534916400909423828e+00 3.741431713104248047e+00 2.430537223815917969e+00 2.374689340591430664e+00 2.441924333572387695e+00
2.920101881027221680e+00 2.888541936874389648e+00 2.314635276794433594e+00 3.405158519744873047e+00 2.585366249084472656e+00 2.784305572509765625e+00 2.177993535995483398e+00 2.313561916351318359e+00 2.377873897552490234e+00 3.825634956359863281e+00 2.801661252975463867e+00 2.989104270935058594e+00 4.132184982299804688e+00 1.891685724258422852e+00 3.219048738479614258e+00 3.968348503112792969e+00 2.725327014923095703e+00 2.885078907012939453e+00 2.271485805511474609e+00 1.873277902603149414e+00
