2019-07-24 09:15:00
3.343701362609863281e+00 4.340111255645751953e+00 4.708189010620117188e+00 4.419210433959960938e+00 3.115994453430175781e+00 3.164321899414062500e+00 3.229482650756835938e+00 4.328648567199707031e+00 4.252101898193359375e+00 2.901930570602416992e+00 4.664348602294921875e+00 2.657118320465087891e+00 4.454527854919433594e+00 2.634165763854980469e+00 3.603763580322265625e+00 5.470361709594726562e+00 5.541179180145263672e+00 2.256925106048583984e+00 4.141624450683593750e+00 4.690362453460693359e+00
3.239023685455322266e+00 4.307406902313232422e+00 4.499921321868896484e+00 4.298383235931396484e+00 2.437869787216186523e+00 2.909374713897705078e+00 2.871075630187988281e+00 3.763097286224365234e+00 3.039978981018066406e+00 2.660641670227050781e+00 3.549945116043090820e+00 4.145884513854980469e+00 4.445485115051269531e+00 3.950310707092285156e+00 1.463812589645385742e+00 1.943771362304687500e+00 5.330009937286376953e+00 5.271550178527832031e+00 3.760622501373291016e+00 2.172422885894775391e+00
5.580751895904541016e+00 4.167891502380371094e+00 3.138815641403198242e+00 4.374189376831054688e+00 2.883352756500244141e+00 2.865804672241210938e+00 3.043031930923461914e+00 3.050980091094970703e+00 2.405301809310913086e+00 3.737424612045288086e+00 3.529482841491699219e+00 4.675178527832031250e+00 3.132286787033081055e+00 4.845919609069824219e+00 4.515727519989013672e+00 3.004015922546386719e+00 5.401548385620117188e+00 5.495253562927246094e+00 2.352021217346191406e+00 2.419552326202392578e+00
2.377796888351440430e+00 3.793191194534301758e+00 2.395425558090209961e+00 2.630612373352050781e+00 3.268411397933959961e+00 4.373472213745117188e+00 3.976491212844848633e+00 3.813795328140258789e+00 2.722918748855590820e+00 2.330940246582031250e+00 3.799348592758178711e+00 4.195403099060058594e+00 1.768536686897277832e+00 4.053256988525390625e+00 3.463143825531005859e+00 1.892139196395874023e+00 2.458244800567626953e+00 5.924878120422363281e+00 3.211859464645385742e+00 2.928129434585571289e+00
2.196751594543457031e+00 3.780296564102172852e+00 2.858421802520751953e+00 3.525635719299316406e+00 2.063218355178833008e+00 5.164436340332031250e+00 2.889867782592773438e+00 3.119594097137451172e+00 3.586797952651977539e+00 3.791990280151367188e+00 5.364727973937988281e+00 8.089935302734375000e+00 3.138079881668090820e+00 3.433490276336669922e+00 3.689743280410766602e+00 3.514768362045288086e+00 3.493212223052978516e+00 4.265011787414550781e+00 5.992035865783691406e+00 1.875569581985473633e+00
5.797597885131835938e+00 2.510668754577636719e+00 4.013698577880859375e+00 3.991230964660644531e+00 4.430684566497802734e+00 3.850677490234375000e+00 1.783868789672851562e+00 2.456405162811279297e+00 2.723780632019042969e+00 4.179018974304199219e+00 8.717824935913085938e+00 4.948930263519287109e+00 6.435819625854492188e+00 4.606677532196044922e+00 3.149577617645263672e+00 6.863822937011718750e+00 2.180811405181884766e+00 2.908965110778808594e+00 4.349280357360839844e+00 3.468124866485595703e+00
3.197238445281982422e+00 2.971632480621337891e+00 4.079403877258300781e+00 3.684607028961181641e+00 3.585920810699462891e+00 3.089741230010986328e+00 3.176838397979736328e+00 5.118655681610107422e+00 1.511644840240478516e+00 1.921797037124633789e+00 2.597399234771728516e+00 2.085416555404663086e+00 3.751110553741455078e+00 2.482484340667724609e+00 3.037416934967041016e+00 6.383949279785156250e+00 3.904611110687255859e+00 2.451436519622802734e+00 4.296989440917968750e+00 3.673540115356445312e+00
8.002703666687011719e+00 2.781202554702758789e+00 1.921306848526000977e+00 3.951775550842285156e+00 3.824838399887084961e+00 2.798224449157714844e+00 2.929161071777343750e+00 3.432832479476928711e+00 2.578691482543945312e+00 2.309165954589843750e+00 3.692933559417724609e+00 1.907665729522705078e+00 2.604749679565429688e+00 2.339288711547851562e+00 3.215462207794189453e+00 1.754290819168090820e+00 4.914031982421875000e+00 3.664458990097045898e+00 4.138600349426269531e+00 2.540106058120727539e+00
3.290137767791748047e+00 2.330429077148437500e+00 3.346486091613769531e+00 2.434262275695800781e+00 4.572228431701660156e+00 2.412431001663208008e+00 3.107918739318847656e+00 4.250327110290527344e+00 3.085941076278686523e+00 3.349474906921386719e+00 2.553280115127563477e+00 2.532484292984008789e+00 3.277564525604248047e+00 4.804186820983886719e+00 7.864555358886718750e+00 2.842999696731567383e+00 5.405120372772216797e+00 2.003901481628417969e+00 1.549665212631225586e+00 2.745001316070556641e+00
2.719102144241333008e+00 2.595472335815429688e+00 1.792487621307373047e+00 3.491039037704467773e+00 3.672512531280517578e+00 3.311435699462890625e+00 2.386579036712646484e+00 3.748948097229003906e+00 6.088903427124023438e+00 3.784286260604858398e+00 4.680526733398437500e+00 5.355575084686279297e+00 3.601928234100341797e+00 2.621218442916870117e+00 2.065195560455322266e+00 1.916590213775634766e+00 4.051055908203125000e+00 2.169471263885498047e+00 2.392491340637207031e+00 3.373852252960205078e+00
4.446591854095458984e+00 2.982290267944335938e+00 2.912779331207275391e+00 3.109430313110351562e+00 2.538807868957519531e+00 3.242613315582275391e+00 2.938319683074951172e+00 2.398217678070068359e+00 1.801144599914550781e+00 2.524333000183105469e+00 1.837852478027343750e+00 5.976594924926757812e+00 3.457527399063110352e+00 3.338879585266113281e+00 1.671430468559265137e+00 1.847898960113525391e+00 3.578194618225097656e+00 1.724373102188110352e+00 1.966011285781860352e+00 3.108098030090332031e+00
2.452789783477783203e+00 4.218462467193603516e+00 3.072442054748535156e+00 2.936853170394897461e+00 2.305292129516601562e+00 2.746792554855346680e+00 2.052146911621093750e+00 3.085723876953125000e+00 2.501851558685302734e+00 2.585071086883544922e+00 3.858800172805786133e+00 3.573367595672607422e+00 3.079187631607055664e+00 2.646762847900390625e+00 2.724026679992675781e+00 3.537391662597656250e+00 2.677466392517089844e+00 1.678916692733764648e+00 2.052861690521240234e+00 2.670597553253173828e+00
2.762424945831298828e+00 2.871273517608642578e+00 3.189950942993164062e+00 2.494978427886962891e+00 2.933755159378051758e+00 2.320537090301513672e+00 3.602238416671752930e+00 3.459647178649902344e+00 2.283027887344360352e+00 2.256642818450927734e+00 2.624620437622070312e+00 3.834353685379028320e+00 2.698868751525878906e+00 2.589922428131103516e+00 3.833882331848144531e+00 2.150809288024902344e+00 3.192695379257202148e+00 2.624109268188476562e+00 1.671926021575927734e+00 1.969817280769348145e+00
1.837682247161865234e+00 3.101895570755004883e+00 3.925286054611206055e+00 3.121531724929809570e+00 2.787753582000732422e+00 2.283880710601806641e+00 2.809091329574584961e+00 4.064854145050048828e+00 2.231206893920898438e+00 3.086618661880493164e+00 2.647345304489135742e+00 3.944021224975585938e+00 3.392767190933227539e+00 3.972782135009765625e+00 1.938832402229309082e+00 4.244527816772460938e+00 3.715214252471923828e+00 4.790792465209960938e+00 2.831909894943237305e+00 2.356472969055175781e+00
2.220116138458251953e+00 2.855295658111572266e+00 2.920385360717773438e+00 2.713285446166992188e+00 3.118510484695434570e+00 2.101080894470214844e+00 3.151787996292114258e+00 4.010051250457763672e+00 2.863443374633789062e+00 2.748020172119140625e+00 2.217395544052124023e+00 1.925226330757141113e+00 3.331725358963012695e+00 3.997073173522949219e+00 3.380912065505981445e+00 2.253353118896484375e+00 3.226911544799804688e+00 3.061928272247314453e+00 2.609266996383666992e+00 3.586752891540527344e+00
2.232992172241210938e+00 2.292675256729125977e+00 2.141376018524169922e+00 2.897233963012695312e+00 3.687795639038085938e+00 4.064484596252441406e+00 3.714573383331298828e+00 4.310984611511230469e+00 2.170444488525390625e+00 2.845942497253417969e+00 2.748743534088134766e+00 4.277837753295898438e+00 2.679753303527832031e+00 2.157628536224365234e+00 2.303679466247558594e+00 3.813938617706298828e+00 2.844819545745849609e+00 2.402277708053588867e+00 3.292616605758666992e+00 5.831083297729492188e+00
2.731132745742797852e+00 2.280363559722900391e+00 3.608507633209228516e+00 3.165676355361938477e+00 3.707813739776611328e+00 2.174678325653076172e+00 1.934922695159912109e+00 2.815130233764648438e+00 2.053873538970947266e+00 3.328240394592285156e+00 3.204079627990722656e+00 4.298989295959472656e+00 4.340910434722900391e+00 3.833112001419067383e+00 3.064303874969482422e+00 2.290749549865722656e+00 2.343687772750854492e+00 2.721825122833251953e+00 2.917710304260253906e+00 3.136549949645996094e+00
2.330706596374511719e+00 2.266999721527099609e+00 3.541721105575561523e+00 2.221777200698852539e+00 2.489415168762207031e+00 3.441758155822753906e+00 2.378333091735839844e+00 1.899909853935241699e+00 2.614729166030883789e+00 3.075661897659301758e+00 2.564640283584594727e+00 2.644579410552978516e+00 2.890281200408935547e+00 1.746365308761596680e+00 2.278440952301025391e+00 3.067004203796386719e+00 2.655307292938232422e+00 3.001280784606933594e+00 2.888933897018432617e+00 2.050468444824218750e+00
3.952761411666870117e+00 3.594937086105346680e+00 1.838255405426025391e+00 2.513351202011108398e+00 3.277693986892700195e+00 2.537446975708007812e+00 3.324245452880859375e+00 2.563292503356933594e+00 3.269134521484375000e+00 4.937755107879638672e+00 3.082132816314697266e+00 5.026432037353515625e+00 2.270646095275878906e+00 3.400655746459960938e+00 3.469702005386352539e+00 3.300804615020751953e+00 1.780684947967529297e+00 2.282917976379394531e+00 2.480664968490600586e+00 1.670468568801879883e+00
2.991841554641723633e+00 3.022367954254150391e+00 2.508708953857421875e+00 1.949312210083007812e+00 2.470611333847045898e+00 2.416191339492797852e+00 3.058946132659912109e+00 3.984766960144042969e+00 4.718082427978515625e+00 6.288297653198242188e+00 2.625928163528442383e+00 4.466656208038330078e+00 3.839214563369750977e+00 2.962068557739257812e+00 3.245319604873657227e+00 3.073575973510742188e+00 3.200820207595825195e+00 3.277081489562988281e+00 2.423729658126831055e+00 2.294400215148925781e+00
