2019-07-24 09:30:00
5.717449188232421875e+00 4.923291206359863281e+00 2.596400260925292969e+00 3.334969043731689453e+00 4.580767631530761719e+00 3.529939413070678711e+00 3.756347179412841797e+00 3.597322940826416016e+00 4.626553058624267578e+00 4.096259117126464844e+00 2.249638557434082031e+00 2.032675266265869141e+00 6.207738876342773438e+00 3.902224302291870117e+00 2.112112760543823242e+00 2.831206798553466797e+00 4.695542812347412109e+00 3.029977321624755859e+00 2.801501750946044922e+00 2.862999200820922852e+00
3.011030673980712891e+00 3.299472808837890625e+00 4.644452095031738281e+00 2.946177482604980469e+00 2.587718486785888672e+00 2.943050861358642578e+00 2.559407234191894531e+00 3.584632396697998047e+00 3.269048690795898438e+00 2.960770606994628906e+00 3.624316215515136719e+00 3.149973869323730469e+00 4.549349784851074219e+00 5.285598754882812500e+00 3.023052215576171875e+00 2.693495750427246094e+00 5.567270755767822266e+00 7.336396217346191406e+00 3.042816162109375000e+00 3.767428398132324219e+00
4.378205299377441406e+00 5.059258460998535156e+00 6.076691627502441406e+00 4.818955898284912109e+00 3.490364551544189453e+00 4.929308891296386719e+00 3.909815073013305664e+00 2.770549774169921875e+00 2.905135154724121094e+00 3.119433879852294922e+00 4.519704818725585938e+00 3.064918041229248047e+00 2.255106449127197266e+00 5.687205314636230469e+00 4.700428009033203125e+00 2.514082908630371094e+00 3.140736103057861328e+00 4.120473861694335938e+00 2.142753124237060547e+00 3.185763835906982422e+00
3.598876476287841797e+00 5.927578926086425781e+00 4.412138938903808594e+00 6.162453174591064453e+00 4.019017219543457031e+00 2.941208362579345703e+00 3.281995534896850586e+00 3.123723268508911133e+00 3.110139608383178711e+00 5.020251274108886719e+00 3.525922298431396484e+00 4.161420345306396484e+00 2.706698417663574219e+00 2.646214962005615234e+00 8.112909317016601562e+00 2.268844127655029297e+00 2.509608983993530273e+00 6.761340618133544922e+00 1.690614581108093262e+00 2.865700960159301758e+00
2.213249444961547852e+00 4.552997589111328125e+00 3.338007926940917969e+00 3.503268241882324219e+00 4.032678127288818359e+00 7.640789031982421875e+00 3.057913064956665039e+00 4.188354492187500000e+00 4.038045883178710938e+00 7.249998569488525391e+00 8.782754898071289062e+00 4.715551376342773438e+00 2.153582572937011719e+00 3.313792705535888672e+00 3.997088909149169922e+00 2.294414997100830078e+00 2.924386024475097656e+00 7.429888725280761719e+00 6.664486885070800781e+00 2.236202239990234375e+00
3.217795610427856445e+00 3.720121860504150391e+00 3.707609176635742188e+00 4.442705154418945312e+00 3.801010131835937500e+00 3.430695295333862305e+00 2.454281568527221680e+00 2.547238111495971680e+00 4.884504795074462891e+00 6.845353126525878906e+00 5.746252059936523438e+00 6.498304367065429688e+00 6.294479370117187500e+00 3.845325946807861328e+00 3.544234275817871094e+00 4.361289978027343750e+00 2.669800519943237305e+00 5.211791038513183594e+00 3.147061347961425781e+00 4.590424537658691406e+00
3.980368614196777344e+00 4.467825889587402344e+00 5.176469326019287109e+00 3.726394653320312500e+00 6.373704433441162109e+00 6.087787628173828125e+00 2.610157012939453125e+00 7.537188529968261719e+00 2.916853427886962891e+00 2.238325595855712891e+00 3.264468193054199219e+00 2.344334125518798828e+00 4.754086017608642578e+00 3.657360076904296875e+00 3.812386989593505859e+00 6.133930206298828125e+00 3.511458873748779297e+00 2.114093542098999023e+00 2.560961246490478516e+00 5.460008621215820312e+00
8.012668609619140625e+00 3.360608339309692383e+00 2.781351089477539062e+00 5.237489700317382812e+00 5.288896560668945312e+00 2.105960607528686523e+00 2.772278785705566406e+00 3.705177307128906250e+00 4.157199859619140625e+00 3.949742794036865234e+00 2.736894845962524414e+00 3.658062934875488281e+00 5.723174095153808594e+00 5.028338432312011719e+00 3.384770870208740234e+00 3.560726642608642578e+00 2.882071256637573242e+00 2.197932243347167969e+00 4.239829063415527344e+00 2.278803348541259766e+00
3.020542144775390625e+00 3.513718128204345703e+00 4.340228080749511719e+00 3.270581960678100586e+00 6.291884899139404297e+00 3.355019569396972656e+00 3.753288269042968750e+00 2.227449417114257812e+00 3.513893127441406250e+00 1.822336912155151367e+00 3.780764818191528320e+00 3.130163431167602539e+00 5.832537651062011719e+00 5.706399917602539062e+00 6.196431159973144531e+00 3.336012363433837891e+00 5.321746826171875000e+00 2.746222734451293945e+00 2.450904130935668945e+00 3.192890167236328125e+00
2.549201488494873047e+00 3.483062267303466797e+00 3.497556447982788086e+00 2.063906908035278320e+00 1.776013970375061035e+00 2.660685539245605469e+00 2.727134466171264648e+00 3.410887241363525391e+00 4.985175609588623047e+00 1.972892880439758301e+00 5.931336402893066406e+00 8.285670280456542969e+00 4.325626373291015625e+00 2.267305612564086914e+00 3.599526405334472656e+00 2.523880958557128906e+00 4.114165306091308594e+00 2.146265506744384766e+00 2.552532196044921875e+00 1.811938643455505371e+00
3.069462776184082031e+00 4.379085540771484375e+00 2.571975231170654297e+00 2.467319488525390625e+00 2.243247985839843750e+00 3.306297302246093750e+00 2.381484508514404297e+00 3.297729015350341797e+00 2.696883678436279297e+00 2.781369686126708984e+00 2.464389085769653320e+00 5.545862197875976562e+00 6.351790428161621094e+00 5.127869606018066406e+00 2.613340854644775391e+00 2.625627994537353516e+00 2.498136758804321289e+00 2.271177530288696289e+00 3.146857261657714844e+00 3.144015550613403320e+00
1.871964454650878906e+00 3.361531019210815430e+00 3.474356174468994141e+00 3.776947498321533203e+00 2.838043451309204102e+00 2.829543828964233398e+00 2.810817956924438477e+00 3.928669691085815430e+00 2.332297563552856445e+00 3.347623586654663086e+00 3.371975898742675781e+00 4.574279785156250000e+00 3.011712074279785156e+00 3.642852306365966797e+00 2.967651844024658203e+00 5.135772228240966797e+00 2.773667097091674805e+00 3.315751075744628906e+00 3.270068168640136719e+00 2.645478725433349609e+00
1.945239305496215820e+00 2.620230436325073242e+00 2.858870983123779297e+00 1.858702898025512695e+00 2.968340158462524414e+00 2.742127895355224609e+00 3.692968845367431641e+00 2.881183624267578125e+00 2.819184303283691406e+00 3.069749116897583008e+00 2.550309658050537109e+00 3.444372653961181641e+00 3.314734220504760742e+00 2.488110542297363281e+00 2.537255287170410156e+00 2.889270305633544922e+00 2.817661285400390625e+00 2.660186052322387695e+00 2.303267002105712891e+00 3.148663997650146484e+00
3.241602897644042969e+00 3.115375041961669922e+00 2.752392768859863281e+00 3.862666130065917969e+00 2.384699821472167969e+00 2.945358991622924805e+00 2.970552444458007812e+00 1.356524586677551270e+00 2.913629055023193359e+00 1.653465747833251953e+00 2.867497205734252930e+00 2.424023151397705078e+00 3.443584918975830078e+00 2.195806503295898438e+00 3.537470579147338867e+00 2.690074682235717773e+00 2.904882431030273438e+00 3.733907222747802734e+00 2.282207489013671875e+00 2.021306991577148438e+00
3.192497014999389648e+00 2.937268018722534180e+00 2.307796955108642578e+00 4.157332420349121094e+00 2.820531129837036133e+00 2.008045673370361328e+00 2.865503311157226562e+00 2.703610420227050781e+00 2.804039716720581055e+00 3.200234889984130859e+00 4.409511566162109375e+00 3.474834680557250977e+00 2.692722558975219727e+00 3.597259044647216797e+00 3.679537296295166016e+00 3.890965938568115234e+00 3.552053928375244141e+00 2.741693973541259766e+00 2.408087730407714844e+00 5.307815551757812500e+00
3.288641452789306641e+00 2.584580898284912109e+00 2.118693590164184570e+00 4.166958808898925781e+00 2.482120513916015625e+00 3.457692861557006836e+00 2.820508241653442383e+00 2.075717210769653320e+00 3.598330974578857422e+00 2.766363143920898438e+00 3.592449188232421875e+00 2.758320331573486328e+00 3.041544198989868164e+00 2.245126724243164062e+00 3.464282512664794922e+00 2.566482067108154297e+00 3.466992855072021484e+00 4.323049545288085938e+00 2.252302169799804688e+00 4.693212985992431641e+00
1.968857288360595703e+00 3.760485649108886719e+00 2.668438911437988281e+00 4.067502975463867188e+00 2.844351768493652344e+00 1.910484313964843750e+00 1.964057445526123047e+00 3.374533414840698242e+00 2.862912654876708984e+00 3.991054296493530273e+00 4.342378616333007812e+00 2.666396141052246094e+00 2.935432434082031250e+00 2.910095691680908203e+00 2.271502494812011719e+00 2.036076545715332031e+00 2.838032245635986328e+00 2.821747303009033203e+00 2.592321872711181641e+00 5.274985790252685547e+00
3.430672883987426758e+00 3.139817953109741211e+00 2.228582143783569336e+00 2.342195987701416016e+00 2.674425125122070312e+00 3.779070854187011719e+00 2.093655824661254883e+00 2.619014739990234375e+00 3.959851741790771484e+00 3.193681240081787109e+00 3.004875421524047852e+00 2.303667545318603516e+00 3.049807548522949219e+00 3.695900440216064453e+00 2.887336015701293945e+00 3.829988241195678711e+00 3.583029031753540039e+00 2.786672115325927734e+00 2.011804103851318359e+00 1.959040880203247070e+00
2.680139541625976562e+00 3.474168300628662109e+00 2.748675823211669922e+00 2.769563436508178711e+00 4.593199729919433594e+00 2.411841869354248047e+00 1.960180044174194336e+00 3.518280029296875000e+00 2.448750972747802734e+00 3.507441520690917969e+00 4.898461341857910156e+00 2.771878957748413086e+00 2.657974004745483398e+00 2.948090553283691406e+00 3.304470300674438477e+00 2.443686962127685547e+00 4.103122711181640625e+00 1.986998319625854492e+00 2.878377437591552734e+00 2.556558609008789062e+00
4.358581066131591797e+00 2.114224910736083984e+00 2.365305662155151367e+00 3.777749538421630859e+00 3.563444137573242188e+00 3.916960716247558594e+00 3.158444881439208984e+00 2.220683097839355469e+00 5.325362205505371094e+00 5.175870895385742188e+00 4.068082809448242188e+00 3.500775814056396484e+00 4.742178916931152344e+00 3.092322826385498047e+00 3.799193620681762695e+00 4.138017654418945312e+00 4.748337268829345703e+00 3.687541723251342773e+00 2.308756113052368164e+00 2.882582664489746094e+00
