2019-07-24 09:45:00
2.380859375000000000e+00 3.179232120513916016e+00 3.186595916748046875e+00 2.534875392913818359e+00 2.511060237884521484e+00 3.208496570587158203e+00 2.037281036376953125e+00 2.415175199508666992e+00 1.802393436431884766e+00 1.704207897186279297e+00 2.584489345550537109e+00 2.822088956832885742e+00 3.415875434875488281e+00 1.737181782722473145e+00 2.074209213256835938e+00 3.158242702484130859e+00 1.203919649124145508e+00 2.587320327758789062e+00 3.211490631103515625e+00 2.853486061096191406e+00
2.263334035873413086e+00 2.321217060089111328e+00 3.325654029846191406e+00 1.759939670562744141e+00 3.886136770248413086e+00 2.813902616500854492e+00 2.903066158294677734e+00 1.985837578773498535e+00 2.896880149841308594e+00 2.351940870285034180e+00 2.455905437469482422e+00 2.754862785339355469e+00 3.158716201782226562e+00 3.842288255691528320e+00 1.218104362487792969e+00 1.572619676589965820e+00 3.223982810974121094e+00 4.061403751373291016e+00 1.998192548751831055e+00 2.528331279754638672e+00
4.175342082977294922e+00 2.952154874801635742e+00 1.961825132369995117e+00 3.361800670623779297e+00 2.551071166992187500e+00 3.882539749145507812e+00 1.814699649810791016e+00 1.486274480819702148e+00 2.050768375396728516e+00 2.517736196517944336e+00 2.741136550903320312e+00 1.935212373733520508e+00 1.875726699829101562e+00 3.938122034072875977e+00 3.136742591857910156e+00 1.982819080352783203e+00 1.932174801826477051e+00 2.053890705108642578e+00 2.330281019210815430e+00 2.463102817535400391e+00
3.054757595062255859e+00 2.152975320816040039e+00 2.945303916931152344e+00 2.100743770599365234e+00 2.254190921783447266e+00 3.410999536514282227e+00 4.213189125061035156e+00 2.559885025024414062e+00 3.273125171661376953e+00 1.902918934822082520e+00 2.048958539962768555e+00 2.050622940063476562e+00 2.206929683685302734e+00 1.480708122253417969e+00 3.432680130004882812e+00 1.451998472213745117e+00 1.713368773460388184e+00 5.000643253326416016e+00 1.807637929916381836e+00 3.012277126312255859e+00
1.349110841751098633e+00 3.328423500061035156e+00 2.852700710296630859e+00 2.105462074279785156e+00 3.364385128021240234e+00 1.944756984710693359e+00 3.279325246810913086e+00 4.034803867340087891e+00 1.032665491104125977e+00 1.333290576934814453e+00 1.401658296585083008e+00 3.849614143371582031e+00 2.216011285781860352e+00 2.174407958984375000e+00 2.784995079040527344e+00 2.047478675842285156e+00 2.339653730392456055e+00 2.866330385208129883e+00 3.886149883270263672e+00 3.127353668212890625e+00
3.380961179733276367e+00 2.028251886367797852e+00 3.764351844787597656e+00 3.774183988571166992e+00 3.227802276611328125e+00 2.115039110183715820e+00 2.856107950210571289e+00 2.222343921661376953e+00 3.307062387466430664e+00 5.119011878967285156e+00 4.011175155639648438e+00 3.405668258666992188e+00 4.538707733154296875e+00 2.240906238555908203e+00 3.676126956939697266e+00 2.367484569549560547e+00 1.241102814674377441e+00 3.245364904403686523e+00 3.497706174850463867e+00 3.925023078918457031e+00
2.629559278488159180e+00 1.561089515686035156e+00 3.502614974975585938e+00 3.678192615509033203e+00 1.467192888259887695e+00 1.590333938598632812e+00 2.887421369552612305e+00 3.643043041229248047e+00 2.850348711013793945e+00 3.045894145965576172e+00 2.384103775024414062e+00 3.702983856201171875e+00 2.784992694854736328e+00 3.304739475250244141e+00 1.930054187774658203e+00 5.566285133361816406e+00 1.547166347503662109e+00 1.889001250267028809e+00 2.297344446182250977e+00 2.425317049026489258e+00
3.798146724700927734e+00 3.903012752532958984e+00 3.033743381500244141e+00 2.611465692520141602e+00 2.769348621368408203e+00 1.310510993003845215e+00 3.389774799346923828e+00 2.726022005081176758e+00 3.192683219909667969e+00 3.542501688003540039e+00 2.736380100250244141e+00 2.750868082046508789e+00 2.018290996551513672e+00 4.250069618225097656e+00 1.983840823173522949e+00 3.841827154159545898e+00 2.540136575698852539e+00 2.116663455963134766e+00 2.948363542556762695e+00 2.472714424133300781e+00
2.594004631042480469e+00 3.020213127136230469e+00 2.747231721878051758e+00 2.889336109161376953e+00 2.616419315338134766e+00 2.894483089447021484e+00 3.856968879699707031e+00 2.606217861175537109e+00 2.999828815460205078e+00 2.326800346374511719e+00 1.886222720146179199e+00 3.174283504486083984e+00 3.136213064193725586e+00 3.471850156784057617e+00 2.831431388854980469e+00 2.693588256835937500e+00 2.948538303375244141e+00 1.668578982353210449e+00 2.737218856811523438e+00 2.414993762969970703e+00
1.366829872131347656e+00 2.973212718963623047e+00 3.025177001953125000e+00 3.422239065170288086e+00 1.455781936645507812e+00 2.599769115447998047e+00 2.258105278015136719e+00 1.745256900787353516e+00 5.027124881744384766e+00 3.588418006896972656e+00 3.751925706863403320e+00 2.592833042144775391e+00 2.782466411590576172e+00 1.943196177482604980e+00 1.729528903961181641e+00 2.306668758392333984e+00 3.377561569213867188e+00 9.250119924545288086e-01 2.529345989227294922e+00 2.662168502807617188e+00
2.708610534667968750e+00 1.843524694442749023e+00 3.358855962753295898e+00 3.622265338897705078e+00 2.144340753555297852e+00 2.451633453369140625e+00 2.442027568817138672e+00 3.210564136505126953e+00 3.747989654541015625e+00 2.306423187255859375e+00 2.313899517059326172e+00 2.848370790481567383e+00 2.269109010696411133e+00 2.272215604782104492e+00 1.619801163673400879e+00 2.269437789916992188e+00 1.708262681961059570e+00 4.714827060699462891e+00 2.406364917755126953e+00 1.778485536575317383e+00
2.572128772735595703e+00 3.529865026473999023e+00 2.709853887557983398e+00 2.762342929840087891e+00 3.275387763977050781e+00 2.803706407546997070e+00 2.834895133972167969e+00 2.854450702667236328e+00 3.160108566284179688e+00 1.973036289215087891e+00 2.282937049865722656e+00 1.752585411071777344e+00 2.313838005065917969e+00 2.374269723892211914e+00 2.909600257873535156e+00 3.490954160690307617e+00 2.433369159698486328e+00 2.688604354858398438e+00 2.061599731445312500e+00 2.092449426651000977e+00
1.385096311569213867e+00 2.383528709411621094e+00 3.039530038833618164e+00 3.281221866607666016e+00 1.896869182586669922e+00 2.565089225769042969e+00 1.972155690193176270e+00 2.265034675598144531e+00 3.304721593856811523e+00 2.689942598342895508e+00 2.795162916183471680e+00 2.309523582458496094e+00 3.330761432647705078e+00 2.212705612182617188e+00 3.291002273559570312e+00 2.557446002960205078e+00 3.738959789276123047e+00 1.220116019248962402e+00 2.600648164749145508e+00 1.831293344497680664e+00
2.440752506256103516e+00 3.858036279678344727e+00 3.215282917022705078e+00 1.956158638000488281e+00 3.037230491638183594e+00 2.036955833435058594e+00 1.845086812973022461e+00 3.055061817169189453e+00 2.995567560195922852e+00 3.466600179672241211e+00 2.325959682464599609e+00 4.338886737823486328e+00 2.484492778778076172e+00 3.012679576873779297e+00 3.369028329849243164e+00 3.287627220153808594e+00 2.500111579895019531e+00 2.472985744476318359e+00 3.327486753463745117e+00 2.138830184936523438e+00
2.392587900161743164e+00 3.049168825149536133e+00 2.453909635543823242e+00 2.687207698822021484e+00 3.033905029296875000e+00 2.494665145874023438e+00 2.176452159881591797e+00 2.958030700683593750e+00 2.368917465209960938e+00 1.565463542938232422e+00 2.694836139678955078e+00 2.233125209808349609e+00 1.639312982559204102e+00 2.010051488876342773e+00 2.860811233520507812e+00 3.649413108825683594e+00 2.465539455413818359e+00 2.650255441665649414e+00 1.632409453392028809e+00 5.997557640075683594e+00
2.988916397094726562e+00 2.430923223495483398e+00 3.943001985549926758e+00 2.359986543655395508e+00 2.687074184417724609e+00 2.651669979095458984e+00 3.181026458740234375e+00 3.561352968215942383e+00 2.695811748504638672e+00 2.656256437301635742e+00 2.581418514251708984e+00 2.397291183471679688e+00 3.469540119171142578e+00 3.612924814224243164e+00 2.342907905578613281e+00 2.463371038436889648e+00 1.637608408927917480e+00 2.754127025604248047e+00 2.555688619613647461e+00 2.643733978271484375e+00
2.331115722656250000e+00 2.960769414901733398e+00 3.397443294525146484e+00 2.241015434265136719e+00 8.853646516799926758e-01 2.010380506515502930e+00 3.381806135177612305e+00 2.063476324081420898e+00 3.418342590332031250e+00 2.813576698303222656e+00 2.577850341796875000e+00 2.504019737243652344e+00 3.039277791976928711e+00 2.529829978942871094e+00 2.006472110748291016e+00 2.512251138687133789e+00 2.917445421218872070e+00 1.682758331298828125e+00 2.025522232055664062e+00 3.118361473083496094e+00
3.277721881866455078e+00 1.721794724464416504e+00 1.631749629974365234e+00 3.102529764175415039e+00 2.129183769226074219e+00 3.160120487213134766e+00 3.990188121795654297e+00 3.048205375671386719e+00 3.418202400207519531e+00 2.192632913589477539e+00 2.789078950881958008e+00 1.866962194442749023e+00 1.972737908363342285e+00 2.691186904907226562e+00 2.010095596313476562e+00 2.086994171142578125e+00 3.012724399566650391e+00 2.701409101486206055e+00 2.871224403381347656e+00 1.467599630355834961e+00
3.369862079620361328e+00 2.142160415649414062e+00 2.571079730987548828e+00 2.865769863128662109e+00 2.224833726882934570e+00 2.382424592971801758e+00 2.581673622131347656e+00 2.768982410430908203e+00 2.610007762908935547e+00 3.015032291412353516e+00 3.175439357757568359e+00 1.673560142517089844e+00 1.699642181396484375e+00 2.264247179031372070e+00 2.520133018493652344e+00 2.981950283050537109e+00 2.433836460113525391e+00 2.244488000869750977e+00 2.063613653182983398e+00 2.995464324951171875e+00
1.750209808349609375e+00 3.363491296768188477e+00 2.432513236999511719e+00 2.851981639862060547e+00 2.815401554107666016e+00 2.876796245574951172e+00 1.838065743446350098e+00 3.194672584533691406e+00 2.367162466049194336e+00 2.295573711395263672e+00 1.718756556510925293e+00 3.645342350006103516e+00 4.175086498260498047e+00 2.511265754699707031e+00 2.315066814422607422e+00 2.831776857376098633e+00 2.443206787109375000e+00 3.311380863189697266e+00 3.047175407409667969e+00 1.710592508316040039e+00
