2019-07-24 01:00:00
6.253100395202636719e+00 4.473834514617919922e+00 7.148481845855712891e+00 2.860416889190673828e+00 5.794929981231689453e+00 4.340565204620361328e+00 3.260660886764526367e+00 4.042104244232177734e+00 9.582654953002929688e+00 6.043015480041503906e+00 3.719225645065307617e+00 3.117588996887207031e+00 4.526752948760986328e+00 3.187336444854736328e+00 4.227559566497802734e+00 7.280002593994140625e+00 4.261025428771972656e+00 3.485229730606079102e+00 3.620817899703979492e+00 4.009012222290039062e+00
6.837228775024414062e+00 5.292896270751953125e+00 5.150146961212158203e+00 4.719928264617919922e+00 8.505649566650390625e+00 2.991755962371826172e+00 3.487386703491210938e+00 4.215590953826904297e+00 2.837794780731201172e+00 3.731364011764526367e+00 4.903170108795166016e+00 2.695976018905639648e+00 4.127108097076416016e+00 5.523010730743408203e+00 3.139146804809570312e+00 3.929314613342285156e+00 4.697594642639160156e+00 4.409360408782958984e+00 3.960410833358764648e+00 4.261885643005371094e+00
6.957927703857421875e+00 4.921948909759521484e+00 6.628534317016601562e+00 8.547079086303710938e+00 5.585800647735595703e+00 6.987083435058593750e+00 7.509871482849121094e+00 3.402641773223876953e+00 4.482686996459960938e+00 4.155754566192626953e+00 9.814476013183593750e+00 4.249116420745849609e+00 4.784574031829833984e+00 5.006716728210449219e+00 6.514760017395019531e+00 3.717324256896972656e+00 5.199756622314453125e+00 5.846456527709960938e+00 4.198493003845214844e+00 3.665885686874389648e+00
3.996363401412963867e+00 9.014511108398437500e+00 8.784331321716308594e+00 9.099659919738769531e+00 2.447006702423095703e+00 3.298364877700805664e+00 2.616446018218994141e+00 2.994135618209838867e+00 3.792346000671386719e+00 8.517167091369628906e+00 7.560759544372558594e+00 5.377727508544921875e+00 2.771165370941162109e+00 3.838317632675170898e+00 5.843127727508544922e+00 3.598567008972167969e+00 3.129759073257446289e+00 7.064417839050292969e+00 4.519824981689453125e+00 4.138365268707275391e+00
3.959671735763549805e+00 3.833230495452880859e+00 3.880163908004760742e+00 2.110671758651733398e+00 6.774963378906250000e+00 7.858559131622314453e+00 4.196574211120605469e+00 7.878694057464599609e+00 5.537395954132080078e+00 4.976355075836181641e+00 9.927547454833984375e+00 4.245347499847412109e+00 3.527690887451171875e+00 5.658220767974853516e+00 1.017402458190917969e+01 8.056463241577148438e+00 3.181891441345214844e+00 6.679345130920410156e+00 9.353810310363769531e+00 4.354159832000732422e+00
7.165327072143554688e+00 4.211948871612548828e+00 9.213030815124511719e+00 6.872837543487548828e+00 8.605826377868652344e+00 4.853317260742187500e+00 2.472422599792480469e+00 4.053919315338134766e+00 5.646767616271972656e+00 5.119596004486083984e+00 5.419123172760009766e+00 8.155359268188476562e+00 4.743835926055908203e+00 4.224627494812011719e+00 3.504611015319824219e+00 7.735255241394042969e+00 3.821419239044189453e+00 5.978679180145263672e+00 5.651012897491455078e+00 4.180277824401855469e+00
6.555377483367919922e+00 4.631762027740478516e+00 6.020129203796386719e+00 6.170061111450195312e+00 6.807254791259765625e+00 8.322422027587890625e+00 4.933286190032958984e+00 8.867965698242187500e+00 3.003026723861694336e+00 3.228146553039550781e+00 3.492784023284912109e+00 4.129756927490234375e+00 8.939683914184570312e+00 8.778843879699707031e+00 3.230383396148681641e+00 5.118668556213378906e+00 4.201677322387695312e+00 2.035111427307128906e+00 6.419277191162109375e+00 9.992984771728515625e+00
3.779060363769531250e+00 5.513677597045898438e+00 5.813091278076171875e+00 5.645680427551269531e+00 5.686588764190673828e+00 6.472406864166259766e+00 3.180831432342529297e+00 2.321192264556884766e+00 4.733344078063964844e+00 3.194594860076904297e+00 2.995119810104370117e+00 3.207588672637939453e+00 6.975903511047363281e+00 6.920232295989990234e+00 2.829581260681152344e+00 3.948843479156494141e+00 4.815182209014892578e+00 3.536277770996093750e+00 4.313673973083496094e+00 2.674362659454345703e+00
5.341882705688476562e+00 4.521377563476562500e+00 7.542572975158691406e+00 5.250712394714355469e+00 7.674828529357910156e+00 2.339597702026367188e+00 2.877503871917724609e+00 4.988561630249023438e+00 3.515675067901611328e+00 5.374423980712890625e+00 3.975144863128662109e+00 4.132875442504882812e+00 5.041218757629394531e+00 5.126383781433105469e+00 8.878076553344726562e+00 4.668050765991210938e+00 4.005036830902099609e+00 2.500887870788574219e+00 2.183445453643798828e+00 4.936000823974609375e+00
5.895225524902343750e+00 5.309793472290039062e+00 3.889990806579589844e+00 3.328532695770263672e+00 2.529192924499511719e+00 2.604927062988281250e+00 4.324275970458984375e+00 4.910171031951904297e+00 3.608407974243164062e+00 5.974152565002441406e+00 4.014906883239746094e+00 7.084638595581054688e+00 5.307748794555664062e+00 3.601508617401123047e+00 3.920285701751708984e+00 3.889661312103271484e+00 8.944325447082519531e+00 4.271369457244873047e+00 3.676956415176391602e+00 5.801656723022460938e+00
2.615102529525756836e+00 2.136312007904052734e+00 4.594356060028076172e+00 3.990311384201049805e+00 3.438084602355957031e+00 3.065732240676879883e+00 3.590702533721923828e+00 3.501507759094238281e+00 2.884018421173095703e+00 3.567231416702270508e+00 4.739576339721679688e+00 4.324309349060058594e+00 9.166023254394531250e+00 7.841515541076660156e+00 3.720895767211914062e+00 3.339171886444091797e+00 4.205911636352539062e+00 6.246290206909179688e+00 1.593202114105224609e+00 3.514606952667236328e+00
3.197369098663330078e+00 3.138622999191284180e+00 3.905014038085937500e+00 4.197427749633789062e+00 4.018980979919433594e+00 3.772772073745727539e+00 3.494146347045898438e+00 3.598284006118774414e+00 2.404922246932983398e+00 3.431937932968139648e+00 3.233122825622558594e+00 4.111727714538574219e+00 6.449874877929687500e+00 3.653339147567749023e+00 4.442597389221191406e+00 1.025305366516113281e+01 3.963200807571411133e+00 2.454136371612548828e+00 3.554967164993286133e+00 3.200403213500976562e+00
5.451141357421875000e+00 3.024858951568603516e+00 3.473592758178710938e+00 3.447736263275146484e+00 3.217789173126220703e+00 3.776439428329467773e+00 3.965283393859863281e+00 4.973257064819335938e+00 2.360645055770874023e+00 3.276205062866210938e+00 3.768193244934082031e+00 4.018370628356933594e+00 3.636137008666992188e+00 3.182318687438964844e+00 4.213756561279296875e+00 3.243294715881347656e+00 4.156245231628417969e+00 2.996269226074218750e+00 4.194685935974121094e+00 3.627831220626831055e+00
2.897616863250732422e+00 4.255569458007812500e+00 4.212697982788085938e+00 1.911770343780517578e+00 4.571376800537109375e+00 3.879262924194335938e+00 4.025117874145507812e+00 4.376502990722656250e+00 3.807394027709960938e+00 4.549802780151367188e+00 2.807181119918823242e+00 4.877644538879394531e+00 4.046752452850341797e+00 2.865370988845825195e+00 2.703293085098266602e+00 3.874596595764160156e+00 3.635192871093750000e+00 3.792443752288818359e+00 3.336947917938232422e+00 2.406325101852416992e+00
4.695350646972656250e+00 4.110319137573242188e+00 3.512837886810302734e+00 2.768901824951171875e+00 2.987994194030761719e+00 2.167302846908569336e+00 2.618596553802490234e+00 2.938514471054077148e+00 2.822717428207397461e+00 3.960012435913085938e+00 2.134828805923461914e+00 3.039436817169189453e+00 2.680791854858398438e+00 2.699705123901367188e+00 3.680457115173339844e+00 2.694555044174194336e+00 4.011455535888671875e+00 4.232426643371582031e+00 5.372002124786376953e+00 4.065274715423583984e+00
3.169939994812011719e+00 1.930160880088806152e+00 3.440326929092407227e+00 2.919950485229492188e+00 4.116028308868408203e+00 2.607944726943969727e+00 3.235569238662719727e+00 3.369051933288574219e+00 3.151638984680175781e+00 3.274990081787109375e+00 3.847497463226318359e+00 3.772443294525146484e+00 3.605688333511352539e+00 3.527252197265625000e+00 4.421054840087890625e+00 2.768603801727294922e+00 4.244971275329589844e+00 3.715941905975341797e+00 4.440663337707519531e+00 8.476320266723632812e+00
3.518108606338500977e+00 3.387547969818115234e+00 6.021024703979492188e+00 3.540739536285400391e+00 5.622755527496337891e+00 2.018591880798339844e+00 2.339405059814453125e+00 4.245555877685546875e+00 2.572219848632812500e+00 4.198893070220947266e+00 4.688047885894775391e+00 3.214725255966186523e+00 3.617839813232421875e+00 4.834840297698974609e+00 2.484384059906005859e+00 2.873839855194091797e+00 2.815216064453125000e+00 4.869559764862060547e+00 3.672663211822509766e+00 6.102972984313964844e+00
3.538673162460327148e+00 3.078230142593383789e+00 2.785900592803955078e+00 5.312472343444824219e+00 3.300453662872314453e+00 3.358014583587646484e+00 4.476476192474365234e+00 3.241714954376220703e+00 4.863361358642578125e+00 3.943632602691650391e+00 4.926766395568847656e+00 3.821265697479248047e+00 6.792500972747802734e+00 3.035810708999633789e+00 4.336887359619140625e+00 2.903500556945800781e+00 5.547159194946289062e+00 6.108378887176513672e+00 4.156168937683105469e+00 2.641916751861572266e+00
4.426368713378906250e+00 5.809200286865234375e+00 3.701217651367187500e+00 3.166342020034790039e+00 4.765291213989257812e+00 2.290290355682373047e+00 4.924480915069580078e+00 3.758669376373291016e+00 3.897088766098022461e+00 1.134210014343261719e+01 8.310964584350585938e+00 5.075066566467285156e+00 3.981277465820312500e+00 4.630253791809082031e+00 6.213221549987792969e+00 2.965033054351806641e+00 2.425705909729003906e+00 3.734219312667846680e+00 5.139173984527587891e+00 3.636970043182373047e+00
5.706244468688964844e+00 6.504083633422851562e+00 3.845025539398193359e+00 7.738604545593261719e+00 5.816534996032714844e+00 4.563199520111083984e+00 5.717707633972167969e+00 6.989684104919433594e+00 9.336534500122070312e+00 4.403441429138183594e+00 8.014295578002929688e+00 9.316724777221679688e+00 8.060913085937500000e+00 2.832402229309082031e+00 6.547529697418212891e+00 2.677383422851562500e+00 2.382776737213134766e+00 5.928917407989501953e+00 7.646871566772460938e+00 4.627834320068359375e+00
