2019-07-24 10:00:00
2.209747076034545898e+00 2.439293861389160156e+00 1.457659721374511719e+00 2.191001653671264648e+00 1.104837179183959961e+00 2.940953254699707031e+00 1.147672057151794434e+00 1.694943666458129883e+00 2.613535881042480469e+00 2.262618064880371094e+00 1.961325645446777344e+00 1.959252715110778809e+00 2.489570140838623047e+00 1.233233094215393066e+00 1.289800286293029785e+00 2.623814582824707031e+00 1.547348499298095703e+00 3.525276184082031250e+00 2.045111656188964844e+00 2.064104080200195312e+00
2.692334651947021484e+00 3.376759767532348633e+00 1.726653695106506348e+00 1.974624514579772949e+00 1.256991505622863770e+00 2.621062755584716797e+00 1.756169319152832031e+00 2.025257110595703125e+00 2.910074234008789062e+00 1.622007250785827637e+00 2.233333110809326172e+00 2.858913898468017578e+00 1.411356091499328613e+00 1.189573764801025391e+00 1.210359454154968262e+00 2.013524532318115234e+00 1.726205945014953613e+00 2.401839256286621094e+00 1.902094841003417969e+00 1.074831604957580566e+00
1.304206728935241699e+00 1.356398344039916992e+00 2.119888305664062500e+00 2.391767024993896484e+00 2.247977733612060547e+00 2.132087469100952148e+00 1.498597145080566406e+00 1.764018774032592773e+00 2.333918571472167969e+00 1.645090818405151367e+00 3.189924716949462891e+00 2.256689786911010742e+00 1.788684844970703125e+00 2.114397525787353516e+00 2.047082424163818359e+00 1.389850616455078125e+00 2.448580026626586914e+00 2.340339899063110352e+00 2.586769104003906250e+00 2.708585262298583984e+00
1.898157477378845215e+00 2.317952632904052734e+00 2.413800239562988281e+00 2.707720279693603516e+00 1.737231016159057617e+00 1.995264053344726562e+00 1.476207494735717773e+00 1.049967050552368164e+00 2.227731227874755859e+00 3.168878555297851562e+00 1.336231470108032227e+00 1.672798395156860352e+00 1.638715982437133789e+00 2.483772277832031250e+00 2.095085144042968750e+00 1.081332802772521973e+00 1.523951053619384766e+00 2.450883865356445312e+00 1.820569276809692383e+00 1.367353677749633789e+00
1.534528970718383789e+00 1.888460397720336914e+00 2.607014179229736328e+00 1.426411867141723633e+00 1.306245803833007812e+00 1.557498931884765625e+00 3.924144506454467773e+00 2.819946527481079102e+00 1.598661184310913086e+00 2.461540222167968750e+00 2.004878997802734375e+00 2.276966571807861328e+00 1.718572735786437988e+00 1.933549284934997559e+00 1.505834579467773438e+00 1.855206131935119629e+00 1.299664378166198730e+00 2.793201684951782227e+00 2.603518247604370117e+00 2.020559787750244141e+00
3.326190710067749023e+00 1.457064867019653320e+00 2.100711345672607422e+00 2.132926702499389648e+00 1.326946258544921875e+00 1.676715850830078125e+00 2.804388523101806641e+00 1.798552751541137695e+00 1.858928322792053223e+00 1.696448564529418945e+00 2.303487300872802734e+00 3.386805057525634766e+00 2.123724460601806641e+00 2.568113803863525391e+00 2.752154827117919922e+00 2.123706340789794922e+00 2.359008312225341797e+00 1.670546293258666992e+00 2.491944313049316406e+00 2.052015542984008789e+00
1.794119000434875488e+00 1.760787844657897949e+00 2.261864662170410156e+00 2.639783382415771484e+00 2.091421604156494141e+00 2.741664886474609375e+00 3.699684381484985352e+00 2.858533620834350586e+00 2.597348213195800781e+00 2.749323368072509766e+00 2.782033443450927734e+00 2.984318494796752930e+00 1.859910964965820312e+00 2.006622314453125000e+00 2.213693618774414062e+00 2.241919040679931641e+00 1.097181558609008789e+00 1.476986169815063477e+00 1.446246743202209473e+00 2.203934192657470703e+00
3.053854703903198242e+00 2.352640151977539062e+00 1.346583366394042969e+00 1.524598360061645508e+00 1.487848520278930664e+00 2.954720020294189453e+00 2.461205005645751953e+00 2.253177642822265625e+00 2.608759403228759766e+00 2.956481218338012695e+00 3.215763092041015625e+00 2.545473098754882812e+00 2.115688800811767578e+00 1.461676120758056641e+00 2.722538709640502930e+00 1.853888392448425293e+00 2.588501930236816406e+00 2.213763952255249023e+00 2.256192684173583984e+00 1.422299742698669434e+00
2.623516082763671875e+00 2.526997566223144531e+00 2.801184654235839844e+00 2.586457252502441406e+00 2.914377927780151367e+00 2.654394865036010742e+00 2.265955924987792969e+00 2.349744319915771484e+00 2.915995597839355469e+00 2.698678016662597656e+00 2.899048328399658203e+00 2.697443962097167969e+00 8.308898210525512695e-01 2.027215003967285156e+00 2.178083658218383789e+00 2.533298969268798828e+00 1.791427016258239746e+00 2.130935192108154297e+00 2.323585987091064453e+00 1.991371393203735352e+00
1.652897715568542480e+00 3.014817953109741211e+00 3.211253166198730469e+00 2.588235855102539062e+00 2.868151187896728516e+00 2.642612457275390625e+00 2.765658378601074219e+00 2.542096614837646484e+00 2.160840988159179688e+00 9.463094472885131836e-01 1.632304430007934570e+00 3.460418462753295898e+00 1.648375153541564941e+00 1.994940042495727539e+00 2.182216405868530273e+00 1.990331888198852539e+00 1.783650159835815430e+00 1.286283135414123535e+00 2.881352424621582031e+00 2.182343006134033203e+00
2.545921325683593750e+00 2.359295129776000977e+00 2.455833911895751953e+00 2.236442565917968750e+00 2.557919740676879883e+00 2.657681941986083984e+00 1.884037137031555176e+00 2.547930240631103516e+00 2.729972362518310547e+00 2.205866098403930664e+00 2.578100681304931641e+00 3.020100593566894531e+00 2.395653724670410156e+00 1.589074850082397461e+00 1.936230063438415527e+00 2.211406469345092773e+00 2.081702470779418945e+00 1.118290901184082031e+00 1.614956855773925781e+00 2.649950504302978516e+00
2.222010135650634766e+00 3.136240720748901367e+00 2.531906366348266602e+00 2.908339023590087891e+00 2.784914016723632812e+00 3.622060298919677734e+00 2.395040512084960938e+00 2.922179698944091797e+00 2.150444030761718750e+00 3.059905052185058594e+00 2.539305210113525391e+00 4.225692272186279297e+00 2.863775491714477539e+00 2.660023927688598633e+00 2.860304355621337891e+00 1.724874973297119141e+00 1.671769738197326660e+00 2.745102405548095703e+00 1.967668652534484863e+00 2.268534183502197266e+00
2.530349254608154297e+00 2.397691249847412109e+00 3.269263267517089844e+00 2.529547214508056641e+00 3.581091403961181641e+00 2.221164941787719727e+00 2.713481903076171875e+00 2.403826951980590820e+00 3.961315393447875977e+00 3.729732036590576172e+00 2.339612960815429688e+00 2.522625684738159180e+00 2.837452650070190430e+00 2.939914226531982422e+00 1.553579211235046387e+00 2.018486261367797852e+00 2.410105705261230469e+00 1.371122121810913086e+00 2.664164543151855469e+00 1.013415932655334473e+00
2.873806953430175781e+00 2.527243614196777344e+00 2.100543498992919922e+00 4.016452312469482422e+00 2.206342697143554688e+00 2.226989746093750000e+00 3.107486009597778320e+00 3.112021446228027344e+00 2.534843444824218750e+00 2.405309677124023438e+00 3.298924922943115234e+00 1.951874732971191406e+00 2.334930896759033203e+00 2.682089328765869141e+00 2.490714550018310547e+00 3.233438968658447266e+00 2.457839012145996094e+00 2.451382398605346680e+00 1.916768550872802734e+00 1.856873273849487305e+00
2.621092319488525391e+00 2.012637138366699219e+00 2.194700002670288086e+00 2.326635837554931641e+00 2.318181991577148438e+00 1.696232080459594727e+00 1.577502965927124023e+00 1.676958560943603516e+00 2.989946603775024414e+00 2.134853124618530273e+00 2.604695796966552734e+00 2.745067119598388672e+00 3.322904109954833984e+00 1.930970191955566406e+00 2.867252826690673828e+00 3.398779630661010742e+00 2.864295959472656250e+00 1.872306466102600098e+00 2.084375619888305664e+00 2.638798236846923828e+00
3.708653926849365234e+00 2.536849021911621094e+00 2.622787475585937500e+00 1.836642026901245117e+00 2.861292362213134766e+00 2.111085891723632812e+00 1.701735496520996094e+00 2.300653219223022461e+00 2.405941963195800781e+00 3.174124717712402344e+00 3.478935956954956055e+00 2.254448652267456055e+00 2.282707452774047852e+00 2.932673454284667969e+00 2.269941806793212891e+00 2.750860691070556641e+00 2.529662847518920898e+00 2.364708900451660156e+00 1.201636552810668945e+00 2.222562789916992188e+00
2.636878252029418945e+00 2.996537685394287109e+00 2.667427778244018555e+00 2.477941751480102539e+00 2.088787078857421875e+00 2.274230003356933594e+00 2.072093725204467773e+00 1.935423851013183594e+00 1.859190583229064941e+00 3.127740621566772461e+00 3.566500186920166016e+00 1.884899020195007324e+00 3.271513223648071289e+00 2.924729108810424805e+00 2.192787647247314453e+00 1.803160786628723145e+00 2.984678268432617188e+00 2.280608177185058594e+00 1.740576982498168945e+00 1.813844323158264160e+00
2.008709430694580078e+00 2.116633892059326172e+00 1.496496200561523438e+00 1.453686475753784180e+00 1.768888235092163086e+00 2.501184940338134766e+00 2.253369808197021484e+00 2.381759881973266602e+00 2.127643108367919922e+00 1.737641096115112305e+00 2.522113800048828125e+00 2.082329034805297852e+00 2.601752996444702148e+00 3.177873134613037109e+00 2.195940017700195312e+00 2.282347917556762695e+00 2.340433835983276367e+00 1.735014200210571289e+00 2.163255691528320312e+00 1.433523535728454590e+00
2.792501449584960938e+00 2.493811130523681641e+00 1.814082264900207520e+00 2.260982036590576172e+00 2.105279445648193359e+00 2.652436733245849609e+00 2.763608694076538086e+00 1.944292664527893066e+00 2.105129718780517578e+00 3.052663803100585938e+00 1.625665903091430664e+00 2.710100412368774414e+00 2.372255802154541016e+00 3.547768115997314453e+00 2.167614221572875977e+00 2.279792070388793945e+00 2.622978210449218750e+00 2.048308372497558594e+00 2.344529867172241211e+00 2.695046186447143555e+00
3.573285579681396484e+00 2.175836563110351562e+00 1.972046971321105957e+00 1.691328048706054688e+00 1.308508157730102539e+00 3.018869876861572266e+00 1.996036767959594727e+00 2.483362913131713867e+00 2.201851844787597656e+00 1.403628587722778320e+00 1.760998606681823730e+00 1.797886371612548828e+00 2.248654842376708984e+00 2.543917655944824219e+00 1.309874296188354492e+00 2.541015625000000000e+00 2.469802618026733398e+00 2.351660728454589844e+00 2.858381748199462891e+00 2.100399494171142578e+00
