2019-07-24 10:15:00
1.874645233154296875e+00 1.895339488983154297e+00 2.506684303283691406e+00 2.527828454971313477e+00 2.964745044708251953e+00 2.484766006469726562e+00 1.344960689544677734e+00 2.688917636871337891e+00 1.985394001007080078e+00 1.957357645034790039e+00 1.817507028579711914e+00 1.946313142776489258e+00 1.885396718978881836e+00 1.576321601867675781e+00 1.175158739089965820e+00 2.252810955047607422e+00 2.328730583190917969e+00 2.253221035003662109e+00 2.886607170104980469e+00 1.494857072830200195e+00
2.856035232543945312e+00 8.061068058013916016e-01 1.591157317161560059e+00 3.610682249069213867e+00 1.037781953811645508e+00 2.110767841339111328e+00 2.516302585601806641e+00 2.305345535278320312e+00 2.414533138275146484e+00 1.832282543182373047e+00 1.939254641532897949e+00 2.277365684509277344e+00 1.680291891098022461e+00 1.759326696395874023e+00 1.692881345748901367e+00 2.188444614410400391e+00 9.970149397850036621e-01 1.823586940765380859e+00 3.116538047790527344e+00 1.792921423912048340e+00
2.252220869064331055e+00 1.616598606109619141e+00 2.028829097747802734e+00 1.849265098571777344e+00 4.729776859283447266e+00 1.500848889350891113e+00 1.689151287078857422e+00 2.080124855041503906e+00 1.390603780746459961e+00 2.475748062133789062e+00 1.715033531188964844e+00 2.045632123947143555e+00 2.078141450881958008e+00 2.061215400695800781e+00 2.096817970275878906e+00 1.202936291694641113e+00 2.419741630554199219e+00 2.311691761016845703e+00 3.148545265197753906e+00 2.758015155792236328e+00
2.507270336151123047e+00 1.241354703903198242e+00 3.260201692581176758e+00 1.713490962982177734e+00 1.994688987731933594e+00 3.079564571380615234e+00 1.643404245376586914e+00 1.868870258331298828e+00 2.023681640625000000e+00 1.819863915443420410e+00 1.459192514419555664e+00 2.236867666244506836e+00 2.231889486312866211e+00 2.042813062667846680e+00 1.377074360847473145e+00 1.005950212478637695e+00 1.752223730087280273e+00 8.536851406097412109e-01 2.044645309448242188e+00 2.328756093978881836e+00
1.724871873855590820e+00 2.612973690032958984e+00 3.009449481964111328e+00 1.394787788391113281e+00 7.309278249740600586e-01 1.646338701248168945e+00 2.397731304168701172e+00 3.288234233856201172e+00 1.650941371917724609e+00 1.680242776870727539e+00 2.193234443664550781e+00 2.512806892395019531e+00 2.946928024291992188e+00 1.955671906471252441e+00 1.635460257530212402e+00 3.226019382476806641e+00 1.242363214492797852e+00 3.097646713256835938e+00 1.719115257263183594e+00 2.366829872131347656e+00
2.500384807586669922e+00 3.185764312744140625e+00 1.393829464912414551e+00 2.459928989410400391e+00 1.509823083877563477e+00 2.899177312850952148e+00 2.084975481033325195e+00 1.592008590698242188e+00 2.545995473861694336e+00 2.953923463821411133e+00 2.070043563842773438e+00 1.429830193519592285e+00 1.765850067138671875e+00 1.804028034210205078e+00 2.754786729812622070e+00 3.529211997985839844e+00 1.591460943222045898e+00 1.525524377822875977e+00 2.329548120498657227e+00 2.101486921310424805e+00
1.807797431945800781e+00 1.529903411865234375e+00 1.636460423469543457e+00 2.350571393966674805e+00 1.927760481834411621e+00 2.327905416488647461e+00 3.543524265289306641e+00 1.951229095458984375e+00 2.453257322311401367e+00 2.485920667648315430e+00 2.538260459899902344e+00 1.552989959716796875e+00 2.098158836364746094e+00 2.167664766311645508e+00 1.566932439804077148e+00 1.822612762451171875e+00 1.363400459289550781e+00 6.180731058120727539e-01 1.140823125839233398e+00 1.496737957000732422e+00
1.861359834671020508e+00 2.726670742034912109e+00 2.431435585021972656e+00 1.379475831985473633e+00 2.699522018432617188e+00 1.931463599205017090e+00 1.981913805007934570e+00 2.141272783279418945e+00 2.560748577117919922e+00 2.163692951202392578e+00 2.827699184417724609e+00 2.895290374755859375e+00 2.208051681518554688e+00 1.856816649436950684e+00 2.165972709655761719e+00 2.038466453552246094e+00 1.811469316482543945e+00 1.577387332916259766e+00 2.603317737579345703e+00 2.983831644058227539e+00
2.509789466857910156e+00 2.080369472503662109e+00 2.638444423675537109e+00 1.653657674789428711e+00 2.306452035903930664e+00 1.743416547775268555e+00 4.587939739227294922e+00 3.368135929107666016e+00 2.733378887176513672e+00 3.223460674285888672e+00 2.791914701461791992e+00 2.740016937255859375e+00 1.959900021553039551e+00 2.584466218948364258e+00 1.433688163757324219e+00 1.972208738327026367e+00 2.551691532135009766e+00 1.633083343505859375e+00 1.922824978828430176e+00 2.803986787796020508e+00
2.174762964248657227e+00 1.941644430160522461e+00 1.495266199111938477e+00 3.787644863128662109e+00 2.108475446701049805e+00 3.400207281112670898e+00 3.226570844650268555e+00 2.468174934387207031e+00 1.971136808395385742e+00 2.544986009597778320e+00 1.296887159347534180e+00 2.533656358718872070e+00 2.525519609451293945e+00 1.793574810028076172e+00 1.977815508842468262e+00 1.951582670211791992e+00 2.412050247192382812e+00 1.509602546691894531e+00 1.391473054885864258e+00 3.271822690963745117e+00
2.883835315704345703e+00 1.889129400253295898e+00 2.585169315338134766e+00 3.123249292373657227e+00 2.147250175476074219e+00 3.105519294738769531e+00 2.017854928970336914e+00 3.451147079467773438e+00 2.319146633148193359e+00 2.263134479522705078e+00 2.066468715667724609e+00 1.968899726867675781e+00 2.448079586029052734e+00 2.264505386352539062e+00 1.562258243560791016e+00 1.686771512031555176e+00 2.360531806945800781e+00 2.863375186920166016e+00 1.187627077102661133e+00 2.040991783142089844e+00
3.222579479217529297e+00 2.736375331878662109e+00 2.676814794540405273e+00 3.000237703323364258e+00 2.224542617797851562e+00 1.995184063911437988e+00 2.794515609741210938e+00 3.691700935363769531e+00 3.388003349304199219e+00 1.583711862564086914e+00 3.661439418792724609e+00 2.957815647125244141e+00 2.526651382446289062e+00 2.958694458007812500e+00 3.138020992279052734e+00 1.135038256645202637e+00 1.896849513053894043e+00 2.025379180908203125e+00 2.077017068862915039e+00 1.489367246627807617e+00
1.841093659400939941e+00 3.105150699615478516e+00 4.008545398712158203e+00 3.187543869018554688e+00 2.850836992263793945e+00 2.068176746368408203e+00 2.711802482604980469e+00 2.762824058532714844e+00 2.866770744323730469e+00 2.777931690216064453e+00 4.091087818145751953e+00 2.720984935760498047e+00 2.985905647277832031e+00 2.769766807556152344e+00 2.526774883270263672e+00 3.629781961441040039e+00 2.175492763519287109e+00 1.447828531265258789e+00 2.346462726593017578e+00 1.588481068611145020e+00
2.248245716094970703e+00 3.186362504959106445e+00 2.998004913330078125e+00 3.276578426361083984e+00 2.263953685760498047e+00 1.884819984436035156e+00 2.280403375625610352e+00 2.295381069183349609e+00 1.595402359962463379e+00 3.840531587600708008e+00 3.036849021911621094e+00 3.466382026672363281e+00 3.525078535079956055e+00 3.024208068847656250e+00 2.865536689758300781e+00 4.398113727569580078e+00 2.483930110931396484e+00 3.628261804580688477e+00 2.324522256851196289e+00 2.156686305999755859e+00
2.526128292083740234e+00 2.639396190643310547e+00 2.970375537872314453e+00 2.956689834594726562e+00 2.138596534729003906e+00 1.967129588127136230e+00 3.258448600769042969e+00 3.486604213714599609e+00 3.427800416946411133e+00 3.309161663055419922e+00 2.351445198059082031e+00 1.137372255325317383e+00 1.891885638236999512e+00 2.327363252639770508e+00 2.556143760681152344e+00 2.113167285919189453e+00 2.817539453506469727e+00 2.329064369201660156e+00 2.415280342102050781e+00 2.324224948883056641e+00
3.468791246414184570e+00 2.465840339660644531e+00 2.741693496704101562e+00 2.285284042358398438e+00 2.029241561889648438e+00 1.915802836418151855e+00 2.641247272491455078e+00 2.691219329833984375e+00 3.335543155670166016e+00 2.323105096817016602e+00 1.774345993995666504e+00 2.841888427734375000e+00 2.090313673019409180e+00 4.374341487884521484e+00 1.140070199966430664e+00 1.903088331222534180e+00 2.301884174346923828e+00 2.344331741333007812e+00 2.087449789047241211e+00 2.381885766983032227e+00
2.682957649230957031e+00 2.669528722763061523e+00 1.628754615783691406e+00 2.551137447357177734e+00 1.940731287002563477e+00 1.968056440353393555e+00 2.904717922210693359e+00 2.077407836914062500e+00 2.061269760131835938e+00 2.696268796920776367e+00 2.454847812652587891e+00 2.013283967971801758e+00 1.970461130142211914e+00 1.705913662910461426e+00 3.080844402313232422e+00 2.978684425354003906e+00 2.755137205123901367e+00 1.585679888725280762e+00 1.227312088012695312e+00 2.714900016784667969e+00
3.114791154861450195e+00 2.531776428222656250e+00 1.642903089523315430e+00 2.550314903259277344e+00 1.940194010734558105e+00 2.999951362609863281e+00 2.135342121124267578e+00 2.755457878112792969e+00 3.066280126571655273e+00 2.791413784027099609e+00 2.876565694808959961e+00 1.680617451667785645e+00 1.859369158744812012e+00 2.519688606262207031e+00 1.842156410217285156e+00 2.833674669265747070e+00 2.463468551635742188e+00 1.182655692100524902e+00 2.116630554199218750e+00 1.912388801574707031e+00
3.911718368530273438e+00 2.780791759490966797e+00 1.887965559959411621e+00 1.651274681091308594e+00 1.318636178970336914e+00 2.868548870086669922e+00 1.792257070541381836e+00 1.930656671524047852e+00 1.618243694305419922e+00 2.140103340148925781e+00 2.716176271438598633e+00 1.574115276336669922e+00 1.907827615737915039e+00 3.002861976623535156e+00 2.118944883346557617e+00 2.614620208740234375e+00 2.156971931457519531e+00 1.915711522102355957e+00 2.420187473297119141e+00 2.079569816589355469e+00
2.144500732421875000e+00 2.437119960784912109e+00 1.609263062477111816e+00 1.831796646118164062e+00 2.243515491485595703e+00 2.697546958923339844e+00 2.262846946716308594e+00 1.620031595230102539e+00 1.493704915046691895e+00 2.548642635345458984e+00 1.577203512191772461e+00 1.724431395530700684e+00 2.921293020248413086e+00 2.748557329177856445e+00 3.113821268081665039e+00 2.282654285430908203e+00 2.405523300170898438e+00 2.091330289840698242e+00 2.212114810943603516e+00 2.200078964233398438e+00
