2019-07-24 10:30:00
2.985942602157592773e+00 1.841353058815002441e+00 3.499447345733642578e+00 2.206126689910888672e+00 3.200501441955566406e+00 2.725580930709838867e+00 2.761174201965332031e+00 2.557826519012451172e+00 3.111785173416137695e+00 3.281816244125366211e+00 2.845617055892944336e+00 1.719538927078247070e+00 2.762220382690429688e+00 1.097254991531372070e+00 1.835219860076904297e+00 2.240557193756103516e+00 1.930839657783508301e+00 3.085108757019042969e+00 2.327447175979614258e+00 2.437391281127929688e+00
3.503922700881958008e+00 2.117703199386596680e+00 1.941801548004150391e+00 2.290064334869384766e+00 2.807551145553588867e+00 2.537088871002197266e+00 1.735413432121276855e+00 3.262091159820556641e+00 1.536132693290710449e+00 2.261458873748779297e+00 1.839367866516113281e+00 2.670277357101440430e+00 2.298202514648437500e+00 1.551464080810546875e+00 1.903341650962829590e+00 1.563879251480102539e+00 2.113483905792236328e+00 2.144793510437011719e+00 2.841579437255859375e+00 1.509546518325805664e+00
1.136627674102783203e+00 3.900486230850219727e+00 1.626876950263977051e+00 3.545296192169189453e+00 2.053352117538452148e+00 2.549228429794311523e+00 2.416715145111083984e+00 2.312434196472167969e+00 1.920569658279418945e+00 2.562265157699584961e+00 1.233596920967102051e+00 2.507232427597045898e+00 1.546765089035034180e+00 2.834757328033447266e+00 4.143854141235351562e+00 2.048416614532470703e+00 1.870201826095581055e+00 2.678792476654052734e+00 3.181053161621093750e+00 3.456394910812377930e+00
3.469877243041992188e+00 2.126579999923706055e+00 2.015266418457031250e+00 2.019784450531005859e+00 2.756339550018310547e+00 2.406611919403076172e+00 2.219176292419433594e+00 2.448955059051513672e+00 2.798730850219726562e+00 1.837213039398193359e+00 2.791164398193359375e+00 2.346231937408447266e+00 3.002460002899169922e+00 1.994003295898437500e+00 2.824174165725708008e+00 1.906424403190612793e+00 1.718073844909667969e+00 2.025452375411987305e+00 2.448745012283325195e+00 2.358656883239746094e+00
2.387413978576660156e+00 1.722780585289001465e+00 2.714933156967163086e+00 2.362777233123779297e+00 1.835806131362915039e+00 2.899664878845214844e+00 2.088232517242431641e+00 2.063493251800537109e+00 1.778199434280395508e+00 4.096219062805175781e+00 1.901199579238891602e+00 3.722005844116210938e+00 1.632603526115417480e+00 1.987805843353271484e+00 1.548930048942565918e+00 2.799741744995117188e+00 1.714797616004943848e+00 2.555144548416137695e+00 2.526556015014648438e+00 3.132971286773681641e+00
2.043220043182373047e+00 1.509702801704406738e+00 2.434382915496826172e+00 1.640328407287597656e+00 2.424664020538330078e+00 3.041030883789062500e+00 2.972331047058105469e+00 1.328673124313354492e+00 2.998267889022827148e+00 3.778814554214477539e+00 2.302714347839355469e+00 3.424734354019165039e+00 3.443544387817382812e+00 2.997158527374267578e+00 2.150142669677734375e+00 1.989816546440124512e+00 1.330683946609497070e+00 2.349150180816650391e+00 2.121489524841308594e+00 2.331779003143310547e+00
1.859075427055358887e+00 2.446276187896728516e+00 3.513830423355102539e+00 1.765511035919189453e+00 4.528988838195800781e+00 1.885491371154785156e+00 2.924658536911010742e+00 2.437613487243652344e+00 1.431915879249572754e+00 3.138656854629516602e+00 3.363436698913574219e+00 2.468732595443725586e+00 2.073565959930419922e+00 2.555966377258300781e+00 2.823800563812255859e+00 2.715835094451904297e+00 1.340632319450378418e+00 1.791444182395935059e+00 1.563809275627136230e+00 2.107187986373901367e+00
4.418556213378906250e+00 2.650430202484130859e+00 1.830469608306884766e+00 1.928323745727539062e+00 4.287153482437133789e-01 2.584837913513183594e+00 2.500618219375610352e+00 2.452348470687866211e+00 2.441565990447998047e+00 3.905754089355468750e+00 1.975534081459045410e+00 2.686630964279174805e+00 2.018598318099975586e+00 1.354103326797485352e+00 1.939115881919860840e+00 2.219024181365966797e+00 2.985779285430908203e+00 1.160390138626098633e+00 2.133303165435791016e+00 1.786591291427612305e+00
2.026913404464721680e+00 2.943038940429687500e+00 2.230549812316894531e+00 2.531969308853149414e+00 3.071000099182128906e+00 2.677496194839477539e+00 4.191022872924804688e+00 2.574794054031372070e+00 2.868552207946777344e+00 3.686916351318359375e+00 1.855929851531982422e+00 2.250617742538452148e+00 2.728053331375122070e+00 1.871932029724121094e+00 3.179766178131103516e+00 2.337695360183715820e+00 3.201418161392211914e+00 2.377008676528930664e+00 2.019645452499389648e+00 2.885897636413574219e+00
2.864571809768676758e+00 2.583702087402343750e+00 2.562940597534179688e+00 2.392928838729858398e+00 3.969889640808105469e+00 3.311380386352539062e+00 2.329124689102172852e+00 1.829262971878051758e+00 1.900462627410888672e+00 2.481472492218017578e+00 3.397978782653808594e+00 2.777089834213256836e+00 2.567860603332519531e+00 2.190903186798095703e+00 1.288442134857177734e+00 1.799525976181030273e+00 1.524700999259948730e+00 1.276998758316040039e+00 2.183144569396972656e+00 2.643868923187255859e+00
3.259774684906005859e+00 3.851741790771484375e+00 1.361259818077087402e+00 3.593304395675659180e+00 2.499979496002197266e+00 3.195595026016235352e+00 1.877398490905761719e+00 2.413278341293334961e+00 4.372359275817871094e+00 2.145600080490112305e+00 2.329324722290039062e+00 1.777092218399047852e+00 3.958809614181518555e+00 3.619712829589843750e+00 1.827220678329467773e+00 2.472625732421875000e+00 2.630099773406982422e+00 2.130061864852905273e+00 1.885222792625427246e+00 4.185311317443847656e+00
3.855641365051269531e+00 2.717011690139770508e+00 2.971312999725341797e+00 3.461955547332763672e+00 2.208981275558471680e+00 3.271654605865478516e+00 3.836314916610717773e+00 2.523087501525878906e+00 2.120311021804809570e+00 2.011622905731201172e+00 2.146969079971313477e+00 2.512006044387817383e+00 2.470695018768310547e+00 3.136770486831665039e+00 1.485671520233154297e+00 2.571163177490234375e+00 1.882967710494995117e+00 2.326182842254638672e+00 3.152186155319213867e+00 1.443249940872192383e+00
3.552561759948730469e+00 3.481395006179809570e+00 3.466880798339843750e+00 2.177450418472290039e+00 2.273146867752075195e+00 3.105798244476318359e+00 2.611491203308105469e+00 3.117458343505859375e+00 2.760617494583129883e+00 2.832639217376708984e+00 2.835028409957885742e+00 1.851278305053710938e+00 3.030244827270507812e+00 3.213633537292480469e+00 2.323670387268066406e+00 1.582479715347290039e+00 2.969153642654418945e+00 1.611988306045532227e+00 1.741475224494934082e+00 1.620587587356567383e+00
2.122969388961791992e+00 3.301940441131591797e+00 3.590370655059814453e+00 2.797525882720947266e+00 2.801030874252319336e+00 3.286174297332763672e+00 2.490227699279785156e+00 4.064984321594238281e+00 2.223848104476928711e+00 2.735718727111816406e+00 2.804278135299682617e+00 3.577256679534912109e+00 2.905474901199340820e+00 1.857222318649291992e+00 2.916306018829345703e+00 3.081265926361083984e+00 2.494552373886108398e+00 2.254480838775634766e+00 2.808552265167236328e+00 1.962593555450439453e+00
2.323800086975097656e+00 1.806620955467224121e+00 2.796909332275390625e+00 2.978660583496093750e+00 2.396498441696166992e+00 1.720618247985839844e+00 3.353882789611816406e+00 2.943731784820556641e+00 3.139753341674804688e+00 5.074133396148681641e+00 1.978448033332824707e+00 2.751100540161132812e+00 3.149830341339111328e+00 3.733292102813720703e+00 2.898824930191040039e+00 2.618899345397949219e+00 1.742980957031250000e+00 2.369115352630615234e+00 1.964576005935668945e+00 3.923360824584960938e+00
2.217544794082641602e+00 2.927563905715942383e+00 3.149278640747070312e+00 2.032346725463867188e+00 2.646431922912597656e+00 2.316312551498413086e+00 2.645110845565795898e+00 1.506306052207946777e+00 2.958959579467773438e+00 2.729542732238769531e+00 2.842873096466064453e+00 3.310563087463378906e+00 2.447028636932373047e+00 3.392853260040283203e+00 2.357786655426025391e+00 1.665519714355468750e+00 1.780923604965209961e+00 3.261921882629394531e+00 1.737837314605712891e+00 2.338595390319824219e+00
2.490413188934326172e+00 2.720465183258056641e+00 2.781712770462036133e+00 2.566203594207763672e+00 1.342238426208496094e+00 2.003934144973754883e+00 2.991911411285400391e+00 1.891180634498596191e+00 2.986827373504638672e+00 2.372387409210205078e+00 2.468438148498535156e+00 2.206750869750976562e+00 2.721672534942626953e+00 1.502327203750610352e+00 1.882683396339416504e+00 2.263949155807495117e+00 2.605083703994750977e+00 2.369197130203247070e+00 1.351327419281005859e+00 3.706129074096679688e+00
1.824718832969665527e+00 2.498288631439208984e+00 1.492478847503662109e+00 2.072218418121337891e+00 1.785167694091796875e+00 2.265027284622192383e+00 2.069994688034057617e+00 3.473270893096923828e+00 3.093089103698730469e+00 2.241523265838623047e+00 2.225168228149414062e+00 2.354666471481323242e+00 1.551573991775512695e+00 3.737611770629882812e+00 2.402867555618286133e+00 3.245132446289062500e+00 2.338166713714599609e+00 2.218490123748779297e+00 1.566047906875610352e+00 2.233134269714355469e+00
2.688633441925048828e+00 3.260009765625000000e+00 1.220099806785583496e+00 3.219316482543945312e+00 3.485640048980712891e+00 2.951546192169189453e+00 2.450895309448242188e+00 1.674726963043212891e+00 1.973119735717773438e+00 1.565688133239746094e+00 1.263389587402343750e+00 1.629726767539978027e+00 2.509993314743041992e+00 3.545361280441284180e+00 2.443876266479492188e+00 2.557874202728271484e+00 1.699606776237487793e+00 2.897383213043212891e+00 1.921615362167358398e+00 1.682625651359558105e+00
2.769629478454589844e+00 1.677252769470214844e+00 1.879539251327514648e+00 2.398914813995361328e+00 2.283005475997924805e+00 1.883072376251220703e+00 1.441791772842407227e+00 2.631968021392822266e+00 1.855478286743164062e+00 2.834419250488281250e+00 3.247470855712890625e+00 1.352565765380859375e+00 2.259462356567382812e+00 1.910302996635437012e+00 2.823280334472656250e+00 2.751554012298583984e+00 2.343823432922363281e+00 2.283836841583251953e+00 1.734149932861328125e+00 1.926998853683471680e+00
