2019-07-24 10:45:00
3.066676855087280273e+00 7.213091850280761719e+00 6.328702926635742188e+00 3.478720188140869141e+00 2.794473409652709961e+00 2.826786756515502930e+00 3.820155858993530273e+00 3.014741420745849609e+00 6.851871967315673828e+00 4.557360172271728516e+00 4.013538360595703125e+00 1.986864924430847168e+00 3.338488817214965820e+00 3.280080318450927734e+00 3.162796974182128906e+00 4.108206272125244141e+00 6.664200782775878906e+00 2.463629007339477539e+00 3.448386430740356445e+00 4.300975799560546875e+00
4.163711547851562500e+00 4.253541946411132812e+00 5.773981094360351562e+00 3.795513153076171875e+00 5.055168151855468750e+00 3.205304384231567383e+00 2.287618637084960938e+00 3.296004295349121094e+00 3.676442146301269531e+00 2.690643548965454102e+00 3.231731891632080078e+00 3.292090415954589844e+00 3.208343505859375000e+00 4.161456108093261719e+00 3.048715591430664062e+00 3.768470764160156250e+00 4.331674575805664062e+00 3.747045993804931641e+00 1.815433263778686523e+00 2.562998294830322266e+00
5.923996925354003906e+00 7.701677322387695312e+00 4.159460067749023438e+00 4.587703704833984375e+00 3.898260116577148438e+00 4.049517154693603516e+00 2.198545455932617188e+00 2.502301692962646484e+00 2.704804420471191406e+00 3.511279106140136719e+00 4.422183036804199219e+00 4.996476650238037109e+00 2.021371603012084961e+00 7.707046031951904297e+00 6.535214900970458984e+00 2.598500967025756836e+00 4.275186061859130859e+00 6.583324909210205078e+00 3.258628129959106445e+00 3.955025196075439453e+00
3.523607254028320312e+00 5.628990650177001953e+00 2.301440715789794922e+00 7.265707015991210938e+00 4.721972465515136719e+00 3.790589332580566406e+00 2.970345735549926758e+00 3.609599113464355469e+00 4.475387096405029297e+00 3.621755599975585938e+00 5.252196788787841797e+00 6.059798717498779297e+00 4.313029289245605469e+00 3.343340635299682617e+00 2.241482734680175781e+00 2.772760868072509766e+00 2.675399303436279297e+00 7.550634384155273438e+00 2.479224681854248047e+00 2.014350652694702148e+00
3.859224557876586914e+00 1.846029996871948242e+00 2.653428077697753906e+00 3.666602611541748047e+00 3.501780271530151367e+00 7.861555099487304688e+00 3.437875986099243164e+00 3.471728801727294922e+00 3.608930349349975586e+00 3.922018527984619141e+00 7.501167297363281250e+00 6.144338607788085938e+00 4.348314762115478516e+00 3.374546527862548828e+00 4.541320800781250000e+00 3.099108219146728516e+00 2.125950336456298828e+00 4.791996002197265625e+00 7.571905136108398438e+00 5.696558475494384766e+00
4.448008060455322266e+00 2.493070363998413086e+00 3.511749267578125000e+00 1.021019935607910156e+01 3.371776580810546875e+00 5.040465354919433594e+00 5.006525039672851562e+00 3.363500356674194336e+00 5.966040611267089844e+00 3.608075141906738281e+00 7.745399475097656250e+00 5.438941001892089844e+00 5.105289936065673828e+00 3.726787328720092773e+00 3.742529869079589844e+00 6.807327270507812500e+00 1.650449991226196289e+00 4.920832633972167969e+00 7.329653263092041016e+00 3.476729869842529297e+00
4.082980155944824219e+00 5.817615985870361328e+00 4.935713291168212891e+00 5.557983398437500000e+00 2.874337196350097656e+00 6.411876678466796875e+00 2.672368049621582031e+00 2.772283554077148438e+00 3.666376113891601562e+00 3.022670507431030273e+00 3.873399972915649414e+00 2.933565139770507812e+00 6.788711547851562500e+00 5.958662986755371094e+00 2.779011249542236328e+00 8.000877380371093750e+00 3.267693042755126953e+00 3.484790802001953125e+00 6.498041629791259766e+00 6.737903594970703125e+00
6.939009666442871094e+00 3.323578834533691406e+00 2.349972009658813477e+00 4.428888797760009766e+00 6.982057094573974609e+00 3.617404460906982422e+00 3.438215732574462891e+00 2.645670175552368164e+00 3.408047199249267578e+00 2.931869268417358398e+00 3.444027423858642578e+00 4.517902374267578125e+00 4.372209548950195312e+00 5.726425170898437500e+00 3.844090461730957031e+00 4.867420196533203125e+00 4.477491855621337891e+00 2.410413503646850586e+00 8.310569763183593750e+00 1.867264032363891602e+00
2.458437919616699219e+00 2.704366207122802734e+00 5.551706314086914062e+00 4.144870758056640625e+00 5.535013198852539062e+00 3.046298503875732422e+00 3.655022621154785156e+00 2.094623327255249023e+00 2.580432891845703125e+00 3.649287462234497070e+00 3.245085716247558594e+00 2.785076618194580078e+00 5.285564422607421875e+00 7.955039501190185547e+00 4.775079727172851562e+00 2.788742542266845703e+00 6.367954254150390625e+00 2.704005718231201172e+00 3.214847803115844727e+00 3.576267719268798828e+00
4.573660850524902344e+00 4.450997352600097656e+00 4.269001960754394531e+00 3.223054647445678711e+00 2.734756946563720703e+00 4.025630950927734375e+00 3.191512584686279297e+00 3.411942481994628906e+00 6.901844978332519531e+00 6.320396423339843750e+00 5.627476215362548828e+00 5.170358657836914062e+00 6.250987529754638672e+00 2.597555637359619141e+00 3.084414720535278320e+00 3.874123811721801758e+00 7.600132942199707031e+00 2.543996334075927734e+00 2.440653324127197266e+00 2.888432741165161133e+00
3.044318675994873047e+00 2.844479084014892578e+00 4.123427391052246094e+00 3.689111709594726562e+00 4.783997535705566406e+00 3.732267618179321289e+00 3.064658164978027344e+00 2.695381164550781250e+00 3.323053121566772461e+00 2.681484460830688477e+00 2.291996240615844727e+00 5.672017097473144531e+00 4.083127975463867188e+00 6.023203849792480469e+00 3.396987915039062500e+00 2.810156345367431641e+00 3.076376438140869141e+00 3.710924625396728516e+00 2.135450839996337891e+00 3.561314105987548828e+00
3.111670970916748047e+00 2.020811080932617188e+00 2.991459846496582031e+00 2.813289165496826172e+00 8.854417800903320312e+00 3.435637712478637695e+00 1.510788440704345703e+00 3.109270334243774414e+00 2.499491214752197266e+00 2.595450401306152344e+00 3.680155277252197266e+00 4.336566925048828125e+00 3.386615037918090820e+00 3.183493375778198242e+00 2.942525863647460938e+00 4.208604812622070312e+00 2.427116870880126953e+00 2.714032173156738281e+00 3.558347940444946289e+00 3.253599166870117188e+00
3.382367610931396484e+00 2.855049133300781250e+00 4.818449020385742188e+00 3.530033349990844727e+00 3.208241939544677734e+00 2.256951332092285156e+00 5.228844642639160156e+00 3.020682334899902344e+00 4.220653057098388672e+00 2.966133594512939453e+00 3.534823417663574219e+00 2.552192687988281250e+00 2.312843322753906250e+00 3.596447944641113281e+00 3.888904571533203125e+00 2.369961738586425781e+00 2.933228969573974609e+00 3.890510797500610352e+00 3.709893703460693359e+00 2.774898052215576172e+00
4.155074119567871094e+00 2.540070056915283203e+00 2.856238126754760742e+00 3.234329700469970703e+00 3.250525474548339844e+00 2.900374889373779297e+00 3.586042165756225586e+00 3.096061944961547852e+00 2.763281345367431641e+00 2.536333799362182617e+00 2.822358369827270508e+00 4.555653572082519531e+00 3.080977916717529297e+00 3.617158412933349609e+00 3.130064487457275391e+00 2.264809846878051758e+00 4.452694416046142578e+00 3.822770118713378906e+00 3.386505603790283203e+00 2.129632711410522461e+00
3.512743949890136719e+00 3.830086469650268555e+00 3.230387687683105469e+00 4.176081180572509766e+00 2.856149196624755859e+00 3.745054960250854492e+00 4.208748817443847656e+00 3.503092765808105469e+00 3.699554920196533203e+00 2.625096797943115234e+00 2.616106510162353516e+00 2.088553667068481445e+00 3.518816471099853516e+00 3.260324478149414062e+00 3.481402873992919922e+00 3.777310609817504883e+00 2.599070072174072266e+00 3.961005687713623047e+00 3.208817958831787109e+00 4.021576881408691406e+00
2.411696910858154297e+00 3.817633152008056641e+00 2.135664463043212891e+00 4.511886119842529297e+00 2.745229959487915039e+00 6.202219963073730469e+00 3.327077627182006836e+00 1.903517007827758789e+00 2.736784458160400391e+00 3.329928874969482422e+00 3.586613655090332031e+00 3.470402002334594727e+00 3.301519155502319336e+00 2.882260560989379883e+00 3.371818780899047852e+00 2.095241546630859375e+00 3.123261213302612305e+00 3.948156833648681641e+00 2.150969028472900391e+00 3.184821605682373047e+00
3.714360475540161133e+00 4.394217014312744141e+00 2.516188621520996094e+00 2.513183832168579102e+00 7.293398857116699219e+00 3.510825872421264648e+00 4.321955204010009766e+00 4.487609863281250000e+00 3.285989761352539062e+00 3.193154811859130859e+00 3.087534427642822266e+00 2.120213031768798828e+00 3.090365648269653320e+00 4.497490406036376953e+00 3.319427490234375000e+00 2.341074466705322266e+00 3.146560430526733398e+00 3.038167715072631836e+00 3.095667362213134766e+00 5.417533874511718750e+00
3.489389896392822266e+00 2.350226163864135742e+00 3.027684688568115234e+00 2.488496780395507812e+00 3.437378406524658203e+00 3.024446010589599609e+00 4.860139846801757812e+00 3.455704689025878906e+00 3.545468807220458984e+00 4.569851398468017578e+00 5.006746292114257812e+00 1.933869600296020508e+00 3.819823265075683594e+00 3.294108390808105469e+00 2.719841003417968750e+00 3.626397132873535156e+00 3.124219894409179688e+00 3.909595489501953125e+00 2.187592029571533203e+00 2.102510452270507812e+00
2.895537853240966797e+00 2.675566673278808594e+00 2.379800319671630859e+00 3.397265434265136719e+00 4.164011001586914062e+00 3.021023750305175781e+00 4.546497344970703125e+00 3.005872726440429688e+00 6.775174617767333984e+00 6.660342216491699219e+00 3.915563106536865234e+00 5.771145820617675781e+00 2.046377897262573242e+00 2.716148138046264648e+00 2.129978656768798828e+00 3.003393888473510742e+00 3.664648532867431641e+00 3.162436485290527344e+00 3.691010713577270508e+00 3.163766860961914062e+00
3.671135902404785156e+00 3.888329982757568359e+00 2.899353742599487305e+00 2.084998846054077148e+00 3.618259906768798828e+00 2.912599802017211914e+00 5.853110790252685547e+00 4.384508132934570312e+00 7.144304275512695312e+00 5.303198337554931641e+00 5.632406711578369141e+00 5.301115036010742188e+00 3.241582870483398438e+00 3.318424224853515625e+00 4.010419845581054688e+00 2.347550392150878906e+00 4.500573635101318359e+00 3.687507867813110352e+00 4.138535022735595703e+00 3.428631782531738281e+00
