2019-07-24 11:15:00
2.550944566726684570e+00 2.547029972076416016e+00 2.857594490051269531e+00 2.743592023849487305e+00 2.754322767257690430e+00 3.740952730178833008e+00 3.262915134429931641e+00 2.843375205993652344e+00 1.611132860183715820e+00 3.502615928649902344e+00 3.346135139465332031e+00 2.814654350280761719e+00 2.213686704635620117e+00 2.121829032897949219e+00 1.626588940620422363e+00 2.889996767044067383e+00 3.607502460479736328e+00 1.714998006820678711e+00 1.848984718322753906e+00 2.865684747695922852e+00
3.316740036010742188e+00 1.821516871452331543e+00 2.605709075927734375e+00 3.183554172515869141e+00 1.617682695388793945e+00 3.384207248687744141e+00 2.160919189453125000e+00 1.860247611999511719e+00 2.271128177642822266e+00 1.659240603446960449e+00 2.528882503509521484e+00 2.021152496337890625e+00 2.453000545501708984e+00 2.466719150543212891e+00 1.843381285667419434e+00 1.145333290100097656e+00 8.752889037132263184e-01 3.158199787139892578e+00 3.158020734786987305e+00 2.569924831390380859e+00
2.792262792587280273e+00 2.488790273666381836e+00 2.822799921035766602e+00 2.860782623291015625e+00 1.471086263656616211e+00 1.142235040664672852e+00 3.323169469833374023e+00 1.554129719734191895e+00 2.004146099090576172e+00 2.074095726013183594e+00 3.245685577392578125e+00 2.704811573028564453e+00 1.539977073669433594e+00 3.858993530273437500e+00 2.185996532440185547e+00 1.522493004798889160e+00 1.473070383071899414e+00 3.444660425186157227e+00 1.816482782363891602e+00 1.700284600257873535e+00
2.580594539642333984e+00 3.247432708740234375e+00 2.402507781982421875e+00 3.895589828491210938e+00 3.511442899703979492e+00 2.119354963302612305e+00 2.779220104217529297e+00 2.435918331146240234e+00 2.198776483535766602e+00 3.325753688812255859e+00 2.594111442565917969e+00 6.174321770668029785e-01 2.020730257034301758e+00 3.705561876296997070e+00 2.372029304504394531e+00 1.713438987731933594e+00 1.715300559997558594e+00 2.566681861877441406e+00 2.545407772064208984e+00 1.855826377868652344e+00
3.094218730926513672e+00 2.101535320281982422e+00 2.920799016952514648e+00 2.016181945800781250e+00 2.609248638153076172e+00 2.545693874359130859e+00 2.930083513259887695e+00 1.814332604408264160e+00 1.938238620758056641e+00 2.352670192718505859e+00 3.393057823181152344e+00 2.496195316314697266e+00 1.333408951759338379e+00 2.414580821990966797e+00 1.894976615905761719e+00 1.612102746963500977e+00 1.589335203170776367e+00 2.182128429412841797e+00 2.385062694549560547e+00 2.257472991943359375e+00
2.641029357910156250e+00 2.968407630920410156e+00 3.408506393432617188e+00 3.120308876037597656e+00 2.626424551010131836e+00 2.913891792297363281e+00 3.931578159332275391e+00 1.748880863189697266e+00 1.693999052047729492e+00 1.580479621887207031e+00 2.566923141479492188e+00 2.704875469207763672e+00 2.919016361236572266e+00 3.336027860641479492e+00 2.913626194000244141e+00 2.562001228332519531e+00 1.577805519104003906e+00 9.649355411529541016e-01 1.830636739730834961e+00 1.995994806289672852e+00
1.901762127876281738e+00 1.830097913742065430e+00 2.304223775863647461e+00 2.137673854827880859e+00 2.851160049438476562e+00 2.000574350357055664e+00 3.148413181304931641e+00 3.084609985351562500e+00 2.825164079666137695e+00 2.409709930419921875e+00 2.716113090515136719e+00 1.818345546722412109e+00 3.119380474090576172e+00 1.786023378372192383e+00 1.912675142288208008e+00 2.645684242248535156e+00 1.216985225677490234e+00 1.077708601951599121e+00 1.816346406936645508e+00 2.098136186599731445e+00
2.805470943450927734e+00 3.482197999954223633e+00 1.822413682937622070e+00 1.414426565170288086e+00 1.531094312667846680e+00 1.283779859542846680e+00 3.160755872726440430e+00 2.166184902191162109e+00 2.409003973007202148e+00 3.309727668762207031e+00 2.505798816680908203e+00 2.823475360870361328e+00 2.658787250518798828e+00 2.132253646850585938e+00 3.176184654235839844e+00 2.888250827789306641e+00 1.560790777206420898e+00 1.220279812812805176e+00 3.364958763122558594e+00 3.291247367858886719e+00
2.072099924087524414e+00 2.744720697402954102e+00 1.939030170440673828e+00 2.216794967651367188e+00 2.043382644653320312e+00 2.414760112762451172e+00 2.760036468505859375e+00 2.682137489318847656e+00 3.647556304931640625e+00 3.630302429199218750e+00 4.132350921630859375e+00 2.845659017562866211e+00 2.619297027587890625e+00 2.741944789886474609e+00 1.853805065155029297e+00 2.222392082214355469e+00 2.910730361938476562e+00 2.041215896606445312e+00 3.302970170974731445e+00 2.895598173141479492e+00
1.244413137435913086e+00 2.617770671844482422e+00 2.376806735992431641e+00 1.795974016189575195e+00 2.444609642028808594e+00 2.619124412536621094e+00 2.623829126358032227e+00 1.958999872207641602e+00 1.126539230346679688e+00 1.764958500862121582e+00 5.228936672210693359e+00 4.934632301330566406e+00 4.112990856170654297e+00 3.038472175598144531e+00 1.706997036933898926e+00 2.437773704528808594e+00 1.992546916007995605e+00 1.588023900985717773e+00 2.548328399658203125e+00 2.672507047653198242e+00
1.790848493576049805e+00 2.802716732025146484e+00 3.269752979278564453e+00 2.575579643249511719e+00 3.268110752105712891e+00 3.562049865722656250e+00 1.851853847503662109e+00 2.001673936843872070e+00 1.546747684478759766e+00 1.766617774963378906e+00 2.195815086364746094e+00 5.553980350494384766e+00 4.684081077575683594e+00 4.416628837585449219e+00 2.246494770050048828e+00 1.770672559738159180e+00 1.775942564010620117e+00 1.376934766769409180e+00 1.593394279479980469e+00 1.725755453109741211e+00
1.947540283203125000e+00 2.548860073089599609e+00 3.244976043701171875e+00 1.245521426200866699e+00 2.946156501770019531e+00 3.739717006683349609e+00 2.320589780807495117e+00 2.347869396209716797e+00 3.454445362091064453e+00 3.761983633041381836e+00 2.872617721557617188e+00 2.725662708282470703e+00 3.945725440979003906e+00 2.356055021286010742e+00 2.736015558242797852e+00 2.867002964019775391e+00 2.324982881546020508e+00 2.491872072219848633e+00 1.979538440704345703e+00 1.837840318679809570e+00
3.223177671432495117e+00 2.541393041610717773e+00 3.895327806472778320e+00 2.825016498565673828e+00 2.715784072875976562e+00 4.154897689819335938e+00 2.704249382019042969e+00 2.978547096252441406e+00 4.454042434692382812e+00 6.423087120056152344e+00 2.868220806121826172e+00 3.983554840087890625e+00 2.497718572616577148e+00 2.918717384338378906e+00 2.051081657409667969e+00 2.390149116516113281e+00 2.388819217681884766e+00 1.032389879226684570e+00 2.203258037567138672e+00 1.461833715438842773e+00
2.947587490081787109e+00 3.162829399108886719e+00 3.095489501953125000e+00 2.314144611358642578e+00 2.739157199859619141e+00 2.241598129272460938e+00 3.619532823562622070e+00 2.825787544250488281e+00 3.410674333572387695e+00 2.686878442764282227e+00 3.429570198059082031e+00 4.236948490142822266e+00 4.928041458129882812e+00 2.731672763824462891e+00 2.256670475006103516e+00 3.891769170761108398e+00 2.945436954498291016e+00 2.373957633972167969e+00 2.146958351135253906e+00 1.496808290481567383e+00
1.929005742073059082e+00 2.052037239074707031e+00 2.375889778137207031e+00 1.966013789176940918e+00 2.612946510314941406e+00 2.237313270568847656e+00 3.057698488235473633e+00 2.097627639770507812e+00 2.326384067535400391e+00 3.447870969772338867e+00 3.244208097457885742e+00 4.883093833923339844e+00 3.971742630004882812e+00 3.431665897369384766e+00 3.207268238067626953e+00 2.911469459533691406e+00 2.580245971679687500e+00 3.135925769805908203e+00 2.502861261367797852e+00 1.786474466323852539e+00
2.118871927261352539e+00 1.848791837692260742e+00 2.883061885833740234e+00 1.853319883346557617e+00 1.142206788063049316e+00 1.569748640060424805e+00 1.463772058486938477e+00 2.588181257247924805e+00 3.104186058044433594e+00 3.047316074371337891e+00 2.549385309219360352e+00 3.496947765350341797e+00 3.687155723571777344e+00 3.185765266418457031e+00 2.851992845535278320e+00 2.758125305175781250e+00 1.652976274490356445e+00 2.465801239013671875e+00 1.140986442565917969e+00 3.539558887481689453e+00
1.735751390457153320e+00 2.351037979125976562e+00 1.436737060546875000e+00 3.259768724441528320e+00 1.258614897727966309e+00 1.692714691162109375e+00 2.956106901168823242e+00 2.519097089767456055e+00 2.242119312286376953e+00 2.690098762512207031e+00 2.306222200393676758e+00 2.246357917785644531e+00 2.035593271255493164e+00 1.444550037384033203e+00 1.864773035049438477e+00 1.708944082260131836e+00 3.022644281387329102e+00 2.157265663146972656e+00 8.906233906745910645e-01 4.225450515747070312e+00
2.425043106079101562e+00 1.984621524810791016e+00 2.043925762176513672e+00 2.487359523773193359e+00 2.759465217590332031e+00 2.661629438400268555e+00 2.781814813613891602e+00 2.653878688812255859e+00 2.472226142883300781e+00 2.421359539031982422e+00 1.915492534637451172e+00 2.176087141036987305e+00 1.482620716094970703e+00 3.710340023040771484e+00 2.049835205078125000e+00 3.804748535156250000e+00 2.163500547409057617e+00 2.151258468627929688e+00 2.294262409210205078e+00 2.445246219635009766e+00
3.368411540985107422e+00 2.657910346984863281e+00 1.634491920471191406e+00 2.309960126876831055e+00 2.858537197113037109e+00 2.947598934173583984e+00 2.424341917037963867e+00 1.883876800537109375e+00 2.492190361022949219e+00 3.135041713714599609e+00 2.526867866516113281e+00 2.252013206481933594e+00 1.750116467475891113e+00 2.130081176757812500e+00 1.782584905624389648e+00 1.931010007858276367e+00 3.029271841049194336e+00 2.362489700317382812e+00 1.560836791992187500e+00 2.121867656707763672e+00
2.565219879150390625e+00 1.948908686637878418e+00 2.054785490036010742e+00 1.838881850242614746e+00 2.018859386444091797e+00 1.890158414840698242e+00 1.610196113586425781e+00 2.421518087387084961e+00 1.525062918663024902e+00 2.105602502822875977e+00 1.511312246322631836e+00 2.593786716461181641e+00 1.218508839607238770e+00 2.837174415588378906e+00 2.355625629425048828e+00 3.365043401718139648e+00 1.874434590339660645e+00 2.335605859756469727e+00 2.050427675247192383e+00 1.716120004653930664e+00
