2019-07-24 11:30:00
5.028573989868164062e+00 4.847598075866699219e+00 5.183012485504150391e+00 3.930087804794311523e+00 2.751344680786132812e+00 3.745891332626342773e+00 2.699259996414184570e+00 2.477573394775390625e+00 4.489693641662597656e+00 4.033248901367187500e+00 4.258249759674072266e+00 1.841589570045471191e+00 3.139842033386230469e+00 2.429625511169433594e+00 3.004165410995483398e+00 3.766107797622680664e+00 4.087843894958496094e+00 2.047993659973144531e+00 3.177949905395507812e+00 4.091875076293945312e+00
4.356183528900146484e+00 2.864921331405639648e+00 3.599010467529296875e+00 2.141527175903320312e+00 2.221272945404052734e+00 2.099542379379272461e+00 4.177347183227539062e+00 2.465269565582275391e+00 3.555142164230346680e+00 1.979612588882446289e+00 4.271138191223144531e+00 3.510960102081298828e+00 3.210997819900512695e+00 4.570831298828125000e+00 1.471642732620239258e+00 2.135103940963745117e+00 5.546893596649169922e+00 3.709556341171264648e+00 2.323159217834472656e+00 3.665245056152343750e+00
3.212510108947753906e+00 4.414773464202880859e+00 2.214395523071289062e+00 2.954300165176391602e+00 2.816971778869628906e+00 2.629970550537109375e+00 3.849833965301513672e+00 2.756755828857421875e+00 1.392294645309448242e+00 2.584267377853393555e+00 2.678752899169921875e+00 4.122196674346923828e+00 2.527013301849365234e+00 4.248459815979003906e+00 5.132505416870117188e+00 3.743394851684570312e+00 3.621068954467773438e+00 4.369354248046875000e+00 3.389463901519775391e+00 2.626606225967407227e+00
3.983114004135131836e+00 3.552213668823242188e+00 3.812309503555297852e+00 2.790392398834228516e+00 2.881171941757202148e+00 5.114293098449707031e+00 2.668984174728393555e+00 4.077658176422119141e+00 4.197337150573730469e+00 5.432312011718750000e+00 3.713942050933837891e+00 5.337674140930175781e+00 3.197854995727539062e+00 2.737611293792724609e+00 2.743828296661376953e+00 2.880018949508666992e+00 2.032577514648437500e+00 4.857594966888427734e+00 2.202056407928466797e+00 4.793375015258789062e+00
2.386393070220947266e+00 2.709549427032470703e+00 4.326034545898437500e+00 2.210812807083129883e+00 3.446182727813720703e+00 2.420446872711181641e+00 2.407069444656372070e+00 1.707296729087829590e+00 3.595306158065795898e+00 4.279981613159179688e+00 3.936791419982910156e+00 7.246515274047851562e+00 1.279215216636657715e+00 3.555044174194335938e+00 2.693522214889526367e+00 3.901552677154541016e+00 2.307015419006347656e+00 2.182127952575683594e+00 2.768833637237548828e+00 3.384199380874633789e+00
2.080890178680419922e+00 2.746915817260742188e+00 3.423176050186157227e+00 5.796509742736816406e+00 5.065268516540527344e+00 2.008408784866333008e+00 2.827557802200317383e+00 1.819263696670532227e+00 4.048121929168701172e+00 4.084839344024658203e+00 8.962759017944335938e+00 4.818738937377929688e+00 6.345127105712890625e+00 3.217579841613769531e+00 3.391469001770019531e+00 7.748437404632568359e+00 2.777939319610595703e+00 3.588344573974609375e+00 2.914259433746337891e+00 3.665393352508544922e+00
4.365796566009521484e+00 4.081680297851562500e+00 3.281458377838134766e+00 1.965117216110229492e+00 2.912943840026855469e+00 5.079288482666015625e+00 3.131661891937255859e+00 5.027535438537597656e+00 2.120389699935913086e+00 3.304902553558349609e+00 2.754406452178955078e+00 2.806057929992675781e+00 4.078365325927734375e+00 6.949470520019531250e+00 3.411695480346679688e+00 4.752278804779052734e+00 2.681071758270263672e+00 2.859815835952758789e+00 6.142092704772949219e+00 3.524406194686889648e+00
4.318895339965820312e+00 3.280288457870483398e+00 2.450017452239990234e+00 5.083474159240722656e+00 3.127646207809448242e+00 2.977031707763671875e+00 3.003728389739990234e+00 2.107613563537597656e+00 3.096447467803955078e+00 3.617031097412109375e+00 4.511927604675292969e+00 3.812587738037109375e+00 2.473178863525390625e+00 4.746224880218505859e+00 1.905308008193969727e+00 4.761284828186035156e+00 4.080980300903320312e+00 2.841756105422973633e+00 3.374042510986328125e+00 2.836453914642333984e+00
2.604777336120605469e+00 2.370510339736938477e+00 3.607240200042724609e+00 3.239745140075683594e+00 2.666532754898071289e+00 2.375218391418457031e+00 4.648252487182617188e+00 2.665428876876831055e+00 2.285975694656372070e+00 3.165157318115234375e+00 3.115425109863281250e+00 2.607366561889648438e+00 3.015857696533203125e+00 3.962762355804443359e+00 5.299810409545898438e+00 2.902543067932128906e+00 5.039567947387695312e+00 2.162664175033569336e+00 2.957594394683837891e+00 2.909554004669189453e+00
2.175241470336914062e+00 2.717350959777832031e+00 2.999619483947753906e+00 2.987029552459716797e+00 2.849887371063232422e+00 3.372509479522705078e+00 3.445445537567138672e+00 2.323257684707641602e+00 5.602432250976562500e+00 3.877386331558227539e+00 6.103945732116699219e+00 5.726013183593750000e+00 3.409864664077758789e+00 2.372611284255981445e+00 1.440607547760009766e+00 2.588177204132080078e+00 4.043914794921875000e+00 2.309168815612792969e+00 2.962886333465576172e+00 2.423677444458007812e+00
3.762585163116455078e+00 3.613521814346313477e+00 1.865780115127563477e+00 3.184159517288208008e+00 1.809328436851501465e+00 1.988946914672851562e+00 2.373469352722167969e+00 2.856941938400268555e+00 2.760629177093505859e+00 2.120283365249633789e+00 2.894058704376220703e+00 3.546594619750976562e+00 4.175665855407714844e+00 4.518268108367919922e+00 2.278511285781860352e+00 1.926318168640136719e+00 2.225351333618164062e+00 3.975824594497680664e+00 3.099063634872436523e+00 2.554290056228637695e+00
2.119055032730102539e+00 2.770593166351318359e+00 3.984514713287353516e+00 2.798961877822875977e+00 3.314535617828369141e+00 2.539107084274291992e+00 3.671181201934814453e+00 2.411592006683349609e+00 1.466670513153076172e+00 3.795591831207275391e+00 3.669955730438232422e+00 4.015763759613037109e+00 2.178070545196533203e+00 2.725472927093505859e+00 3.220383644104003906e+00 3.341663360595703125e+00 3.312449932098388672e+00 2.096276283264160156e+00 2.427316188812255859e+00 3.130922079086303711e+00
2.663189411163330078e+00 1.843575716018676758e+00 4.146649360656738281e+00 4.059333801269531250e+00 2.371577739715576172e+00 4.111859321594238281e+00 2.612443923950195312e+00 3.577594995498657227e+00 2.970117568969726562e+00 2.145244598388671875e+00 2.793831825256347656e+00 4.388503551483154297e+00 2.236443042755126953e+00 3.482431173324584961e+00 2.669540166854858398e+00 3.206942319869995117e+00 2.874994993209838867e+00 2.087691783905029297e+00 2.974215030670166016e+00 2.811812162399291992e+00
4.073701858520507812e+00 1.845595121383666992e+00 3.931992530822753906e+00 3.207807540893554688e+00 1.991502165794372559e+00 2.010216236114501953e+00 1.719369411468505859e+00 2.662324666976928711e+00 2.576838970184326172e+00 3.695329666137695312e+00 2.289183139801025391e+00 2.925628662109375000e+00 2.609284400939941406e+00 2.889385223388671875e+00 3.863902330398559570e+00 2.378778219223022461e+00 2.780084371566772461e+00 2.092575073242187500e+00 2.114414453506469727e+00 3.193778991699218750e+00
1.698941111564636230e+00 3.246433258056640625e+00 2.719814538955688477e+00 3.266195774078369141e+00 3.695127964019775391e+00 1.249576330184936523e+00 2.488661289215087891e+00 2.141742467880249023e+00 2.871685504913330078e+00 2.403045654296875000e+00 3.224303007125854492e+00 1.789067506790161133e+00 2.848474502563476562e+00 2.330209016799926758e+00 4.558054924011230469e+00 2.938542366027832031e+00 2.709048271179199219e+00 3.687330961227416992e+00 2.687885761260986328e+00 5.294090747833251953e+00
3.712631702423095703e+00 2.399914264678955078e+00 1.815036177635192871e+00 2.399152278900146484e+00 2.597418308258056641e+00 1.829406023025512695e+00 3.290746450424194336e+00 3.332296848297119141e+00 2.116803407669067383e+00 2.567423105239868164e+00 3.402945756912231445e+00 2.673442840576171875e+00 3.351269006729125977e+00 2.757882595062255859e+00 2.697946548461914062e+00 2.314053058624267578e+00 2.755196094512939453e+00 1.603348374366760254e+00 2.333623409271240234e+00 3.735995054244995117e+00
2.630295753479003906e+00 3.479908227920532227e+00 2.831280708312988281e+00 3.018840789794921875e+00 3.878993988037109375e+00 3.354657173156738281e+00 3.218404054641723633e+00 2.989038944244384766e+00 2.256191730499267578e+00 3.957509756088256836e+00 2.218622207641601562e+00 2.281306743621826172e+00 2.440873146057128906e+00 2.465032577514648438e+00 2.272642135620117188e+00 2.571249485015869141e+00 3.153371334075927734e+00 1.312612891197204590e+00 1.319829940795898438e+00 6.654218673706054688e+00
2.202355146408081055e+00 2.081587791442871094e+00 2.658172607421875000e+00 3.369894504547119141e+00 3.372032165527343750e+00 3.006842613220214844e+00 2.927123546600341797e+00 1.522030949592590332e+00 1.332315564155578613e+00 3.205375194549560547e+00 2.378662586212158203e+00 1.507821917533874512e+00 2.894866228103637695e+00 1.491901397705078125e+00 2.244938850402832031e+00 3.687936305999755859e+00 3.263188362121582031e+00 2.580929279327392578e+00 2.263189554214477539e+00 2.754896163940429688e+00
2.910849094390869141e+00 1.959990382194519043e+00 2.332926750183105469e+00 2.128823280334472656e+00 4.150141239166259766e+00 5.171232223510742188e+00 2.439039230346679688e+00 4.925114631652832031e+00 5.744583129882812500e+00 8.738656997680664062e+00 1.398008227348327637e+00 4.165224075317382812e+00 2.022555828094482422e+00 2.717453718185424805e+00 3.821228742599487305e+00 2.279241561889648438e+00 2.792096138000488281e+00 3.267307758331298828e+00 3.405352115631103516e+00 3.025230407714843750e+00
2.585750102996826172e+00 2.644342422485351562e+00 3.342301368713378906e+00 1.722430348396301270e+00 4.471930027008056641e+00 2.366904973983764648e+00 1.155921339988708496e+00 2.743387222290039062e+00 4.568551063537597656e+00 8.124486923217773438e+00 8.071146011352539062e+00 1.849290251731872559e+00 3.829702138900756836e+00 2.039064884185791016e+00 2.839143037796020508e+00 3.070032835006713867e+00 2.866235733032226562e+00 3.432543277740478516e+00 2.853053331375122070e+00 3.544988393783569336e+00
