2019-07-24 12:00:00
4.077772140502929688e+00 3.505071878433227539e+00 6.101261138916015625e+00 2.369213581085205078e+00 1.584521293640136719e+00 3.421456813812255859e+00 2.556397676467895508e+00 2.089420795440673828e+00 5.012678623199462891e+00 1.224602937698364258e+00 2.248342990875244141e+00 3.095053195953369141e+00 2.984634637832641602e+00 2.103794813156127930e+00 2.056038141250610352e+00 3.580751657485961914e+00 3.050024032592773438e+00 3.240058898925781250e+00 2.951774120330810547e+00 1.923638224601745605e+00
2.916210889816284180e+00 3.043051481246948242e+00 1.996804475784301758e+00 3.015944480895996094e+00 2.041693210601806641e+00 3.305488348007202148e+00 2.801123380661010742e+00 4.147000789642333984e+00 2.039664745330810547e+00 2.404403448104858398e+00 3.504503726959228516e+00 2.950839996337890625e+00 3.956904649734497070e+00 4.714518547058105469e+00 1.557916998863220215e+00 2.861193656921386719e+00 2.724118947982788086e+00 3.398837804794311523e+00 4.652319908142089844e+00 2.374524116516113281e+00
3.507901430130004883e+00 4.278005123138427734e+00 1.790370225906372070e+00 3.162597656250000000e+00 4.139099121093750000e+00 1.390430331230163574e+00 2.375660419464111328e+00 1.244679212570190430e+00 2.631578683853149414e+00 1.976751208305358887e+00 3.424608230590820312e+00 2.597249031066894531e+00 2.367633342742919922e+00 3.974028825759887695e+00 3.937943458557128906e+00 1.661621809005737305e+00 2.214413166046142578e+00 3.034712791442871094e+00 2.462162494659423828e+00 2.037015676498413086e+00
2.143043518066406250e+00 2.859244346618652344e+00 3.338681697845458984e+00 2.489642858505249023e+00 3.444324970245361328e+00 3.303363323211669922e+00 2.074290752410888672e+00 2.828276157379150391e+00 1.790683150291442871e+00 2.682929992675781250e+00 2.705517292022705078e+00 2.140461444854736328e+00 3.886748552322387695e+00 2.868209838867187500e+00 3.019003391265869141e+00 1.587881326675415039e+00 1.393500924110412598e+00 3.776450157165527344e+00 1.747094511985778809e+00 3.069764375686645508e+00
1.792640686035156250e+00 3.178367853164672852e+00 2.127437114715576172e+00 2.236947298049926758e+00 3.326541185379028320e+00 3.223370075225830078e+00 3.457335948944091797e+00 2.507914304733276367e+00 1.639532566070556641e+00 3.045358180999755859e+00 1.903798818588256836e+00 4.212614059448242188e+00 2.814404249191284180e+00 2.039047002792358398e+00 5.117989540100097656e+00 4.477123737335205078e+00 1.948352098464965820e+00 3.359511375427246094e+00 2.149643182754516602e+00 2.518111228942871094e+00
3.467630624771118164e+00 4.079528331756591797e+00 2.851372003555297852e+00 2.468636512756347656e+00 1.349085807800292969e+00 3.178918838500976562e+00 3.574584960937500000e+00 3.400035858154296875e+00 5.083973884582519531e+00 4.127373218536376953e+00 3.154929637908935547e+00 3.063465833663940430e+00 2.117478609085083008e+00 3.358723640441894531e+00 2.216427564620971680e+00 4.457653999328613281e+00 2.772692203521728516e+00 3.391497611999511719e+00 4.370459079742431641e+00 2.272747993469238281e+00
4.672037124633789062e+00 1.547749757766723633e+00 1.303599715232849121e+00 2.422950506210327148e+00 2.315318107604980469e+00 3.511812210083007812e+00 2.935841560363769531e+00 3.705540418624877930e+00 2.807351827621459961e+00 3.418233633041381836e+00 3.077079296112060547e+00 4.206604003906250000e+00 2.766470670700073242e+00 3.473820209503173828e+00 2.350805759429931641e+00 3.018117427825927734e+00 2.111205339431762695e+00 1.552861571311950684e+00 4.553547859191894531e+00 1.175139665603637695e+00
3.356821298599243164e+00 3.449879407882690430e+00 3.028691530227661133e+00 3.842051029205322266e+00 2.089104413986206055e+00 2.814622879028320312e+00 2.932254314422607422e+00 3.579243659973144531e+00 2.478698730468750000e+00 2.259305000305175781e+00 3.528190135955810547e+00 3.643827915191650391e+00 1.758766651153564453e+00 2.280379056930541992e+00 2.536208152770996094e+00 3.403671979904174805e+00 5.099726676940917969e+00 2.184835195541381836e+00 2.904052734375000000e+00 2.458906650543212891e+00
2.503427982330322266e+00 2.901041984558105469e+00 2.016792297363281250e+00 2.842403411865234375e+00 3.027651548385620117e+00 3.128358125686645508e+00 3.508213996887207031e+00 3.199397563934326172e+00 2.939915657043457031e+00 3.040227890014648438e+00 1.833173990249633789e+00 3.433593511581420898e+00 2.463398456573486328e+00 3.560070753097534180e+00 4.668365001678466797e+00 2.508055686950683594e+00 2.989558935165405273e+00 2.073268175125122070e+00 2.190990924835205078e+00 3.024351835250854492e+00
2.349797725677490234e+00 2.910331487655639648e+00 3.121708869934082031e+00 3.034239292144775391e+00 1.811836481094360352e+00 3.092664957046508789e+00 2.649114370346069336e+00 3.153424263000488281e+00 3.392641067504882812e+00 1.860500574111938477e+00 4.184958457946777344e+00 6.987198352813720703e+00 2.724361181259155273e+00 1.419209361076354980e+00 2.208701372146606445e+00 2.038466930389404297e+00 2.393293380737304688e+00 2.222219944000244141e+00 2.007246732711791992e+00 3.332710742950439453e+00
2.386569023132324219e+00 2.638679981231689453e+00 3.623565673828125000e+00 1.607638359069824219e+00 3.266277074813842773e+00 1.520781874656677246e+00 2.742659330368041992e+00 2.874188899993896484e+00 2.419212818145751953e+00 2.850927114486694336e+00 2.678937435150146484e+00 3.205109596252441406e+00 3.929197549819946289e+00 2.584404230117797852e+00 1.390416026115417480e+00 2.808488368988037109e+00 2.039906263351440430e+00 2.620795249938964844e+00 2.626571893692016602e+00 2.838288307189941406e+00
2.571469783782958984e+00 2.897583484649658203e+00 2.182933807373046875e+00 2.613476753234863281e+00 3.855664730072021484e+00 2.955528974533081055e+00 3.313329219818115234e+00 3.235696554183959961e+00 2.879300355911254883e+00 3.054809093475341797e+00 2.365329265594482422e+00 2.360018014907836914e+00 1.908296585083007812e+00 3.207931756973266602e+00 3.773569345474243164e+00 1.730096220970153809e+00 2.876124382019042969e+00 2.635625362396240234e+00 3.183604001998901367e+00 1.343664884567260742e+00
3.515010595321655273e+00 2.115035772323608398e+00 3.332515478134155273e+00 2.643158912658691406e+00 1.846769809722900391e+00 3.268787860870361328e+00 1.691800594329833984e+00 2.246895074844360352e+00 2.631546020507812500e+00 3.819015264511108398e+00 2.945515632629394531e+00 2.835251808166503906e+00 2.586644887924194336e+00 2.617915391921997070e+00 2.719845771789550781e+00 2.589091062545776367e+00 3.135530471801757812e+00 2.019286155700683594e+00 2.361749649047851562e+00 1.947321176528930664e+00
3.444594383239746094e+00 2.024862766265869141e+00 2.230229377746582031e+00 3.651687860488891602e+00 2.744319677352905273e+00 3.284803867340087891e+00 2.972100257873535156e+00 3.367727279663085938e+00 2.948050498962402344e+00 2.181877136230468750e+00 3.651577949523925781e+00 2.466956377029418945e+00 2.965852260589599609e+00 3.084320068359375000e+00 3.105760812759399414e+00 3.326412677764892578e+00 2.744215011596679688e+00 2.213455677032470703e+00 2.661746978759765625e+00 2.003376245498657227e+00
2.731046915054321289e+00 2.984614610671997070e+00 2.472348213195800781e+00 3.283455610275268555e+00 4.737662315368652344e+00 2.976132631301879883e+00 3.045976161956787109e+00 2.581648826599121094e+00 2.751890182495117188e+00 1.608535289764404297e+00 2.044084548950195312e+00 2.339608669281005859e+00 3.237223148345947266e+00 2.504928827285766602e+00 3.368928670883178711e+00 2.897758245468139648e+00 1.820703506469726562e+00 2.231860876083374023e+00 2.237487316131591797e+00 4.433002471923828125e+00
2.755754709243774414e+00 2.580161571502685547e+00 4.538383483886718750e+00 2.438941717147827148e+00 2.619903802871704102e+00 2.540148973464965820e+00 2.213352680206298828e+00 2.518097639083862305e+00 3.246906995773315430e+00 2.222576379776000977e+00 2.430247306823730469e+00 3.225556373596191406e+00 3.428842067718505859e+00 2.684011459350585938e+00 1.978805899620056152e+00 3.628424167633056641e+00 2.595964193344116211e+00 2.956887722015380859e+00 1.665962338447570801e+00 2.918337821960449219e+00
2.460757255554199219e+00 2.689789295196533203e+00 2.419864177703857422e+00 3.062132835388183594e+00 2.033008575439453125e+00 2.153903007507324219e+00 2.763342857360839844e+00 2.218912124633789062e+00 2.491520166397094727e+00 2.617561817169189453e+00 2.421373844146728516e+00 2.048855304718017578e+00 2.712267875671386719e+00 3.748758316040039062e+00 3.313653707504272461e+00 2.535154819488525391e+00 2.033566236495971680e+00 1.658312320709228516e+00 1.848255872726440430e+00 4.416078090667724609e+00
2.337455987930297852e+00 2.069288969039916992e+00 2.354103326797485352e+00 2.512701034545898438e+00 2.899064779281616211e+00 2.811120271682739258e+00 3.340412616729736328e+00 1.927724719047546387e+00 2.785282135009765625e+00 3.312319517135620117e+00 2.830965280532836914e+00 2.132009506225585938e+00 1.856272816658020020e+00 2.921366453170776367e+00 3.165874004364013672e+00 3.232839584350585938e+00 2.593513011932373047e+00 2.619622707366943359e+00 2.288636922836303711e+00 2.065616607666015625e+00
1.715341091156005859e+00 3.056935310363769531e+00 1.587332010269165039e+00 3.663328170776367188e+00 1.901379346847534180e+00 2.853677034378051758e+00 2.436823368072509766e+00 1.747057437896728516e+00 2.042300939559936523e+00 3.667452812194824219e+00 4.312833309173583984e+00 3.695026397705078125e+00 2.021778583526611328e+00 2.194541931152343750e+00 2.640580654144287109e+00 1.988093376159667969e+00 3.013261795043945312e+00 2.664536476135253906e+00 2.334113121032714844e+00 2.847575187683105469e+00
1.691086053848266602e+00 3.122479438781738281e+00 1.995428323745727539e+00 3.056233644485473633e+00 3.892529010772705078e+00 3.799779415130615234e+00 1.884427666664123535e+00 1.646721124649047852e+00 1.026658296585083008e+00 1.993840694427490234e+00 2.288214445114135742e+00 3.894963979721069336e+00 3.138160705566406250e+00 1.657788753509521484e+00 2.600381374359130859e+00 3.358426332473754883e+00 2.221836566925048828e+00 2.233177661895751953e+00 2.351522922515869141e+00 1.983152985572814941e+00
