2019-07-24 01:15:00
9.437284469604492188e+00 8.857722282409667969e+00 5.970599174499511719e+00 4.204598426818847656e+00 4.282042980194091797e+00 4.340195655822753906e+00 3.606225728988647461e+00 4.186851501464843750e+00 5.990871906280517578e+00 4.770752906799316406e+00 2.456947803497314453e+00 2.719564914703369141e+00 5.887789249420166016e+00 5.107512950897216797e+00 3.296124458312988281e+00 6.783720970153808594e+00 6.069894790649414062e+00 3.319668292999267578e+00 3.440688610076904297e+00 4.223490238189697266e+00
6.149813652038574219e+00 8.141738891601562500e+00 3.644720315933227539e+00 5.482153892517089844e+00 5.656150341033935547e+00 3.948125839233398438e+00 3.945419311523437500e+00 2.629999876022338867e+00 4.958305358886718750e+00 2.374661922454833984e+00 2.423406600952148438e+00 4.560023784637451172e+00 4.884923934936523438e+00 6.989889144897460938e+00 3.774693965911865234e+00 5.026480674743652344e+00 8.625957489013671875e+00 5.530615329742431641e+00 5.277264118194580078e+00 2.605004072189331055e+00
5.272181034088134766e+00 9.077600479125976562e+00 7.410076618194580078e+00 8.952404975891113281e+00 6.682345390319824219e+00 9.243757247924804688e+00 7.172683715820312500e+00 3.625514745712280273e+00 2.888322353363037109e+00 5.048092842102050781e+00 4.898766517639160156e+00 9.609682083129882812e+00 2.640293121337890625e+00 2.858898401260375977e+00 4.999371528625488281e+00 3.908862352371215820e+00 6.527565479278564453e+00 7.046263694763183594e+00 4.255652427673339844e+00 2.691125869750976562e+00
5.152680397033691406e+00 8.870238304138183594e+00 9.596134185791015625e+00 4.815304756164550781e+00 4.288835525512695312e+00 3.699729204177856445e+00 3.988730430603027344e+00 4.772204399108886719e+00 3.237750053405761719e+00 5.497764110565185547e+00 8.591508865356445312e+00 5.759441375732421875e+00 4.657485008239746094e+00 3.254744052886962891e+00 6.936768531799316406e+00 3.853300809860229492e+00 3.763792037963867188e+00 3.697292327880859375e+00 3.309412956237792969e+00 4.952275753021240234e+00
4.438553810119628906e+00 2.339637517929077148e+00 4.213628292083740234e+00 4.103897094726562500e+00 5.167950153350830078e+00 4.283384323120117188e+00 2.918999671936035156e+00 7.411115169525146484e+00 9.419073104858398438e+00 7.782119274139404297e+00 5.235911369323730469e+00 6.257577419281005859e+00 7.627895832061767578e+00 3.834516525268554688e+00 6.308745384216308594e+00 6.838519573211669922e+00 3.289622306823730469e+00 5.391620635986328125e+00 5.784306526184082031e+00 3.754825830459594727e+00
4.403473854064941406e+00 4.888430118560791016e+00 8.827119827270507812e+00 8.903213500976562500e+00 6.691705703735351562e+00 8.631987571716308594e+00 3.545023918151855469e+00 7.585071563720703125e+00 6.449329376220703125e+00 4.120429039001464844e+00 4.928503990173339844e+00 6.445091247558593750e+00 7.908650875091552734e+00 2.555444955825805664e+00 3.080039978027343750e+00 5.760338783264160156e+00 3.095523834228515625e+00 5.941425323486328125e+00 8.289322853088378906e+00 3.257132291793823242e+00
7.589748859405517578e+00 7.919536590576171875e+00 9.728731155395507812e+00 5.363307952880859375e+00 6.342401981353759766e+00 9.120134353637695312e+00 3.878049373626708984e+00 8.932945251464843750e+00 3.944923400878906250e+00 3.250020980834960938e+00 4.766581535339355469e+00 3.735317230224609375e+00 9.466706275939941406e+00 5.836836814880371094e+00 4.550230026245117188e+00 6.364285469055175781e+00 3.608456611633300781e+00 4.358633995056152344e+00 6.267546176910400391e+00 6.948342323303222656e+00
8.095919609069824219e+00 4.268090248107910156e+00 5.182098865509033203e+00 8.586627960205078125e+00 4.984993457794189453e+00 4.596524238586425781e+00 4.337296962738037109e+00 5.084385395050048828e+00 3.469085931777954102e+00 5.444399356842041016e+00 4.104141235351562500e+00 3.909354209899902344e+00 7.032159805297851562e+00 6.285808563232421875e+00 4.705522537231445312e+00 4.538478851318359375e+00 9.043134689331054688e+00 1.918923139572143555e+00 9.265970230102539062e+00 4.371088027954101562e+00
3.972501754760742188e+00 6.102187633514404297e+00 8.643135070800781250e+00 4.268783569335937500e+00 5.480140686035156250e+00 3.874373197555541992e+00 4.284957885742187500e+00 4.755918025970458984e+00 3.352685928344726562e+00 7.666898727416992188e+00 3.024170875549316406e+00 2.015059471130371094e+00 7.716024875640869141e+00 7.026714324951171875e+00 6.567551136016845703e+00 3.982867002487182617e+00 5.922513484954833984e+00 3.308915376663208008e+00 3.883308887481689453e+00 3.804681062698364258e+00
7.134111404418945312e+00 1.094221401214599609e+01 3.866459608078002930e+00 2.217394828796386719e+00 3.407724857330322266e+00 2.779191017150878906e+00 3.612705230712890625e+00 4.187943935394287109e+00 6.168376922607421875e+00 6.249708175659179688e+00 5.105207443237304688e+00 6.688925743103027344e+00 6.019331932067871094e+00 4.678279876708984375e+00 3.908369541168212891e+00 5.319582462310791016e+00 9.186054229736328125e+00 3.154698371887207031e+00 4.486207008361816406e+00 3.436041355133056641e+00
4.341900348663330078e+00 3.569870710372924805e+00 4.089448451995849609e+00 3.863667488098144531e+00 4.452524662017822266e+00 4.011930942535400391e+00 3.507189989089965820e+00 4.394551753997802734e+00 3.681451320648193359e+00 4.476313591003417969e+00 2.516290903091430664e+00 4.928021430969238281e+00 6.959066867828369141e+00 5.613089561462402344e+00 4.430947780609130859e+00 3.575917005538940430e+00 4.600378036499023438e+00 3.340747356414794922e+00 2.996302366256713867e+00 6.041940689086914062e+00
4.597609043121337891e+00 3.535444736480712891e+00 3.281105041503906250e+00 3.666921377182006836e+00 4.589305877685546875e+00 2.976543664932250977e+00 2.931879997253417969e+00 4.153856754302978516e+00 3.932087659835815430e+00 3.914991378784179688e+00 4.204263210296630859e+00 5.134019851684570312e+00 7.256885528564453125e+00 4.078045368194580078e+00 3.705764055252075195e+00 5.799690246582031250e+00 3.739793300628662109e+00 2.586474895477294922e+00 4.073319911956787109e+00 3.419867038726806641e+00
4.519661903381347656e+00 2.803388118743896484e+00 4.876672744750976562e+00 4.083840847015380859e+00 3.968696594238281250e+00 1.864176988601684570e+00 3.426177263259887695e+00 5.107942104339599609e+00 3.719860076904296875e+00 3.638883590698242188e+00 4.243828296661376953e+00 2.893355369567871094e+00 3.798885345458984375e+00 3.315879344940185547e+00 3.113138198852539062e+00 4.086937904357910156e+00 4.501593112945556641e+00 3.225783348083496094e+00 4.236892700195312500e+00 6.194502353668212891e+00
4.679623603820800781e+00 3.665400981903076172e+00 2.433573246002197266e+00 3.422167539596557617e+00 2.872949600219726562e+00 4.581521511077880859e+00 3.762828826904296875e+00 4.567175865173339844e+00 2.964185714721679688e+00 5.030062675476074219e+00 3.868282794952392578e+00 3.749355316162109375e+00 4.103371620178222656e+00 4.356695175170898438e+00 3.770245075225830078e+00 4.450980186462402344e+00 3.833061695098876953e+00 5.282588005065917969e+00 4.422731399536132812e+00 4.108906745910644531e+00
3.393895626068115234e+00 3.779573917388916016e+00 3.710778713226318359e+00 4.124686241149902344e+00 3.995783329010009766e+00 1.945657253265380859e+00 3.581013441085815430e+00 3.139090061187744141e+00 3.514566421508789062e+00 3.995239019393920898e+00 3.268827199935913086e+00 3.648853778839111328e+00 4.966452598571777344e+00 4.700810909271240234e+00 3.738240718841552734e+00 3.874614238739013672e+00 3.041904926300048828e+00 2.813433170318603516e+00 3.295894622802734375e+00 4.404036521911621094e+00
3.261951446533203125e+00 3.559476852416992188e+00 3.206659793853759766e+00 3.228926658630371094e+00 3.177480936050415039e+00 2.819634199142456055e+00 4.424334526062011719e+00 3.166022777557373047e+00 3.116429805755615234e+00 2.784345626831054688e+00 3.836887359619140625e+00 2.718424797058105469e+00 2.746412754058837891e+00 2.451893806457519531e+00 2.760839939117431641e+00 5.094985961914062500e+00 3.762709140777587891e+00 2.941556453704833984e+00 4.422601222991943359e+00 5.283030509948730469e+00
4.249128341674804688e+00 5.076029777526855469e+00 6.464615821838378906e+00 4.538220405578613281e+00 6.855941772460937500e+00 2.899852275848388672e+00 2.495362758636474609e+00 4.508067131042480469e+00 4.225440502166748047e+00 3.385147094726562500e+00 3.945527076721191406e+00 3.740031719207763672e+00 3.800161600112915039e+00 4.322069644927978516e+00 3.128076076507568359e+00 5.520067214965820312e+00 5.109329700469970703e+00 2.795115470886230469e+00 3.347361564636230469e+00 4.463151931762695312e+00
2.562402725219726562e+00 4.763710021972656250e+00 2.874036788940429688e+00 3.392711639404296875e+00 6.406789779663085938e+00 4.809640884399414062e+00 3.528848171234130859e+00 4.047699928283691406e+00 5.904125690460205078e+00 4.477950096130371094e+00 4.569456577301025391e+00 4.698757648468017578e+00 5.495450973510742188e+00 4.278891086578369141e+00 2.971325397491455078e+00 4.358605384826660156e+00 6.066058158874511719e+00 3.841385841369628906e+00 2.932251930236816406e+00 3.895860910415649414e+00
4.164151668548583984e+00 3.014404296875000000e+00 3.020977973937988281e+00 2.182827711105346680e+00 6.631689548492431641e+00 6.193539142608642578e+00 5.683944225311279297e+00 2.942059993743896484e+00 2.710319757461547852e+00 6.064495086669921875e+00 7.747847557067871094e+00 7.179131507873535156e+00 3.303625106811523438e+00 3.242084026336669922e+00 8.474279403686523438e+00 3.631678342819213867e+00 3.416856765747070312e+00 3.755235195159912109e+00 3.915644407272338867e+00 4.382342338562011719e+00
4.001917362213134766e+00 4.958971977233886719e+00 4.211334228515625000e+00 5.218071937561035156e+00 6.544753074645996094e+00 4.471734046936035156e+00 4.482599258422851562e+00 5.035730838775634766e+00 2.041275024414062500e+00 7.208746433258056641e+00 6.573996543884277344e+00 1.099314212799072266e+01 9.315689086914062500e+00 3.963128566741943359e+00 5.131933212280273438e+00 4.550695896148681641e+00 2.814370155334472656e+00 6.281907081604003906e+00 5.044117927551269531e+00 3.729704380035400391e+00
