2019-07-24 12:45:00
3.269151210784912109e+00 3.143951416015625000e+00 2.082580089569091797e+00 3.117136955261230469e+00 2.951697349548339844e+00 3.237062454223632812e+00 3.178908348083496094e+00 1.450173854827880859e+00 1.692555904388427734e+00 1.769300699234008789e+00 2.437191486358642578e+00 2.558059215545654297e+00 3.370331525802612305e+00 1.161256551742553711e+00 1.386458635330200195e+00 2.166315555572509766e+00 2.814702033996582031e+00 2.259622573852539062e+00 2.678045749664306641e+00 2.827598571777343750e+00
3.115630626678466797e+00 2.082393646240234375e+00 1.353250741958618164e+00 2.755874872207641602e+00 2.033450365066528320e+00 2.766279220581054688e+00 2.176311969757080078e+00 2.411273956298828125e+00 3.228887557983398438e+00 1.990536332130432129e+00 2.593230724334716797e+00 3.170582056045532227e+00 2.493585109710693359e+00 2.444832801818847656e+00 1.755231142044067383e+00 1.556488752365112305e+00 2.531420230865478516e+00 1.031448364257812500e+00 2.541723012924194336e+00 2.391808986663818359e+00
2.798059463500976562e+00 2.340337514877319336e+00 2.996398448944091797e+00 2.304807424545288086e+00 3.656779766082763672e+00 1.393683910369873047e+00 1.483166933059692383e+00 1.590344429016113281e+00 2.148465156555175781e+00 3.462818145751953125e+00 1.912933826446533203e+00 2.123003482818603516e+00 2.056675434112548828e+00 4.315614700317382812e+00 2.678743362426757812e+00 1.603028893470764160e+00 1.947050809860229492e+00 3.882419347763061523e+00 2.896678924560546875e+00 2.339672327041625977e+00
1.861496686935424805e+00 1.568132638931274414e+00 1.818335413932800293e+00 2.251819610595703125e+00 2.409305572509765625e+00 3.245495796203613281e+00 2.254059314727783203e+00 2.573484420776367188e+00 2.728317975997924805e+00 2.117626667022705078e+00 2.496922969818115234e+00 2.872266292572021484e+00 1.837625384330749512e+00 2.786731958389282227e+00 2.508260726928710938e+00 2.491987228393554688e+00 1.857486486434936523e+00 2.851488113403320312e+00 2.407280445098876953e+00 1.129483699798583984e+00
2.211017131805419922e+00 2.068861961364746094e+00 2.207599639892578125e+00 2.116483688354492188e+00 1.654877901077270508e+00 2.390671253204345703e+00 2.619467973709106445e+00 1.655317544937133789e+00 2.426123142242431641e+00 1.173640966415405273e+00 2.071329116821289062e+00 2.734875679016113281e+00 2.177119255065917969e+00 3.294099569320678711e+00 2.364726781845092773e+00 2.269018173217773438e+00 1.555107712745666504e+00 2.946618556976318359e+00 2.774704694747924805e+00 3.812189102172851562e+00
3.580853700637817383e+00 2.812967300415039062e+00 2.180420160293579102e+00 3.353943586349487305e+00 2.060134410858154297e+00 2.761677980422973633e+00 1.797572016716003418e+00 2.902282238006591797e+00 3.365558147430419922e+00 3.921058177947998047e+00 2.855265617370605469e+00 1.851422071456909180e+00 3.295301675796508789e+00 2.409614562988281250e+00 1.868515491485595703e+00 2.121393203735351562e+00 1.458738088607788086e+00 1.559397220611572266e+00 2.932415008544921875e+00 3.287658929824829102e+00
2.189667701721191406e+00 2.410593032836914062e+00 3.803943872451782227e+00 2.193715095520019531e+00 1.675521373748779297e+00 2.612640619277954102e+00 3.181794166564941406e+00 2.127707242965698242e+00 1.915400624275207520e+00 1.950688242912292480e+00 2.443465232849121094e+00 2.351511240005493164e+00 2.302451610565185547e+00 1.631401181221008301e+00 2.901844739913940430e+00 2.621964454650878906e+00 1.323103666305541992e+00 2.179948329925537109e+00 2.007937908172607422e+00 1.328887701034545898e+00
1.985163688659667969e+00 2.826406478881835938e+00 2.899623632431030273e+00 3.730265617370605469e+00 2.912272214889526367e+00 2.055495500564575195e+00 2.758474588394165039e+00 1.990320920944213867e+00 2.149289608001708984e+00 2.514358520507812500e+00 2.615367889404296875e+00 2.944094657897949219e+00 3.308193206787109375e+00 1.864554882049560547e+00 2.176344394683837891e+00 2.116902351379394531e+00 4.528141021728515625e+00 2.048973560333251953e+00 3.561826467514038086e+00 2.918809652328491211e+00
3.338780879974365234e+00 2.346455335617065430e+00 1.825596690177917480e+00 3.232593774795532227e+00 2.828533172607421875e+00 2.377062082290649414e+00 2.072066545486450195e+00 2.230200290679931641e+00 2.453113079071044922e+00 3.482077598571777344e+00 2.536362648010253906e+00 1.766170740127563477e+00 1.609903573989868164e+00 3.219229459762573242e+00 3.491402149200439453e+00 2.078138828277587891e+00 3.116132974624633789e+00 2.750882863998413086e+00 3.503570079803466797e+00 3.082649946212768555e+00
4.136224746704101562e+00 3.306812763214111328e+00 2.870701074600219727e+00 3.225186347961425781e+00 3.063620567321777344e+00 2.749694347381591797e+00 3.346429347991943359e+00 1.909881591796875000e+00 4.997632026672363281e+00 1.979930996894836426e+00 4.840045928955078125e+00 4.398279666900634766e+00 5.255848884582519531e+00 3.154425621032714844e+00 2.372261524200439453e+00 1.742525339126586914e+00 3.602807283401489258e+00 1.397357463836669922e+00 1.450796127319335938e+00 2.628795623779296875e+00
3.021828413009643555e+00 3.344241380691528320e+00 2.955645799636840820e+00 2.165813922882080078e+00 2.308436155319213867e+00 3.572575092315673828e+00 3.462099075317382812e+00 2.365224838256835938e+00 2.429151773452758789e+00 2.689979553222656250e+00 2.674125671386718750e+00 2.799198627471923828e+00 2.602276802062988281e+00 3.220273017883300781e+00 2.007319927215576172e+00 1.330902338027954102e+00 1.908606171607971191e+00 1.396251559257507324e+00 1.678401589393615723e+00 2.584328174591064453e+00
2.578325271606445312e+00 1.073541998863220215e+00 2.569115638732910156e+00 2.610806226730346680e+00 2.860236644744873047e+00 3.154077053070068359e+00 1.961633563041687012e+00 3.096951484680175781e+00 2.357000827789306641e+00 3.123493909835815430e+00 2.634573459625244141e+00 2.656365633010864258e+00 3.440448999404907227e+00 1.871291637420654297e+00 2.718030929565429688e+00 1.347035884857177734e+00 2.861591815948486328e+00 2.284014463424682617e+00 2.386796951293945312e+00 1.868193387985229492e+00
3.527071714401245117e+00 2.151617050170898438e+00 2.242269039154052734e+00 2.104128122329711914e+00 4.074202060699462891e+00 3.164600372314453125e+00 2.758907318115234375e+00 2.302768230438232422e+00 3.225776195526123047e+00 2.146975755691528320e+00 2.606222867965698242e+00 2.161818265914916992e+00 3.871767044067382812e+00 2.470844984054565430e+00 2.894188404083251953e+00 2.258339405059814453e+00 2.213659763336181641e+00 1.277917861938476562e+00 3.198865175247192383e+00 2.240053415298461914e+00
3.637044668197631836e+00 3.290853977203369141e+00 3.226105928421020508e+00 3.063675403594970703e+00 3.607226371765136719e+00 2.740204334259033203e+00 3.128765583038330078e+00 3.622654199600219727e+00 3.121363162994384766e+00 3.608998775482177734e+00 2.708842515945434570e+00 2.191949129104614258e+00 2.116181850433349609e+00 3.598505496978759766e+00 3.093610286712646484e+00 1.771010398864746094e+00 3.561908245086669922e+00 2.161706924438476562e+00 3.400756359100341797e+00 2.345983028411865234e+00
2.094637870788574219e+00 2.895584106445312500e+00 3.183793783187866211e+00 2.637241363525390625e+00 3.795072793960571289e+00 3.110968351364135742e+00 2.881822347640991211e+00 1.966793537139892578e+00 2.081469535827636719e+00 3.092729091644287109e+00 2.758579015731811523e+00 2.823995351791381836e+00 2.436261653900146484e+00 3.831748962402343750e+00 2.951171636581420898e+00 2.583218812942504883e+00 3.248017549514770508e+00 1.773552775382995605e+00 1.701400279998779297e+00 5.531839370727539062e+00
2.433402538299560547e+00 2.862455129623413086e+00 2.451337337493896484e+00 2.741829872131347656e+00 2.453433036804199219e+00 2.529887676239013672e+00 2.269930124282836914e+00 1.847347021102905273e+00 2.536020040512084961e+00 2.923921585083007812e+00 2.795974254608154297e+00 2.910779476165771484e+00 2.683013916015625000e+00 3.605671405792236328e+00 2.476667404174804688e+00 1.748537182807922363e+00 1.972654581069946289e+00 2.096841335296630859e+00 1.715033888816833496e+00 2.503159523010253906e+00
2.010334253311157227e+00 3.104202270507812500e+00 2.623843908309936523e+00 2.859728336334228516e+00 1.525449395179748535e+00 1.733182191848754883e+00 3.673805713653564453e+00 2.698623895645141602e+00 2.144176721572875977e+00 3.113405942916870117e+00 3.000738859176635742e+00 2.009842395782470703e+00 1.772419571876525879e+00 2.475973367691040039e+00 1.877058982849121094e+00 2.285575866699218750e+00 3.164024114608764648e+00 2.540188312530517578e+00 2.456693649291992188e+00 3.848989486694335938e+00
2.378820180892944336e+00 2.389401912689208984e+00 1.469188451766967773e+00 2.169603109359741211e+00 1.822174191474914551e+00 2.436358928680419922e+00 2.688859224319458008e+00 3.453214645385742188e+00 2.161351203918457031e+00 2.083463191986083984e+00 3.534444332122802734e+00 1.988384723663330078e+00 2.298382043838500977e+00 2.496185541152954102e+00 2.398311614990234375e+00 4.046363830566406250e+00 3.087662220001220703e+00 2.267615795135498047e+00 1.605359673500061035e+00 2.917928695678710938e+00
2.681624412536621094e+00 1.827479839324951172e+00 3.183024406433105469e+00 2.537022113800048828e+00 1.785000801086425781e+00 1.983768463134765625e+00 2.459978580474853516e+00 3.968786716461181641e+00 2.341335058212280273e+00 1.785634040832519531e+00 4.739373207092285156e+00 2.060759305953979492e+00 1.308250188827514648e+00 2.610501289367675781e+00 2.239689350128173828e+00 2.778114795684814453e+00 2.234554529190063477e+00 2.333353996276855469e+00 2.672387599945068359e+00 2.219035148620605469e+00
2.574086189270019531e+00 3.092617511749267578e+00 2.590631961822509766e+00 2.619605064392089844e+00 3.102425575256347656e+00 2.800907135009765625e+00 1.017019033432006836e+00 1.913404583930969238e+00 3.001246213912963867e+00 2.321808815002441406e+00 2.843502044677734375e+00 1.408446550369262695e+00 2.369753837585449219e+00 2.314129352569580078e+00 3.220221757888793945e+00 3.225406169891357422e+00 1.727422118186950684e+00 2.469429492950439453e+00 2.283090114593505859e+00 1.659277677536010742e+00
