2019-07-24 13:00:00
3.997274875640869141e+00 5.103885650634765625e+00 2.906758308410644531e+00 3.622869491577148438e+00 3.403942823410034180e+00 3.489851474761962891e+00 2.676526069641113281e+00 3.720128774642944336e+00 3.773333072662353516e+00 1.326698780059814453e+00 2.981394529342651367e+00 2.927583694458007812e+00 4.574723243713378906e+00 2.611476421356201172e+00 2.185998201370239258e+00 3.761525869369506836e+00 2.688853263854980469e+00 3.230486869812011719e+00 3.447975635528564453e+00 3.801400184631347656e+00
4.339583873748779297e+00 2.551499843597412109e+00 3.988244533538818359e+00 2.902397155761718750e+00 2.384427070617675781e+00 2.223309993743896484e+00 3.094909191131591797e+00 2.621512651443481445e+00 4.120551586151123047e+00 1.624707937240600586e+00 2.559008598327636719e+00 3.497155666351318359e+00 3.314297676086425781e+00 4.394766807556152344e+00 2.290222167968750000e+00 2.106645107269287109e+00 2.913314342498779297e+00 3.131850719451904297e+00 2.879828929901123047e+00 2.910412788391113281e+00
4.631834506988525391e+00 1.847902297973632812e+00 4.986615657806396484e+00 3.345072746276855469e+00 2.644925832748413086e+00 4.728335380554199219e+00 4.696160793304443359e+00 1.754724264144897461e+00 2.320358753204345703e+00 4.588935375213623047e+00 4.176850795745849609e+00 3.088762760162353516e+00 1.978534579277038574e+00 4.227437973022460938e+00 3.477212190628051758e+00 1.746543049812316895e+00 4.108265876770019531e+00 4.528962135314941406e+00 2.463584423065185547e+00 3.878425598144531250e+00
2.913358449935913086e+00 5.705325126647949219e+00 4.681485176086425781e+00 1.888008117675781250e+00 2.841835498809814453e+00 3.621415376663208008e+00 4.069027900695800781e+00 3.389771938323974609e+00 3.635715961456298828e+00 2.889833450317382812e+00 4.039413452148437500e+00 4.387004375457763672e+00 3.750648736953735352e+00 2.361522197723388672e+00 3.886361122131347656e+00 2.263939619064331055e+00 1.967590570449829102e+00 4.829954624176025391e+00 1.773362159729003906e+00 3.952945470809936523e+00
1.823864459991455078e+00 2.986042022705078125e+00 3.094088554382324219e+00 2.664560317993164062e+00 3.912017822265625000e+00 3.282901287078857422e+00 3.504405975341796875e+00 2.433166503906250000e+00 2.747310876846313477e+00 5.099366188049316406e+00 4.365433692932128906e+00 4.931723594665527344e+00 3.518710136413574219e+00 4.122038364410400391e+00 2.684688568115234375e+00 2.931696891784667969e+00 1.578614473342895508e+00 3.290441274642944336e+00 5.458214759826660156e+00 2.110285997390747070e+00
4.214620590209960938e+00 3.655883550643920898e+00 3.652130365371704102e+00 3.457370281219482422e+00 1.629114508628845215e+00 4.980662345886230469e+00 1.905830502510070801e+00 2.898704767227172852e+00 2.588639497756958008e+00 4.902679443359375000e+00 5.222076892852783203e+00 3.965152263641357422e+00 2.920454740524291992e+00 4.477004051208496094e+00 4.126867771148681641e+00 2.713179826736450195e+00 2.682883501052856445e+00 4.121723175048828125e+00 3.518019914627075195e+00 2.255699634552001953e+00
3.796099901199340820e+00 4.327216148376464844e+00 3.288742065429687500e+00 3.222225189208984375e+00 3.510266065597534180e+00 2.312655210494995117e+00 3.064836025238037109e+00 4.665412902832031250e+00 2.925410985946655273e+00 2.101105690002441406e+00 3.441585779190063477e+00 2.842586040496826172e+00 4.385982513427734375e+00 2.433373451232910156e+00 2.919229269027709961e+00 4.896093368530273438e+00 3.327080249786376953e+00 2.102147340774536133e+00 5.222574234008789062e+00 3.450862646102905273e+00
3.416426658630371094e+00 3.564248561859130859e+00 4.354058265686035156e+00 2.458799600601196289e+00 3.004626035690307617e+00 2.477555274963378906e+00 3.109054565429687500e+00 3.136171102523803711e+00 2.327412366867065430e+00 2.881919384002685547e+00 3.194587230682373047e+00 3.886034965515136719e+00 1.754908800125122070e+00 5.721891403198242188e+00 3.741841793060302734e+00 2.839366436004638672e+00 5.564156532287597656e+00 2.109925270080566406e+00 4.031630516052246094e+00 1.923390626907348633e+00
2.105844497680664062e+00 2.772852420806884766e+00 2.388367652893066406e+00 2.973505020141601562e+00 3.935008525848388672e+00 3.213522911071777344e+00 1.855689167976379395e+00 3.797193050384521484e+00 2.318376064300537109e+00 3.934728860855102539e+00 2.246190071105957031e+00 3.130267143249511719e+00 1.145344972610473633e+00 3.440303325653076172e+00 4.603142738342285156e+00 2.486971616744995117e+00 5.589801788330078125e+00 1.666387438774108887e+00 3.037683486938476562e+00 3.065737247467041016e+00
3.806749820709228516e+00 2.770061016082763672e+00 3.756244182586669922e+00 2.708883523941040039e+00 3.058953285217285156e+00 2.520396947860717773e+00 3.414246559143066406e+00 2.617412567138671875e+00 4.298239707946777344e+00 3.724565505981445312e+00 2.999094009399414062e+00 6.447427749633789062e+00 4.731377601623535156e+00 1.843448519706726074e+00 2.042627811431884766e+00 2.489071846008300781e+00 3.181769132614135742e+00 3.081521511077880859e+00 2.563219547271728516e+00 2.251715183258056641e+00
3.478855371475219727e+00 2.566996574401855469e+00 2.944998025894165039e+00 2.334644556045532227e+00 3.145249605178833008e+00 2.605314731597900391e+00 3.084346055984497070e+00 2.626353740692138672e+00 2.336572170257568359e+00 2.087810516357421875e+00 2.281512975692749023e+00 4.880185127258300781e+00 4.687308311462402344e+00 7.376318931579589844e+00 3.010948419570922852e+00 2.385886192321777344e+00 3.547429084777832031e+00 2.263427019119262695e+00 1.345154523849487305e+00 2.765919685363769531e+00
3.850394010543823242e+00 4.034207344055175781e+00 3.744804382324218750e+00 3.563537597656250000e+00 4.307855606079101562e+00 3.090823173522949219e+00 2.513999462127685547e+00 2.788565397262573242e+00 3.262915134429931641e+00 2.401079416275024414e+00 3.928284645080566406e+00 2.441384077072143555e+00 2.090497493743896484e+00 2.482849121093750000e+00 3.679059028625488281e+00 6.395176887512207031e+00 3.433697462081909180e+00 2.987354516983032227e+00 2.743840694427490234e+00 2.022039413452148438e+00
2.791961669921875000e+00 3.503885746002197266e+00 4.403556823730468750e+00 2.409765481948852539e+00 4.971250057220458984e+00 2.523398399353027344e+00 2.984298944473266602e+00 2.651608943939208984e+00 1.378399372100830078e+00 2.818268299102783203e+00 2.713889598846435547e+00 3.990737438201904297e+00 1.878771066665649414e+00 2.845964670181274414e+00 2.180407047271728516e+00 2.282139301300048828e+00 3.411828517913818359e+00 1.793456315994262695e+00 1.901423692703247070e+00 2.495960950851440430e+00
2.022376060485839844e+00 3.027716875076293945e+00 1.926379919052124023e+00 2.004659175872802734e+00 3.108553171157836914e+00 2.595108032226562500e+00 3.914434909820556641e+00 2.820834636688232422e+00 2.613628387451171875e+00 3.495584726333618164e+00 2.665932178497314453e+00 3.512729167938232422e+00 4.262505531311035156e+00 2.637509107589721680e+00 1.276754021644592285e+00 2.673027753829956055e+00 1.829171299934387207e+00 2.243380308151245117e+00 2.776836633682250977e+00 2.136994600296020508e+00
2.896479129791259766e+00 2.919133663177490234e+00 2.552041769027709961e+00 3.616316318511962891e+00 3.066267490386962891e+00 1.967610836029052734e+00 3.015336275100708008e+00 2.680335283279418945e+00 2.237835884094238281e+00 3.517092943191528320e+00 2.856553792953491211e+00 2.871700048446655273e+00 2.920853614807128906e+00 4.744730949401855469e+00 2.493734836578369141e+00 2.903124809265136719e+00 4.119832038879394531e+00 3.437851428985595703e+00 2.853334903717041016e+00 4.307447910308837891e+00
4.325122356414794922e+00 3.010366439819335938e+00 3.115925788879394531e+00 2.815476655960083008e+00 3.423551559448242188e+00 3.138369083404541016e+00 1.598589897155761719e+00 3.078665733337402344e+00 3.978582620620727539e+00 2.387256860733032227e+00 3.322891473770141602e+00 3.137267351150512695e+00 2.896290302276611328e+00 3.294836997985839844e+00 3.196023464202880859e+00 3.286654472351074219e+00 2.616520643234252930e+00 2.908428430557250977e+00 3.164273738861083984e+00 2.903406620025634766e+00
2.369896888732910156e+00 2.482304573059082031e+00 2.310515403747558594e+00 1.828789114952087402e+00 3.487237453460693359e+00 1.556931018829345703e+00 3.515716552734375000e+00 3.557287931442260742e+00 2.472382068634033203e+00 2.695132970809936523e+00 2.513093471527099609e+00 3.050103187561035156e+00 2.449504137039184570e+00 2.986479282379150391e+00 2.490496635437011719e+00 2.846029758453369141e+00 2.799807071685791016e+00 2.038134574890136719e+00 2.777076244354248047e+00 6.050266265869140625e+00
2.568050861358642578e+00 1.727022767066955566e+00 3.108351707458496094e+00 2.860572099685668945e+00 2.680937528610229492e+00 2.308672904968261719e+00 3.360744476318359375e+00 3.425277471542358398e+00 2.029987812042236328e+00 2.539182186126708984e+00 2.383975267410278320e+00 1.183392405509948730e+00 1.917023301124572754e+00 3.410911560058593750e+00 2.954962253570556641e+00 2.499961853027343750e+00 3.536334276199340820e+00 2.502231359481811523e+00 2.186625003814697266e+00 1.973055720329284668e+00
2.833646059036254883e+00 2.888415575027465820e+00 2.511082887649536133e+00 3.819700956344604492e+00 2.417522430419921875e+00 2.183988571166992188e+00 3.417890548706054688e+00 3.190573692321777344e+00 2.959447145462036133e+00 2.234351634979248047e+00 3.219765663146972656e+00 3.389379978179931641e+00 2.329117298126220703e+00 3.355711460113525391e+00 3.544933795928955078e+00 2.237919092178344727e+00 2.036114454269409180e+00 4.422889709472656250e+00 2.493511676788330078e+00 3.284471273422241211e+00
2.875203847885131836e+00 2.892252922058105469e+00 2.420262098312377930e+00 2.009470939636230469e+00 2.554648876190185547e+00 2.325969696044921875e+00 2.504287242889404297e+00 3.262221336364746094e+00 1.496779918670654297e+00 2.822829246520996094e+00 2.273407936096191406e+00 3.514760494232177734e+00 5.632909774780273438e+00 2.416726827621459961e+00 1.451634168624877930e+00 2.505378723144531250e+00 2.908212900161743164e+00 1.908647537231445312e+00 2.713947534561157227e+00 2.133100032806396484e+00
