2019-07-24 13:30:00
6.912258148193359375e+00 5.715851783752441406e+00 1.869998216629028320e+00 3.135632038116455078e+00 2.103516578674316406e+00 2.926725387573242188e+00 3.084705352783203125e+00 2.996280670166015625e+00 5.310459613800048828e+00 4.051888942718505859e+00 2.289855003356933594e+00 1.548708796501159668e+00 4.548643112182617188e+00 2.612689495086669922e+00 2.155150651931762695e+00 2.600426912307739258e+00 5.284981727600097656e+00 2.188202857971191406e+00 2.500441312789916992e+00 3.902476072311401367e+00
1.624101996421813965e+00 3.643661022186279297e+00 2.039974689483642578e+00 1.867693185806274414e+00 1.906336545944213867e+00 2.953733921051025391e+00 2.111294507980346680e+00 2.568363189697265625e+00 3.411451578140258789e+00 2.899203777313232422e+00 2.337882995605468750e+00 2.685079097747802734e+00 1.987661480903625488e+00 5.220990180969238281e+00 2.589712619781494141e+00 2.287759304046630859e+00 3.806342840194702148e+00 5.030176162719726562e+00 3.414823055267333984e+00 2.877953529357910156e+00
2.733942508697509766e+00 4.558933258056640625e+00 2.800717353820800781e+00 4.918617248535156250e+00 5.005359649658203125e+00 3.023952960968017578e+00 3.251122474670410156e+00 1.954594492912292480e+00 2.762223720550537109e+00 2.655084609985351562e+00 1.721968173980712891e+00 6.055138587951660156e+00 2.224280357360839844e+00 7.131036758422851562e+00 5.321798324584960938e+00 2.250995635986328125e+00 3.363508224487304688e+00 4.277207851409912109e+00 3.741985797882080078e+00 2.543303966522216797e+00
2.151258945465087891e+00 3.357385635375976562e+00 2.825927734375000000e+00 3.271265983581542969e+00 3.076415538787841797e+00 2.812967538833618164e+00 3.468941688537597656e+00 3.430710077285766602e+00 2.907067298889160156e+00 5.514820098876953125e+00 1.595098257064819336e+00 1.179405093193054199e+00 4.024629592895507812e+00 3.903294801712036133e+00 4.680546283721923828e+00 1.401513814926147461e+00 2.765787601470947266e+00 5.221535205841064453e+00 2.280522346496582031e+00 4.127614498138427734e+00
2.191724300384521484e+00 2.735492706298828125e+00 2.741524219512939453e+00 3.147752046585083008e+00 3.013143539428710938e+00 1.941207170486450195e+00 4.743786811828613281e+00 2.812417507171630859e+00 4.769590377807617188e+00 6.751322746276855469e+00 4.996200561523437500e+00 5.171233654022216797e+00 1.651131749153137207e+00 3.449497461318969727e+00 3.545899391174316406e+00 1.931915879249572754e+00 3.524771928787231445e+00 3.503038406372070312e+00 5.230436325073242188e+00 3.309794187545776367e+00
4.728974342346191406e+00 2.567327976226806641e+00 3.704154014587402344e+00 3.811534643173217773e+00 2.658828258514404297e+00 4.347524642944335938e+00 3.430892467498779297e+00 4.568778991699218750e+00 3.277347326278686523e+00 2.888286113739013672e+00 4.762928009033203125e+00 4.852113723754882812e+00 4.929550647735595703e+00 2.819105625152587891e+00 3.722594738006591797e+00 3.657072305679321289e+00 2.027128934860229492e+00 3.171384811401367188e+00 3.542119026184082031e+00 3.945369243621826172e+00
3.120683670043945312e+00 1.865714311599731445e+00 2.926893472671508789e+00 3.892223358154296875e+00 3.516535282135009766e+00 3.656064748764038086e+00 3.018577575683593750e+00 2.884893894195556641e+00 3.523050069808959961e+00 1.698631882667541504e+00 3.649889469146728516e+00 2.142550945281982422e+00 1.927177906036376953e+00 2.593856573104858398e+00 2.433454990386962891e+00 3.849030494689941406e+00 2.530197620391845703e+00 2.409369468688964844e+00 1.688233613967895508e+00 2.506220817565917969e+00
4.335581302642822266e+00 4.666658401489257812e+00 2.325364112854003906e+00 3.435801982879638672e+00 3.209417819976806641e+00 2.426862716674804688e+00 3.151822090148925781e+00 2.410755634307861328e+00 3.101787090301513672e+00 2.825646162033081055e+00 2.372622013092041016e+00 3.334435939788818359e+00 2.851356983184814453e+00 6.094565391540527344e+00 2.622813224792480469e+00 3.100578784942626953e+00 6.759105205535888672e+00 2.208539962768554688e+00 4.292207241058349609e+00 2.870688438415527344e+00
2.124527215957641602e+00 3.502924442291259766e+00 2.600322008132934570e+00 3.636475086212158203e+00 1.920869350433349609e+00 2.662670850753784180e+00 2.672111988067626953e+00 2.129845142364501953e+00 3.448079109191894531e+00 6.055975914001464844e+00 2.715545654296875000e+00 2.395884275436401367e+00 4.634183406829833984e+00 4.661631107330322266e+00 3.419431686401367188e+00 3.109741210937500000e+00 5.394737243652343750e+00 2.638898372650146484e+00 3.270491600036621094e+00 2.478769063949584961e+00
2.137175559997558594e+00 2.189643383026123047e+00 2.570270776748657227e+00 2.796172857284545898e+00 2.866089820861816406e+00 3.506235599517822266e+00 3.067465305328369141e+00 2.324124813079833984e+00 4.078362941741943359e+00 2.689888954162597656e+00 4.778872013092041016e+00 3.566396236419677734e+00 5.242475509643554688e+00 1.273324489593505859e+00 1.541581034660339355e+00 1.822509765625000000e+00 3.452742576599121094e+00 2.551254034042358398e+00 2.307682514190673828e+00 1.401577472686767578e+00
3.380323886871337891e+00 3.383982658386230469e+00 2.495535373687744141e+00 4.415895462036132812e+00 2.582842588424682617e+00 2.729529857635498047e+00 2.398953437805175781e+00 2.402669668197631836e+00 3.170999526977539062e+00 3.188080787658691406e+00 4.012793064117431641e+00 5.487532615661621094e+00 6.295013904571533203e+00 5.761164665222167969e+00 2.478561401367187500e+00 2.336981296539306641e+00 3.276914119720458984e+00 1.757875561714172363e+00 2.754623651504516602e+00 2.921590328216552734e+00
3.516611814498901367e+00 3.216093063354492188e+00 2.646548748016357422e+00 3.178358554840087891e+00 4.174241065979003906e+00 2.313305854797363281e+00 2.942688703536987305e+00 2.167930364608764648e+00 2.979778289794921875e+00 2.391009807586669922e+00 2.137904644012451172e+00 3.427820682525634766e+00 3.096471548080444336e+00 3.110836982727050781e+00 3.853242635726928711e+00 1.258013010025024414e+00 3.567838907241821289e+00 2.509846448898315430e+00 3.009558200836181641e+00 2.557610273361206055e+00
2.686339378356933594e+00 2.976781368255615234e+00 2.771077871322631836e+00 3.706492185592651367e+00 3.249700069427490234e+00 3.224569559097290039e+00 2.640774250030517578e+00 2.180765151977539062e+00 3.110243797302246094e+00 3.055644989013671875e+00 3.499626398086547852e+00 2.220623016357421875e+00 3.006720781326293945e+00 2.193304538726806641e+00 2.618463993072509766e+00 2.898539066314697266e+00 3.047847032546997070e+00 2.437464714050292969e+00 1.794187903404235840e+00 1.948050975799560547e+00
3.954052448272705078e+00 2.493014574050903320e+00 1.450062274932861328e+00 2.815384149551391602e+00 3.202364444732666016e+00 2.813072681427001953e+00 2.838418960571289062e+00 2.455250263214111328e+00 3.848175287246704102e+00 2.093695878982543945e+00 3.181467056274414062e+00 2.184015274047851562e+00 2.520729303359985352e+00 3.069473505020141602e+00 3.583918571472167969e+00 2.234955310821533203e+00 1.712254166603088379e+00 3.476296901702880859e+00 2.921300411224365234e+00 1.848232388496398926e+00
2.281318426132202148e+00 2.309305667877197266e+00 3.311418533325195312e+00 2.409906864166259766e+00 2.304679870605468750e+00 2.853724718093872070e+00 3.314157962799072266e+00 2.717783451080322266e+00 3.223059177398681641e+00 1.706302165985107422e+00 2.526946306228637695e+00 2.837420463562011719e+00 2.657248973846435547e+00 2.350558280944824219e+00 2.610084056854248047e+00 3.068478584289550781e+00 1.753601193428039551e+00 2.493858337402343750e+00 1.707581639289855957e+00 5.059497833251953125e+00
2.359767913818359375e+00 3.307264328002929688e+00 3.258107423782348633e+00 2.680471897125244141e+00 2.959864854812622070e+00 1.529577732086181641e+00 3.152364253997802734e+00 3.669552326202392578e+00 3.831085681915283203e+00 1.862800121307373047e+00 3.242129325866699219e+00 3.034999370574951172e+00 2.103783130645751953e+00 3.348434925079345703e+00 2.995947360992431641e+00 2.457432031631469727e+00 2.702905893325805664e+00 2.398972511291503906e+00 2.359026432037353516e+00 2.798631191253662109e+00
2.434818267822265625e+00 2.650106430053710938e+00 3.345314025878906250e+00 3.905024766921997070e+00 5.663658142089843750e+00 2.478419780731201172e+00 2.963246583938598633e+00 2.474383831024169922e+00 2.334009885787963867e+00 2.117232799530029297e+00 1.938690900802612305e+00 3.037746191024780273e+00 3.622667789459228516e+00 2.783614635467529297e+00 2.616844415664672852e+00 3.434020996093750000e+00 3.294085502624511719e+00 1.803827524185180664e+00 1.618431210517883301e+00 4.354956626892089844e+00
3.819003105163574219e+00 1.971530914306640625e+00 2.467156648635864258e+00 2.825924396514892578e+00 2.453135013580322266e+00 1.985108137130737305e+00 1.703282117843627930e+00 2.868849754333496094e+00 2.583011150360107422e+00 2.985977172851562500e+00 3.007285833358764648e+00 1.941952466964721680e+00 2.573026895523071289e+00 3.587547063827514648e+00 2.768028259277343750e+00 2.105072975158691406e+00 1.609132409095764160e+00 2.747134208679199219e+00 2.263499975204467773e+00 2.408984899520874023e+00
3.335342168807983398e+00 3.860061645507812500e+00 1.286035299301147461e+00 2.750362396240234375e+00 3.602279901504516602e+00 2.465306997299194336e+00 2.690687179565429688e+00 3.713391304016113281e+00 1.934978961944580078e+00 4.680580615997314453e+00 3.013135910034179688e+00 3.522461652755737305e+00 2.548398494720458984e+00 3.457337856292724609e+00 3.047358989715576172e+00 3.028719186782836914e+00 2.906197309494018555e+00 2.920995235443115234e+00 3.361558437347412109e+00 1.879710793495178223e+00
3.645143508911132812e+00 2.726030349731445312e+00 2.261608123779296875e+00 1.807463049888610840e+00 2.635084629058837891e+00 2.157067775726318359e+00 2.904109716415405273e+00 3.463734149932861328e+00 3.557938575744628906e+00 3.312818050384521484e+00 4.818757534027099609e+00 4.177453041076660156e+00 2.564485073089599609e+00 2.719791889190673828e+00 2.500927448272705078e+00 2.696754455566406250e+00 2.537492036819458008e+00 3.110896110534667969e+00 2.671750068664550781e+00 1.821663141250610352e+00
