2019-07-24 13:45:00
7.851732254028320312e+00 5.013487815856933594e+00 5.313367366790771484e+00 2.529743671417236328e+00 3.269886970520019531e+00 2.230877399444580078e+00 4.621943473815917969e+00 3.541358947753906250e+00 6.378609657287597656e+00 8.850394248962402344e+00 2.339277505874633789e+00 3.135152339935302734e+00 4.581201553344726562e+00 2.575082302093505859e+00 3.582351684570312500e+00 6.763991355895996094e+00 5.211161613464355469e+00 3.977797508239746094e+00 3.024385929107666016e+00 4.599024772644042969e+00
5.824052810668945312e+00 6.065043926239013672e+00 7.134595394134521484e+00 6.341406822204589844e+00 4.201317787170410156e+00 2.995823383331298828e+00 2.675339698791503906e+00 2.981575489044189453e+00 2.891288757324218750e+00 4.121333122253417969e+00 3.344478607177734375e+00 4.810752391815185547e+00 3.383183479309082031e+00 8.647077560424804688e+00 2.438435792922973633e+00 2.690225601196289062e+00 7.099360942840576172e+00 6.249211788177490234e+00 3.878613233566284180e+00 1.856475830078125000e+00
2.991798877716064453e+00 5.755562782287597656e+00 3.668196916580200195e+00 5.718187808990478516e+00 5.727436065673828125e+00 4.420732498168945312e+00 8.929536819458007812e+00 3.921534538269042969e+00 5.076758384704589844e+00 3.329826831817626953e+00 4.369438171386718750e+00 6.596294879913330078e+00 3.842073440551757812e+00 5.617311954498291016e+00 4.678391933441162109e+00 3.841064453125000000e+00 9.563293457031250000e+00 5.136699676513671875e+00 3.204646587371826172e+00 3.215633392333984375e+00
2.806453466415405273e+00 5.448348045349121094e+00 9.448884010314941406e+00 6.696465492248535156e+00 2.869693040847778320e+00 2.896508216857910156e+00 2.761114120483398438e+00 1.882323861122131348e+00 2.787060976028442383e+00 2.269486427307128906e+00 6.438778877258300781e+00 4.213362693786621094e+00 4.248056888580322266e+00 3.836175441741943359e+00 5.518543243408203125e+00 3.612193584442138672e+00 3.318491935729980469e+00 4.086116313934326172e+00 2.801357030868530273e+00 4.138088226318359375e+00
2.608051538467407227e+00 3.763401985168457031e+00 2.824347734451293945e+00 3.902744770050048828e+00 4.633781433105468750e+00 4.235155105590820312e+00 1.701390147209167480e+00 1.743867397308349609e+00 2.602533340454101562e+00 2.501558780670166016e+00 5.866366863250732422e+00 5.815672874450683594e+00 5.874560356140136719e+00 2.684094429016113281e+00 5.278061389923095703e+00 6.820812702178955078e+00 3.170319080352783203e+00 6.789969444274902344e+00 8.235797882080078125e+00 4.046203136444091797e+00
4.917591094970703125e+00 2.399004936218261719e+00 7.435067176818847656e+00 8.937634468078613281e+00 9.651613235473632812e+00 5.717138290405273438e+00 4.637600421905517578e+00 3.488670349121093750e+00 7.191598415374755859e+00 7.668132305145263672e+00 7.185693264007568359e+00 6.298093795776367188e+00 6.764904022216796875e+00 1.859640955924987793e+00 3.178339004516601562e+00 4.242481231689453125e+00 2.571411848068237305e+00 6.204977512359619141e+00 7.217052459716796875e+00 4.290967941284179688e+00
6.784410476684570312e+00 7.783648490905761719e+00 8.691040039062500000e+00 8.014827728271484375e+00 4.585877418518066406e+00 7.499299049377441406e+00 2.648900985717773438e+00 2.844623088836669922e+00 3.600760221481323242e+00 3.981002807617187500e+00 3.617578983306884766e+00 3.163543462753295898e+00 5.064619064331054688e+00 7.823913097381591797e+00 4.763253688812255859e+00 4.971560478210449219e+00 2.296320676803588867e+00 3.260022640228271484e+00 5.758195877075195312e+00 6.180534839630126953e+00
9.268770217895507812e+00 4.163407325744628906e+00 4.741624355316162109e+00 5.336041450500488281e+00 4.444736480712890625e+00 3.881051540374755859e+00 1.608861088752746582e+00 4.857848167419433594e+00 4.725924491882324219e+00 3.702227115631103516e+00 3.937037467956542969e+00 4.279747009277343750e+00 5.594047546386718750e+00 7.435992240905761719e+00 4.324317932128906250e+00 3.571445941925048828e+00 4.909094810485839844e+00 3.497035980224609375e+00 3.920208930969238281e+00 3.044268131256103516e+00
5.151228427886962891e+00 4.165370941162109375e+00 4.051845550537109375e+00 4.002431869506835938e+00 6.353629112243652344e+00 4.094412803649902344e+00 2.803476810455322266e+00 3.080391883850097656e+00 2.417849540710449219e+00 4.385871887207031250e+00 3.529515981674194336e+00 3.212796688079833984e+00 3.073062896728515625e+00 5.497810363769531250e+00 3.645725965499877930e+00 4.717671871185302734e+00 6.254955291748046875e+00 2.365442276000976562e+00 2.406553745269775391e+00 2.804066181182861328e+00
6.387991905212402344e+00 3.514785051345825195e+00 2.344932079315185547e+00 3.003186702728271484e+00 3.553318262100219727e+00 4.804075241088867188e+00 3.741481781005859375e+00 2.814242601394653320e+00 4.842910289764404297e+00 9.612133026123046875e+00 6.119885444641113281e+00 3.073668956756591797e+00 5.251075744628906250e+00 3.752487897872924805e+00 4.515463352203369141e+00 2.968075513839721680e+00 8.570686340332031250e+00 4.010763645172119141e+00 2.606166362762451172e+00 2.111747741699218750e+00
2.979433536529541016e+00 3.403660297393798828e+00 4.696064472198486328e+00 2.501209259033203125e+00 2.974455118179321289e+00 2.524229526519775391e+00 2.669508457183837891e+00 3.826303958892822266e+00 2.581375837326049805e+00 3.331063032150268555e+00 3.598258018493652344e+00 5.871580123901367188e+00 3.794244766235351562e+00 6.064907073974609375e+00 2.214718103408813477e+00 2.641565561294555664e+00 3.755294799804687500e+00 6.842274665832519531e+00 3.896325826644897461e+00 4.151014328002929688e+00
2.942792177200317383e+00 2.721057415008544922e+00 2.309110641479492188e+00 2.287558078765869141e+00 2.374923706054687500e+00 4.370159626007080078e+00 2.952605009078979492e+00 2.238663434982299805e+00 2.090361118316650391e+00 3.198941707611083984e+00 2.885196924209594727e+00 3.594097137451171875e+00 3.232087373733520508e+00 3.722075939178466797e+00 2.828503608703613281e+00 7.249626159667968750e+00 3.182346820831298828e+00 3.559530258178710938e+00 3.860327482223510742e+00 2.123550891876220703e+00
2.898029088973999023e+00 1.944603919982910156e+00 4.466403007507324219e+00 2.656680107116699219e+00 3.635348796844482422e+00 2.215508937835693359e+00 6.297084331512451172e+00 3.405493736267089844e+00 2.121597051620483398e+00 2.540055274963378906e+00 2.961567401885986328e+00 3.772097587585449219e+00 2.499534845352172852e+00 4.154795169830322266e+00 2.664905071258544922e+00 2.580120086669921875e+00 4.164293289184570312e+00 2.788712501525878906e+00 4.982717514038085938e+00 3.060596942901611328e+00
3.267090797424316406e+00 3.181982040405273438e+00 2.789482355117797852e+00 3.226542949676513672e+00 2.831225633621215820e+00 3.832304477691650391e+00 7.275677680969238281e+00 5.545589447021484375e+00 4.181039810180664062e+00 4.504354000091552734e+00 3.345183372497558594e+00 3.901834487915039062e+00 3.139590263366699219e+00 4.678679943084716797e+00 3.715286731719970703e+00 4.141353607177734375e+00 4.290068626403808594e+00 3.957295656204223633e+00 3.837251186370849609e+00 2.955591678619384766e+00
2.812296390533447266e+00 3.679235696792602539e+00 3.762927055358886719e+00 2.084755897521972656e+00 2.865478992462158203e+00 5.573158264160156250e+00 5.909169673919677734e+00 3.143747329711914062e+00 3.958762645721435547e+00 3.541960477828979492e+00 4.603441238403320312e+00 3.649736404418945312e+00 3.171393394470214844e+00 3.363282442092895508e+00 3.920948505401611328e+00 3.238738536834716797e+00 4.531548500061035156e+00 3.295621395111083984e+00 2.121012687683105469e+00 8.250114440917968750e+00
4.440797328948974609e+00 3.930723905563354492e+00 3.371294498443603516e+00 4.294329166412353516e+00 5.436655044555664062e+00 6.871268749237060547e+00 6.590611934661865234e+00 4.161722183227539062e+00 2.577931404113769531e+00 3.953212738037109375e+00 3.973783731460571289e+00 2.984217643737792969e+00 2.992057323455810547e+00 3.608525276184082031e+00 4.304569244384765625e+00 2.743434906005859375e+00 5.520329475402832031e+00 2.653462886810302734e+00 2.754517793655395508e+00 6.189282894134521484e+00
2.587701797485351562e+00 4.681931972503662109e+00 4.296309947967529297e+00 3.539942979812622070e+00 9.235472679138183594e+00 6.223359107971191406e+00 3.532570362091064453e+00 4.102613449096679688e+00 4.210206031799316406e+00 3.906511306762695312e+00 2.382086753845214844e+00 2.260623931884765625e+00 2.638555526733398438e+00 3.608814477920532227e+00 3.299977064132690430e+00 2.977140903472900391e+00 1.974027633666992188e+00 4.261770725250244141e+00 3.849339962005615234e+00 5.257280349731445312e+00
4.078401565551757812e+00 3.849614858627319336e+00 3.359082937240600586e+00 4.214091300964355469e+00 3.489040851593017578e+00 4.952080726623535156e+00 5.689757347106933594e+00 2.686939239501953125e+00 4.753862857818603516e+00 3.647478580474853516e+00 4.726846694946289062e+00 1.932420492172241211e+00 2.571201324462890625e+00 2.839157104492187500e+00 3.685413599014282227e+00 3.396857261657714844e+00 4.275459289550781250e+00 4.826412200927734375e+00 4.213441848754882812e+00 2.879106998443603516e+00
2.909235000610351562e+00 2.929522037506103516e+00 3.151425838470458984e+00 4.526877880096435547e+00 2.727100849151611328e+00 6.014509677886962891e+00 3.004746437072753906e+00 3.166596174240112305e+00 2.698576927185058594e+00 5.311695575714111328e+00 4.646361827850341797e+00 3.662588119506835938e+00 1.784114718437194824e+00 2.282064914703369141e+00 4.137862205505371094e+00 2.857813119888305664e+00 3.357877016067504883e+00 3.133008956909179688e+00 4.152337074279785156e+00 2.896618843078613281e+00
4.323548316955566406e+00 3.428717136383056641e+00 3.082992553710937500e+00 2.710337162017822266e+00 3.841602325439453125e+00 3.354229450225830078e+00 4.396625518798828125e+00 5.583939552307128906e+00 5.437039375305175781e+00 6.954059123992919922e+00 8.194474220275878906e+00 2.746977567672729492e+00 4.670616149902343750e+00 2.315088272094726562e+00 3.995068073272705078e+00 3.801418066024780273e+00 3.526741027832031250e+00 4.838831901550292969e+00 4.632604598999023438e+00 3.057571887969970703e+00
