2019-07-24 14:30:00
9.466767311096191406e+00 3.328696250915527344e+00 4.190766334533691406e+00 2.939226388931274414e+00 5.186850547790527344e+00 3.965162992477416992e+00 5.056223869323730469e+00 3.749479532241821289e+00 5.490775108337402344e+00 4.501998901367187500e+00 3.274473667144775391e+00 3.135775566101074219e+00 4.256422042846679688e+00 3.317290782928466797e+00 4.476247787475585938e+00 6.711199283599853516e+00 6.645804405212402344e+00 4.355864524841308594e+00 2.981961727142333984e+00 3.182127237319946289e+00
7.948839187622070312e+00 4.110778808593750000e+00 5.904159069061279297e+00 5.478588104248046875e+00 8.874786376953125000e+00 6.087996482849121094e+00 4.790611743927001953e+00 4.050668716430664062e+00 4.700487613677978516e+00 4.396663665771484375e+00 3.561156034469604492e+00 3.820677280426025391e+00 3.652334451675415039e+00 5.618744373321533203e+00 2.731051445007324219e+00 3.304994583129882812e+00 6.391993522644042969e+00 7.674379825592041016e+00 4.006629943847656250e+00 3.133172988891601562e+00
7.056125164031982422e+00 8.532361984252929688e+00 7.282969474792480469e+00 7.832407474517822266e+00 1.099792861938476562e+01 6.251318931579589844e+00 7.962979316711425781e+00 2.291083335876464844e+00 4.300640583038330078e+00 3.674892187118530273e+00 5.862391471862792969e+00 6.048822879791259766e+00 3.943116426467895508e+00 5.260000228881835938e+00 4.982582092285156250e+00 3.876625299453735352e+00 4.498316764831542969e+00 4.071733474731445312e+00 3.657500028610229492e+00 5.547713279724121094e+00
2.746487140655517578e+00 6.663457870483398438e+00 4.025478363037109375e+00 5.319297313690185547e+00 3.783101797103881836e+00 1.946229219436645508e+00 6.550417900085449219e+00 4.303735733032226562e+00 5.053646087646484375e+00 4.117707252502441406e+00 1.036385726928710938e+01 7.384312152862548828e+00 5.354378223419189453e+00 4.077235698699951172e+00 5.452311992645263672e+00 4.138234615325927734e+00 4.060119152069091797e+00 6.722430706024169922e+00 4.917992115020751953e+00 4.511861801147460938e+00
3.538969278335571289e+00 3.526026010513305664e+00 3.881569623947143555e+00 2.930755615234375000e+00 4.765365600585937500e+00 4.211589813232421875e+00 3.923853397369384766e+00 2.032415628433227539e+00 7.916600227355957031e+00 6.079795837402343750e+00 8.541494369506835938e+00 8.230363845825195312e+00 4.040824890136718750e+00 4.351363658905029297e+00 6.615023612976074219e+00 8.752065658569335938e+00 4.666639804840087891e+00 9.497224807739257812e+00 6.187445640563964844e+00 4.524687767028808594e+00
4.887606620788574219e+00 4.539511203765869141e+00 5.573554992675781250e+00 7.511631488800048828e+00 7.031166076660156250e+00 8.533727645874023438e+00 4.044706344604492188e+00 6.906909942626953125e+00 3.804235935211181641e+00 4.284144401550292969e+00 6.680075645446777344e+00 5.740309715270996094e+00 6.518802165985107422e+00 4.234139442443847656e+00 2.848735094070434570e+00 5.532542228698730469e+00 4.786510467529296875e+00 7.870540618896484375e+00 5.404472351074218750e+00 3.562066555023193359e+00
6.167210578918457031e+00 9.226148605346679688e+00 8.573845863342285156e+00 4.056596279144287109e+00 8.964832305908203125e+00 4.198119163513183594e+00 2.738993644714355469e+00 1.000205326080322266e+01 2.394991397857666016e+00 4.311600685119628906e+00 3.345178127288818359e+00 3.775721788406372070e+00 8.735024452209472656e+00 8.941534996032714844e+00 5.227058887481689453e+00 2.977159976959228516e+00 4.072153568267822266e+00 4.793759346008300781e+00 8.094051361083984375e+00 5.590270996093750000e+00
9.237728118896484375e+00 6.788149833679199219e+00 4.025065422058105469e+00 6.969359397888183594e+00 5.502340316772460938e+00 6.890467166900634766e+00 4.143624305725097656e+00 3.781959056854248047e+00 3.134149551391601562e+00 6.027664184570312500e+00 3.240342140197753906e+00 3.206462144851684570e+00 4.752203941345214844e+00 1.000407028198242188e+01 3.767924547195434570e+00 2.867786169052124023e+00 8.093181610107421875e+00 3.110110044479370117e+00 8.668868064880371094e+00 5.505701065063476562e+00
9.981726646423339844e+00 4.634735107421875000e+00 7.115005970001220703e+00 7.998526573181152344e+00 8.721310615539550781e+00 3.817143678665161133e+00 4.303936004638671875e+00 4.796890258789062500e+00 5.627079963684082031e+00 6.401809692382812500e+00 5.664145469665527344e+00 4.033786773681640625e+00 7.181102275848388672e+00 4.901724815368652344e+00 4.652102470397949219e+00 6.045180320739746094e+00 4.454873085021972656e+00 3.604762077331542969e+00 5.115386962890625000e+00 3.012452840805053711e+00
9.165113449096679688e+00 4.910750389099121094e+00 3.884923934936523438e+00 4.109293460845947266e+00 2.656072378158569336e+00 3.901281356811523438e+00 3.425324916839599609e+00 6.673639297485351562e+00 6.339091300964355469e+00 6.923714160919189453e+00 7.172708511352539062e+00 5.724015235900878906e+00 5.574748039245605469e+00 4.511623382568359375e+00 3.606582403182983398e+00 5.158454895019531250e+00 3.557743787765502930e+00 4.204952239990234375e+00 2.735893487930297852e+00 4.007347106933593750e+00
2.239217758178710938e+00 3.700366497039794922e+00 3.982291936874389648e+00 3.285037755966186523e+00 4.648633956909179688e+00 4.732908248901367188e+00 5.195056438446044922e+00 4.245540618896484375e+00 4.896118640899658203e+00 4.574394226074218750e+00 5.624771118164062500e+00 4.239187717437744141e+00 4.404700756072998047e+00 3.668912887573242188e+00 3.165241956710815430e+00 3.732066154479980469e+00 4.406258583068847656e+00 1.000668621063232422e+01 3.954078435897827148e+00 7.178054332733154297e+00
4.946249961853027344e+00 4.363961696624755859e+00 4.258157730102539062e+00 4.632796287536621094e+00 3.562209844589233398e+00 2.960650920867919922e+00 8.196609497070312500e+00 7.156712532043457031e+00 2.974921703338623047e+00 1.692705154418945312e+01 3.708892345428466797e+00 4.213060855865478516e+00 2.463609695434570312e+00 4.110017299652099609e+00 5.072621345520019531e+00 1.267463302612304688e+01 2.957486629486083984e+00 4.532950878143310547e+00 3.623690843582153320e+00 3.294463396072387695e+00
5.148872852325439453e+00 4.115086555480957031e+00 2.158812046051025391e+00 1.023859596252441406e+01 5.001085758209228516e+00 4.570094585418701172e+00 4.602334022521972656e+00 4.917054653167724609e+00 4.231199741363525391e+00 3.396910667419433594e+00 5.313160419464111328e+00 4.690756797790527344e+00 2.340928554534912109e+00 4.050777435302734375e+00 4.645775794982910156e+00 4.578744888305664062e+00 2.753953933715820312e+00 4.152013778686523438e+00 3.960825443267822266e+00 1.783351063728332520e+00
2.958651542663574219e+00 6.151384830474853516e+00 3.361918926239013672e+00 4.160064697265625000e+00 4.546137809753417969e+00 3.154244422912597656e+00 5.621841430664062500e+00 3.976852893829345703e+00 4.317258834838867188e+00 4.427723884582519531e+00 3.841082811355590820e+00 3.860165119171142578e+00 4.017942428588867188e+00 1.867432236671447754e+00 4.008143424987792969e+00 4.259801387786865234e+00 2.775950908660888672e+00 3.491547107696533203e+00 3.908985137939453125e+00 5.561011314392089844e+00
3.136267185211181641e+00 4.468462944030761719e+00 3.931335926055908203e+00 4.210338115692138672e+00 2.123274087905883789e+00 2.750534534454345703e+00 3.951519250869750977e+00 2.781090259552001953e+00 2.695724487304687500e+00 4.110461711883544922e+00 2.956515312194824219e+00 4.328571319580078125e+00 4.023180007934570312e+00 3.440111637115478516e+00 3.092947244644165039e+00 3.770679235458374023e+00 4.697572231292724609e+00 3.674201250076293945e+00 4.025475502014160156e+00 3.764486551284790039e+00
4.756227493286132812e+00 4.638940811157226562e+00 4.496783256530761719e+00 5.010916233062744141e+00 3.933901309967041016e+00 3.317460536956787109e+00 5.065093994140625000e+00 4.219252586364746094e+00 2.492590904235839844e+00 5.397387504577636719e+00 4.131224632263183594e+00 3.731745958328247070e+00 5.301429748535156250e+00 3.261250734329223633e+00 4.229582786560058594e+00 3.756031990051269531e+00 3.241564750671386719e+00 4.311923503875732422e+00 3.611028194427490234e+00 7.033879756927490234e+00
3.306842565536499023e+00 2.933386325836181641e+00 3.551528453826904297e+00 4.130830764770507812e+00 4.772150516510009766e+00 3.569622516632080078e+00 2.514956712722778320e+00 3.471472263336181641e+00 4.380430698394775391e+00 3.115053653717041016e+00 5.026158332824707031e+00 2.347241640090942383e+00 3.291340112686157227e+00 3.058784961700439453e+00 5.638165473937988281e+00 4.034438133239746094e+00 4.502746582031250000e+00 4.497592926025390625e+00 4.342677593231201172e+00 7.078107833862304688e+00
4.906470298767089844e+00 4.085259914398193359e+00 4.788002967834472656e+00 5.603620529174804688e+00 6.218446254730224609e+00 5.244562149047851562e+00 5.570778369903564453e+00 3.736582040786743164e+00 1.992835283279418945e+00 6.859578132629394531e+00 6.319004535675048828e+00 4.870053291320800781e+00 6.385804653167724609e+00 3.273899555206298828e+00 4.656123161315917969e+00 3.584690809249877930e+00 5.120177268981933594e+00 4.911013603210449219e+00 4.602606773376464844e+00 3.061140060424804688e+00
2.524435997009277344e+00 4.711714267730712891e+00 2.940097332000732422e+00 3.198493957519531250e+00 4.000498294830322266e+00 6.511053085327148438e+00 3.988529920578002930e+00 4.536424160003662109e+00 7.835167407989501953e+00 6.169016838073730469e+00 7.662110328674316406e+00 6.067476749420166016e+00 2.257219076156616211e+00 3.815279245376586914e+00 5.590178012847900391e+00 4.148826122283935547e+00 3.966229915618896484e+00 3.303345680236816406e+00 5.411102771759033203e+00 4.035680294036865234e+00
5.753900527954101562e+00 6.467215538024902344e+00 3.655578136444091797e+00 1.934265375137329102e+00 5.635396957397460938e+00 3.235638141632080078e+00 6.782271385192871094e+00 7.286810874938964844e+00 8.474901199340820312e+00 4.846158027648925781e+00 6.944383621215820312e+00 5.924735546112060547e+00 9.165431976318359375e+00 4.300281524658203125e+00 6.151064395904541016e+00 3.863049507141113281e+00 3.460608243942260742e+00 5.118895053863525391e+00 4.548029422760009766e+00 2.746264696121215820e+00
