2019-07-24 14:45:00
6.138278961181640625e+00 5.388172626495361328e+00 7.561425685882568359e+00 2.510818958282470703e+00 3.152038097381591797e+00 2.909567832946777344e+00 5.090806007385253906e+00 2.421290874481201172e+00 6.285787105560302734e+00 5.803055763244628906e+00 4.441555500030517578e+00 5.458316802978515625e+00 4.970781803131103516e+00 3.259138107299804688e+00 2.784630298614501953e+00 5.641445159912109375e+00 3.637106180191040039e+00 3.803514957427978516e+00 5.386016845703125000e+00 2.638662338256835938e+00
7.755352973937988281e+00 5.714613437652587891e+00 3.590121030807495117e+00 5.712821006774902344e+00 7.214664459228515625e+00 4.801296234130859375e+00 4.555589675903320312e+00 3.153471708297729492e+00 3.499226570129394531e+00 2.974351882934570312e+00 4.217300891876220703e+00 3.010646343231201172e+00 2.695441007614135742e+00 3.633175611495971680e+00 3.677795171737670898e+00 4.096064567565917969e+00 5.233098983764648438e+00 6.018857955932617188e+00 1.719483494758605957e+00 5.027536392211914062e+00
1.005802536010742188e+01 6.326430320739746094e+00 8.885478019714355469e+00 9.299694061279296875e+00 4.311711311340332031e+00 3.802974224090576172e+00 8.263534545898437500e+00 2.994677066802978516e+00 3.100345134735107422e+00 5.046639442443847656e+00 6.947528839111328125e+00 5.800338268280029297e+00 3.591677665710449219e+00 6.084268569946289062e+00 6.454098701477050781e+00 4.498301029205322266e+00 5.289677619934082031e+00 8.089879035949707031e+00 4.499832153320312500e+00 3.507989883422851562e+00
3.255042076110839844e+00 6.556485176086425781e+00 9.758277893066406250e+00 5.400254249572753906e+00 3.664621114730834961e+00 4.369238853454589844e+00 3.008102416992187500e+00 2.579004049301147461e+00 2.808240652084350586e+00 6.386485099792480469e+00 7.904965400695800781e+00 9.037183761596679688e+00 3.605590105056762695e+00 4.849327564239501953e+00 5.869652748107910156e+00 2.873468399047851562e+00 3.470749139785766602e+00 7.047674179077148438e+00 3.932316303253173828e+00 2.975069046020507812e+00
2.858562469482421875e+00 2.688901901245117188e+00 3.757931470870971680e+00 4.422261238098144531e+00 4.151426315307617188e+00 3.633476734161376953e+00 4.063941955566406250e+00 2.194865226745605469e+00 6.788399696350097656e+00 8.019628524780273438e+00 6.405818462371826172e+00 7.447182655334472656e+00 6.599176406860351562e+00 3.438560962677001953e+00 5.620618820190429688e+00 4.411865234375000000e+00 3.235605239868164062e+00 4.582346439361572266e+00 6.985646247863769531e+00 2.957761764526367188e+00
5.856436252593994141e+00 4.469384193420410156e+00 6.525766849517822266e+00 5.683077812194824219e+00 4.325777053833007812e+00 6.229660034179687500e+00 3.130728721618652344e+00 2.807754039764404297e+00 8.281204223632812500e+00 6.991810798645019531e+00 4.150144577026367188e+00 4.290929317474365234e+00 6.771497726440429688e+00 3.168871879577636719e+00 3.869861125946044922e+00 6.836211204528808594e+00 3.856572866439819336e+00 6.882132530212402344e+00 7.615059852600097656e+00 6.190426826477050781e+00
5.668583869934082031e+00 5.411011695861816406e+00 5.922955989837646484e+00 1.054769515991210938e+01 9.335594177246093750e+00 4.136580467224121094e+00 2.335771322250366211e+00 5.252540588378906250e+00 2.799125194549560547e+00 4.669777870178222656e+00 4.118316650390625000e+00 3.337793350219726562e+00 7.749496459960937500e+00 6.249209880828857422e+00 3.556448459625244141e+00 5.456415176391601562e+00 3.814672231674194336e+00 4.277584075927734375e+00 1.021117210388183594e+01 7.719730377197265625e+00
4.382411956787109375e+00 5.507440567016601562e+00 6.963243484497070312e+00 5.570120811462402344e+00 7.890063285827636719e+00 3.992383956909179688e+00 2.953689098358154297e+00 3.833245992660522461e+00 3.231908082962036133e+00 3.878554821014404297e+00 2.518456459045410156e+00 3.608899831771850586e+00 5.880057811737060547e+00 6.774196624755859375e+00 2.846582174301147461e+00 4.101809024810791016e+00 7.694052219390869141e+00 2.605461120605468750e+00 6.728860378265380859e+00 2.681105136871337891e+00
4.794106006622314453e+00 3.441291332244873047e+00 8.532730102539062500e+00 8.384400367736816406e+00 6.583690643310546875e+00 3.567960739135742188e+00 3.033937215805053711e+00 3.504349470138549805e+00 3.873061895370483398e+00 4.714796543121337891e+00 2.293506145477294922e+00 3.562092304229736328e+00 5.820751190185546875e+00 5.060482978820800781e+00 5.963743209838867188e+00 1.701282739639282227e+00 6.762295246124267578e+00 2.582545280456542969e+00 3.536695718765258789e+00 2.565795898437500000e+00
2.708814620971679688e+00 5.658062934875488281e+00 3.096490621566772461e+00 3.404498815536499023e+00 3.128385543823242188e+00 3.757537841796875000e+00 2.617108821868896484e+00 3.755419254302978516e+00 6.199439048767089844e+00 7.556938648223876953e+00 5.024901390075683594e+00 6.502175331115722656e+00 3.539160013198852539e+00 2.721266746520996094e+00 2.253821134567260742e+00 3.103372573852539062e+00 6.518166542053222656e+00 2.529534816741943359e+00 3.277623176574707031e+00 3.338185787200927734e+00
1.373963356018066406e+00 2.945246458053588867e+00 3.363867521286010742e+00 2.642391681671142578e+00 3.154950618743896484e+00 5.308490276336669922e+00 3.026066303253173828e+00 3.219273090362548828e+00 1.944864988327026367e+00 2.833006858825683594e+00 1.763167738914489746e+00 5.767475605010986328e+00 2.999841213226318359e+00 5.444246292114257812e+00 2.154592037200927734e+00 3.346285581588745117e+00 4.293046474456787109e+00 6.129084587097167969e+00 4.200886726379394531e+00 4.024761199951171875e+00
2.820994138717651367e+00 3.316728115081787109e+00 2.649634838104248047e+00 2.697867631912231445e+00 3.737468242645263672e+00 3.797470092773437500e+00 2.883763790130615234e+00 2.856183052062988281e+00 8.095401763916015625e+00 3.190422296524047852e+00 3.684393644332885742e+00 2.828725576400756836e+00 3.046794176101684570e+00 3.669328927993774414e+00 3.309225082397460938e+00 8.564195632934570312e+00 3.901642560958862305e+00 1.899165034294128418e+00 3.254739046096801758e+00 2.465026378631591797e+00
3.494559526443481445e+00 2.764090538024902344e+00 2.556571483612060547e+00 4.170270919799804688e+00 3.356282711029052734e+00 4.254162788391113281e+00 2.965767145156860352e+00 2.722679615020751953e+00 4.062801361083984375e+00 3.359320640563964844e+00 3.380475759506225586e+00 2.633418560028076172e+00 2.215600013732910156e+00 3.418005228042602539e+00 4.875095367431640625e+00 3.331765651702880859e+00 2.899450778961181641e+00 4.503026962280273438e+00 6.092900276184082031e+00 4.249961853027343750e+00
2.630981445312500000e+00 2.682920217514038086e+00 3.503815174102783203e+00 3.557349443435668945e+00 3.348561286926269531e+00 3.066250801086425781e+00 3.050012826919555664e+00 3.669342517852783203e+00 4.339062690734863281e+00 2.806182384490966797e+00 4.891953945159912109e+00 3.498442649841308594e+00 5.312949180603027344e+00 3.661587715148925781e+00 2.980328798294067383e+00 4.076682567596435547e+00 3.673502683639526367e+00 4.137746810913085938e+00 3.893294811248779297e+00 5.149320125579833984e+00
4.513978004455566406e+00 3.518124580383300781e+00 3.122213363647460938e+00 4.309934616088867188e+00 3.819871425628662109e+00 2.576009273529052734e+00 3.299262523651123047e+00 3.172111272811889648e+00 3.562231540679931641e+00 2.127019643783569336e+00 4.579664707183837891e+00 2.615980148315429688e+00 3.642630815505981445e+00 3.742998600006103516e+00 4.055532455444335938e+00 4.651910781860351562e+00 2.659198045730590820e+00 3.597201585769653320e+00 2.384863615036010742e+00 5.099034786224365234e+00
5.619710922241210938e+00 3.071189403533935547e+00 5.128948211669921875e+00 4.175681591033935547e+00 3.320242881774902344e+00 3.585615634918212891e+00 2.376608371734619141e+00 3.560960769653320312e+00 2.029727220535278320e+00 2.946379899978637695e+00 3.100413560867309570e+00 2.396514654159545898e+00 2.400046348571777344e+00 2.824239730834960938e+00 4.086977958679199219e+00 3.677336692810058594e+00 3.653641939163208008e+00 4.755953788757324219e+00 3.642807483673095703e+00 7.961909294128417969e+00
2.811942815780639648e+00 4.295648097991943359e+00 4.928135871887207031e+00 3.849885463714599609e+00 6.933878898620605469e+00 4.210821151733398438e+00 4.553690433502197266e+00 4.786426544189453125e+00 2.454034566879272461e+00 3.975843429565429688e+00 3.418328523635864258e+00 2.100837707519531250e+00 1.959792256355285645e+00 5.007670879364013672e+00 3.918173313140869141e+00 2.748742103576660156e+00 3.050198078155517578e+00 4.542723178863525391e+00 2.848376512527465820e+00 4.607452392578125000e+00
2.885534048080444336e+00 3.041012763977050781e+00 5.227328300476074219e+00 3.856095790863037109e+00 3.489854812622070312e+00 3.908778190612792969e+00 3.905952453613281250e+00 3.812898159027099609e+00 5.425301551818847656e+00 4.933952331542968750e+00 5.135859012603759766e+00 2.787116050720214844e+00 4.398593425750732422e+00 2.505940914154052734e+00 1.961800098419189453e+00 3.791836261749267578e+00 3.881339073181152344e+00 4.368374824523925781e+00 2.431236982345581055e+00 4.796773910522460938e+00
2.560730934143066406e+00 2.383204936981201172e+00 4.128964424133300781e+00 3.519063472747802734e+00 5.932180404663085938e+00 4.324843883514404297e+00 4.440767765045166016e+00 3.583799362182617188e+00 4.814307212829589844e+00 9.845021247863769531e+00 4.861021041870117188e+00 8.881283760070800781e+00 2.324615955352783203e+00 2.933009624481201172e+00 3.809912919998168945e+00 2.669888019561767578e+00 2.351744651794433594e+00 4.548548698425292969e+00 5.937951564788818359e+00 3.896564960479736328e+00
4.799773693084716797e+00 3.223711013793945312e+00 3.707839012145996094e+00 2.768012523651123047e+00 5.362092971801757812e+00 2.134761810302734375e+00 2.625972747802734375e+00 4.294973850250244141e+00 3.996352434158325195e+00 4.018970012664794922e+00 8.550426483154296875e+00 5.035243988037109375e+00 3.658869028091430664e+00 2.740923404693603516e+00 4.225988388061523438e+00 3.416628599166870117e+00 2.644134044647216797e+00 4.723977088928222656e+00 5.134435653686523438e+00 3.483009576797485352e+00
