2019-07-24 15:15:00
7.286160945892333984e+00 2.630778312683105469e+00 4.901500701904296875e+00 4.616184234619140625e+00 5.019429206848144531e+00 3.952153682708740234e+00 4.133429050445556641e+00 3.889393091201782227e+00 7.931964874267578125e+00 6.532898426055908203e+00 4.379021644592285156e+00 3.735662460327148438e+00 7.490311622619628906e+00 2.022355794906616211e+00 2.673724651336669922e+00 6.308620452880859375e+00 4.791639328002929688e+00 5.191442489624023438e+00 4.474681854248046875e+00 4.217073917388916016e+00
6.063429355621337891e+00 7.510904312133789062e+00 5.084565162658691406e+00 9.020118713378906250e+00 8.422089576721191406e+00 3.823054313659667969e+00 3.669539928436279297e+00 4.266654014587402344e+00 4.500289916992187500e+00 3.773031711578369141e+00 3.131814956665039062e+00 5.180395603179931641e+00 3.601915121078491211e+00 4.729025840759277344e+00 2.974058389663696289e+00 4.203537464141845703e+00 9.553283691406250000e+00 1.337698554992675781e+01 3.387746572494506836e+00 4.490542411804199219e+00
6.824149131774902344e+00 6.821266174316406250e+00 3.696002960205078125e+00 6.501029491424560547e+00 1.061517715454101562e+01 8.228705406188964844e+00 6.329613685607910156e+00 4.182443618774414062e+00 4.928088188171386719e+00 2.842583656311035156e+00 6.457091808319091797e+00 6.964623928070068359e+00 3.308017730712890625e+00 6.059171199798583984e+00 7.354971408843994141e+00 3.266773700714111328e+00 8.569857597351074219e+00 7.364175319671630859e+00 3.322120189666748047e+00 3.031149625778198242e+00
4.280807971954345703e+00 6.090888023376464844e+00 6.207320213317871094e+00 6.092750549316406250e+00 5.153381824493408203e+00 4.577670574188232422e+00 2.755347490310668945e+00 1.853814125061035156e+00 4.914866924285888672e+00 8.091252326965332031e+00 7.621231079101562500e+00 6.845248222351074219e+00 3.769167900085449219e+00 2.989898443222045898e+00 8.844636917114257812e+00 3.856163740158081055e+00 3.692731618881225586e+00 4.786591529846191406e+00 4.157029151916503906e+00 3.720625877380371094e+00
3.815768718719482422e+00 3.305023670196533203e+00 3.682924270629882812e+00 3.453963756561279297e+00 2.793593883514404297e+00 6.744931697845458984e+00 3.164272069931030273e+00 1.966717123985290527e+00 5.333063125610351562e+00 7.995492458343505859e+00 5.886426925659179688e+00 6.835006713867187500e+00 9.857104301452636719e+00 3.874104261398315430e+00 6.864344120025634766e+00 7.888799190521240234e+00 4.202529907226562500e+00 4.803153991699218750e+00 7.559324741363525391e+00 2.558406829833984375e+00
5.082539558410644531e+00 2.118972301483154297e+00 6.400796890258789062e+00 7.406353950500488281e+00 4.076053142547607422e+00 6.944493293762207031e+00 3.169456720352172852e+00 9.128553390502929688e+00 1.010127544403076172e+01 6.026471138000488281e+00 7.343077182769775391e+00 6.991273880004882812e+00 4.483767509460449219e+00 3.762263774871826172e+00 3.882122993469238281e+00 4.022900581359863281e+00 3.167541503906250000e+00 6.216176509857177734e+00 6.317311763763427734e+00 6.055356025695800781e+00
3.890390872955322266e+00 4.264411926269531250e+00 4.379666805267333984e+00 7.354663372039794922e+00 1.439496755599975586e+00 8.593047142028808594e+00 3.065383434295654297e+00 5.190513134002685547e+00 6.268314838409423828e+00 5.854841709136962891e+00 9.579552650451660156e+00 5.883099555969238281e+00 5.856987953186035156e+00 5.872091293334960938e+00 5.425546646118164062e+00 6.825815677642822266e+00 4.712322711944580078e+00 5.567288398742675781e+00 4.188659667968750000e+00 9.369388580322265625e+00
6.603939056396484375e+00 3.974420547485351562e+00 5.708375930786132812e+00 3.190459728240966797e+00 6.552419662475585938e+00 2.785262107849121094e+00 3.154470443725585938e+00 6.251190662384033203e+00 2.512686729431152344e+00 5.601826667785644531e+00 5.148503303527832031e+00 5.087024211883544922e+00 7.919971466064453125e+00 8.200107574462890625e+00 5.779297828674316406e+00 2.076856851577758789e+00 4.724790573120117188e+00 2.353034019470214844e+00 8.635560989379882812e+00 4.180770874023437500e+00
6.600943088531494141e+00 4.593641757965087891e+00 5.746658325195312500e+00 5.111927032470703125e+00 6.932160377502441406e+00 3.231186628341674805e+00 6.281343460083007812e+00 5.136504173278808594e+00 6.023560523986816406e+00 3.824253320693969727e+00 5.548059463500976562e+00 7.861825466156005859e+00 6.239827156066894531e+00 5.303200244903564453e+00 5.981169700622558594e+00 4.063026428222656250e+00 4.512187004089355469e+00 2.877805948257446289e+00 4.168727874755859375e+00 4.015327453613281250e+00
8.362154006958007812e+00 6.534886360168457031e+00 3.179674386978149414e+00 3.893256902694702148e+00 4.587442874908447266e+00 5.980094909667968750e+00 4.543235778808593750e+00 4.619384288787841797e+00 4.821715354919433594e+00 4.746510505676269531e+00 4.999021053314208984e+00 3.979283332824707031e+00 7.486800193786621094e+00 3.373354196548461914e+00 5.090080261230468750e+00 3.351725578308105469e+00 6.176661014556884766e+00 2.116594314575195312e+00 4.068105697631835938e+00 4.438996315002441406e+00
4.274206161499023438e+00 4.632102966308593750e+00 2.044926643371582031e+00 2.828776359558105469e+00 6.023297309875488281e+00 6.477530479431152344e+00 6.672109603881835938e+00 4.294136047363281250e+00 6.196982860565185547e+00 4.359552383422851562e+00 2.930741310119628906e+00 5.937939643859863281e+00 4.360463619232177734e+00 5.795588493347167969e+00 2.954485416412353516e+00 3.849956989288330078e+00 3.356197834014892578e+00 6.116632938385009766e+00 5.001626968383789062e+00 7.630394935607910156e+00
3.392630577087402344e+00 3.215977668762207031e+00 3.020885944366455078e+00 3.835137367248535156e+00 3.999490261077880859e+00 4.893932819366455078e+00 7.505002498626708984e+00 8.746980667114257812e+00 4.588764667510986328e+00 4.010759353637695312e+00 4.399416923522949219e+00 5.505496978759765625e+00 2.674267292022705078e+00 3.073657274246215820e+00 3.743727922439575195e+00 3.431287050247192383e+00 4.211338996887207031e+00 5.001650810241699219e+00 4.887002944946289062e+00 3.595709800720214844e+00
3.094421863555908203e+00 2.672236442565917969e+00 3.260891199111938477e+00 3.502952814102172852e+00 5.062215805053710938e+00 2.404250383377075195e+00 4.959948539733886719e+00 1.079169368743896484e+01 8.688687324523925781e+00 6.276927471160888672e+00 4.297552585601806641e+00 3.566617250442504883e+00 5.086210250854492188e+00 3.516832113265991211e+00 2.221376419067382812e+00 4.130546569824218750e+00 4.430372238159179688e+00 3.414359807968139648e+00 5.223738193511962891e+00 3.529664039611816406e+00
2.721883058547973633e+00 3.192698955535888672e+00 3.146692752838134766e+00 3.003181934356689453e+00 3.200892210006713867e+00 4.410737991333007812e+00 5.185940265655517578e+00 3.969436407089233398e+00 7.496817588806152344e+00 3.292253017425537109e+00 4.126618862152099609e+00 3.435844421386718750e+00 2.305424213409423828e+00 1.938051581382751465e+00 2.699929475784301758e+00 5.010465621948242188e+00 3.867050170898437500e+00 4.446577072143554688e+00 3.664498090744018555e+00 4.932180881500244141e+00
3.377024173736572266e+00 2.582450151443481445e+00 3.210808277130126953e+00 4.770164012908935547e+00 2.763167858123779297e+00 2.412878513336181641e+00 4.224059104919433594e+00 3.788101673126220703e+00 3.701740264892578125e+00 3.002610445022583008e+00 4.042085170745849609e+00 2.918695688247680664e+00 3.832252264022827148e+00 3.138946533203125000e+00 4.250190734863281250e+00 3.635265111923217773e+00 4.781689167022705078e+00 3.488404989242553711e+00 3.493578433990478516e+00 4.090995788574218750e+00
4.092946529388427734e+00 4.593926906585693359e+00 4.494227886199951172e+00 2.763336181640625000e+00 2.116516113281250000e+00 4.018139839172363281e+00 2.670712471008300781e+00 3.460196971893310547e+00 3.205247640609741211e+00 3.752980232238769531e+00 3.430395126342773438e+00 5.145657539367675781e+00 4.270714759826660156e+00 2.656033039093017578e+00 3.212898969650268555e+00 3.481188297271728516e+00 3.616915941238403320e+00 2.381538152694702148e+00 2.629610061645507812e+00 8.806658744812011719e+00
2.287163734436035156e+00 3.333428859710693359e+00 4.363787651062011719e+00 3.920142889022827148e+00 2.704259157180786133e+00 1.694550037384033203e+00 3.740582942962646484e+00 4.933175086975097656e+00 4.568809986114501953e+00 2.891381978988647461e+00 3.450012207031250000e+00 3.222734928131103516e+00 4.653170108795166016e+00 2.201263427734375000e+00 4.012899875640869141e+00 3.576681137084960938e+00 3.308593750000000000e+00 4.037754058837890625e+00 2.839854717254638672e+00 4.473231315612792969e+00
1.935682296752929688e+00 3.175099849700927734e+00 2.891280651092529297e+00 5.290475845336914062e+00 2.066727161407470703e+00 3.425354242324829102e+00 2.746623754501342773e+00 3.610510349273681641e+00 3.314292430877685547e+00 4.517560005187988281e+00 3.386076211929321289e+00 2.482977390289306641e+00 4.744481563568115234e+00 3.709800243377685547e+00 4.106413841247558594e+00 2.380463123321533203e+00 4.080390930175781250e+00 6.236014366149902344e+00 2.786967039108276367e+00 3.116621971130371094e+00
3.277197360992431641e+00 3.967431545257568359e+00 3.425391197204589844e+00 3.535529613494873047e+00 5.001425743103027344e+00 4.870865821838378906e+00 3.637093305587768555e+00 4.847928524017333984e+00 2.300170660018920898e+00 7.183719635009765625e+00 3.655310630798339844e+00 6.535054683685302734e+00 2.916258811950683594e+00 3.375733375549316406e+00 3.808624744415283203e+00 3.706046581268310547e+00 3.614058017730712891e+00 3.440492391586303711e+00 6.424741744995117188e+00 3.563861608505249023e+00
3.381964683532714844e+00 5.707657814025878906e+00 3.813477039337158203e+00 4.389808654785156250e+00 3.608927726745605469e+00 3.829557895660400391e+00 3.392595529556274414e+00 5.877103805541992188e+00 8.887182235717773438e+00 4.954766273498535156e+00 6.415326595306396484e+00 5.197295188903808594e+00 7.419076919555664062e+00 3.740425586700439453e+00 2.458512783050537109e+00 3.833428859710693359e+00 2.846500873565673828e+00 5.327749252319335938e+00 4.476152896881103516e+00 4.862790584564208984e+00
