2019-07-24 15:45:00
5.348692893981933594e+00 4.703342914581298828e+00 4.680917739868164062e+00 3.828525543212890625e+00 3.224635601043701172e+00 2.646908283233642578e+00 3.412376165390014648e+00 3.002388954162597656e+00 5.659660816192626953e+00 7.617605686187744141e+00 3.453186035156250000e+00 3.989972352981567383e+00 8.723169326782226562e+00 4.169770240783691406e+00 3.655361652374267578e+00 5.419068336486816406e+00 9.260408401489257812e+00 4.180666923522949219e+00 4.230108261108398438e+00 4.723347187042236328e+00
1.037357044219970703e+01 9.401583671569824219e+00 5.579401016235351562e+00 7.115283012390136719e+00 7.552741050720214844e+00 5.526487350463867188e+00 4.438503742218017578e+00 2.367482662200927734e+00 6.086283683776855469e+00 2.086127519607543945e+00 3.722011327743530273e+00 2.676094532012939453e+00 4.031797409057617188e+00 6.040365695953369141e+00 4.853169441223144531e+00 4.766581058502197266e+00 3.994213581085205078e+00 8.541694641113281250e+00 3.393343210220336914e+00 2.562213659286499023e+00
3.213930606842041016e+00 6.676146984100341797e+00 7.058362960815429688e+00 8.053823471069335938e+00 5.077660560607910156e+00 6.955278396606445312e+00 2.949501037597656250e+00 3.135120391845703125e+00 2.666573047637939453e+00 2.772766113281250000e+00 8.137804031372070312e+00 1.039419746398925781e+01 3.392698287963867188e+00 7.681431770324707031e+00 4.477516174316406250e+00 4.383411407470703125e+00 8.509761810302734375e+00 7.509135246276855469e+00 4.217144012451171875e+00 5.543496608734130859e+00
3.772328138351440430e+00 5.157176017761230469e+00 7.213753700256347656e+00 6.800019741058349609e+00 3.539059638977050781e+00 3.658097505569458008e+00 4.138429641723632812e+00 4.450763702392578125e+00 3.483820438385009766e+00 4.871356010437011719e+00 6.811576366424560547e+00 9.462631225585937500e+00 3.054871082305908203e+00 4.200395584106445312e+00 6.464019775390625000e+00 4.842303276062011719e+00 4.469361305236816406e+00 4.999844074249267578e+00 3.690312147140502930e+00 2.393436670303344727e+00
2.411822795867919922e+00 4.682024002075195312e+00 3.112262725830078125e+00 4.171878814697265625e+00 4.960576057434082031e+00 4.530443668365478516e+00 2.006711959838867188e+00 2.260503292083740234e+00 3.338102579116821289e+00 8.822853088378906250e+00 6.072016716003417969e+00 1.116449356079101562e+01 6.022407531738281250e+00 5.899334430694580078e+00 9.336782455444335938e+00 6.457384586334228516e+00 3.436734199523925781e+00 4.743284225463867188e+00 9.395702362060546875e+00 4.197057723999023438e+00
4.293689250946044922e+00 3.274365425109863281e+00 7.518975734710693359e+00 7.129808902740478516e+00 7.003874778747558594e+00 3.155890464782714844e+00 2.575279235839843750e+00 5.998293399810791016e+00 5.142790317535400391e+00 6.260764598846435547e+00 7.649230957031250000e+00 5.487544059753417969e+00 5.010051727294921875e+00 1.785203695297241211e+00 3.252155780792236328e+00 8.377541542053222656e+00 6.732139587402343750e+00 6.785396575927734375e+00 6.279616355895996094e+00 4.185630321502685547e+00
7.147068977355957031e+00 6.543622970581054688e+00 5.436265468597412109e+00 4.832867145538330078e+00 6.105531692504882812e+00 4.095279693603515625e+00 3.163568496704101562e+00 7.232082843780517578e+00 1.860023975372314453e+00 3.919440984725952148e+00 3.390645027160644531e+00 5.877604961395263672e+00 8.857871055603027344e+00 9.736543655395507812e+00 4.433637619018554688e+00 3.719645977020263672e+00 3.400522708892822266e+00 4.182315826416015625e+00 7.520044803619384766e+00 8.808200836181640625e+00
5.191564559936523438e+00 4.154908657073974609e+00 4.462623596191406250e+00 9.605260848999023438e+00 4.286854743957519531e+00 3.451112747192382812e+00 2.049249649047851562e+00 4.408142089843750000e+00 2.550387382507324219e+00 2.498273849487304688e+00 4.073880672454833984e+00 3.844499111175537109e+00 8.914838790893554688e+00 1.060982704162597656e+01 4.470826148986816406e+00 4.829574584960937500e+00 4.498969078063964844e+00 6.096038818359375000e+00 9.727053642272949219e+00 3.536284923553466797e+00
3.382462739944458008e+00 5.324435710906982422e+00 5.774577140808105469e+00 4.122274398803710938e+00 5.086702346801757812e+00 3.602320671081542969e+00 3.429470062255859375e+00 3.438611030578613281e+00 3.820235252380371094e+00 5.105244159698486328e+00 5.202150344848632812e+00 3.864271640777587891e+00 9.697936058044433594e+00 6.649883270263671875e+00 5.395429134368896484e+00 5.170044898986816406e+00 8.301694869995117188e+00 5.522064685821533203e+00 5.857284545898437500e+00 4.176431655883789062e+00
4.246775627136230469e+00 6.677277565002441406e+00 3.890040159225463867e+00 2.021758079528808594e+00 3.700941085815429688e+00 3.087320327758789062e+00 3.438667774200439453e+00 2.450253248214721680e+00 4.483814239501953125e+00 9.156626701354980469e+00 6.613131523132324219e+00 4.193128585815429688e+00 4.223914623260498047e+00 4.495552539825439453e+00 4.798457145690917969e+00 4.601183891296386719e+00 1.062265014648437500e+01 8.437759399414062500e+00 2.811855077743530273e+00 5.685914993286132812e+00
2.562428474426269531e+00 3.202910423278808594e+00 2.444871187210083008e+00 3.229093074798583984e+00 3.712995529174804688e+00 3.448761224746704102e+00 3.535884380340576172e+00 3.159000873565673828e+00 5.313761711120605469e+00 3.363007545471191406e+00 5.664146423339843750e+00 8.511690139770507812e+00 5.617542266845703125e+00 4.853824615478515625e+00 6.077356815338134766e+00 4.652194976806640625e+00 5.796603202819824219e+00 6.857131958007812500e+00 5.552103996276855469e+00 6.443477630615234375e+00
3.245755910873413086e+00 2.952015399932861328e+00 4.172681331634521484e+00 3.022250175476074219e+00 3.243375301361083984e+00 3.365908145904541016e+00 4.074280738830566406e+00 3.149448394775390625e+00 2.743882179260253906e+00 3.660901069641113281e+00 4.698149681091308594e+00 2.227277994155883789e+00 1.011294269561767578e+01 5.515212059020996094e+00 5.484377861022949219e+00 3.957716464996337891e+00 3.465311050415039062e+00 3.586103916168212891e+00 3.586411476135253906e+00 4.023767471313476562e+00
3.321455955505371094e+00 2.912564039230346680e+00 3.064585685729980469e+00 3.921743392944335938e+00 3.171946048736572266e+00 3.574881315231323242e+00 2.920307159423828125e+00 4.014791488647460938e+00 5.441896438598632812e+00 4.523881912231445312e+00 3.840910434722900391e+00 5.220385551452636719e+00 8.601266860961914062e+00 9.936208724975585938e+00 7.137054920196533203e+00 5.793034553527832031e+00 3.748831272125244141e+00 5.520281791687011719e+00 5.707784652709960938e+00 5.340725421905517578e+00
3.185385227203369141e+00 2.832152843475341797e+00 4.906718730926513672e+00 2.029429912567138672e+00 3.701386213302612305e+00 3.048395156860351562e+00 4.059433937072753906e+00 4.326773643493652344e+00 5.172712802886962891e+00 4.920034885406494141e+00 6.537277698516845703e+00 7.453291416168212891e+00 4.930443286895751953e+00 6.710471153259277344e+00 7.383136749267578125e+00 4.523308753967285156e+00 7.518387317657470703e+00 5.440360069274902344e+00 7.944025516510009766e+00 6.137334823608398438e+00
3.151402950286865234e+00 3.133474588394165039e+00 3.014079332351684570e+00 2.758017063140869141e+00 4.354960441589355469e+00 2.143807172775268555e+00 2.216571331024169922e+00 4.095386505126953125e+00 4.654118537902832031e+00 4.314311504364013672e+00 5.786768913269042969e+00 5.102291107177734375e+00 7.482383251190185547e+00 5.663361549377441406e+00 6.522628307342529297e+00 5.713709831237792969e+00 5.173944473266601562e+00 5.919113159179687500e+00 5.977134704589843750e+00 5.868814468383789062e+00
5.140776634216308594e+00 4.648633956909179688e+00 4.216946601867675781e+00 3.086323976516723633e+00 3.157142400741577148e+00 3.338588714599609375e+00 2.477140426635742188e+00 4.013913631439208984e+00 3.272803783416748047e+00 5.112095832824707031e+00 5.301938056945800781e+00 6.168305873870849609e+00 9.485705375671386719e+00 6.495898246765136719e+00 4.103688716888427734e+00 5.473875045776367188e+00 5.440005302429199219e+00 3.643973112106323242e+00 4.223667144775390625e+00 7.367462158203125000e+00
2.531344413757324219e+00 3.295166969299316406e+00 5.656060218811035156e+00 3.276283740997314453e+00 5.406267166137695312e+00 2.885771274566650391e+00 4.513792037963867188e+00 4.649384498596191406e+00 5.229974746704101562e+00 6.767995834350585938e+00 4.118140220642089844e+00 6.818341255187988281e+00 5.412952899932861328e+00 6.863903522491455078e+00 4.946500778198242188e+00 4.808045387268066406e+00 5.096012115478515625e+00 4.638191699981689453e+00 4.596634864807128906e+00 7.050042629241943359e+00
4.490226745605468750e+00 2.334448814392089844e+00 3.419874191284179688e+00 6.346004486083984375e+00 5.313326835632324219e+00 3.681349039077758789e+00 5.410872459411621094e+00 3.460156679153442383e+00 5.566337108612060547e+00 6.984775543212890625e+00 6.810617923736572266e+00 5.567023277282714844e+00 6.598640441894531250e+00 3.873227834701538086e+00 4.395018577575683594e+00 5.456348419189453125e+00 6.496574401855468750e+00 4.137960433959960938e+00 5.497310161590576172e+00 4.407122611999511719e+00
3.545077800750732422e+00 3.556989192962646484e+00 3.388801097869873047e+00 3.154270172119140625e+00 7.611755371093750000e+00 5.917226791381835938e+00 4.780926704406738281e+00 6.669199466705322266e+00 7.307720661163330078e+00 9.089046478271484375e+00 8.382341384887695312e+00 5.164848327636718750e+00 4.072083473205566406e+00 6.776866912841796875e+00 4.749064445495605469e+00 5.902482986450195312e+00 5.573268890380859375e+00 2.986555337905883789e+00 7.572075843811035156e+00 5.073843479156494141e+00
4.051593780517578125e+00 6.098226547241210938e+00 3.848189830780029297e+00 3.838125944137573242e+00 4.171658515930175781e+00 4.743558883666992188e+00 6.640222072601318359e+00 5.691760063171386719e+00 6.562543869018554688e+00 7.930860996246337891e+00 1.005911445617675781e+01 7.576392173767089844e+00 6.833424091339111328e+00 6.921932220458984375e+00 6.866693019866943359e+00 4.252593040466308594e+00 4.222897529602050781e+00 5.158985137939453125e+00 4.173001766204833984e+00 3.433876276016235352e+00
