2019-07-24 16:00:00
5.440477848052978516e+00 4.856462001800537109e+00 6.325385093688964844e+00 4.295443534851074219e+00 4.757019996643066406e+00 3.876205444335937500e+00 3.007510423660278320e+00 2.926777124404907227e+00 6.015520095825195312e+00 7.756380081176757812e+00 3.688725471496582031e+00 2.112871885299682617e+00 7.493703842163085938e+00 2.091633319854736328e+00 2.514409542083740234e+00 5.525385856628417969e+00 5.804600715637207031e+00 2.843731403350830078e+00 2.424108028411865234e+00 3.918176174163818359e+00
5.449793338775634766e+00 3.036551475524902344e+00 6.489824295043945312e+00 4.266618728637695312e+00 3.990753650665283203e+00 3.714964866638183594e+00 2.741221427917480469e+00 2.735376834869384766e+00 3.435451984405517578e+00 2.287199020385742188e+00 2.685830116271972656e+00 3.258229732513427734e+00 4.493647098541259766e+00 4.087987899780273438e+00 3.765034675598144531e+00 2.729652404785156250e+00 6.684300899505615234e+00 4.060707569122314453e+00 4.427878856658935547e+00 5.154329776763916016e+00
6.490657329559326172e+00 3.463277339935302734e+00 7.221719741821289062e+00 7.462137699127197266e+00 2.727775096893310547e+00 5.060175418853759766e+00 4.330091476440429688e+00 3.452586174011230469e+00 3.405161857604980469e+00 3.313935279846191406e+00 5.007141590118408203e+00 5.809719085693359375e+00 2.488401889801025391e+00 4.276600837707519531e+00 6.891852855682373047e+00 1.386750459671020508e+00 5.142890453338623047e+00 7.331411361694335938e+00 2.865266323089599609e+00 2.719318866729736328e+00
4.196782588958740234e+00 5.957058429718017578e+00 6.577431678771972656e+00 6.933442115783691406e+00 3.792565822601318359e+00 3.009448528289794922e+00 3.124327182769775391e+00 3.078099489212036133e+00 2.921853065490722656e+00 6.211295127868652344e+00 6.611711502075195312e+00 7.687011718750000000e+00 3.061826229095458984e+00 3.258023738861083984e+00 6.518621444702148438e+00 3.271054744720458984e+00 2.135628223419189453e+00 2.965502738952636719e+00 3.174155712127685547e+00 3.616659641265869141e+00
2.792477607727050781e+00 3.731731653213500977e+00 3.358198642730712891e+00 5.345971107482910156e+00 4.002426147460937500e+00 2.640585899353027344e+00 2.964518785476684570e+00 2.907957553863525391e+00 8.286278724670410156e+00 4.586892127990722656e+00 5.348251819610595703e+00 4.370671272277832031e+00 5.660955429077148438e+00 3.347693443298339844e+00 3.602522850036621094e+00 5.309807777404785156e+00 2.608915805816650391e+00 6.516978740692138672e+00 8.572545051574707031e+00 2.543079376220703125e+00
4.840077877044677734e+00 3.596483945846557617e+00 9.218491554260253906e+00 6.009077548980712891e+00 4.552352905273437500e+00 3.283003807067871094e+00 2.882194280624389648e+00 6.011087894439697266e+00 7.452108383178710938e+00 4.660068511962890625e+00 4.008731842041015625e+00 5.016463279724121094e+00 5.536824226379394531e+00 3.160763263702392578e+00 2.529273271560668945e+00 4.106779098510742188e+00 2.641450405120849609e+00 8.565780639648437500e+00 5.780478477478027344e+00 2.853976249694824219e+00
5.462660789489746094e+00 7.489558219909667969e+00 5.040519714355468750e+00 3.390518665313720703e+00 3.528393507003784180e+00 4.916622161865234375e+00 4.016729354858398438e+00 3.658226966857910156e+00 2.142518520355224609e+00 2.729532480239868164e+00 2.901227235794067383e+00 2.754424095153808594e+00 9.799354553222656250e+00 3.087714195251464844e+00 2.183889389038085938e+00 5.263286590576171875e+00 4.591101169586181641e+00 3.469381332397460938e+00 8.498957633972167969e+00 6.864841461181640625e+00
5.843323230743408203e+00 2.984902381896972656e+00 3.716441869735717773e+00 4.855631351470947266e+00 4.666571617126464844e+00 2.440675735473632812e+00 3.928688049316406250e+00 3.909851312637329102e+00 2.994582176208496094e+00 4.455511093139648438e+00 4.366565704345703125e+00 3.724332809448242188e+00 3.032219886779785156e+00 3.323213100433349609e+00 2.835795879364013672e+00 3.989835500717163086e+00 6.926185607910156250e+00 2.668110132217407227e+00 4.044771671295166016e+00 3.111964225769042969e+00
4.232618331909179688e+00 4.131052494049072266e+00 5.164411544799804688e+00 4.101732254028320312e+00 4.486299514770507812e+00 2.452542066574096680e+00 3.207640886306762695e+00 3.344608306884765625e+00 3.507803678512573242e+00 6.168030738830566406e+00 2.748574495315551758e+00 3.535176038742065430e+00 3.771717786788940430e+00 4.800436019897460938e+00 6.351094245910644531e+00 2.978128671646118164e+00 6.792775154113769531e+00 2.779472112655639648e+00 2.109750270843505859e+00 3.586589336395263672e+00
4.576710700988769531e+00 4.916668891906738281e+00 2.990265369415283203e+00 2.826892375946044922e+00 2.905111789703369141e+00 2.453492403030395508e+00 3.158929347991943359e+00 2.753581047058105469e+00 4.370651721954345703e+00 4.203207015991210938e+00 4.364820003509521484e+00 5.576711177825927734e+00 1.411781311035156250e+00 2.673367023468017578e+00 2.494506359100341797e+00 2.896106958389282227e+00 6.852806091308593750e+00 3.748517513275146484e+00 4.354453086853027344e+00 1.754790306091308594e+00
2.624442577362060547e+00 2.252254962921142578e+00 2.424278974533081055e+00 3.782469749450683594e+00 2.865502119064331055e+00 2.499041318893432617e+00 2.557730913162231445e+00 4.687762260437011719e+00 3.541045904159545898e+00 2.802675724029541016e+00 3.249221324920654297e+00 4.857254028320312500e+00 6.193655490875244141e+00 5.860471725463867188e+00 2.684402465820312500e+00 3.176384687423706055e+00 3.078272104263305664e+00 7.579849720001220703e+00 3.863184213638305664e+00 3.273249626159667969e+00
3.500562191009521484e+00 3.569991827011108398e+00 3.059122562408447266e+00 1.910886049270629883e+00 3.681121110916137695e+00 3.146034717559814453e+00 2.956325531005859375e+00 3.109625339508056641e+00 2.155122280120849609e+00 2.675832271575927734e+00 3.049599647521972656e+00 2.469433307647705078e+00 3.988299608230590820e+00 3.266463041305541992e+00 3.592333793640136719e+00 6.842573165893554688e+00 3.233769893646240234e+00 4.446656227111816406e+00 3.462645530700683594e+00 1.690692305564880371e+00
3.199878215789794922e+00 3.491275548934936523e+00 2.715002059936523438e+00 3.270336389541625977e+00 2.272722721099853516e+00 3.552080869674682617e+00 3.040473937988281250e+00 4.488191604614257812e+00 3.035898208618164062e+00 3.930490493774414062e+00 3.410156250000000000e+00 3.478485107421875000e+00 3.865633010864257812e+00 1.594310522079467773e+00 2.926333427429199219e+00 4.148437500000000000e+00 3.253931045532226562e+00 1.996331691741943359e+00 3.788177490234375000e+00 3.132155895233154297e+00
1.703095436096191406e+00 4.112140655517578125e+00 3.384516716003417969e+00 3.785452604293823242e+00 2.698859214782714844e+00 2.497209072113037109e+00 1.723639011383056641e+00 2.936362028121948242e+00 2.876024246215820312e+00 2.793559074401855469e+00 4.202333450317382812e+00 3.080276727676391602e+00 4.434792995452880859e+00 3.228255748748779297e+00 2.959793806076049805e+00 3.680262088775634766e+00 2.756746292114257812e+00 3.634712696075439453e+00 3.526124477386474609e+00 1.562253713607788086e+00
3.800117492675781250e+00 2.558692216873168945e+00 1.657168745994567871e+00 1.973475933074951172e+00 1.855123043060302734e+00 2.661091327667236328e+00 2.287096977233886719e+00 3.764146327972412109e+00 3.609012365341186523e+00 4.562180519104003906e+00 3.388533592224121094e+00 3.905028343200683594e+00 2.540299415588378906e+00 2.215909957885742188e+00 2.915523052215576172e+00 2.509392738342285156e+00 3.527053117752075195e+00 4.141259193420410156e+00 2.210928678512573242e+00 5.979765892028808594e+00
3.205403327941894531e+00 2.479574680328369141e+00 3.126662254333496094e+00 4.009155273437500000e+00 2.322743892669677734e+00 4.184452533721923828e+00 2.455837249755859375e+00 3.505210161209106445e+00 3.282835960388183594e+00 2.981384277343750000e+00 4.112361907958984375e+00 3.504777908325195312e+00 3.070532798767089844e+00 3.165461301803588867e+00 3.890922307968139648e+00 4.054473876953125000e+00 2.001179933547973633e+00 2.232490777969360352e+00 3.131368637084960938e+00 3.367914199829101562e+00
3.128185987472534180e+00 4.104592323303222656e+00 5.311804771423339844e+00 2.338751077651977539e+00 2.415398836135864258e+00 2.169116258621215820e+00 2.901430130004882812e+00 3.079242229461669922e+00 3.086949348449707031e+00 2.572917938232421875e+00 2.001825332641601562e+00 4.257853507995605469e+00 4.091794967651367188e+00 2.685588836669921875e+00 2.397854566574096680e+00 3.472676753997802734e+00 3.540460109710693359e+00 2.453137159347534180e+00 2.922285318374633789e+00 6.884878158569335938e+00
3.597379684448242188e+00 2.329660892486572266e+00 3.063989162445068359e+00 3.466420412063598633e+00 4.339545249938964844e+00 3.073856830596923828e+00 3.440961360931396484e+00 1.843578815460205078e+00 2.275302410125732422e+00 3.815881729125976562e+00 3.773535490036010742e+00 2.910030603408813477e+00 2.214208602905273438e+00 3.110589981079101562e+00 3.588573932647705078e+00 3.654171466827392578e+00 3.120090961456298828e+00 4.562364578247070312e+00 2.846904516220092773e+00 2.984106540679931641e+00
3.392511129379272461e+00 2.963860511779785156e+00 3.524352312088012695e+00 3.271449804306030273e+00 2.875357866287231445e+00 3.864005088806152344e+00 4.074451446533203125e+00 2.697521209716796875e+00 3.447829723358154297e+00 4.905853271484375000e+00 4.644351005554199219e+00 5.753261566162109375e+00 1.199462175369262695e+00 2.994525909423828125e+00 3.979759454727172852e+00 1.958146095275878906e+00 2.918215513229370117e+00 2.449131965637207031e+00 2.833380699157714844e+00 1.689086318016052246e+00
5.322220325469970703e+00 4.522874832153320312e+00 2.772032022476196289e+00 3.143620252609252930e+00 4.170894145965576172e+00 2.455218553543090820e+00 3.564286231994628906e+00 2.177911043167114258e+00 6.197689056396484375e+00 4.511427879333496094e+00 5.152829170227050781e+00 6.861731529235839844e+00 5.783802986145019531e+00 4.367434024810791016e+00 3.345633983612060547e+00 2.783788204193115234e+00 3.676113367080688477e+00 3.484426975250244141e+00 3.686227798461914062e+00 2.660465240478515625e+00
