2019-07-24 16:30:00
3.073986530303955078e+00 6.136499404907226562e+00 9.490480422973632812e+00 3.113144874572753906e+00 4.876720905303955078e+00 3.078568935394287109e+00 2.156390428543090820e+00 3.159331798553466797e+00 6.046184539794921875e+00 7.555387973785400391e+00 3.702501296997070312e+00 3.662468194961547852e+00 4.793319702148437500e+00 2.827363491058349609e+00 2.559798717498779297e+00 4.927497863769531250e+00 3.771809101104736328e+00 3.995797395706176758e+00 3.695421218872070312e+00 2.556777954101562500e+00
7.581999778747558594e+00 4.639352798461914062e+00 6.119400024414062500e+00 7.920006752014160156e+00 7.975982666015625000e+00 4.224548816680908203e+00 3.391558408737182617e+00 2.533572196960449219e+00 2.995464563369750977e+00 2.467507839202880859e+00 2.905252933502197266e+00 4.243965148925781250e+00 2.413182258605957031e+00 4.305002689361572266e+00 3.267508029937744141e+00 2.286170005798339844e+00 4.624847412109375000e+00 5.460951805114746094e+00 3.422467231750488281e+00 4.294472694396972656e+00
9.206815719604492188e+00 4.656864166259765625e+00 6.847491264343261719e+00 6.603656291961669922e+00 3.706489086151123047e+00 6.259644985198974609e+00 6.041049480438232422e+00 3.275005817413330078e+00 2.876848697662353516e+00 2.382591724395751953e+00 6.573865890502929688e+00 7.581606864929199219e+00 3.719396829605102539e+00 5.385263919830322266e+00 4.992823600769042969e+00 2.794857025146484375e+00 4.796543121337890625e+00 3.339096069335937500e+00 3.635538101196289062e+00 3.277017593383789062e+00
4.478105545043945312e+00 5.365095615386962891e+00 8.003274917602539062e+00 6.206313610076904297e+00 3.269244909286499023e+00 1.553551197052001953e+00 3.879934310913085938e+00 3.741804122924804688e+00 3.885895490646362305e+00 4.661454200744628906e+00 6.242112159729003906e+00 5.466801643371582031e+00 2.789209365844726562e+00 4.874022483825683594e+00 5.470932960510253906e+00 2.655531406402587891e+00 2.793966770172119141e+00 5.213863372802734375e+00 2.990040063858032227e+00 3.879547595977783203e+00
1.842412590980529785e+00 3.870265960693359375e+00 2.963994026184082031e+00 4.380358219146728516e+00 4.855205535888671875e+00 6.469163417816162109e+00 2.968991279602050781e+00 2.301284074783325195e+00 2.632390975952148438e+00 3.304889678955078125e+00 7.827648162841796875e+00 5.634125709533691406e+00 6.768897533416748047e+00 2.997410297393798828e+00 8.270361900329589844e+00 6.422873497009277344e+00 3.223487377166748047e+00 5.301199913024902344e+00 5.000091552734375000e+00 4.182418823242187500e+00
3.972508907318115234e+00 3.761020183563232422e+00 5.225759506225585938e+00 9.376567840576171875e+00 3.459358930587768555e+00 5.678408145904541016e+00 3.013278007507324219e+00 2.608013868331909180e+00 5.954666614532470703e+00 3.140670061111450195e+00 6.523892879486083984e+00 6.248187541961669922e+00 5.545263290405273438e+00 2.807308673858642578e+00 1.943793058395385742e+00 4.778707027435302734e+00 2.646141052246093750e+00 4.249669075012207031e+00 5.149652481079101562e+00 3.608220577239990234e+00
6.865600109100341797e+00 3.115972995758056641e+00 5.315767765045166016e+00 3.533570289611816406e+00 7.802544593811035156e+00 4.861689567565917969e+00 2.910463333129882812e+00 7.368031024932861328e+00 2.976111888885498047e+00 3.566705465316772461e+00 2.736321449279785156e+00 3.208421230316162109e+00 4.735376358032226562e+00 3.970144748687744141e+00 2.586475133895874023e+00 5.866404056549072266e+00 3.725315570831298828e+00 2.666969299316406250e+00 4.437730789184570312e+00 8.455007553100585938e+00
8.539183616638183594e+00 3.660746574401855469e+00 3.183823108673095703e+00 5.102866172790527344e+00 6.322341918945312500e+00 3.103714942932128906e+00 2.570611238479614258e+00 1.863865137100219727e+00 4.257319450378417969e+00 1.949278235435485840e+00 4.000902175903320312e+00 4.156246185302734375e+00 6.414323329925537109e+00 4.619256973266601562e+00 3.941815853118896484e+00 3.285974502563476562e+00 6.235877037048339844e+00 2.325152397155761719e+00 6.890836715698242188e+00 2.531534910202026367e+00
3.965679407119750977e+00 3.932883024215698242e+00 4.984280586242675781e+00 4.558596611022949219e+00 4.849838733673095703e+00 3.379122257232666016e+00 3.357093572616577148e+00 3.672556400299072266e+00 3.399466037750244141e+00 5.667057037353515625e+00 2.650817394256591797e+00 3.021182060241699219e+00 3.362908363342285156e+00 5.297930240631103516e+00 6.914698123931884766e+00 3.616530895233154297e+00 6.193979263305664062e+00 2.439927816390991211e+00 3.450758218765258789e+00 4.488091468811035156e+00
5.974825859069824219e+00 5.457009315490722656e+00 3.754650831222534180e+00 3.547905683517456055e+00 2.675071001052856445e+00 2.732989788055419922e+00 2.157128810882568359e+00 3.089062929153442383e+00 5.023028373718261719e+00 6.085947990417480469e+00 6.510262489318847656e+00 5.439897537231445312e+00 5.560153961181640625e+00 2.822285652160644531e+00 2.395848989486694336e+00 1.894930481910705566e+00 6.269052505493164062e+00 3.832437992095947266e+00 2.555368423461914062e+00 3.279639244079589844e+00
2.828422307968139648e+00 4.317354202270507812e+00 3.424243927001953125e+00 3.537089347839355469e+00 2.720967531204223633e+00 3.137313842773437500e+00 3.552183628082275391e+00 2.664745092391967773e+00 2.637037754058837891e+00 3.651916503906250000e+00 3.067242622375488281e+00 7.199311256408691406e+00 3.654090404510498047e+00 6.315479278564453125e+00 1.976493716239929199e+00 2.853359222412109375e+00 3.281124114990234375e+00 2.654876470565795898e+00 2.357656478881835938e+00 3.803657531738281250e+00
3.073799848556518555e+00 4.152982711791992188e+00 3.773067235946655273e+00 3.733389139175415039e+00 3.543123483657836914e+00 2.856429576873779297e+00 3.386531829833984375e+00 3.558059453964233398e+00 3.984666585922241211e+00 3.441209316253662109e+00 2.615856647491455078e+00 3.422163009643554688e+00 2.764934539794921875e+00 3.961807727813720703e+00 2.659988880157470703e+00 7.049990177154541016e+00 2.434574127197265625e+00 3.470454216003417969e+00 4.425879001617431641e+00 3.256767749786376953e+00
4.179399013519287109e+00 3.504376649856567383e+00 3.604053020477294922e+00 3.455374240875244141e+00 2.265760421752929688e+00 2.117835998535156250e+00 2.682431697845458984e+00 2.974516391754150391e+00 2.517526626586914062e+00 2.700593471527099609e+00 4.022702217102050781e+00 3.306229591369628906e+00 3.821843862533569336e+00 2.583075046539306641e+00 4.056565761566162109e+00 2.385756969451904297e+00 2.984202861785888672e+00 3.409347057342529297e+00 3.781169891357421875e+00 3.720655679702758789e+00
3.159679889678955078e+00 1.623654127120971680e+00 2.879640102386474609e+00 3.002056837081909180e+00 3.431276321411132812e+00 3.520115137100219727e+00 2.674175500869750977e+00 3.493839502334594727e+00 4.105908870697021484e+00 2.321345329284667969e+00 3.305582046508789062e+00 6.244116783142089844e+00 3.704558610916137695e+00 4.279745101928710938e+00 2.633907556533813477e+00 4.437443733215332031e+00 2.785317420959472656e+00 3.178603410720825195e+00 4.048519611358642578e+00 3.863602161407470703e+00
2.898527622222900391e+00 3.170393466949462891e+00 4.827634334564208984e+00 3.247694015502929688e+00 3.077220916748046875e+00 3.309978961944580078e+00 1.280572533607482910e+00 3.333529472351074219e+00 3.944112539291381836e+00 3.008050203323364258e+00 3.133079051971435547e+00 2.335769176483154297e+00 2.811105728149414062e+00 2.210467815399169922e+00 3.247974395751953125e+00 3.461551427841186523e+00 3.599822998046875000e+00 3.451750516891479492e+00 3.224350929260253906e+00 5.743422508239746094e+00
2.702217340469360352e+00 3.842952251434326172e+00 3.179194688796997070e+00 3.056832313537597656e+00 2.961055278778076172e+00 3.028089046478271484e+00 2.496158599853515625e+00 4.124382972717285156e+00 1.987587928771972656e+00 2.520425319671630859e+00 2.587878704071044922e+00 2.674688100814819336e+00 3.315301418304443359e+00 2.867450237274169922e+00 3.774754762649536133e+00 1.855551719665527344e+00 3.788227796554565430e+00 3.504952907562255859e+00 2.595659732818603516e+00 8.572320938110351562e+00
2.325984477996826172e+00 3.813956022262573242e+00 2.617445230484008789e+00 3.137597799301147461e+00 4.066208839416503906e+00 3.445780277252197266e+00 3.283245801925659180e+00 3.407423019409179688e+00 4.391023159027099609e+00 3.903834342956542969e+00 3.707803964614868164e+00 3.535010814666748047e+00 3.434593439102172852e+00 3.915650129318237305e+00 2.574604988098144531e+00 2.554090023040771484e+00 3.799194097518920898e+00 2.980724096298217773e+00 4.357298374176025391e+00 3.022821426391601562e+00
3.440855026245117188e+00 2.713839292526245117e+00 3.147196769714355469e+00 5.044325828552246094e+00 1.807080864906311035e+00 4.439362525939941406e+00 4.001416206359863281e+00 3.231010675430297852e+00 2.844999551773071289e+00 3.410713672637939453e+00 2.864152908325195312e+00 2.072537422180175781e+00 3.217602252960205078e+00 3.889946222305297852e+00 3.143556833267211914e+00 2.348667621612548828e+00 3.242455005645751953e+00 2.638901233673095703e+00 2.306556224822998047e+00 2.785151481628417969e+00
2.394471406936645508e+00 3.431379318237304688e+00 1.718238115310668945e+00 3.744933605194091797e+00 5.707690238952636719e+00 3.270888805389404297e+00 3.659482955932617188e+00 2.693770170211791992e+00 4.017049312591552734e+00 6.264561176300048828e+00 4.766142845153808594e+00 9.762324333190917969e+00 2.040539979934692383e+00 3.556807279586791992e+00 4.197764873504638672e+00 1.922834396362304688e+00 2.454250812530517578e+00 2.421639919281005859e+00 2.725763797760009766e+00 3.927620410919189453e+00
3.942113876342773438e+00 5.338956832885742188e+00 1.309319734573364258e+00 4.614159107208251953e+00 3.005999088287353516e+00 4.106499671936035156e+00 3.649323940277099609e+00 4.927246093750000000e+00 5.118379116058349609e+00 8.630493164062500000e+00 4.796582221984863281e+00 3.103250980377197266e+00 5.052628040313720703e+00 2.006683826446533203e+00 3.246401309967041016e+00 3.237662315368652344e+00 3.557874441146850586e+00 5.038666248321533203e+00 3.539674043655395508e+00 2.715366601943969727e+00
