2019-07-24 16:45:00
6.705611705780029297e+00 8.012310028076171875e+00 3.843134641647338867e+00 3.497162342071533203e+00 3.189405441284179688e+00 3.620626211166381836e+00 3.339337348937988281e+00 2.413027286529541016e+00 6.419314384460449219e+00 4.323238372802734375e+00 3.455279827117919922e+00 3.100561380386352539e+00 7.055624008178710938e+00 2.155953407287597656e+00 2.945979595184326172e+00 6.763871192932128906e+00 6.199826240539550781e+00 3.756843328475952148e+00 3.458092451095581055e+00 4.273595809936523438e+00
5.215816497802734375e+00 4.147166252136230469e+00 4.350347518920898438e+00 5.047700405120849609e+00 5.152976989746093750e+00 2.804026365280151367e+00 2.834342956542968750e+00 2.611694335937500000e+00 2.286145925521850586e+00 3.367170333862304688e+00 3.823914527893066406e+00 2.846526145935058594e+00 4.437994003295898438e+00 7.151998996734619141e+00 3.359392642974853516e+00 2.795410633087158203e+00 8.331146240234375000e+00 7.229300498962402344e+00 4.824137687683105469e+00 3.255279541015625000e+00
6.425162792205810547e+00 5.788501739501953125e+00 8.198827743530273438e+00 5.183630943298339844e+00 5.447291374206542969e+00 7.227081298828125000e+00 2.639743804931640625e+00 3.168995857238769531e+00 2.711226463317871094e+00 3.459831476211547852e+00 6.266003608703613281e+00 5.751456260681152344e+00 2.913316249847412109e+00 6.231740951538085938e+00 4.726500511169433594e+00 2.839434385299682617e+00 4.640938758850097656e+00 5.364719390869140625e+00 2.641793727874755859e+00 2.525953054428100586e+00
3.046567916870117188e+00 3.174507617950439453e+00 5.760238647460937500e+00 3.758586406707763672e+00 3.761498451232910156e+00 2.219194650650024414e+00 2.980662584304809570e+00 2.074902057647705078e+00 2.839336395263671875e+00 4.107306957244873047e+00 5.581924915313720703e+00 6.793700218200683594e+00 3.476066350936889648e+00 3.868799209594726562e+00 5.151168823242187500e+00 1.843126535415649414e+00 4.057798385620117188e+00 5.805876731872558594e+00 2.864399433135986328e+00 3.390119075775146484e+00
3.227015495300292969e+00 3.859251976013183594e+00 3.046034336090087891e+00 2.611220836639404297e+00 4.240999221801757812e+00 4.955494880676269531e+00 2.752251863479614258e+00 2.757731199264526367e+00 4.614000320434570312e+00 4.616229057312011719e+00 6.914008140563964844e+00 5.100189208984375000e+00 4.435873985290527344e+00 3.490281105041503906e+00 5.827407836914062500e+00 4.182288169860839844e+00 2.234128236770629883e+00 6.928151130676269531e+00 8.150177955627441406e+00 3.679104804992675781e+00
4.323934555053710938e+00 3.203314781188964844e+00 9.139699935913085938e+00 3.119899749755859375e+00 2.233509063720703125e+00 5.794386863708496094e+00 3.647257089614868164e+00 7.645154953002929688e+00 6.079963684082031250e+00 4.538956165313720703e+00 5.222111701965332031e+00 4.459836959838867188e+00 5.307335853576660156e+00 3.333763599395751953e+00 4.089475631713867188e+00 3.721192121505737305e+00 1.594372153282165527e+00 7.576135635375976562e+00 4.138321399688720703e+00 3.993874073028564453e+00
7.259526252746582031e+00 6.065639495849609375e+00 8.296566009521484375e+00 3.711381435394287109e+00 3.909103155136108398e+00 3.755927562713623047e+00 2.324323415756225586e+00 3.204444408416748047e+00 2.425007343292236328e+00 3.955375909805297852e+00 2.505048513412475586e+00 4.197123527526855469e+00 5.781288146972656250e+00 4.913169384002685547e+00 4.310033798217773438e+00 6.140993118286132812e+00 3.973716974258422852e+00 3.472204446792602539e+00 6.694067001342773438e+00 5.557461261749267578e+00
4.863654136657714844e+00 3.933290481567382812e+00 2.598265647888183594e+00 7.923754215240478516e+00 6.872403621673583984e+00 2.968440771102905273e+00 2.368738889694213867e+00 1.832648754119873047e+00 3.131420135498046875e+00 2.392806053161621094e+00 3.748436212539672852e+00 2.785897493362426758e+00 3.959491729736328125e+00 4.172556877136230469e+00 2.103524684906005859e+00 2.883860588073730469e+00 6.346060752868652344e+00 2.311972141265869141e+00 7.348859310150146484e+00 3.951681137084960938e+00
4.376715660095214844e+00 4.495632171630859375e+00 5.445889472961425781e+00 3.175098180770874023e+00 4.118420600891113281e+00 3.826463222503662109e+00 3.361861944198608398e+00 2.900528907775878906e+00 3.595318317413330078e+00 4.161138057708740234e+00 2.651757240295410156e+00 2.512288331985473633e+00 5.278430938720703125e+00 6.343760490417480469e+00 3.214627742767333984e+00 4.090511322021484375e+00 6.805563926696777344e+00 2.515692710876464844e+00 3.294938564300537109e+00 2.490386962890625000e+00
4.269588470458984375e+00 4.602857589721679688e+00 4.192605972290039062e+00 2.636550426483154297e+00 3.234072208404541016e+00 3.117031335830688477e+00 3.564217090606689453e+00 2.800074100494384766e+00 6.631680965423583984e+00 3.388423919677734375e+00 6.496529579162597656e+00 7.306758880615234375e+00 7.967736721038818359e+00 3.786928653717041016e+00 2.364688873291015625e+00 3.590417623519897461e+00 5.757256507873535156e+00 3.406186103820800781e+00 2.181276798248291016e+00 2.011668682098388672e+00
3.476360321044921875e+00 3.116951942443847656e+00 5.218721866607666016e+00 2.986454486846923828e+00 3.713889837265014648e+00 2.504479408264160156e+00 2.337628364562988281e+00 4.253862380981445312e+00 2.348119974136352539e+00 2.604326725006103516e+00 3.331514358520507812e+00 7.311364173889160156e+00 5.272410392761230469e+00 5.570858001708984375e+00 1.793105363845825195e+00 1.400572061538696289e+00 2.884222030639648438e+00 3.467938899993896484e+00 2.364022731781005859e+00 5.251372337341308594e+00
2.772196531295776367e+00 2.374887466430664062e+00 3.253860950469970703e+00 2.918727636337280273e+00 3.725816726684570312e+00 1.915439605712890625e+00 4.615677356719970703e+00 3.144812822341918945e+00 3.991743326187133789e+00 4.194837570190429688e+00 3.350905656814575195e+00 4.645993709564208984e+00 4.465367317199707031e+00 2.922842264175415039e+00 3.328644037246704102e+00 6.996450424194335938e+00 3.717529296875000000e+00 2.190812587738037109e+00 3.598080873489379883e+00 2.535305500030517578e+00
2.615999221801757812e+00 3.077086448669433594e+00 2.003894805908203125e+00 3.484341382980346680e+00 3.958192348480224609e+00 2.827402830123901367e+00 2.562980651855468750e+00 4.135917663574218750e+00 2.964727401733398438e+00 1.878595948219299316e+00 3.076711893081665039e+00 3.657214164733886719e+00 3.335822105407714844e+00 3.717189550399780273e+00 3.792974948883056641e+00 2.214678287506103516e+00 4.948458671569824219e+00 2.618428945541381836e+00 4.115205764770507812e+00 3.002284526824951172e+00
3.557901144027709961e+00 3.786941051483154297e+00 2.831249713897705078e+00 3.645294427871704102e+00 3.955707073211669922e+00 2.579005241394042969e+00 4.254105091094970703e+00 3.383208274841308594e+00 2.313992500305175781e+00 2.551036834716796875e+00 3.267677783966064453e+00 1.728192806243896484e+00 3.465971231460571289e+00 4.152594566345214844e+00 3.453251838684082031e+00 3.274958610534667969e+00 2.844388961791992188e+00 3.755525350570678711e+00 3.577677249908447266e+00 3.378625869750976562e+00
4.056049346923828125e+00 3.883555889129638672e+00 1.841039419174194336e+00 3.813967227935791016e+00 3.968144893646240234e+00 3.028355360031127930e+00 3.397219657897949219e+00 4.199307441711425781e+00 3.767307758331298828e+00 3.457258224487304688e+00 2.482121944427490234e+00 3.000011444091796875e+00 4.129409790039062500e+00 4.494565963745117188e+00 3.039573192596435547e+00 2.397712230682373047e+00 3.028871059417724609e+00 2.869540214538574219e+00 2.089099407196044922e+00 7.937275886535644531e+00
4.201943874359130859e+00 4.685005664825439453e+00 2.235302686691284180e+00 3.961518287658691406e+00 3.421903610229492188e+00 1.685455560684204102e+00 2.840265750885009766e+00 2.623437404632568359e+00 3.001346349716186523e+00 2.792621374130249023e+00 4.473299026489257812e+00 3.622471570968627930e+00 3.742128849029541016e+00 2.526071548461914062e+00 2.779698133468627930e+00 2.833472728729248047e+00 3.255305767059326172e+00 4.218401908874511719e+00 1.601472735404968262e+00 6.260360240936279297e+00
2.498723030090332031e+00 2.607085704803466797e+00 4.461513996124267578e+00 2.274382591247558594e+00 4.594944000244140625e+00 3.337844848632812500e+00 3.982557296752929688e+00 2.607254266738891602e+00 3.218365430831909180e+00 3.120151996612548828e+00 3.792897701263427734e+00 4.785993576049804688e+00 3.159854888916015625e+00 3.599708795547485352e+00 3.669425725936889648e+00 3.166717052459716797e+00 2.414927482604980469e+00 2.392518997192382812e+00 2.337541103363037109e+00 6.177756786346435547e+00
2.867396354675292969e+00 2.886737823486328125e+00 2.576374053955078125e+00 4.245242118835449219e+00 4.191243648529052734e+00 4.014467716217041016e+00 4.289644241333007812e+00 3.275210857391357422e+00 4.224653244018554688e+00 4.917626380920410156e+00 4.314548969268798828e+00 3.749911785125732422e+00 3.469999551773071289e+00 2.685844898223876953e+00 3.102852106094360352e+00 3.196665048599243164e+00 4.537379264831542969e+00 4.488373756408691406e+00 2.352498531341552734e+00 2.564837455749511719e+00
3.730381250381469727e+00 3.118786334991455078e+00 3.438928127288818359e+00 3.143573522567749023e+00 4.260168075561523438e+00 4.091030597686767578e+00 4.480693817138671875e+00 3.402838230133056641e+00 2.443678140640258789e+00 7.154567241668701172e+00 3.865661621093750000e+00 6.506886482238769531e+00 2.694323301315307617e+00 3.459995985031127930e+00 4.336633682250976562e+00 3.023263454437255859e+00 3.919564485549926758e+00 2.311101198196411133e+00 1.996487617492675781e+00 1.808711409568786621e+00
3.024377346038818359e+00 4.400923728942871094e+00 3.951824426651000977e+00 4.901477336883544922e+00 2.838553428649902344e+00 4.261954307556152344e+00 4.338762283325195312e+00 3.005374193191528320e+00 7.048146247863769531e+00 4.894808769226074219e+00 4.066724777221679688e+00 5.588741302490234375e+00 5.611730575561523438e+00 2.676432847976684570e+00 5.117799758911132812e+00 2.868020057678222656e+00 2.643695354461669922e+00 3.402167797088623047e+00 2.922537803649902344e+00 3.140604257583618164e+00
