2019-07-24 17:15:00
6.513072967529296875e+00 5.722741603851318359e+00 5.680825710296630859e+00 4.104356765747070312e+00 3.851619482040405273e+00 3.768229722976684570e+00 3.325459718704223633e+00 4.515663146972656250e+00 8.211437225341796875e+00 7.391595363616943359e+00 4.619781494140625000e+00 2.133027315139770508e+00 3.874268531799316406e+00 2.925702095031738281e+00 3.205115318298339844e+00 4.090603828430175781e+00 2.796120643615722656e+00 2.604291439056396484e+00 3.177141189575195312e+00 3.175714015960693359e+00
2.915612697601318359e+00 6.450426101684570312e+00 5.161964893341064453e+00 5.724019527435302734e+00 5.293415069580078125e+00 2.797104597091674805e+00 2.205827951431274414e+00 2.713465929031372070e+00 3.318611621856689453e+00 3.211840391159057617e+00 3.548795223236083984e+00 3.720422744750976562e+00 3.287590742111206055e+00 4.944118976593017578e+00 2.145657062530517578e+00 2.647521734237670898e+00 5.692992210388183594e+00 5.390432357788085938e+00 2.575762748718261719e+00 1.815606474876403809e+00
6.790209293365478516e+00 7.480939865112304688e+00 4.287394046783447266e+00 6.521587848663330078e+00 6.050789833068847656e+00 2.901608943939208984e+00 4.086007595062255859e+00 2.974356651306152344e+00 2.671109437942504883e+00 3.556511640548706055e+00 4.262969017028808594e+00 5.345620632171630859e+00 3.762466669082641602e+00 3.627096891403198242e+00 5.377236366271972656e+00 4.913062095642089844e+00 4.207448005676269531e+00 5.725940704345703125e+00 2.609461784362792969e+00 3.936778306961059570e+00
3.220396041870117188e+00 3.860031604766845703e+00 4.705480575561523438e+00 5.881029605865478516e+00 3.513040542602539062e+00 3.029730558395385742e+00 3.970714092254638672e+00 6.585696220397949219e+00 2.872128248214721680e+00 3.185934543609619141e+00 5.814239501953125000e+00 9.231882095336914062e+00 3.901988983154296875e+00 3.325499057769775391e+00 5.066645622253417969e+00 3.164631843566894531e+00 1.819359302520751953e+00 6.343634128570556641e+00 3.515786647796630859e+00 3.697839260101318359e+00
3.341953039169311523e+00 3.144788503646850586e+00 3.902294397354125977e+00 3.428371906280517578e+00 3.331051349639892578e+00 4.474678516387939453e+00 3.293505191802978516e+00 2.530023574829101562e+00 4.396145343780517578e+00 5.743478775024414062e+00 4.565359115600585938e+00 5.839619636535644531e+00 1.758082747459411621e+00 3.868420600891113281e+00 5.586863517761230469e+00 5.630896568298339844e+00 3.560970306396484375e+00 6.582651138305664062e+00 5.582777976989746094e+00 1.739975929260253906e+00
5.770810127258300781e+00 3.725029945373535156e+00 6.262639999389648438e+00 7.477774620056152344e+00 3.633975028991699219e+00 6.294174671173095703e+00 3.703384399414062500e+00 4.650069713592529297e+00 5.011139869689941406e+00 3.068962335586547852e+00 6.128668308258056641e+00 6.055891513824462891e+00 5.420326232910156250e+00 3.166289806365966797e+00 3.713800668716430664e+00 8.109886169433593750e+00 3.693906307220458984e+00 3.812409400939941406e+00 5.816329479217529297e+00 3.629686117172241211e+00
5.854358673095703125e+00 2.738926410675048828e+00 5.585860252380371094e+00 6.809625148773193359e+00 5.746680259704589844e+00 3.243158578872680664e+00 3.657703399658203125e+00 4.476305961608886719e+00 3.464270114898681641e+00 3.473550319671630859e+00 4.185485363006591797e+00 3.158441543579101562e+00 6.264141559600830078e+00 4.498456954956054688e+00 3.843256473541259766e+00 6.591447353363037109e+00 1.986977934837341309e+00 3.199970245361328125e+00 7.196086883544921875e+00 8.905797004699707031e+00
7.143340110778808594e+00 3.411074399948120117e+00 3.229176044464111328e+00 3.169003963470458984e+00 7.621963977813720703e+00 3.297449827194213867e+00 3.924515008926391602e+00 3.152973651885986328e+00 3.565171718597412109e+00 3.363822460174560547e+00 3.146565675735473633e+00 2.790103435516357422e+00 3.292836666107177734e+00 4.138266563415527344e+00 3.473727703094482422e+00 4.359975814819335938e+00 6.019218444824218750e+00 3.652964353561401367e+00 4.175296783447265625e+00 2.655582666397094727e+00
3.759644985198974609e+00 4.423748970031738281e+00 3.773169279098510742e+00 4.111331939697265625e+00 2.833475351333618164e+00 2.851234912872314453e+00 3.219933986663818359e+00 2.568025588989257812e+00 2.024506330490112305e+00 4.801096916198730469e+00 3.011537551879882812e+00 2.633937835693359375e+00 5.876669883728027344e+00 8.418699264526367188e+00 6.116594314575195312e+00 4.738649368286132812e+00 4.110739707946777344e+00 3.376681804656982422e+00 2.605893611907958984e+00 4.274351119995117188e+00
3.687185525894165039e+00 3.107601642608642578e+00 2.527622222900390625e+00 2.226391077041625977e+00 3.320556163787841797e+00 3.405301094055175781e+00 3.306681632995605469e+00 1.947899580001831055e+00 4.041872978210449219e+00 5.578515052795410156e+00 3.070126056671142578e+00 4.427178382873535156e+00 5.290303230285644531e+00 2.328915834426879883e+00 3.137331962585449219e+00 3.699148178100585938e+00 3.641814231872558594e+00 4.775113105773925781e+00 3.339518547058105469e+00 3.380357503890991211e+00
2.233481407165527344e+00 2.805886268615722656e+00 3.104509830474853516e+00 3.297626018524169922e+00 2.825464963912963867e+00 2.632396459579467773e+00 2.415328502655029297e+00 3.798539161682128906e+00 3.419603586196899414e+00 4.066730976104736328e+00 2.962150812149047852e+00 9.039194107055664062e+00 4.850996017456054688e+00 4.042966842651367188e+00 2.502872943878173828e+00 4.048714160919189453e+00 4.481741905212402344e+00 6.386604309082031250e+00 2.811430692672729492e+00 3.683626413345336914e+00
2.943164825439453125e+00 3.416161060333251953e+00 2.894624471664428711e+00 3.455844402313232422e+00 2.703377962112426758e+00 3.280965805053710938e+00 4.075996398925781250e+00 3.011679649353027344e+00 3.178190231323242188e+00 2.841406822204589844e+00 3.441356897354125977e+00 3.500392198562622070e+00 3.932860136032104492e+00 2.835306167602539062e+00 3.500677585601806641e+00 5.625368118286132812e+00 4.132615089416503906e+00 1.455877184867858887e+00 3.907867908477783203e+00 3.186347961425781250e+00
3.257379531860351562e+00 3.731421470642089844e+00 3.132712602615356445e+00 3.932046413421630859e+00 1.735492229461669922e+00 2.178922891616821289e+00 3.054168224334716797e+00 3.773993730545043945e+00 3.802563190460205078e+00 3.636420011520385742e+00 2.585739850997924805e+00 1.654548883438110352e+00 2.679376602172851562e+00 2.704025745391845703e+00 3.504894018173217773e+00 2.758580207824707031e+00 3.514436721801757812e+00 3.642582893371582031e+00 2.234202384948730469e+00 3.916112899780273438e+00
4.661183834075927734e+00 3.757718801498413086e+00 2.079068660736083984e+00 2.353368043899536133e+00 3.214144229888916016e+00 3.836373090744018555e+00 3.790634632110595703e+00 3.004913806915283203e+00 3.629859685897827148e+00 3.603467941284179688e+00 1.886007189750671387e+00 2.168556928634643555e+00 3.054844379425048828e+00 3.621392011642456055e+00 1.921618223190307617e+00 3.082031011581420898e+00 2.645587205886840820e+00 2.827288627624511719e+00 2.344399452209472656e+00 3.745270729064941406e+00
2.782407760620117188e+00 4.115240573883056641e+00 2.616045951843261719e+00 2.738299846649169922e+00 4.016639232635498047e+00 1.857931256294250488e+00 3.796720027923583984e+00 3.118969917297363281e+00 2.704823493957519531e+00 2.853951454162597656e+00 2.840858697891235352e+00 3.610306978225708008e+00 3.145473003387451172e+00 2.594318866729736328e+00 2.820914745330810547e+00 3.156545162200927734e+00 1.647659897804260254e+00 2.741362571716308594e+00 2.005604743957519531e+00 5.231345176696777344e+00
3.051673412322998047e+00 3.427131414413452148e+00 2.624558925628662109e+00 2.348953247070312500e+00 4.573597431182861328e+00 2.869281768798828125e+00 2.965516567230224609e+00 3.226543903350830078e+00 3.175886869430541992e+00 3.003574848175048828e+00 3.211289405822753906e+00 3.138158082962036133e+00 2.894895553588867188e+00 3.436446428298950195e+00 3.859836578369140625e+00 3.047631740570068359e+00 4.875477790832519531e+00 2.756672382354736328e+00 3.588123798370361328e+00 3.628861904144287109e+00
2.476107120513916016e+00 4.326488494873046875e+00 5.258860588073730469e+00 2.693593502044677734e+00 5.681527137756347656e+00 2.109419822692871094e+00 3.003345251083374023e+00 3.126955747604370117e+00 2.529973030090332031e+00 3.796126842498779297e+00 2.250948905944824219e+00 3.481201887130737305e+00 3.411502361297607422e+00 4.839470863342285156e+00 3.431615352630615234e+00 4.612818717956542969e+00 3.121316194534301758e+00 1.997424125671386719e+00 2.840636253356933594e+00 2.213668584823608398e+00
2.224514245986938477e+00 3.184148073196411133e+00 3.965286731719970703e+00 3.650452852249145508e+00 4.636018276214599609e+00 2.612414598464965820e+00 3.224020957946777344e+00 2.582276821136474609e+00 2.697544097900390625e+00 3.198905467987060547e+00 4.357815265655517578e+00 2.536721706390380859e+00 2.319301128387451172e+00 2.664659738540649414e+00 3.152181148529052734e+00 2.995379686355590820e+00 5.104191780090332031e+00 4.269428253173828125e+00 3.011637687683105469e+00 3.732912063598632812e+00
3.599641799926757812e+00 3.739574909210205078e+00 2.766440391540527344e+00 3.396019935607910156e+00 3.409162044525146484e+00 2.297478199005126953e+00 2.941222190856933594e+00 2.749174356460571289e+00 2.704704761505126953e+00 7.172457218170166016e+00 3.734710454940795898e+00 6.766242027282714844e+00 3.566854476928710938e+00 3.552837133407592773e+00 4.110492706298828125e+00 3.592496395111083984e+00 3.406748771667480469e+00 3.882297754287719727e+00 4.981059074401855469e+00 1.907411932945251465e+00
4.085930347442626953e+00 3.223244905471801758e+00 3.260515451431274414e+00 4.083775043487548828e+00 1.899361848831176758e+00 2.327324151992797852e+00 2.618767499923706055e+00 1.797134637832641602e+00 8.436399459838867188e+00 7.364353179931640625e+00 6.929023742675781250e+00 4.648744106292724609e+00 4.081214904785156250e+00 4.330050945281982422e+00 4.887712478637695312e+00 2.846905708312988281e+00 2.961546897888183594e+00 3.787045478820800781e+00 4.478689193725585938e+00 3.241347551345825195e+00
