2019-07-24 01:45:00
4.026623725891113281e+00 6.695307254791259766e+00 6.056362152099609375e+00 2.530752658843994141e+00 3.834795475006103516e+00 3.447212934494018555e+00 2.216748476028442383e+00 4.253680229187011719e+00 7.345256805419921875e+00 6.581325531005859375e+00 3.317916393280029297e+00 4.026355266571044922e+00 7.946819305419921875e+00 3.694399118423461914e+00 4.429911136627197266e+00 4.398849487304687500e+00 6.025760650634765625e+00 4.968173980712890625e+00 3.732971668243408203e+00 4.495349884033203125e+00
6.861450195312500000e+00 3.759753227233886719e+00 1.399690151214599609e+01 5.525643348693847656e+00 5.102010726928710938e+00 3.604908227920532227e+00 3.736831665039062500e+00 2.183335542678833008e+00 2.583515167236328125e+00 3.461040496826171875e+00 3.937730312347412109e+00 4.421939849853515625e+00 4.407938003540039062e+00 4.712722778320312500e+00 5.393842220306396484e+00 3.789636373519897461e+00 7.036726474761962891e+00 5.063570022583007812e+00 4.387908935546875000e+00 3.483481884002685547e+00
3.948606491088867188e+00 7.103541374206542969e+00 7.464727401733398438e+00 6.203452110290527344e+00 3.980943679809570312e+00 7.038709640502929688e+00 5.691387653350830078e+00 3.870124340057373047e+00 5.053720951080322266e+00 2.418378829956054688e+00 6.911482334136962891e+00 5.666037082672119141e+00 3.599512338638305664e+00 5.488351821899414062e+00 7.816927909851074219e+00 2.880942344665527344e+00 5.490045547485351562e+00 7.198244094848632812e+00 4.562246322631835938e+00 3.357980012893676758e+00
3.984775543212890625e+00 7.191331863403320312e+00 1.019819736480712891e+01 5.370428085327148438e+00 3.150533914566040039e+00 3.916368007659912109e+00 4.672292709350585938e+00 3.812227725982666016e+00 3.952806234359741211e+00 8.582048416137695312e+00 3.173346042633056641e+00 6.640620708465576172e+00 4.635659694671630859e+00 2.978757619857788086e+00 4.831372261047363281e+00 4.268600463867187500e+00 3.241466522216796875e+00 3.344906330108642578e+00 3.245905399322509766e+00 2.506297588348388672e+00
2.781208753585815430e+00 2.847167968750000000e+00 4.588737010955810547e+00 4.450460433959960938e+00 2.958799839019775391e+00 7.627783775329589844e+00 3.991226196289062500e+00 2.131705760955810547e+00 4.680180072784423828e+00 6.149987220764160156e+00 7.551782131195068359e+00 4.213896751403808594e+00 9.318305969238281250e+00 2.707422733306884766e+00 8.636237144470214844e+00 5.536142349243164062e+00 2.602210998535156250e+00 5.123588085174560547e+00 8.064256668090820312e+00 2.542282342910766602e+00
7.337737560272216797e+00 2.849535942077636719e+00 6.908802986145019531e+00 6.806767463684082031e+00 1.176000595092773438e+01 6.629316329956054688e+00 5.123753547668457031e+00 1.083220291137695312e+01 4.152327537536621094e+00 5.477974414825439453e+00 5.323639869689941406e+00 7.195748329162597656e+00 2.745319843292236328e+00 4.455657958984375000e+00 2.432664394378662109e+00 9.414536476135253906e+00 4.196763992309570312e+00 4.748076438903808594e+00 5.515588283538818359e+00 3.058253765106201172e+00
6.964430809020996094e+00 8.659937858581542969e+00 4.817844867706298828e+00 6.271846771240234375e+00 5.434323310852050781e+00 1.314415740966796875e+01 3.219891548156738281e+00 5.984678745269775391e+00 2.895191431045532227e+00 3.795253515243530273e+00 2.356317520141601562e+00 4.706340312957763672e+00 7.574267387390136719e+00 8.297177314758300781e+00 3.204720735549926758e+00 5.896480560302734375e+00 4.592132568359375000e+00 4.295143604278564453e+00 8.590636253356933594e+00 7.737283706665039062e+00
9.542818069458007812e+00 5.724965095520019531e+00 4.348843574523925781e+00 7.379463672637939453e+00 8.149791717529296875e+00 5.812272071838378906e+00 5.275962829589843750e+00 3.674011707305908203e+00 2.346409797668457031e+00 2.723283290863037109e+00 4.230295181274414062e+00 3.594595193862915039e+00 1.034951019287109375e+01 9.945428848266601562e+00 4.659083366394042969e+00 3.997527599334716797e+00 4.791356563568115234e+00 4.257446765899658203e+00 6.039643287658691406e+00 3.825629711151123047e+00
2.970354557037353516e+00 5.319800376892089844e+00 5.831449508666992188e+00 4.988553047180175781e+00 8.182989120483398438e+00 4.482276916503906250e+00 2.690023660659790039e+00 4.545451641082763672e+00 4.696130275726318359e+00 8.881565093994140625e+00 4.641650676727294922e+00 4.319341659545898438e+00 4.194281578063964844e+00 4.816175937652587891e+00 5.843011856079101562e+00 4.618012905120849609e+00 5.012314319610595703e+00 2.965433597564697266e+00 3.257796049118041992e+00 4.606481552124023438e+00
6.224552154541015625e+00 6.801539897918701172e+00 3.294111251831054688e+00 2.954730987548828125e+00 2.903768062591552734e+00 4.125374317169189453e+00 4.323032379150390625e+00 2.649520635604858398e+00 6.767313003540039062e+00 7.853464126586914062e+00 4.799765586853027344e+00 5.932892799377441406e+00 4.400078773498535156e+00 3.423018932342529297e+00 4.354289054870605469e+00 2.798581123352050781e+00 9.121976852416992188e+00 3.816313505172729492e+00 2.100178956985473633e+00 3.188009023666381836e+00
4.680243492126464844e+00 3.686010360717773438e+00 3.658028841018676758e+00 4.085909366607666016e+00 3.326620340347290039e+00 3.796043872833251953e+00 4.397438049316406250e+00 3.930485486984252930e+00 4.139785766601562500e+00 6.686920642852783203e+00 4.295693874359130859e+00 7.296399116516113281e+00 6.166729927062988281e+00 4.301937103271484375e+00 4.924480438232421875e+00 5.208639144897460938e+00 3.502321720123291016e+00 6.768559455871582031e+00 4.162562370300292969e+00 5.429185867309570312e+00
2.996325016021728516e+00 3.652748107910156250e+00 4.647306442260742188e+00 4.360178947448730469e+00 3.034000873565673828e+00 3.698404312133789062e+00 6.242615699768066406e+00 4.209288597106933594e+00 3.905296087265014648e+00 2.530764102935791016e+00 4.663048267364501953e+00 3.378089427947998047e+00 5.915789604187011719e+00 3.113340377807617188e+00 3.718322277069091797e+00 5.777168273925781250e+00 4.885059356689453125e+00 3.098085403442382812e+00 3.188910007476806641e+00 3.268177509307861328e+00
2.572027921676635742e+00 3.129714965820312500e+00 5.082049369812011719e+00 4.618680000305175781e+00 2.673316478729248047e+00 2.651945829391479492e+00 2.203505039215087891e+00 4.317708015441894531e+00 4.742002487182617188e+00 4.327168464660644531e+00 3.705162048339843750e+00 4.583965301513671875e+00 3.981272935867309570e+00 4.228218555450439453e+00 4.675112724304199219e+00 3.601059675216674805e+00 4.458835124969482422e+00 2.857935905456542969e+00 6.144275665283203125e+00 4.343160152435302734e+00
4.228286743164062500e+00 2.611944675445556641e+00 3.209315776824951172e+00 3.282749176025390625e+00 3.736095190048217773e+00 3.092409610748291016e+00 4.554757595062255859e+00 3.438617706298828125e+00 3.099396467208862305e+00 3.174290180206298828e+00 3.079633951187133789e+00 3.607595682144165039e+00 2.787687063217163086e+00 3.414833068847656250e+00 4.102613449096679688e+00 3.449949026107788086e+00 2.939124345779418945e+00 5.169507026672363281e+00 4.564064025878906250e+00 4.514842987060546875e+00
3.078741312026977539e+00 4.686801910400390625e+00 3.796621084213256836e+00 3.578235626220703125e+00 3.229289054870605469e+00 1.433763504028320312e+00 4.602679252624511719e+00 2.301276922225952148e+00 3.789522647857666016e+00 2.341009378433227539e+00 4.384031772613525391e+00 2.381321907043457031e+00 4.643077373504638672e+00 4.122228622436523438e+00 3.260775327682495117e+00 2.263005733489990234e+00 4.382947921752929688e+00 4.225378990173339844e+00 3.180692434310913086e+00 6.258910179138183594e+00
2.500027656555175781e+00 3.074659109115600586e+00 2.883095741271972656e+00 4.198108196258544922e+00 4.480658531188964844e+00 3.471295356750488281e+00 4.248177528381347656e+00 4.350360393524169922e+00 2.958665370941162109e+00 5.142717361450195312e+00 4.173065662384033203e+00 3.373745441436767578e+00 5.556913375854492188e+00 4.085287570953369141e+00 4.470113754272460938e+00 4.685366630554199219e+00 4.115590095520019531e+00 4.289384841918945312e+00 3.404639720916748047e+00 5.373380661010742188e+00
2.747233152389526367e+00 3.280475139617919922e+00 9.231832504272460938e+00 3.419651985168457031e+00 6.449640750885009766e+00 2.689871549606323242e+00 4.035481452941894531e+00 3.670313358306884766e+00 3.905821084976196289e+00 4.056417942047119141e+00 4.317707061767578125e+00 5.020212173461914062e+00 3.834903717041015625e+00 3.384919881820678711e+00 3.928308486938476562e+00 5.797300338745117188e+00 5.045340538024902344e+00 4.949111461639404297e+00 5.519051551818847656e+00 6.200752258300781250e+00
3.572613716125488281e+00 2.978565692901611328e+00 2.250777006149291992e+00 7.713676452636718750e+00 6.112895965576171875e+00 3.394729137420654297e+00 3.512382984161376953e+00 3.085784196853637695e+00 6.036234378814697266e+00 5.617191791534423828e+00 6.173933029174804688e+00 3.027116298675537109e+00 7.092768669128417969e+00 4.091651916503906250e+00 4.371270179748535156e+00 2.878717899322509766e+00 5.102751731872558594e+00 4.319734573364257812e+00 2.861151218414306641e+00 2.673689365386962891e+00
3.774219989776611328e+00 2.608988523483276367e+00 4.454653739929199219e+00 3.892312288284301758e+00 5.663851261138916016e+00 4.078066349029541016e+00 7.475923538208007812e+00 4.249374866485595703e+00 6.931334495544433594e+00 7.092975616455078125e+00 8.210462570190429688e+00 1.144556903839111328e+01 3.923041582107543945e+00 3.182570934295654297e+00 8.654706001281738281e+00 3.048345804214477539e+00 4.522332191467285156e+00 2.773699045181274414e+00 5.632674694061279297e+00 4.626814365386962891e+00
4.620978355407714844e+00 5.528209686279296875e+00 2.505283355712890625e+00 8.035690307617187500e+00 6.525814056396484375e+00 3.371837139129638672e+00 6.758884429931640625e+00 6.779527187347412109e+00 5.965803146362304688e+00 8.881399154663085938e+00 7.651634693145751953e+00 6.476398944854736328e+00 6.318767547607421875e+00 3.513606071472167969e+00 3.067306041717529297e+00 3.144441127777099609e+00 4.211815834045410156e+00 6.848179817199707031e+00 3.284612178802490234e+00 4.451187610626220703e+00
