2019-07-24 17:30:00
6.121583938598632812e+00 7.340725898742675781e+00 6.178688049316406250e+00 3.612109661102294922e+00 2.945965528488159180e+00 3.629762649536132812e+00 2.956536293029785156e+00 5.220386505126953125e+00 3.652714967727661133e+00 6.689142227172851562e+00 3.516521930694580078e+00 3.700696945190429688e+00 3.512025833129882812e+00 3.720996379852294922e+00 2.381453990936279297e+00 4.183498382568359375e+00 6.495480537414550781e+00 3.648494243621826172e+00 2.519569635391235352e+00 3.261692047119140625e+00
4.200027465820312500e+00 6.126047134399414062e+00 6.731956958770751953e+00 8.958887100219726562e+00 6.698718547821044922e+00 4.018047332763671875e+00 3.358434677124023438e+00 4.015009403228759766e+00 3.830071449279785156e+00 3.391160249710083008e+00 2.614260673522949219e+00 4.547888278961181641e+00 4.700821399688720703e+00 5.159140110015869141e+00 2.148565292358398438e+00 3.043602466583251953e+00 7.194379329681396484e+00 7.236250877380371094e+00 3.701519489288330078e+00 2.963000774383544922e+00
5.647585868835449219e+00 4.202723979949951172e+00 4.315307617187500000e+00 6.729803085327148438e+00 3.296817302703857422e+00 4.095665931701660156e+00 2.620005130767822266e+00 2.676623344421386719e+00 2.698454856872558594e+00 1.964266896247863770e+00 4.485667228698730469e+00 8.678973197937011719e+00 2.568860530853271484e+00 7.018378257751464844e+00 9.225191116333007812e+00 2.927135944366455078e+00 3.985464572906494141e+00 4.431307315826416016e+00 3.586635351181030273e+00 3.172415733337402344e+00
3.127896308898925781e+00 4.776287555694580078e+00 2.900863885879516602e+00 4.590029716491699219e+00 3.878602981567382812e+00 2.278421401977539062e+00 2.794930219650268555e+00 4.016483306884765625e+00 4.713148593902587891e+00 7.087990283966064453e+00 7.691241264343261719e+00 4.974743366241455078e+00 3.038850784301757812e+00 2.434409856796264648e+00 4.495213508605957031e+00 2.965495586395263672e+00 3.193735599517822266e+00 5.801129341125488281e+00 2.600972652435302734e+00 2.978235721588134766e+00
1.398899316787719727e+00 2.778225898742675781e+00 3.773715496063232422e+00 2.286232948303222656e+00 3.720788002014160156e+00 5.255954742431640625e+00 3.794214248657226562e+00 3.029401302337646484e+00 3.359645366668701172e+00 5.018609046936035156e+00 4.980612277984619141e+00 6.382852077484130859e+00 4.635374069213867188e+00 3.715919256210327148e+00 5.756969451904296875e+00 7.687098503112792969e+00 2.686089515686035156e+00 5.753777980804443359e+00 6.722379684448242188e+00 2.159005641937255859e+00
7.027904033660888672e+00 3.555618286132812500e+00 7.836074352264404297e+00 1.002426719665527344e+01 8.758491516113281250e+00 4.426846027374267578e+00 3.486065864562988281e+00 3.187533855438232422e+00 7.033218383789062500e+00 6.536230564117431641e+00 6.994026184082031250e+00 5.643464565277099609e+00 5.166894912719726562e+00 3.664656639099121094e+00 2.697432518005371094e+00 4.115983486175537109e+00 3.422662734985351562e+00 6.388471603393554688e+00 7.683179855346679688e+00 4.177819252014160156e+00
9.074182510375976562e+00 5.538782596588134766e+00 4.753816127777099609e+00 4.545617103576660156e+00 1.835367441177368164e+00 4.301689624786376953e+00 4.163522720336914062e+00 4.397792816162109375e+00 2.713148355484008789e+00 5.577402114868164062e+00 3.208871364593505859e+00 3.796042442321777344e+00 4.119227409362792969e+00 5.287794589996337891e+00 3.155213117599487305e+00 4.686375617980957031e+00 2.601508855819702148e+00 4.675916671752929688e+00 5.456457138061523438e+00 6.127505302429199219e+00
3.910950183868408203e+00 5.082961559295654297e+00 2.630946159362792969e+00 7.253847122192382812e+00 3.986524105072021484e+00 3.812635183334350586e+00 2.193872213363647461e+00 3.981055259704589844e+00 2.899030208587646484e+00 2.132377624511718750e+00 2.759677410125732422e+00 3.706505537033081055e+00 4.840551376342773438e+00 5.783765792846679688e+00 3.964006900787353516e+00 3.341856002807617188e+00 8.931051254272460938e+00 3.159058570861816406e+00 5.705360412597656250e+00 3.070384263992309570e+00
4.315232276916503906e+00 2.949270963668823242e+00 6.485116004943847656e+00 5.853527545928955078e+00 3.635172128677368164e+00 3.092826128005981445e+00 3.530384063720703125e+00 3.253727436065673828e+00 4.645640373229980469e+00 5.855464935302734375e+00 3.487627267837524414e+00 4.081403255462646484e+00 8.283658027648925781e+00 6.510330200195312500e+00 4.069130420684814453e+00 2.660297870635986328e+00 6.268629074096679688e+00 2.120530366897583008e+00 3.006254196166992188e+00 3.194741487503051758e+00
4.642836570739746094e+00 4.287051200866699219e+00 3.001223087310791016e+00 1.735875248908996582e+00 1.564988255500793457e+00 3.074277877807617188e+00 2.976100683212280273e+00 3.451724767684936523e+00 3.679718017578125000e+00 5.022419929504394531e+00 6.070777893066406250e+00 5.491514682769775391e+00 5.570557594299316406e+00 2.295315265655517578e+00 4.300088882446289062e+00 2.778472900390625000e+00 8.193325042724609375e+00 4.175109863281250000e+00 2.798646688461303711e+00 2.827432155609130859e+00
3.682067394256591797e+00 3.654702663421630859e+00 4.016767024993896484e+00 2.536099910736083984e+00 2.172573089599609375e+00 4.567279338836669922e+00 5.627125263214111328e+00 3.079714059829711914e+00 2.588407039642333984e+00 3.205587387084960938e+00 2.768199682235717773e+00 6.266081333160400391e+00 4.974672317504882812e+00 6.091161251068115234e+00 3.132739543914794922e+00 3.330884933471679688e+00 4.486912727355957031e+00 4.580705642700195312e+00 2.459905147552490234e+00 3.203420162200927734e+00
4.440686702728271484e+00 3.483583688735961914e+00 3.715004920959472656e+00 3.789446830749511719e+00 1.989646077156066895e+00 3.403283596038818359e+00 2.219840288162231445e+00 3.197850465774536133e+00 3.900947570800781250e+00 4.020616531372070312e+00 2.999985456466674805e+00 2.730473041534423828e+00 6.635600090026855469e+00 2.730140209197998047e+00 3.584189891815185547e+00 5.926812171936035156e+00 2.533902645111083984e+00 2.439913749694824219e+00 4.346055984497070312e+00 2.307522058486938477e+00
3.170310258865356445e+00 3.781670093536376953e+00 2.582603931427001953e+00 3.358317613601684570e+00 3.055634498596191406e+00 3.830992698669433594e+00 4.436908721923828125e+00 3.191379070281982422e+00 2.450477123260498047e+00 2.362881183624267578e+00 3.525705337524414062e+00 3.591406822204589844e+00 2.986108541488647461e+00 2.877419948577880859e+00 1.659972667694091797e+00 3.738607406616210938e+00 4.558255195617675781e+00 2.171546220779418945e+00 5.199198722839355469e+00 4.590758323669433594e+00
3.457079410552978516e+00 3.207814693450927734e+00 3.648000240325927734e+00 3.618390798568725586e+00 3.835720539093017578e+00 3.225252628326416016e+00 2.477783203125000000e+00 3.522619485855102539e+00 2.278887033462524414e+00 3.477280139923095703e+00 2.914334297180175781e+00 4.485887527465820312e+00 2.141827106475830078e+00 3.437737941741943359e+00 3.529480457305908203e+00 3.699847459793090820e+00 3.047199726104736328e+00 2.923784732818603516e+00 3.613263368606567383e+00 2.892071723937988281e+00
3.331549882888793945e+00 2.656405687332153320e+00 3.077882289886474609e+00 3.249169349670410156e+00 4.398025512695312500e+00 2.139100551605224609e+00 4.064466953277587891e+00 2.356333732604980469e+00 3.797477245330810547e+00 3.357501506805419922e+00 3.339534282684326172e+00 2.648876905441284180e+00 2.629030227661132812e+00 2.784544944763183594e+00 3.680834293365478516e+00 3.220662593841552734e+00 4.026629447937011719e+00 4.173086166381835938e+00 2.545241594314575195e+00 5.674786567687988281e+00
2.367536067962646484e+00 4.089058876037597656e+00 4.258965492248535156e+00 3.399971246719360352e+00 2.408812522888183594e+00 2.566509246826171875e+00 3.917898178100585938e+00 3.053049325942993164e+00 3.139178991317749023e+00 3.868510246276855469e+00 2.328657388687133789e+00 3.350256443023681641e+00 4.908549785614013672e+00 3.274308204650878906e+00 3.995284080505371094e+00 4.193465232849121094e+00 1.958691596984863281e+00 3.656765937805175781e+00 3.160289525985717773e+00 6.659543991088867188e+00
2.690552711486816406e+00 3.157121658325195312e+00 3.203140258789062500e+00 2.466160297393798828e+00 4.466331481933593750e+00 2.701362609863281250e+00 3.613599300384521484e+00 3.676013946533203125e+00 3.337836980819702148e+00 2.622781038284301758e+00 2.804119586944580078e+00 2.822322368621826172e+00 3.922312498092651367e+00 3.794389009475708008e+00 2.786577224731445312e+00 2.863701343536376953e+00 4.111560821533203125e+00 3.835178375244140625e+00 3.102731227874755859e+00 3.012488842010498047e+00
3.727378845214843750e+00 3.465417385101318359e+00 3.791206836700439453e+00 3.829283237457275391e+00 3.895905256271362305e+00 2.822624683380126953e+00 4.811470031738281250e+00 3.387275695800781250e+00 5.557287693023681641e+00 4.084192752838134766e+00 4.140441894531250000e+00 3.645179748535156250e+00 2.768112659454345703e+00 2.912666320800781250e+00 2.977293014526367188e+00 3.285439968109130859e+00 4.284429073333740234e+00 3.228527069091796875e+00 2.452697277069091797e+00 2.627970695495605469e+00
3.554014444351196289e+00 3.433049678802490234e+00 2.595512390136718750e+00 1.910526037216186523e+00 5.071937561035156250e+00 4.541909694671630859e+00 4.123137474060058594e+00 3.454749345779418945e+00 5.218622684478759766e+00 6.819769859313964844e+00 4.240209579467773438e+00 6.765551567077636719e+00 3.561317682266235352e+00 1.832481741905212402e+00 3.854162216186523438e+00 3.948053359985351562e+00 3.108130931854248047e+00 4.254415035247802734e+00 4.510183334350585938e+00 2.712875366210937500e+00
2.999688148498535156e+00 2.988779544830322266e+00 2.721008062362670898e+00 6.350149154663085938e+00 2.830583095550537109e+00 2.618052244186401367e+00 5.403215408325195312e+00 6.233073711395263672e+00 6.224645614624023438e+00 5.095736503601074219e+00 7.597332954406738281e+00 6.759799003601074219e+00 4.952363967895507812e+00 4.488928794860839844e+00 4.158078193664550781e+00 4.013285636901855469e+00 4.345123291015625000e+00 2.575035095214843750e+00 4.175409793853759766e+00 4.648621559143066406e+00
