2019-07-24 17:45:00
7.393806934356689453e+00 4.904335021972656250e+00 5.672524452209472656e+00 2.742458820343017578e+00 3.952209949493408203e+00 2.873130083084106445e+00 2.785118579864501953e+00 4.923177242279052734e+00 6.716053962707519531e+00 6.241729259490966797e+00 3.304676532745361328e+00 4.065622806549072266e+00 6.115224838256835938e+00 3.614800453186035156e+00 3.097935199737548828e+00 8.923011779785156250e+00 8.609561920166015625e+00 3.252740859985351562e+00 3.922039747238159180e+00 2.621933221817016602e+00
9.804994583129882812e+00 4.369645118713378906e+00 7.595322608947753906e+00 7.143562316894531250e+00 5.541239261627197266e+00 4.987243652343750000e+00 3.799965143203735352e+00 5.805903434753417969e+00 2.945669651031494141e+00 2.369399785995483398e+00 3.195154666900634766e+00 3.836380004882812500e+00 3.008329391479492188e+00 5.368688583374023438e+00 3.551424980163574219e+00 2.516466617584228516e+00 5.405222892761230469e+00 6.594256877899169922e+00 2.947323322296142578e+00 6.131341934204101562e+00
8.108642578125000000e+00 3.820429325103759766e+00 8.624533653259277344e+00 8.167602539062500000e+00 9.168670654296875000e+00 6.515911579132080078e+00 8.561758995056152344e+00 4.534010887145996094e+00 2.943255424499511719e+00 4.487708091735839844e+00 5.688444137573242188e+00 7.353539943695068359e+00 4.042990207672119141e+00 5.710182666778564453e+00 6.054724693298339844e+00 2.946923255920410156e+00 4.988376617431640625e+00 5.341494560241699219e+00 2.186006069183349609e+00 3.441318273544311523e+00
3.842538833618164062e+00 2.964029312133789062e+00 5.634608268737792969e+00 4.935075283050537109e+00 3.061247348785400391e+00 3.854204416275024414e+00 4.089452266693115234e+00 4.407678604125976562e+00 2.529703855514526367e+00 3.156223058700561523e+00 6.829340934753417969e+00 7.042493820190429688e+00 3.442180156707763672e+00 3.384454250335693359e+00 6.739581108093261719e+00 4.400910377502441406e+00 3.780783653259277344e+00 4.504777908325195312e+00 3.137536287307739258e+00 2.435057401657104492e+00
4.811485290527343750e+00 3.957484483718872070e+00 4.609372138977050781e+00 2.977701902389526367e+00 3.029727697372436523e+00 5.518618583679199219e+00 3.084709882736206055e+00 3.803245306015014648e+00 9.240541458129882812e+00 6.343225479125976562e+00 7.567087650299072266e+00 4.407978057861328125e+00 6.425108909606933594e+00 2.600727319717407227e+00 5.825625419616699219e+00 5.459453582763671875e+00 5.040536880493164062e+00 4.307146549224853516e+00 9.673692703247070312e+00 3.638965368270874023e+00
7.779985904693603516e+00 2.396954536437988281e+00 3.122639894485473633e+00 8.627316474914550781e+00 5.239271640777587891e+00 5.040205001831054688e+00 3.052495956420898438e+00 5.767828941345214844e+00 4.028864860534667969e+00 7.300541877746582031e+00 5.340813636779785156e+00 4.875404834747314453e+00 3.645009517669677734e+00 3.905106544494628906e+00 1.802245378494262695e+00 7.051367282867431641e+00 4.752646923065185547e+00 8.148721694946289062e+00 6.491222381591796875e+00 5.494413852691650391e+00
4.131423950195312500e+00 4.315757751464843750e+00 5.348980903625488281e+00 5.305538654327392578e+00 8.452155113220214844e+00 6.180219650268554688e+00 2.917623043060302734e+00 4.729079246520996094e+00 2.715070724487304688e+00 4.388127326965332031e+00 3.324945449829101562e+00 2.917282342910766602e+00 5.332851886749267578e+00 9.784996032714843750e+00 3.960884094238281250e+00 4.820084571838378906e+00 3.979526996612548828e+00 3.546668291091918945e+00 8.906219482421875000e+00 6.418606281280517578e+00
7.429486751556396484e+00 5.783620834350585938e+00 4.744014739990234375e+00 7.012558937072753906e+00 4.766435146331787109e+00 4.953273773193359375e+00 3.925854206085205078e+00 5.109348297119140625e+00 3.777507305145263672e+00 3.643339157104492188e+00 2.175798892974853516e+00 3.536709785461425781e+00 8.081569671630859375e+00 4.549132347106933594e+00 4.671206474304199219e+00 2.606141567230224609e+00 8.128877639770507812e+00 2.024357080459594727e+00 5.686551094055175781e+00 3.288449525833129883e+00
6.581267356872558594e+00 4.212658405303955078e+00 6.870882034301757812e+00 4.885847091674804688e+00 4.867256164550781250e+00 3.022267818450927734e+00 3.148377895355224609e+00 2.453601598739624023e+00 2.988255262374877930e+00 4.679916381835937500e+00 3.382473468780517578e+00 3.307093858718872070e+00 4.171431064605712891e+00 4.149602890014648438e+00 5.634379386901855469e+00 2.647960901260375977e+00 4.408709526062011719e+00 2.995086669921875000e+00 3.034572124481201172e+00 3.163424491882324219e+00
6.249490737915039062e+00 4.427397727966308594e+00 3.178932189941406250e+00 2.584215164184570312e+00 3.375778675079345703e+00 2.210316419601440430e+00 4.111641883850097656e+00 3.044882297515869141e+00 5.730282783508300781e+00 5.417830467224121094e+00 5.882434368133544922e+00 5.760133743286132812e+00 3.980689048767089844e+00 2.838609695434570312e+00 4.655327320098876953e+00 4.471405029296875000e+00 8.192821502685546875e+00 3.268205642700195312e+00 3.748280763626098633e+00 3.051984310150146484e+00
3.612511873245239258e+00 3.144413471221923828e+00 2.597963333129882812e+00 4.378967285156250000e+00 3.770924568176269531e+00 2.880337238311767578e+00 2.060857534408569336e+00 3.479721784591674805e+00 2.419102191925048828e+00 4.556896209716796875e+00 2.379379987716674805e+00 7.095447063446044922e+00 3.697403907775878906e+00 5.644616127014160156e+00 4.728493690490722656e+00 4.883054733276367188e+00 2.188596725463867188e+00 5.366754055023193359e+00 2.798648834228515625e+00 4.719177246093750000e+00
3.489544391632080078e+00 3.692416667938232422e+00 3.576313018798828125e+00 2.256396055221557617e+00 3.489658117294311523e+00 4.188082218170166016e+00 4.428429603576660156e+00 4.856720924377441406e+00 3.583164691925048828e+00 3.933720827102661133e+00 4.285247802734375000e+00 3.196423053741455078e+00 4.483914852142333984e+00 3.032731771469116211e+00 3.330205440521240234e+00 1.065852355957031250e+01 3.495785236358642578e+00 3.141181945800781250e+00 4.228026390075683594e+00 1.911889314651489258e+00
2.628945589065551758e+00 2.601132869720458984e+00 5.014643669128417969e+00 2.832412481307983398e+00 4.741505622863769531e+00 3.697895526885986328e+00 2.044806003570556641e+00 3.610165357589721680e+00 4.916280746459960938e+00 3.856235504150390625e+00 4.166185379028320312e+00 5.054770469665527344e+00 4.013206481933593750e+00 3.730637073516845703e+00 3.025866985321044922e+00 3.652947902679443359e+00 4.130890846252441406e+00 3.562697887420654297e+00 3.817203998565673828e+00 2.520289659500122070e+00
3.222501277923583984e+00 3.449608802795410156e+00 3.312273025512695312e+00 3.929594993591308594e+00 3.390976905822753906e+00 2.681808948516845703e+00 3.349796056747436523e+00 3.346964120864868164e+00 3.262986183166503906e+00 2.099943637847900391e+00 2.345774650573730469e+00 4.412840366363525391e+00 3.176214694976806641e+00 3.353580951690673828e+00 2.730001688003540039e+00 3.270090579986572266e+00 3.480287551879882812e+00 2.584253549575805664e+00 2.883197307586669922e+00 5.234929084777832031e+00
3.464367389678955078e+00 3.777211666107177734e+00 3.987638711929321289e+00 3.588696002960205078e+00 3.025413036346435547e+00 2.355149507522583008e+00 2.236577033996582031e+00 2.567766904830932617e+00 3.672375679016113281e+00 2.516162395477294922e+00 3.963616371154785156e+00 3.352283477783203125e+00 4.485749244689941406e+00 3.547581434249877930e+00 2.195735216140747070e+00 3.722287178039550781e+00 2.548955917358398438e+00 3.862040996551513672e+00 2.035479307174682617e+00 6.452239036560058594e+00
2.801545381546020508e+00 4.852643013000488281e+00 3.261813640594482422e+00 5.965571403503417969e+00 3.607361555099487305e+00 3.208886384963989258e+00 2.092751741409301758e+00 3.486995935440063477e+00 3.445297718048095703e+00 3.418887615203857422e+00 3.443532466888427734e+00 3.121928691864013672e+00 2.309912681579589844e+00 3.722426891326904297e+00 3.450257778167724609e+00 2.694617033004760742e+00 2.675837039947509766e+00 1.654438495635986328e+00 3.239657402038574219e+00 4.062695026397705078e+00
3.654208660125732422e+00 4.712338447570800781e+00 5.416726112365722656e+00 4.022885322570800781e+00 8.229730606079101562e+00 4.338618278503417969e+00 2.515608072280883789e+00 3.825463533401489258e+00 2.970998525619506836e+00 3.185008049011230469e+00 2.602211236953735352e+00 3.158762216567993164e+00 3.293738126754760742e+00 3.600130081176757812e+00 4.095018386840820312e+00 3.481712579727172852e+00 4.201255798339843750e+00 3.326032638549804688e+00 4.305342674255371094e+00 5.027258872985839844e+00
2.293896675109863281e+00 3.851023674011230469e+00 2.944611787796020508e+00 4.413972377777099609e+00 5.687883377075195312e+00 2.527238845825195312e+00 4.043569087982177734e+00 3.508297204971313477e+00 6.316899776458740234e+00 6.151472091674804688e+00 4.442237854003906250e+00 4.217518329620361328e+00 4.932042598724365234e+00 3.858103513717651367e+00 2.774705171585083008e+00 3.134379386901855469e+00 4.555465221405029297e+00 5.515550136566162109e+00 3.797794580459594727e+00 2.417370080947875977e+00
3.189385414123535156e+00 3.853423118591308594e+00 2.754015445709228516e+00 2.806277990341186523e+00 4.656443595886230469e+00 3.525948524475097656e+00 3.094908237457275391e+00 4.290832519531250000e+00 7.632926940917968750e+00 8.551798820495605469e+00 7.699155807495117188e+00 7.029073238372802734e+00 6.103423118591308594e+00 4.097885608673095703e+00 5.493890285491943359e+00 4.627953529357910156e+00 2.101143360137939453e+00 3.354423284530639648e+00 5.747113704681396484e+00 3.370346069335937500e+00
4.247210502624511719e+00 5.021898269653320312e+00 4.300767421722412109e+00 5.795270919799804688e+00 2.735243320465087891e+00 3.830597400665283203e+00 4.135346412658691406e+00 3.088301658630371094e+00 7.771459579467773438e+00 4.492008686065673828e+00 8.274650573730468750e+00 6.167693138122558594e+00 8.267563819885253906e+00 4.123419284820556641e+00 3.983720064163208008e+00 1.468475580215454102e+00 2.966822624206542969e+00 6.519868850708007812e+00 4.756387710571289062e+00 2.876854658126831055e+00
