2019-07-24 18:00:00
5.544085502624511719e+00 6.000659942626953125e+00 6.233870983123779297e+00 3.283324480056762695e+00 4.005182266235351562e+00 4.949272632598876953e+00 3.035716056823730469e+00 3.293383836746215820e+00 7.147536754608154297e+00 8.767154693603515625e+00 4.692422866821289062e+00 2.667077779769897461e+00 5.309607505798339844e+00 2.790930271148681641e+00 3.304032087326049805e+00 5.531115055084228516e+00 5.638318061828613281e+00 1.749850749969482422e+00 2.524231433868408203e+00 4.409920692443847656e+00
6.067719936370849609e+00 7.947031497955322266e+00 6.562908172607421875e+00 8.174468040466308594e+00 7.869160652160644531e+00 4.435050010681152344e+00 2.040972709655761719e+00 3.803825378417968750e+00 2.680511951446533203e+00 2.985630512237548828e+00 5.616406440734863281e+00 6.738238334655761719e+00 5.340591430664062500e+00 4.917147159576416016e+00 6.045935630798339844e+00 3.869418144226074219e+00 6.075940132141113281e+00 5.639674663543701172e+00 4.745269775390625000e+00 4.014686584472656250e+00
6.730688095092773438e+00 8.896673202514648438e+00 5.568718910217285156e+00 6.988717079162597656e+00 8.567066192626953125e+00 8.861993789672851562e+00 4.596776962280273438e+00 2.357150316238403320e+00 4.428765296936035156e+00 4.675783157348632812e+00 6.502807617187500000e+00 6.733170509338378906e+00 2.905592441558837891e+00 3.160878658294677734e+00 6.365709304809570312e+00 3.167850971221923828e+00 8.272607803344726562e+00 3.808131456375122070e+00 3.882940530776977539e+00 3.812297582626342773e+00
4.088268280029296875e+00 8.118599891662597656e+00 5.324218273162841797e+00 5.451552391052246094e+00 3.150263309478759766e+00 3.149844408035278320e+00 2.495603561401367188e+00 5.096313476562500000e+00 4.315778255462646484e+00 7.895398616790771484e+00 6.976952075958251953e+00 7.157649040222167969e+00 3.302997589111328125e+00 3.546884536743164062e+00 7.750675678253173828e+00 4.268362998962402344e+00 3.234723091125488281e+00 5.013691902160644531e+00 3.577101707458496094e+00 3.800907135009765625e+00
3.992029190063476562e+00 4.103356361389160156e+00 3.112511634826660156e+00 3.126715183258056641e+00 3.935701370239257812e+00 7.522326946258544922e+00 4.074420928955078125e+00 6.569619178771972656e+00 3.838327169418334961e+00 3.411762952804565430e+00 9.889541625976562500e+00 6.307250022888183594e+00 6.237693786621093750e+00 4.748525619506835938e+00 8.766304969787597656e+00 7.590192794799804688e+00 3.123844146728515625e+00 4.407639503479003906e+00 9.613183975219726562e+00 3.294967174530029297e+00
4.291663169860839844e+00 2.606159210205078125e+00 6.782042503356933594e+00 7.502047538757324219e+00 5.732482910156250000e+00 6.689399242401123047e+00 3.094313621520996094e+00 5.224731445312500000e+00 5.551679134368896484e+00 5.210562229156494141e+00 5.255704879760742188e+00 4.886350631713867188e+00 4.979283332824707031e+00 4.377960205078125000e+00 3.607976436614990234e+00 7.717791557312011719e+00 3.230742454528808594e+00 5.299726009368896484e+00 6.728381156921386719e+00 3.923042535781860352e+00
4.477056503295898438e+00 8.392498016357421875e+00 5.436810970306396484e+00 8.848280906677246094e+00 6.373137474060058594e+00 6.302383422851562500e+00 3.415864467620849609e+00 5.518449783325195312e+00 3.161501884460449219e+00 4.524457931518554688e+00 3.062449455261230469e+00 2.995752811431884766e+00 4.940668106079101562e+00 6.387386322021484375e+00 3.570823669433593750e+00 4.211370468139648438e+00 3.320703983306884766e+00 3.900479078292846680e+00 5.485819816589355469e+00 6.920282363891601562e+00
6.397051811218261719e+00 5.032546997070312500e+00 5.436626911163330078e+00 3.801974058151245117e+00 5.583917617797851562e+00 4.008244991302490234e+00 5.094028472900390625e+00 2.553569078445434570e+00 2.798264503479003906e+00 2.986888885498046875e+00 3.937126159667968750e+00 3.159322738647460938e+00 5.516112804412841797e+00 1.136868095397949219e+01 4.349902153015136719e+00 3.780393123626708984e+00 4.233464717864990234e+00 4.313241958618164062e+00 7.000268459320068359e+00 3.918941974639892578e+00
5.960696697235107422e+00 4.481813430786132812e+00 8.001908302307128906e+00 6.199942588806152344e+00 6.703368186950683594e+00 4.141440868377685547e+00 3.782991409301757812e+00 4.218937873840332031e+00 3.300680398941040039e+00 4.319921970367431641e+00 3.724142551422119141e+00 3.917174339294433594e+00 7.781517505645751953e+00 4.099171161651611328e+00 5.604939460754394531e+00 3.812005996704101562e+00 3.957972526550292969e+00 1.999213218688964844e+00 2.482711315155029297e+00 3.413667201995849609e+00
6.355541706085205078e+00 7.520547389984130859e+00 1.764875054359436035e+00 2.743765830993652344e+00 3.262629508972167969e+00 1.984783887863159180e+00 3.207598447799682617e+00 5.713729381561279297e+00 8.247673034667968750e+00 8.979609489440917969e+00 5.803872108459472656e+00 5.075927257537841797e+00 5.366134643554687500e+00 4.070127964019775391e+00 3.223337173461914062e+00 3.773266792297363281e+00 6.866346359252929688e+00 3.438580036163330078e+00 2.904627084732055664e+00 3.485266685485839844e+00
4.769964218139648438e+00 3.481000900268554688e+00 4.155117034912109375e+00 3.075380086898803711e+00 4.661644458770751953e+00 3.307951927185058594e+00 2.658962249755859375e+00 3.387449741363525391e+00 3.128926753997802734e+00 3.820724964141845703e+00 2.813931465148925781e+00 4.349474430084228516e+00 7.925389289855957031e+00 7.201982498168945312e+00 3.235390663146972656e+00 2.882019996643066406e+00 4.780156135559082031e+00 1.122020530700683594e+01 4.276897430419921875e+00 3.500596761703491211e+00
2.669026374816894531e+00 2.660903930664062500e+00 4.681325435638427734e+00 3.771698951721191406e+00 5.642896175384521484e+00 2.833010196685791016e+00 2.595340490341186523e+00 4.201132297515869141e+00 2.893085002899169922e+00 3.568035602569580078e+00 4.191056251525878906e+00 3.233371019363403320e+00 5.042807579040527344e+00 3.911201715469360352e+00 4.472957611083984375e+00 3.259688854217529297e+00 3.899262428283691406e+00 4.540801048278808594e+00 4.037200927734375000e+00 3.428055286407470703e+00
4.401892662048339844e+00 4.538051605224609375e+00 2.738033294677734375e+00 3.777746677398681641e+00 2.966625213623046875e+00 5.075922966003417969e+00 3.470014810562133789e+00 3.700539112091064453e+00 4.520281791687011719e+00 2.915996551513671875e+00 3.538046598434448242e+00 3.314076423645019531e+00 2.924475669860839844e+00 4.554237842559814453e+00 3.990882158279418945e+00 3.625065565109252930e+00 2.764881610870361328e+00 3.059284687042236328e+00 3.863509416580200195e+00 3.943551301956176758e+00
4.949593544006347656e+00 4.508554458618164062e+00 2.347351551055908203e+00 3.906824350357055664e+00 3.974913120269775391e+00 3.329877853393554688e+00 3.719922542572021484e+00 2.966423749923706055e+00 4.127985000610351562e+00 3.539444446563720703e+00 4.089218616485595703e+00 3.528700590133666992e+00 4.113517284393310547e+00 2.328091621398925781e+00 4.278294086456298828e+00 3.268516063690185547e+00 3.641252040863037109e+00 2.624481201171875000e+00 3.961570978164672852e+00 3.803762674331665039e+00
3.438231945037841797e+00 3.986206531524658203e+00 5.470073699951171875e+00 2.334869384765625000e+00 3.483250141143798828e+00 1.895422220230102539e+00 4.223445415496826172e+00 4.721466541290283203e+00 3.219888687133789062e+00 2.960595846176147461e+00 2.438452005386352539e+00 3.429528713226318359e+00 4.795511722564697266e+00 3.040715456008911133e+00 4.621765136718750000e+00 4.865925312042236328e+00 3.717156887054443359e+00 3.748991966247558594e+00 3.027546882629394531e+00 5.745593070983886719e+00
2.635311126708984375e+00 4.835289955139160156e+00 2.785503864288330078e+00 3.861351490020751953e+00 3.092348575592041016e+00 3.616007328033447266e+00 3.797388076782226562e+00 4.093339443206787109e+00 3.499224901199340820e+00 3.420427560806274414e+00 5.273585319519042969e+00 2.083455801010131836e+00 3.259437561035156250e+00 2.710029125213623047e+00 2.704557895660400391e+00 4.279955863952636719e+00 4.637857913970947266e+00 4.217590332031250000e+00 4.031572341918945312e+00 7.657102584838867188e+00
2.623953342437744141e+00 3.972861289978027344e+00 3.995178937911987305e+00 4.906828880310058594e+00 4.239360332489013672e+00 4.419213294982910156e+00 3.886468648910522461e+00 2.798794746398925781e+00 3.600673913955688477e+00 3.574600219726562500e+00 4.304217338562011719e+00 3.569649696350097656e+00 3.944180011749267578e+00 4.432445049285888672e+00 4.014936447143554688e+00 4.763634204864501953e+00 4.996310234069824219e+00 3.600672006607055664e+00 3.136374950408935547e+00 7.372335433959960938e+00
3.825090408325195312e+00 3.313404083251953125e+00 4.635543823242187500e+00 3.988976955413818359e+00 4.966673851013183594e+00 3.611319065093994141e+00 5.118514537811279297e+00 3.842199087142944336e+00 5.038688659667968750e+00 8.164812088012695312e+00 4.859969139099121094e+00 2.874361276626586914e+00 4.072598457336425781e+00 4.745692729949951172e+00 6.193449020385742188e+00 3.078211545944213867e+00 4.174949645996093750e+00 5.172998428344726562e+00 2.272534847259521484e+00 2.784432411193847656e+00
4.899331569671630859e+00 3.827926874160766602e+00 3.028830051422119141e+00 2.310306310653686523e+00 4.739107608795166016e+00 7.574802398681640625e+00 6.730929374694824219e+00 3.613779067993164062e+00 2.786995887756347656e+00 7.329298019409179688e+00 6.468563079833984375e+00 3.694593429565429688e+00 4.450026988983154297e+00 2.396297216415405273e+00 5.149907112121582031e+00 2.909826040267944336e+00 2.682175874710083008e+00 2.761670112609863281e+00 4.668457984924316406e+00 3.971800327301025391e+00
4.864203453063964844e+00 4.251871109008789062e+00 2.157914638519287109e+00 4.869768142700195312e+00 3.302779197692871094e+00 2.123533964157104492e+00 7.927394866943359375e+00 3.992602348327636719e+00 4.890550613403320312e+00 7.376412391662597656e+00 5.680711746215820312e+00 5.521759510040283203e+00 9.562170982360839844e+00 4.705073356628417969e+00 3.990169286727905273e+00 3.942530870437622070e+00 3.895961046218872070e+00 4.631870269775390625e+00 6.945859909057617188e+00 3.704288721084594727e+00
