2019-07-24 18:15:00
4.300744056701660156e+00 4.268274307250976562e+00 8.884929656982421875e+00 5.003521919250488281e+00 5.051168441772460938e+00 2.694083690643310547e+00 4.713305473327636719e+00 1.775161266326904297e+00 6.239236831665039062e+00 8.713404655456542969e+00 3.857717514038085938e+00 2.471354007720947266e+00 5.153275489807128906e+00 4.139364242553710938e+00 3.009139060974121094e+00 9.269689559936523438e+00 9.753404617309570312e+00 4.270540237426757812e+00 3.753557443618774414e+00 4.566702842712402344e+00
2.468565940856933594e+00 6.921504974365234375e+00 6.571764945983886719e+00 6.836551189422607422e+00 9.711952209472656250e+00 6.007040023803710938e+00 4.116806030273437500e+00 3.621753692626953125e+00 4.461111068725585938e+00 3.166846752166748047e+00 5.364124774932861328e+00 3.171115875244140625e+00 4.373613357543945312e+00 6.711149215698242188e+00 4.170280456542968750e+00 3.835719347000122070e+00 1.190243911743164062e+01 7.867201805114746094e+00 4.767007827758789062e+00 5.408513069152832031e+00
5.129720211029052734e+00 4.140516757965087891e+00 1.144155406951904297e+01 1.319349861145019531e+01 6.448320388793945312e+00 6.873446464538574219e+00 5.947719573974609375e+00 3.856273412704467773e+00 4.109815597534179688e+00 4.604926586151123047e+00 6.797485351562500000e+00 7.154200553894042969e+00 3.205748796463012695e+00 5.694079399108886719e+00 5.297297477722167969e+00 4.608147144317626953e+00 1.000691509246826172e+01 5.181757926940917969e+00 3.680792808532714844e+00 5.179668426513671875e+00
4.155969142913818359e+00 1.026480865478515625e+01 9.030290603637695312e+00 5.755215167999267578e+00 2.954463005065917969e+00 4.657533645629882812e+00 3.778030395507812500e+00 3.619984149932861328e+00 3.117590427398681641e+00 8.131046295166015625e+00 7.289547920227050781e+00 9.195005416870117188e+00 5.685664176940917969e+00 5.412684440612792969e+00 7.710622310638427734e+00 5.385747909545898438e+00 4.117388725280761719e+00 4.446879386901855469e+00 4.073152542114257812e+00 3.293578147888183594e+00
2.719134807586669922e+00 4.592073440551757812e+00 3.757323741912841797e+00 4.082335948944091797e+00 3.706267356872558594e+00 5.791025161743164062e+00 4.977934837341308594e+00 6.808294773101806641e+00 6.371104717254638672e+00 7.425816535949707031e+00 6.484095573425292969e+00 6.564604282379150391e+00 1.284410667419433594e+01 3.260300159454345703e+00 4.031551837921142578e+00 3.781007289886474609e+00 5.580924987792968750e+00 7.685106754302978516e+00 9.746953010559082031e+00 4.505356788635253906e+00
4.302169799804687500e+00 4.227846145629882812e+00 6.873172760009765625e+00 8.228395462036132812e+00 5.211085319519042969e+00 5.142440795898437500e+00 3.385603666305541992e+00 6.689260482788085938e+00 5.415179252624511719e+00 5.384423255920410156e+00 8.391143798828125000e+00 5.163436412811279297e+00 7.792485237121582031e+00 4.211273193359375000e+00 4.852861404418945312e+00 7.528569221496582031e+00 4.089744091033935547e+00 5.484555244445800781e+00 4.913728713989257812e+00 5.001791000366210938e+00
2.832731008529663086e+00 1.022968864440917969e+01 8.322581291198730469e+00 4.563847541809082031e+00 8.715030670166015625e+00 9.697475433349609375e+00 5.134709358215332031e+00 6.763768672943115234e+00 3.764498710632324219e+00 5.107347011566162109e+00 3.890702247619628906e+00 2.310428857803344727e+00 6.232459545135498047e+00 5.658504486083984375e+00 3.991588115692138672e+00 3.845675230026245117e+00 3.044255733489990234e+00 4.838063716888427734e+00 5.654126167297363281e+00 7.715340614318847656e+00
9.375026702880859375e+00 7.161159515380859375e+00 3.995548248291015625e+00 9.323925018310546875e+00 5.222645282745361328e+00 5.854205131530761719e+00 3.485177993774414062e+00 4.063946723937988281e+00 2.562849044799804688e+00 4.980134487152099609e+00 4.458179473876953125e+00 4.165584564208984375e+00 7.345149993896484375e+00 1.032121086120605469e+01 4.426471710205078125e+00 2.407309532165527344e+00 7.078948020935058594e+00 3.369135379791259766e+00 7.258073806762695312e+00 3.611682891845703125e+00
4.670026779174804688e+00 6.093240737915039062e+00 8.763807296752929688e+00 6.817342281341552734e+00 5.926124572753906250e+00 3.337844371795654297e+00 5.909100055694580078e+00 3.423346042633056641e+00 3.103519916534423828e+00 3.147952556610107422e+00 4.234335899353027344e+00 2.858456134796142578e+00 7.206804275512695312e+00 5.228753089904785156e+00 4.674817562103271484e+00 2.497885227203369141e+00 7.405766010284423828e+00 3.016120910644531250e+00 4.067164897918701172e+00 3.700639486312866211e+00
6.760050773620605469e+00 9.251718521118164062e+00 3.186408758163452148e+00 2.829935073852539062e+00 4.061434745788574219e+00 3.800679683685302734e+00 2.993984222412109375e+00 5.110176086425781250e+00 5.017055511474609375e+00 6.377348423004150391e+00 3.167991161346435547e+00 6.386531829833984375e+00 3.722729206085205078e+00 2.553052425384521484e+00 5.745709419250488281e+00 3.717506647109985352e+00 8.165592193603515625e+00 3.839491367340087891e+00 4.092476844787597656e+00 4.158530235290527344e+00
3.123707532882690430e+00 4.506960868835449219e+00 3.458934545516967773e+00 3.029618024826049805e+00 1.910222053527832031e+00 3.807345390319824219e+00 3.711159706115722656e+00 3.097095489501953125e+00 4.331361770629882812e+00 5.704664230346679688e+00 4.344551086425781250e+00 6.133577823638916016e+00 5.316011428833007812e+00 4.081262111663818359e+00 4.663918972015380859e+00 3.484446525573730469e+00 3.066761970520019531e+00 9.838229179382324219e+00 4.246675014495849609e+00 5.259505271911621094e+00
3.359182596206665039e+00 4.459738254547119141e+00 4.119166374206542969e+00 3.553124189376831055e+00 3.421408176422119141e+00 4.668619155883789062e+00 4.314975738525390625e+00 3.946451663970947266e+00 2.239240646362304688e+00 4.136907577514648438e+00 5.110903263092041016e+00 3.653953790664672852e+00 6.459286689758300781e+00 3.800293207168579102e+00 2.873360157012939453e+00 4.190592765808105469e+00 3.277115345001220703e+00 4.200695037841796875e+00 4.050168514251708984e+00 3.775599718093872070e+00
2.859745979309082031e+00 3.204233884811401367e+00 3.672021865844726562e+00 5.411995887756347656e+00 5.379736900329589844e+00 3.172160148620605469e+00 3.475856304168701172e+00 5.722822189331054688e+00 2.707121372222900391e+00 3.463339328765869141e+00 4.641465187072753906e+00 4.060780525207519531e+00 2.837247371673583984e+00 4.375132560729980469e+00 2.513666152954101562e+00 3.551538467407226562e+00 3.365339279174804688e+00 4.426599979400634766e+00 8.267035484313964844e+00 3.529702663421630859e+00
3.992101192474365234e+00 3.069974422454833984e+00 3.290105819702148438e+00 3.818042516708374023e+00 4.078270912170410156e+00 2.384143352508544922e+00 3.021916151046752930e+00 3.652526140213012695e+00 3.482218265533447266e+00 3.818394422531127930e+00 6.279768943786621094e+00 4.276017665863037109e+00 3.893486976623535156e+00 2.650207042694091797e+00 4.749128341674804688e+00 4.336101531982421875e+00 3.269699096679687500e+00 4.459503173828125000e+00 3.711328983306884766e+00 4.111899375915527344e+00
4.951005458831787109e+00 4.220406532287597656e+00 3.927961349487304688e+00 5.120344638824462891e+00 3.956100940704345703e+00 1.571991920471191406e+00 3.927686929702758789e+00 4.226775169372558594e+00 3.220227956771850586e+00 3.446736812591552734e+00 2.677473068237304688e+00 3.901004791259765625e+00 4.272664070129394531e+00 3.247969627380371094e+00 3.503012180328369141e+00 3.798564910888671875e+00 3.880772352218627930e+00 4.558530330657958984e+00 2.953555345535278320e+00 4.676015853881835938e+00
4.514308929443359375e+00 4.251374244689941406e+00 3.914655685424804688e+00 4.469235420227050781e+00 3.794650554656982422e+00 2.498075008392333984e+00 4.518774986267089844e+00 3.589590549468994141e+00 3.163326740264892578e+00 4.056438922882080078e+00 3.495635032653808594e+00 4.449222564697265625e+00 2.838228702545166016e+00 4.740373611450195312e+00 4.458837509155273438e+00 2.689027070999145508e+00 3.700716972351074219e+00 4.044106483459472656e+00 4.495025157928466797e+00 7.050382137298583984e+00
3.510200023651123047e+00 3.307905197143554688e+00 6.753958225250244141e+00 3.816363334655761719e+00 4.019555091857910156e+00 3.890234947204589844e+00 4.970341682434082031e+00 4.148292064666748047e+00 8.198921203613281250e+00 4.466742515563964844e+00 3.592465400695800781e+00 3.072855234146118164e+00 4.178791999816894531e+00 3.360447883605957031e+00 5.086026668548583984e+00 4.741133213043212891e+00 4.716526985168457031e+00 4.274530887603759766e+00 3.607040166854858398e+00 5.649892807006835938e+00
3.882071256637573242e+00 2.737908363342285156e+00 4.194791316986083984e+00 6.030013084411621094e+00 4.308083057403564453e+00 3.000963687896728516e+00 5.575014114379882812e+00 2.189282655715942383e+00 4.219674110412597656e+00 5.890036582946777344e+00 3.328011274337768555e+00 6.133100509643554688e+00 7.336746215820312500e+00 3.175298213958740234e+00 2.385919332504272461e+00 5.030222415924072266e+00 5.729300975799560547e+00 6.013299942016601562e+00 2.991531133651733398e+00 4.056445121765136719e+00
5.566296577453613281e+00 3.027904033660888672e+00 2.821617841720581055e+00 2.770620346069335938e+00 6.871055603027343750e+00 6.984869003295898438e+00 6.049629211425781250e+00 4.153679847717285156e+00 6.241739273071289062e+00 5.688179016113281250e+00 6.265806198120117188e+00 9.683851242065429688e+00 3.792916774749755859e+00 4.176484584808349609e+00 7.072572708129882812e+00 3.583277463912963867e+00 2.928522825241088867e+00 3.306757926940917969e+00 6.759582519531250000e+00 4.862542152404785156e+00
4.605885982513427734e+00 5.721630573272705078e+00 4.067859172821044922e+00 5.945827960968017578e+00 6.839643955230712891e+00 4.308365345001220703e+00 6.202710151672363281e+00 6.206398010253906250e+00 7.554650783538818359e+00 7.541503906250000000e+00 1.137625885009765625e+01 6.861661911010742188e+00 9.640428543090820312e+00 3.661008834838867188e+00 6.145632743835449219e+00 3.926418781280517578e+00 3.050617218017578125e+00 6.033522605895996094e+00 6.083265781402587891e+00 3.380468368530273438e+00
