2019-07-24 18:30:00
6.200487136840820312e+00 7.169427871704101562e+00 8.320417404174804688e+00 1.670719146728515625e+00 2.199120759963989258e+00 3.563801527023315430e+00 5.179558753967285156e+00 1.741887450218200684e+00 1.220738220214843750e+01 7.002522468566894531e+00 3.428358554840087891e+00 4.086278438568115234e+00 4.975730895996093750e+00 4.634160041809082031e+00 3.965722560882568359e+00 6.114990234375000000e+00 1.120936775207519531e+01 2.858138322830200195e+00 3.768835783004760742e+00 4.065930843353271484e+00
5.812376022338867188e+00 2.895564556121826172e+00 8.397917747497558594e+00 5.632582664489746094e+00 9.111198425292968750e+00 3.625128269195556641e+00 2.861497640609741211e+00 3.337922573089599609e+00 5.475469112396240234e+00 4.639261245727539062e+00 3.144533395767211914e+00 4.754668235778808594e+00 4.567044258117675781e+00 5.610962867736816406e+00 3.875209808349609375e+00 3.653130054473876953e+00 4.460565567016601562e+00 4.878825187683105469e+00 2.879283905029296875e+00 4.733072280883789062e+00
5.075884342193603516e+00 7.445440292358398438e+00 6.252218723297119141e+00 6.376935005187988281e+00 1.082566452026367188e+01 4.606175422668457031e+00 4.166845321655273438e+00 3.207259178161621094e+00 2.488631963729858398e+00 5.100346565246582031e+00 6.521139144897460938e+00 6.831224441528320312e+00 2.973345279693603516e+00 6.281199932098388672e+00 6.051201820373535156e+00 3.164295673370361328e+00 8.766374588012695312e+00 5.165438652038574219e+00 3.764848232269287109e+00 3.526032447814941406e+00
4.814280509948730469e+00 6.928748130798339844e+00 5.672300338745117188e+00 4.218163013458251953e+00 4.054304122924804688e+00 3.907015800476074219e+00 6.040968418121337891e+00 4.366067409515380859e+00 3.875231027603149414e+00 8.156529426574707031e+00 7.985933303833007812e+00 6.345105648040771484e+00 3.599455595016479492e+00 2.771931648254394531e+00 6.514190673828125000e+00 2.806622266769409180e+00 3.895576953887939453e+00 8.087178230285644531e+00 3.281609058380126953e+00 3.404210090637207031e+00
2.654862880706787109e+00 5.770970344543457031e+00 4.547690391540527344e+00 2.881284952163696289e+00 3.486903905868530273e+00 7.533916473388671875e+00 3.972265481948852539e+00 9.273147583007812500e+00 7.298485279083251953e+00 1.006174468994140625e+01 6.099755287170410156e+00 6.731029033660888672e+00 6.725591659545898438e+00 3.673575639724731445e+00 7.419099330902099609e+00 6.171474933624267578e+00 3.790108680725097656e+00 6.927831172943115234e+00 6.232894897460937500e+00 4.450791835784912109e+00
4.734034061431884766e+00 2.183267831802368164e+00 8.764823913574218750e+00 4.263443470001220703e+00 3.970532894134521484e+00 6.271276473999023438e+00 3.350895404815673828e+00 5.468267440795898438e+00 6.214677810668945312e+00 8.401233673095703125e+00 6.301470279693603516e+00 2.584238052368164062e+00 5.769240379333496094e+00 2.482941627502441406e+00 3.748491764068603516e+00 5.188631057739257812e+00 2.501394033432006836e+00 8.315641403198242188e+00 4.151141643524169922e+00 3.719846725463867188e+00
7.992301940917968750e+00 6.907848358154296875e+00 6.166522026062011719e+00 5.935343265533447266e+00 5.658512592315673828e+00 9.507354736328125000e+00 3.443420648574829102e+00 5.197470664978027344e+00 2.795475244522094727e+00 2.255571842193603516e+00 2.328595876693725586e+00 3.907122611999511719e+00 5.129276275634765625e+00 7.569317817687988281e+00 3.805841207504272461e+00 6.467834949493408203e+00 3.578863143920898438e+00 4.046967506408691406e+00 9.974908828735351562e+00 4.645130157470703125e+00
6.077377319335937500e+00 4.158114433288574219e+00 4.001016139984130859e+00 7.081522941589355469e+00 4.818479537963867188e+00 4.829742908477783203e+00 3.397202730178833008e+00 3.715008735656738281e+00 3.433237314224243164e+00 2.805964946746826172e+00 2.774016141891479492e+00 3.446488142013549805e+00 5.299649238586425781e+00 3.788777351379394531e+00 2.633184194564819336e+00 3.151679515838623047e+00 7.095287322998046875e+00 2.919324874877929688e+00 5.222352027893066406e+00 2.997191667556762695e+00
3.820577859878540039e+00 4.109618186950683594e+00 6.373200416564941406e+00 1.027797508239746094e+01 8.832695007324218750e+00 3.562871456146240234e+00 2.534362316131591797e+00 3.681042194366455078e+00 3.613289833068847656e+00 5.361464500427246094e+00 3.424116373062133789e+00 4.360723495483398438e+00 4.815852165222167969e+00 5.028002262115478516e+00 5.888299942016601562e+00 2.514931201934814453e+00 6.911988258361816406e+00 3.617447137832641602e+00 4.476294994354248047e+00 3.957153797149658203e+00
8.603809356689453125e+00 3.779124021530151367e+00 3.043287277221679688e+00 4.455423355102539062e+00 2.872190952301025391e+00 2.014078140258789062e+00 3.744352340698242188e+00 3.516234874725341797e+00 7.010695934295654297e+00 5.539101600646972656e+00 5.915126323699951172e+00 5.262212276458740234e+00 5.360798835754394531e+00 3.525373697280883789e+00 4.790567874908447266e+00 4.306511878967285156e+00 8.800698280334472656e+00 2.443454027175903320e+00 3.600317478179931641e+00 3.433584690093994141e+00
3.331284046173095703e+00 3.683859825134277344e+00 3.577769279479980469e+00 3.206263542175292969e+00 3.556118011474609375e+00 3.150908946990966797e+00 4.349828720092773438e+00 3.220512390136718750e+00 3.829854249954223633e+00 3.698763847351074219e+00 3.998032093048095703e+00 4.972619056701660156e+00 6.250576019287109375e+00 5.476653099060058594e+00 2.798252582550048828e+00 3.964569568634033203e+00 3.696205139160156250e+00 6.602227210998535156e+00 4.259837150573730469e+00 4.114127159118652344e+00
3.413277626037597656e+00 4.042202949523925781e+00 4.132626533508300781e+00 2.690351009368896484e+00 3.357744455337524414e+00 3.545847415924072266e+00 5.019525527954101562e+00 3.590387344360351562e+00 3.337788581848144531e+00 3.759113788604736328e+00 2.170553445816040039e+00 4.310039520263671875e+00 5.296981334686279297e+00 4.261426448822021484e+00 3.957252025604248047e+00 7.570391178131103516e+00 3.792075395584106445e+00 4.103746414184570312e+00 2.678688049316406250e+00 2.678820848464965820e+00
2.750677108764648438e+00 3.339924573898315430e+00 5.084235191345214844e+00 2.840224266052246094e+00 4.321478843688964844e+00 4.234296798706054688e+00 3.580220222473144531e+00 3.572827816009521484e+00 3.487688064575195312e+00 2.841475963592529297e+00 2.086242675781250000e+00 2.591393947601318359e+00 2.195989131927490234e+00 3.969479799270629883e+00 5.357140064239501953e+00 3.023574829101562500e+00 3.323033094406127930e+00 2.461636543273925781e+00 5.261604309082031250e+00 2.505922794342041016e+00
2.410324335098266602e+00 2.425694942474365234e+00 4.038871288299560547e+00 3.573230743408203125e+00 2.979879856109619141e+00 4.278333663940429688e+00 3.039218187332153320e+00 3.203479290008544922e+00 4.595328330993652344e+00 3.391491413116455078e+00 2.229524850845336914e+00 3.371055603027343750e+00 2.810408592224121094e+00 3.658461093902587891e+00 4.055828094482421875e+00 3.698417663574218750e+00 4.248064517974853516e+00 3.673064708709716797e+00 3.526143789291381836e+00 3.236580610275268555e+00
4.997128963470458984e+00 1.992210149765014648e+00 4.905484199523925781e+00 4.285233497619628906e+00 4.386940479278564453e+00 2.492987632751464844e+00 3.686849355697631836e+00 3.724760055541992188e+00 2.781833648681640625e+00 4.586864948272705078e+00 2.656517267227172852e+00 3.257156372070312500e+00 3.340840339660644531e+00 2.533302783966064453e+00 3.472999334335327148e+00 3.163074970245361328e+00 4.857921600341796875e+00 3.273043632507324219e+00 2.628511428833007812e+00 6.188632488250732422e+00
2.637892007827758789e+00 4.361753463745117188e+00 4.583909034729003906e+00 3.437561273574829102e+00 3.385648488998413086e+00 3.212906360626220703e+00 2.255814075469970703e+00 2.906373500823974609e+00 3.337481021881103516e+00 3.661335229873657227e+00 2.702408790588378906e+00 3.396729707717895508e+00 2.681802511215209961e+00 3.446028232574462891e+00 4.140713691711425781e+00 2.316714763641357422e+00 2.374618530273437500e+00 3.635109424591064453e+00 3.580679893493652344e+00 3.630010843276977539e+00
3.679420709609985352e+00 3.393738746643066406e+00 4.252839088439941406e+00 3.111595153808593750e+00 7.746911525726318359e+00 3.124208450317382812e+00 3.788629293441772461e+00 3.670219898223876953e+00 2.471602201461791992e+00 3.237222671508789062e+00 3.855386257171630859e+00 3.376935243606567383e+00 4.414610862731933594e+00 2.505837917327880859e+00 2.855810642242431641e+00 4.532476902008056641e+00 3.146721839904785156e+00 4.745494365692138672e+00 5.505921363830566406e+00 7.148243904113769531e+00
2.937959194183349609e+00 4.050279140472412109e+00 4.591306686401367188e+00 4.342099189758300781e+00 2.444908618927001953e+00 3.125079870223999023e+00 5.064753055572509766e+00 3.873885869979858398e+00 3.975878953933715820e+00 5.091410160064697266e+00 5.318130493164062500e+00 2.533280372619628906e+00 3.968439579010009766e+00 3.574115276336669922e+00 3.493999958038330078e+00 2.957827806472778320e+00 3.154671669006347656e+00 4.275570392608642578e+00 3.719474554061889648e+00 2.858650684356689453e+00
3.243923664093017578e+00 2.709677457809448242e+00 3.026281595230102539e+00 4.158159255981445312e+00 6.234093666076660156e+00 6.608288288116455078e+00 5.110076904296875000e+00 3.492576599121093750e+00 7.259887695312500000e+00 1.048498821258544922e+01 9.400438308715820312e+00 5.647042274475097656e+00 4.826140403747558594e+00 2.815533399581909180e+00 4.844529151916503906e+00 3.395454645156860352e+00 3.687184572219848633e+00 2.137192249298095703e+00 5.551626205444335938e+00 2.611756086349487305e+00
5.378066062927246094e+00 4.150969505310058594e+00 2.895743846893310547e+00 5.385121345520019531e+00 4.436273097991943359e+00 3.588068962097167969e+00 4.812414646148681641e+00 5.015082359313964844e+00 4.589837551116943359e+00 9.395005226135253906e+00 7.147992610931396484e+00 3.202555179595947266e+00 6.790125846862792969e+00 2.263157367706298828e+00 5.019578456878662109e+00 3.693645000457763672e+00 3.428695440292358398e+00 5.218170166015625000e+00 6.834772109985351562e+00 2.796701669692993164e+00
