2019-07-24 19:00:00
3.705750465393066406e+00 5.727535247802734375e+00 6.516733169555664062e+00 3.307515144348144531e+00 3.115482330322265625e+00 2.080082654953002930e+00 4.412799835205078125e+00 3.880248069763183594e+00 8.684366226196289062e+00 9.062678337097167969e+00 3.135259628295898438e+00 2.726507663726806641e+00 5.737174034118652344e+00 2.817347049713134766e+00 3.842130184173583984e+00 7.133743762969970703e+00 7.372635364532470703e+00 4.823779106140136719e+00 3.041458368301391602e+00 3.625253915786743164e+00
5.699019432067871094e+00 5.805320739746093750e+00 3.705609321594238281e+00 5.885806083679199219e+00 2.686140775680541992e+00 3.623536586761474609e+00 3.157999992370605469e+00 3.680625438690185547e+00 4.543818950653076172e+00 3.906974315643310547e+00 4.783841133117675781e+00 4.221980571746826172e+00 4.264006614685058594e+00 6.821940422058105469e+00 2.460924863815307617e+00 2.099119186401367188e+00 4.407687187194824219e+00 5.185099601745605469e+00 5.135678768157958984e+00 3.953061103820800781e+00
8.110391616821289062e+00 5.193155765533447266e+00 9.717298507690429688e+00 8.589995384216308594e+00 6.345209121704101562e+00 8.396745681762695312e+00 4.450119018554687500e+00 2.899376630783081055e+00 4.194906234741210938e+00 3.005440950393676758e+00 5.390985488891601562e+00 6.356081008911132812e+00 3.474729061126708984e+00 5.764815330505371094e+00 4.165529251098632812e+00 4.077643394470214844e+00 5.721160411834716797e+00 6.759974479675292969e+00 3.484157800674438477e+00 4.036889076232910156e+00
3.715905189514160156e+00 9.851478576660156250e+00 8.579324722290039062e+00 1.180964565277099609e+01 3.741647720336914062e+00 3.435263633728027344e+00 3.596678495407104492e+00 2.403548717498779297e+00 4.429561614990234375e+00 4.391197681427001953e+00 8.528520584106445312e+00 5.282947540283203125e+00 4.367241859436035156e+00 2.639418363571166992e+00 6.491372585296630859e+00 3.171718597412109375e+00 4.121137142181396484e+00 3.887792825698852539e+00 5.169203758239746094e+00 4.213503837585449219e+00
3.084742069244384766e+00 3.482104063034057617e+00 3.870549678802490234e+00 2.596639633178710938e+00 4.446854591369628906e+00 9.689935684204101562e+00 3.987942695617675781e+00 7.170117378234863281e+00 6.748400688171386719e+00 6.159564495086669922e+00 9.315183639526367188e+00 4.882221698760986328e+00 8.497188568115234375e+00 4.431721687316894531e+00 6.747393608093261719e+00 5.631941318511962891e+00 4.188140869140625000e+00 9.283494949340820312e+00 4.799565792083740234e+00 2.053466320037841797e+00
5.944440364837646484e+00 4.481051445007324219e+00 4.241007328033447266e+00 5.482333183288574219e+00 5.120613098144531250e+00 7.732831001281738281e+00 3.559828996658325195e+00 8.431268692016601562e+00 4.933157920837402344e+00 5.876199245452880859e+00 5.353063583374023438e+00 6.188585281372070312e+00 4.870501041412353516e+00 4.368849754333496094e+00 3.955239534378051758e+00 4.172944545745849609e+00 3.947671890258789062e+00 5.650653839111328125e+00 6.408718109130859375e+00 4.639575004577636719e+00
4.436002731323242188e+00 5.575919151306152344e+00 5.918307781219482422e+00 4.714833736419677734e+00 7.590324878692626953e+00 7.543130397796630859e+00 1.867603302001953125e+00 7.226339340209960938e+00 3.936496257781982422e+00 3.565427780151367188e+00 3.658390045166015625e+00 3.160705804824829102e+00 8.644415855407714844e+00 8.009193420410156250e+00 4.389908313751220703e+00 6.080163002014160156e+00 3.339077949523925781e+00 3.177439689636230469e+00 6.014952659606933594e+00 4.239931583404541016e+00
1.014050674438476562e+01 7.026752471923828125e+00 8.288688659667968750e+00 6.232379436492919922e+00 6.151931285858154297e+00 6.226331710815429688e+00 3.667269706726074219e+00 3.671197891235351562e+00 3.792705774307250977e+00 2.737089157104492188e+00 3.098011732101440430e+00 2.320914745330810547e+00 3.941118240356445312e+00 7.025188446044921875e+00 1.905151486396789551e+00 4.213534355163574219e+00 5.025279045104980469e+00 2.698078632354736328e+00 6.008618831634521484e+00 3.051870822906494141e+00
3.792894840240478516e+00 3.837575912475585938e+00 6.790486812591552734e+00 4.603391647338867188e+00 7.105504989624023438e+00 4.864408969879150391e+00 4.099561691284179688e+00 3.700313568115234375e+00 3.496332168579101562e+00 5.889712333679199219e+00 1.697441458702087402e+00 3.221472740173339844e+00 6.434609413146972656e+00 6.127823829650878906e+00 5.447779655456542969e+00 3.565832138061523438e+00 5.903162002563476562e+00 3.782271623611450195e+00 2.539349079132080078e+00 2.247165918350219727e+00
6.384046554565429688e+00 5.760669708251953125e+00 2.507866859436035156e+00 1.711203455924987793e+00 3.766827106475830078e+00 4.330340862274169922e+00 2.304025173187255859e+00 4.767934799194335938e+00 4.947384834289550781e+00 5.428102493286132812e+00 6.603576660156250000e+00 6.646536827087402344e+00 5.070115089416503906e+00 4.559936523437500000e+00 4.224669456481933594e+00 4.463379859924316406e+00 6.075912475585937500e+00 3.973643779754638672e+00 3.118784427642822266e+00 3.266024589538574219e+00
3.086849212646484375e+00 5.022567749023437500e+00 4.522326469421386719e+00 3.900914669036865234e+00 4.440513610839843750e+00 3.285566568374633789e+00 2.155984401702880859e+00 5.558137893676757812e+00 3.255404949188232422e+00 3.661468029022216797e+00 3.290168762207031250e+00 5.717944145202636719e+00 5.014504432678222656e+00 6.568325042724609375e+00 2.531625986099243164e+00 3.555757761001586914e+00 3.231410503387451172e+00 8.710046768188476562e+00 2.714320659637451172e+00 4.522583007812500000e+00
6.292432308197021484e+00 3.151207447052001953e+00 3.936941623687744141e+00 3.376327037811279297e+00 4.511063098907470703e+00 1.914083480834960938e+00 2.788349151611328125e+00 6.041585922241210938e+00 4.806931495666503906e+00 3.802099943161010742e+00 4.608573913574218750e+00 4.052594661712646484e+00 6.671332359313964844e+00 3.020102262496948242e+00 4.626307010650634766e+00 7.026759624481201172e+00 3.139321327209472656e+00 4.491836547851562500e+00 3.317244052886962891e+00 2.559132575988769531e+00
3.353875637054443359e+00 2.551744937896728516e+00 2.928523063659667969e+00 5.156620025634765625e+00 3.063721895217895508e+00 3.430250167846679688e+00 5.901047229766845703e+00 1.644643545150756836e+00 3.340941429138183594e+00 4.107955455780029297e+00 3.210604190826416016e+00 3.470221042633056641e+00 3.493886947631835938e+00 4.710976600646972656e+00 4.830404281616210938e+00 3.955265760421752930e+00 3.035679340362548828e+00 3.605550289154052734e+00 2.796290636062622070e+00 4.612451553344726562e+00
3.540105342864990234e+00 2.395629167556762695e+00 3.694242954254150391e+00 3.307034015655517578e+00 3.636389732360839844e+00 3.947265148162841797e+00 4.241775035858154297e+00 4.024079322814941406e+00 3.010759592056274414e+00 2.809392213821411133e+00 2.373262643814086914e+00 1.724611163139343262e+00 3.719099521636962891e+00 5.068458080291748047e+00 5.000257968902587891e+00 3.480580329895019531e+00 3.843962430953979492e+00 4.283567428588867188e+00 4.715012550354003906e+00 4.351905822753906250e+00
3.500603675842285156e+00 4.475333213806152344e+00 3.193737983703613281e+00 3.172302722930908203e+00 3.215801239013671875e+00 3.318188190460205078e+00 3.764302730560302734e+00 3.262245655059814453e+00 3.529864788055419922e+00 4.505403518676757812e+00 3.242221832275390625e+00 2.371802568435668945e+00 2.207460641860961914e+00 2.863392114639282227e+00 3.413625717163085938e+00 3.368159770965576172e+00 2.560102939605712891e+00 3.982079744338989258e+00 3.634388446807861328e+00 7.190391063690185547e+00
4.053045749664306641e+00 3.449071168899536133e+00 3.653328895568847656e+00 2.963174343109130859e+00 1.764247298240661621e+00 3.060359477996826172e+00 3.050045490264892578e+00 3.181565523147583008e+00 4.352113723754882812e+00 5.790530204772949219e+00 3.874946117401123047e+00 3.328892230987548828e+00 2.523335933685302734e+00 5.249564647674560547e+00 3.230403900146484375e+00 2.996455907821655273e+00 4.009492874145507812e+00 4.566647052764892578e+00 3.112651824951171875e+00 9.407724380493164062e+00
2.972882509231567383e+00 4.640867233276367188e+00 3.411129236221313477e+00 2.910852432250976562e+00 4.704116821289062500e+00 3.572775602340698242e+00 3.287493705749511719e+00 2.715139865875244141e+00 3.711961507797241211e+00 4.571752071380615234e+00 3.058084487915039062e+00 2.822866916656494141e+00 4.616675376892089844e+00 3.057044982910156250e+00 3.473975181579589844e+00 3.161828756332397461e+00 4.666954517364501953e+00 5.626771926879882812e+00 3.299440383911132812e+00 4.630181789398193359e+00
3.051230907440185547e+00 3.809018611907958984e+00 3.539908885955810547e+00 7.790860176086425781e+00 6.652983665466308594e+00 2.210344314575195312e+00 5.161132335662841797e+00 2.976296186447143555e+00 6.652444362640380859e+00 3.509970903396606445e+00 4.957540988922119141e+00 4.340390205383300781e+00 3.978120803833007812e+00 2.951936721801757812e+00 3.649365425109863281e+00 3.779179334640502930e+00 6.131893157958984375e+00 5.811891555786132812e+00 4.078906059265136719e+00 3.705696105957031250e+00
3.378407239913940430e+00 2.978001594543457031e+00 3.334244251251220703e+00 2.686472892761230469e+00 4.551616668701171875e+00 6.415721416473388672e+00 3.596550464630126953e+00 3.353929996490478516e+00 5.127131462097167969e+00 4.232095241546630859e+00 7.010046958923339844e+00 6.807854175567626953e+00 3.631041288375854492e+00 3.845560550689697266e+00 4.446833610534667969e+00 2.582495212554931641e+00 5.090969085693359375e+00 4.087667465209960938e+00 6.780736446380615234e+00 3.724519729614257812e+00
5.698182106018066406e+00 5.039620399475097656e+00 4.380718708038330078e+00 4.893654823303222656e+00 4.399621009826660156e+00 5.268877029418945312e+00 5.859929084777832031e+00 6.634749412536621094e+00 8.969167709350585938e+00 5.041196823120117188e+00 5.358946323394775391e+00 4.059897422790527344e+00 5.962677955627441406e+00 3.649924993515014648e+00 3.783333778381347656e+00 4.419296741485595703e+00 2.287648439407348633e+00 3.446449041366577148e+00 7.050213813781738281e+00 3.871410369873046875e+00
