2019-07-24 19:15:00
4.378344058990478516e+00 6.260436534881591797e+00 4.817529678344726562e+00 4.248853206634521484e+00 3.431682825088500977e+00 3.742975234985351562e+00 3.426070213317871094e+00 2.970782756805419922e+00 4.772170066833496094e+00 6.087056159973144531e+00 2.144331932067871094e+00 4.523200035095214844e+00 7.269910812377929688e+00 3.985563993453979492e+00 5.099291324615478516e+00 6.681945800781250000e+00 5.783289909362792969e+00 2.355253696441650391e+00 3.330151796340942383e+00 2.749251365661621094e+00
1.046623611450195312e+01 5.471353530883789062e+00 6.336616516113281250e+00 5.969980239868164062e+00 8.951051712036132812e+00 3.233190059661865234e+00 3.648084878921508789e+00 3.853717803955078125e+00 3.853069305419921875e+00 3.546946048736572266e+00 3.436623334884643555e+00 2.199379444122314453e+00 4.107451438903808594e+00 4.656362533569335938e+00 3.391021251678466797e+00 3.759631633758544922e+00 7.422192573547363281e+00 1.012601852416992188e+01 2.651263236999511719e+00 3.261288642883300781e+00
7.457987785339355469e+00 6.981678009033203125e+00 8.544253349304199219e+00 8.709230422973632812e+00 8.867380142211914062e+00 5.358331680297851562e+00 7.077541828155517578e+00 2.670884609222412109e+00 2.925151824951171875e+00 4.743737697601318359e+00 5.106606006622314453e+00 8.796800613403320312e+00 2.751427650451660156e+00 3.999534606933593750e+00 5.709733486175537109e+00 2.086533784866333008e+00 4.167274475097656250e+00 3.458939075469970703e+00 4.511104583740234375e+00 5.933859348297119141e+00
3.388307571411132812e+00 6.839445590972900391e+00 5.001610755920410156e+00 3.647241592407226562e+00 5.462236881256103516e+00 3.009901523590087891e+00 1.964694499969482422e+00 4.476870059967041016e+00 3.094368457794189453e+00 8.746892929077148438e+00 5.238168716430664062e+00 6.707427501678466797e+00 3.656461238861083984e+00 2.620547771453857422e+00 7.100542545318603516e+00 3.409888982772827148e+00 4.023085594177246094e+00 5.858790397644042969e+00 2.553855657577514648e+00 5.080565929412841797e+00
2.757648706436157227e+00 5.196876525878906250e+00 3.942247867584228516e+00 3.177033901214599609e+00 3.925792455673217773e+00 6.679747104644775391e+00 4.010272502899169922e+00 8.593280792236328125e+00 4.143123149871826172e+00 3.525709152221679688e+00 4.510460853576660156e+00 4.913800239562988281e+00 5.643513679504394531e+00 3.491708278656005859e+00 5.684085845947265625e+00 7.370475769042968750e+00 4.199956893920898438e+00 1.040402412414550781e+01 6.001448154449462891e+00 2.991905689239501953e+00
6.002505779266357422e+00 4.209497451782226562e+00 6.260994911193847656e+00 6.380507469177246094e+00 6.645254135131835938e+00 8.322061538696289062e+00 3.215576648712158203e+00 3.262397050857543945e+00 7.340700149536132812e+00 4.914161682128906250e+00 5.997120380401611328e+00 7.881647586822509766e+00 5.335622787475585938e+00 3.586717128753662109e+00 3.341349363327026367e+00 7.548770904541015625e+00 3.852718830108642578e+00 8.469318389892578125e+00 7.159920692443847656e+00 4.575193405151367188e+00
6.452586650848388672e+00 9.600332260131835938e+00 6.378616809844970703e+00 7.728323459625244141e+00 5.667326927185058594e+00 5.543157100677490234e+00 3.337681770324707031e+00 4.864237308502197266e+00 3.493397474288940430e+00 3.970216751098632812e+00 3.410571575164794922e+00 3.385174751281738281e+00 7.186738491058349609e+00 6.855219841003417969e+00 3.164497137069702148e+00 6.145843029022216797e+00 2.171642303466796875e+00 2.778836250305175781e+00 6.524775505065917969e+00 1.027751445770263672e+01
4.911963462829589844e+00 5.669291019439697266e+00 5.490025043487548828e+00 3.589234113693237305e+00 5.919238090515136719e+00 4.649949550628662109e+00 2.890672922134399414e+00 3.667122602462768555e+00 2.739262342453002930e+00 3.827964067459106445e+00 2.944164037704467773e+00 2.318928718566894531e+00 6.747805118560791016e+00 7.580309867858886719e+00 3.534541845321655273e+00 3.337823629379272461e+00 4.663096427917480469e+00 2.148338794708251953e+00 8.200386047363281250e+00 4.031760215759277344e+00
3.970670938491821289e+00 4.735759735107421875e+00 5.884923934936523438e+00 9.023015975952148438e+00 5.531463623046875000e+00 3.524788379669189453e+00 4.517296791076660156e+00 3.453649520874023438e+00 3.647686958312988281e+00 3.977619409561157227e+00 1.836475849151611328e+00 3.415596008300781250e+00 5.588273048400878906e+00 6.512982368469238281e+00 6.480126380920410156e+00 5.270759105682373047e+00 5.406163215637207031e+00 3.115468263626098633e+00 4.251989364624023438e+00 5.631839752197265625e+00
4.238736152648925781e+00 3.088172435760498047e+00 3.043599128723144531e+00 4.155067443847656250e+00 4.688790321350097656e+00 3.263880252838134766e+00 4.119501590728759766e+00 1.858080029487609863e+00 6.703007698059082031e+00 6.446063995361328125e+00 4.801543712615966797e+00 3.978009700775146484e+00 6.171820640563964844e+00 3.604894161224365234e+00 3.449722766876220703e+00 3.427979946136474609e+00 8.174271583557128906e+00 3.778579235076904297e+00 3.926895856857299805e+00 5.202324867248535156e+00
3.848968505859375000e+00 3.915785312652587891e+00 3.405192375183105469e+00 3.503027439117431641e+00 5.280882358551025391e+00 4.209649085998535156e+00 3.584494590759277344e+00 3.766627311706542969e+00 3.547463178634643555e+00 4.005786418914794922e+00 2.074517011642456055e+00 3.264368057250976562e+00 5.623710632324218750e+00 6.701038360595703125e+00 4.974233627319335938e+00 2.633378028869628906e+00 4.287780761718750000e+00 9.164781570434570312e+00 3.759907245635986328e+00 2.437463283538818359e+00
5.105506420135498047e+00 3.443091392517089844e+00 4.782704830169677734e+00 3.966717004776000977e+00 5.165550231933593750e+00 3.336367607116699219e+00 3.430291652679443359e+00 3.223755359649658203e+00 3.401943445205688477e+00 3.723676919937133789e+00 3.599352836608886719e+00 2.940299510955810547e+00 4.152162075042724609e+00 4.336730480194091797e+00 4.660729408264160156e+00 5.440018653869628906e+00 2.279856204986572266e+00 3.009690761566162109e+00 3.053843975067138672e+00 3.774610280990600586e+00
3.790625333786010742e+00 3.008096933364868164e+00 4.249526977539062500e+00 4.220158576965332031e+00 2.250347137451171875e+00 3.622504234313964844e+00 4.120882511138916016e+00 2.755352735519409180e+00 3.519657611846923828e+00 2.837927818298339844e+00 4.019878387451171875e+00 2.567253589630126953e+00 2.859432220458984375e+00 3.062783956527709961e+00 4.296227455139160156e+00 3.318547725677490234e+00 3.463876962661743164e+00 2.658058166503906250e+00 4.399526119232177734e+00 4.040333747863769531e+00
4.237756729125976562e+00 2.928107738494873047e+00 2.993341445922851562e+00 4.416629791259765625e+00 3.219823837280273438e+00 5.183978080749511719e+00 4.437008857727050781e+00 4.685205459594726562e+00 3.931198835372924805e+00 4.611364841461181641e+00 3.475199937820434570e+00 1.844574213027954102e+00 3.492817401885986328e+00 2.561244726181030273e+00 3.269796609878540039e+00 1.799695611000061035e+00 3.242544889450073242e+00 2.523703098297119141e+00 3.711112022399902344e+00 2.777838468551635742e+00
3.217509031295776367e+00 2.873540401458740234e+00 3.084520339965820312e+00 3.431404113769531250e+00 4.095510959625244141e+00 2.922379970550537109e+00 4.353493690490722656e+00 4.011656761169433594e+00 2.917164802551269531e+00 3.038382530212402344e+00 3.523924827575683594e+00 3.041676282882690430e+00 2.885896921157836914e+00 2.701687335968017578e+00 5.964014053344726562e+00 3.305511951446533203e+00 3.435196876525878906e+00 4.324661254882812500e+00 3.838445663452148438e+00 6.161405563354492188e+00
3.709377288818359375e+00 3.458693981170654297e+00 2.633804082870483398e+00 4.123337745666503906e+00 4.547010898590087891e+00 3.865706205368041992e+00 3.713966608047485352e+00 3.465636253356933594e+00 2.742422580718994141e+00 3.305661439895629883e+00 5.121453285217285156e+00 4.392969131469726562e+00 3.405733108520507812e+00 2.451249361038208008e+00 3.889298439025878906e+00 3.282577276229858398e+00 3.741311073303222656e+00 4.142574787139892578e+00 3.747724056243896484e+00 4.909418582916259766e+00
2.652843952178955078e+00 3.762042999267578125e+00 4.430172920227050781e+00 4.439898490905761719e+00 8.686609268188476562e+00 2.490700721740722656e+00 4.988592147827148438e+00 5.327042579650878906e+00 3.179235935211181641e+00 2.479411125183105469e+00 4.984327793121337891e+00 4.692435741424560547e+00 4.573758125305175781e+00 5.448229312896728516e+00 5.732315063476562500e+00 2.917030811309814453e+00 3.430474758148193359e+00 4.844406604766845703e+00 4.318753719329833984e+00 5.633642196655273438e+00
2.656756877899169922e+00 2.493918180465698242e+00 4.445189952850341797e+00 4.676809310913085938e+00 4.647368907928466797e+00 4.482086658477783203e+00 4.223785400390625000e+00 3.124992847442626953e+00 3.527452945709228516e+00 4.210508823394775391e+00 5.910860061645507812e+00 4.124630928039550781e+00 3.345555782318115234e+00 4.189003467559814453e+00 3.238279342651367188e+00 3.437278509140014648e+00 5.121825695037841797e+00 5.739836692810058594e+00 3.332006931304931641e+00 3.977467775344848633e+00
4.734618663787841797e+00 3.653808593750000000e+00 4.527540206909179688e+00 2.790057182312011719e+00 5.285226821899414062e+00 5.358363628387451172e+00 4.623862266540527344e+00 4.377838134765625000e+00 4.338961601257324219e+00 6.562483787536621094e+00 5.626371383666992188e+00 4.986573696136474609e+00 3.509068965911865234e+00 4.079828262329101562e+00 3.965416908264160156e+00 3.127170562744140625e+00 3.523475408554077148e+00 5.725144386291503906e+00 7.774210929870605469e+00 2.536595344543457031e+00
4.552399635314941406e+00 4.549877166748046875e+00 3.687958717346191406e+00 5.407896041870117188e+00 6.955436706542968750e+00 4.740717887878417969e+00 3.839626789093017578e+00 5.319537639617919922e+00 7.361652851104736328e+00 6.289026737213134766e+00 3.874264478683471680e+00 6.574689865112304688e+00 6.669198989868164062e+00 3.970949649810791016e+00 3.395102977752685547e+00 6.680459499359130859e+00 3.098141193389892578e+00 4.785554885864257812e+00 5.637540817260742188e+00 2.959099292755126953e+00
