2019-07-24 19:45:00
6.261370658874511719e+00 4.269079208374023438e+00 4.029345035552978516e+00 4.114341259002685547e+00 3.740183591842651367e+00 1.975007176399230957e+00 4.009449005126953125e+00 3.200743198394775391e+00 7.532914161682128906e+00 8.114723205566406250e+00 2.836743354797363281e+00 3.231593608856201172e+00 3.554200649261474609e+00 4.474223613739013672e+00 2.879837512969970703e+00 1.216159057617187500e+01 6.644100189208984375e+00 4.240988731384277344e+00 3.092199563980102539e+00 3.334074497222900391e+00
7.599060058593750000e+00 1.172108268737792969e+01 5.401672840118408203e+00 6.664166450500488281e+00 4.549807071685791016e+00 5.167191028594970703e+00 3.543697357177734375e+00 4.903738975524902344e+00 5.317704200744628906e+00 3.646043539047241211e+00 4.612286090850830078e+00 2.709613800048828125e+00 3.524710178375244141e+00 6.785825252532958984e+00 3.595887660980224609e+00 3.037262201309204102e+00 7.661920547485351562e+00 9.583158493041992188e+00 4.840394020080566406e+00 3.691064834594726562e+00
1.095595359802246094e+01 7.168503761291503906e+00 8.191047668457031250e+00 5.738779067993164062e+00 4.534991264343261719e+00 8.009552955627441406e+00 6.087069511413574219e+00 3.320284843444824219e+00 5.005919933319091797e+00 4.241693496704101562e+00 6.972797870635986328e+00 1.011599349975585938e+01 3.028384208679199219e+00 5.185669898986816406e+00 3.359461784362792969e+00 4.124562263488769531e+00 5.456363677978515625e+00 6.433051586151123047e+00 3.620111227035522461e+00 5.092167377471923828e+00
4.760771274566650391e+00 5.472770690917968750e+00 7.113171577453613281e+00 2.617238998413085938e+00 3.718731880187988281e+00 3.821995019912719727e+00 3.429480552673339844e+00 5.119249343872070312e+00 3.107475996017456055e+00 4.792760848999023438e+00 6.071006774902343750e+00 6.009032249450683594e+00 4.694315910339355469e+00 3.576288938522338867e+00 8.165563583374023438e+00 3.350660085678100586e+00 3.472651004791259766e+00 7.198500633239746094e+00 2.638600587844848633e+00 3.331140995025634766e+00
4.064795494079589844e+00 3.838321208953857422e+00 3.852780818939208984e+00 3.405696392059326172e+00 5.306046009063720703e+00 3.527524471282958984e+00 2.789558887481689453e+00 4.115503311157226562e+00 7.813698291778564453e+00 7.380068778991699219e+00 6.859018325805664062e+00 6.312021255493164062e+00 6.245265007019042969e+00 3.912719964981079102e+00 9.220692634582519531e+00 8.874609947204589844e+00 3.337302684783935547e+00 5.724452018737792969e+00 6.631413936614990234e+00 4.261825561523437500e+00
5.494365692138671875e+00 2.646371126174926758e+00 5.531958580017089844e+00 6.749301910400390625e+00 7.637778759002685547e+00 8.780924797058105469e+00 4.332865715026855469e+00 1.259197044372558594e+01 8.141483306884765625e+00 4.524358749389648438e+00 5.851325035095214844e+00 5.962054729461669922e+00 7.163088798522949219e+00 5.810894012451171875e+00 2.414453506469726562e+00 4.426863670349121094e+00 3.280669212341308594e+00 6.676249027252197266e+00 6.878624916076660156e+00 5.069921493530273438e+00
4.859827041625976562e+00 6.666780948638916016e+00 5.618988990783691406e+00 1.137810325622558594e+01 5.292164325714111328e+00 6.599017143249511719e+00 4.853127002716064453e+00 5.282300949096679688e+00 3.992449522018432617e+00 3.059963464736938477e+00 4.332175254821777344e+00 3.758133411407470703e+00 4.809617519378662109e+00 6.533057212829589844e+00 4.314676284790039062e+00 6.421113967895507812e+00 4.131571769714355469e+00 2.635167360305786133e+00 6.029448509216308594e+00 7.131101131439208984e+00
7.808514595031738281e+00 7.790937423706054688e+00 6.677020072937011719e+00 6.569766044616699219e+00 5.496775627136230469e+00 6.088250160217285156e+00 2.672924995422363281e+00 4.471727371215820312e+00 2.559832572937011719e+00 4.101688385009765625e+00 4.260055065155029297e+00 3.256494998931884766e+00 9.217431068420410156e+00 4.512526035308837891e+00 4.603954315185546875e+00 3.989523172378540039e+00 4.610212326049804688e+00 2.977216720581054688e+00 8.413641929626464844e+00 3.980950832366943359e+00
4.310975551605224609e+00 4.725605964660644531e+00 7.278760910034179688e+00 5.186121940612792969e+00 8.308052062988281250e+00 3.282876968383789062e+00 4.227012157440185547e+00 5.118134021759033203e+00 3.102646350860595703e+00 4.962430000305175781e+00 1.944676756858825684e+00 3.674773454666137695e+00 6.390928268432617188e+00 6.725317478179931641e+00 5.333769798278808594e+00 4.649242401123046875e+00 7.861835002899169922e+00 3.060092449188232422e+00 4.287924766540527344e+00 4.034404754638671875e+00
5.792733192443847656e+00 7.518836021423339844e+00 4.664970397949218750e+00 3.016446113586425781e+00 3.160230875015258789e+00 4.911784172058105469e+00 2.808562278747558594e+00 4.668455600738525391e+00 5.715351104736328125e+00 6.270054817199707031e+00 6.670260906219482422e+00 3.858620166778564453e+00 7.013854026794433594e+00 4.786416530609130859e+00 4.530437469482421875e+00 4.046949863433837891e+00 9.501299858093261719e+00 2.078901767730712891e+00 3.119282484054565430e+00 4.056625366210937500e+00
3.405941247940063477e+00 3.647775650024414062e+00 2.794118881225585938e+00 3.579858541488647461e+00 4.010469913482666016e+00 5.132524490356445312e+00 2.012454032897949219e+00 4.475855827331542969e+00 2.821826219558715820e+00 4.079303264617919922e+00 4.061594963073730469e+00 5.721971511840820312e+00 4.140866279602050781e+00 5.493726253509521484e+00 5.037992954254150391e+00 3.967751502990722656e+00 3.726377487182617188e+00 4.882388114929199219e+00 4.751250267028808594e+00 4.420914649963378906e+00
3.534945964813232422e+00 3.039755821228027344e+00 3.358405828475952148e+00 3.511007785797119141e+00 4.056650161743164062e+00 3.372045040130615234e+00 4.669690132141113281e+00 2.122046232223510742e+00 3.678246498107910156e+00 2.693228960037231445e+00 4.026704788208007812e+00 3.394475460052490234e+00 7.562235832214355469e+00 3.774732589721679688e+00 4.597089290618896484e+00 7.946765899658203125e+00 3.295623779296875000e+00 2.865303277969360352e+00 4.827192306518554688e+00 2.750066995620727539e+00
2.441537857055664062e+00 2.948101043701171875e+00 2.759657859802246094e+00 3.848479509353637695e+00 3.084937095642089844e+00 3.596462488174438477e+00 2.955981731414794922e+00 3.150121927261352539e+00 3.244535446166992188e+00 2.856811523437500000e+00 3.768646955490112305e+00 3.509279251098632812e+00 4.319060325622558594e+00 2.848776578903198242e+00 3.507738351821899414e+00 3.663925647735595703e+00 2.260706663131713867e+00 3.890120029449462891e+00 3.344323635101318359e+00 3.679820299148559570e+00
3.599121332168579102e+00 2.842718601226806641e+00 4.380216598510742188e+00 4.603906631469726562e+00 2.509237766265869141e+00 3.942689895629882812e+00 4.408137321472167969e+00 2.892084121704101562e+00 3.803218603134155273e+00 2.098999977111816406e+00 1.973051667213439941e+00 4.296677589416503906e+00 2.362070083618164062e+00 2.467423915863037109e+00 3.027821540832519531e+00 3.081572532653808594e+00 4.626643180847167969e+00 3.101302146911621094e+00 2.442246437072753906e+00 3.267722606658935547e+00
3.113197565078735352e+00 4.497898578643798828e+00 4.093765735626220703e+00 3.464538097381591797e+00 2.854372024536132812e+00 3.061319351196289062e+00 3.713623762130737305e+00 2.457632064819335938e+00 2.971127271652221680e+00 4.613115310668945312e+00 4.122184753417968750e+00 4.052987575531005859e+00 4.831175804138183594e+00 2.505325794219970703e+00 2.138722419738769531e+00 3.397954702377319336e+00 3.827716350555419922e+00 2.682215213775634766e+00 4.705695152282714844e+00 9.766571998596191406e+00
3.300989151000976562e+00 4.175201416015625000e+00 2.542670249938964844e+00 4.586353778839111328e+00 6.309535980224609375e+00 3.880386352539062500e+00 3.570979118347167969e+00 4.933989524841308594e+00 3.489537954330444336e+00 3.151115655899047852e+00 3.352167129516601562e+00 5.179944038391113281e+00 3.139446735382080078e+00 3.504989624023437500e+00 3.981531143188476562e+00 2.777891635894775391e+00 3.115140438079833984e+00 2.196049690246582031e+00 3.768359184265136719e+00 7.845268726348876953e+00
2.486818790435791016e+00 4.338333129882812500e+00 6.640907287597656250e+00 3.641633033752441406e+00 7.116468429565429688e+00 4.334816932678222656e+00 4.117946624755859375e+00 4.395217895507812500e+00 4.035665035247802734e+00 2.998001575469970703e+00 3.215944528579711914e+00 3.721105098724365234e+00 4.543802261352539062e+00 3.176160812377929688e+00 4.693661689758300781e+00 3.117000102996826172e+00 5.064660072326660156e+00 5.217077255249023438e+00 3.364046096801757812e+00 5.995327472686767578e+00
3.027559280395507812e+00 3.223909378051757812e+00 4.930299282073974609e+00 3.958495616912841797e+00 4.195097923278808594e+00 3.003882169723510742e+00 3.873507976531982422e+00 4.114377021789550781e+00 4.829790115356445312e+00 3.953763961791992188e+00 4.248595237731933594e+00 3.560449838638305664e+00 5.068146705627441406e+00 4.390437126159667969e+00 3.275411128997802734e+00 2.823505640029907227e+00 4.094453811645507812e+00 5.919623374938964844e+00 2.557206153869628906e+00 2.878728389739990234e+00
3.389903545379638672e+00 2.759805202484130859e+00 2.997798919677734375e+00 3.570876359939575195e+00 3.730349302291870117e+00 6.754465579986572266e+00 2.928863048553466797e+00 4.762118339538574219e+00 5.270404815673828125e+00 4.099470615386962891e+00 3.953051090240478516e+00 6.760103225708007812e+00 3.747932910919189453e+00 3.405872344970703125e+00 4.221867084503173828e+00 2.715811967849731445e+00 3.376863241195678711e+00 4.628547668457031250e+00 6.718559265136718750e+00 4.313807487487792969e+00
5.806595802307128906e+00 6.062558650970458984e+00 2.916027545928955078e+00 5.738396167755126953e+00 3.534936904907226562e+00 4.311201095581054688e+00 3.663661956787109375e+00 4.099883079528808594e+00 9.105884552001953125e+00 5.423187255859375000e+00 7.254528045654296875e+00 5.734612464904785156e+00 7.709428310394287109e+00 2.855425834655761719e+00 7.413590431213378906e+00 3.626379489898681641e+00 4.633625984191894531e+00 4.918540000915527344e+00 4.058699607849121094e+00 3.939203739166259766e+00
