2019-07-24 20:00:00
3.602501392364501953e+00 4.297633647918701172e+00 4.972709655761718750e+00 2.104751825332641602e+00 4.865189075469970703e+00 4.321887969970703125e+00 6.197674274444580078e+00 4.024031639099121094e+00 7.726816177368164062e+00 4.028880119323730469e+00 3.579197406768798828e+00 4.468235969543457031e+00 5.313380718231201172e+00 2.227254390716552734e+00 3.625438451766967773e+00 6.423584461212158203e+00 5.551943778991699219e+00 2.874195814132690430e+00 3.020663022994995117e+00 4.147170543670654297e+00
4.089594841003417969e+00 6.473856449127197266e+00 9.025976181030273438e+00 7.770517826080322266e+00 5.575343608856201172e+00 5.598077774047851562e+00 2.970984458923339844e+00 2.615511894226074219e+00 3.485520839691162109e+00 2.056927204132080078e+00 2.789151430130004883e+00 3.777772188186645508e+00 3.441551685333251953e+00 2.770310401916503906e+00 3.802110671997070312e+00 2.740437030792236328e+00 6.367913246154785156e+00 5.888544082641601562e+00 3.601847648620605469e+00 3.549275159835815430e+00
6.329439640045166016e+00 5.050899505615234375e+00 7.407356262207031250e+00 5.352661132812500000e+00 5.193157196044921875e+00 9.733333587646484375e+00 7.924351692199707031e+00 4.006877899169921875e+00 2.115117549896240234e+00 4.019937515258789062e+00 6.973011016845703125e+00 6.893293380737304688e+00 5.796880245208740234e+00 6.950898647308349609e+00 4.431603431701660156e+00 2.511961460113525391e+00 4.213258743286132812e+00 5.919877052307128906e+00 4.488118171691894531e+00 4.917591571807861328e+00
3.314784049987792969e+00 2.539576530456542969e+00 7.460626602172851562e+00 6.738570213317871094e+00 3.661326408386230469e+00 4.999340057373046875e+00 3.267019987106323242e+00 3.089214324951171875e+00 2.899436950683593750e+00 5.197075843811035156e+00 9.385731697082519531e+00 8.327175140380859375e+00 3.195410490036010742e+00 3.082885265350341797e+00 2.968480110168457031e+00 3.517686843872070312e+00 3.521737337112426758e+00 4.379305362701416016e+00 3.862863779067993164e+00 2.934383153915405273e+00
2.540697336196899414e+00 4.466847419738769531e+00 3.755520343780517578e+00 3.652039527893066406e+00 2.460640192031860352e+00 3.489310264587402344e+00 2.912534475326538086e+00 6.969516754150390625e+00 3.538331747055053711e+00 2.968051910400390625e+00 5.062719345092773438e+00 5.484543800354003906e+00 1.061363029479980469e+01 2.868301391601562500e+00 6.188892364501953125e+00 3.728596448898315430e+00 2.732227325439453125e+00 4.060849189758300781e+00 5.302578926086425781e+00 4.150993824005126953e+00
5.660362243652343750e+00 2.971951961517333984e+00 8.304093360900878906e+00 8.893313407897949219e+00 7.628152847290039062e+00 7.234788894653320312e+00 3.132535457611083984e+00 4.519971847534179688e+00 5.971150398254394531e+00 3.120540857315063477e+00 6.270332336425781250e+00 4.824526786804199219e+00 4.302373886108398438e+00 2.712065696716308594e+00 5.952111244201660156e+00 6.439511299133300781e+00 3.034051895141601562e+00 5.886833190917968750e+00 7.011023521423339844e+00 4.556037902832031250e+00
8.885326385498046875e+00 5.621194362640380859e+00 6.343216419219970703e+00 3.804039001464843750e+00 2.820852518081665039e+00 5.841082572937011719e+00 3.224365234375000000e+00 6.904288291931152344e+00 4.468716144561767578e+00 3.469962596893310547e+00 3.016145706176757812e+00 4.752710819244384766e+00 6.649668216705322266e+00 4.484309673309326172e+00 1.925604581832885742e+00 5.531937122344970703e+00 3.654294490814208984e+00 3.030930757522583008e+00 5.791021823883056641e+00 6.857449054718017578e+00
6.647030830383300781e+00 3.794272661209106445e+00 3.875783920288085938e+00 8.484535217285156250e+00 3.855737209320068359e+00 3.328761339187622070e+00 3.505208969116210938e+00 4.215981483459472656e+00 2.968930244445800781e+00 3.406595230102539062e+00 3.028581142425537109e+00 4.457175254821777344e+00 7.591784477233886719e+00 4.745234966278076172e+00 4.848817348480224609e+00 3.532986164093017578e+00 6.052232742309570312e+00 2.850837469100952148e+00 9.796573638916015625e+00 2.822293281555175781e+00
2.496922254562377930e+00 4.334855556488037109e+00 4.431075096130371094e+00 7.394112586975097656e+00 6.240313529968261719e+00 3.261904716491699219e+00 3.907499074935913086e+00 3.214925050735473633e+00 2.520631551742553711e+00 6.447659015655517578e+00 2.542006015777587891e+00 4.039204597473144531e+00 5.409042835235595703e+00 5.544129848480224609e+00 4.765810966491699219e+00 1.741078138351440430e+00 5.857566356658935547e+00 3.494562149047851562e+00 2.911574363708496094e+00 2.377335548400878906e+00
5.353436470031738281e+00 2.482089996337890625e+00 3.098070621490478516e+00 3.636262893676757812e+00 2.945205688476562500e+00 3.402699470520019531e+00 2.908706665039062500e+00 3.486427307128906250e+00 4.988408565521240234e+00 3.594854831695556641e+00 5.738305091857910156e+00 3.977579355239868164e+00 9.085573196411132812e+00 2.073044776916503906e+00 2.594520092010498047e+00 2.358351230621337891e+00 5.090730667114257812e+00 3.134812831878662109e+00 3.176434040069580078e+00 3.756005048751831055e+00
2.490622997283935547e+00 4.644608497619628906e+00 3.888358592987060547e+00 2.999882698059082031e+00 2.598218202590942383e+00 4.553780555725097656e+00 2.830002784729003906e+00 2.898614883422851562e+00 3.555451869964599609e+00 2.975074529647827148e+00 4.162279605865478516e+00 2.867963314056396484e+00 4.838347911834716797e+00 8.411168098449707031e+00 3.463957548141479492e+00 3.584199905395507812e+00 3.206153869628906250e+00 8.622521400451660156e+00 2.908963680267333984e+00 4.212064743041992188e+00
2.908491373062133789e+00 4.429495334625244141e+00 4.011210918426513672e+00 3.936987400054931641e+00 4.949577331542968750e+00 1.934585094451904297e+00 2.843839168548583984e+00 2.274325132369995117e+00 3.492877244949340820e+00 3.060258388519287109e+00 3.615653991699218750e+00 2.986176967620849609e+00 3.184198856353759766e+00 3.882899045944213867e+00 3.466645479202270508e+00 6.032667160034179688e+00 2.630728721618652344e+00 4.102971076965332031e+00 3.834973096847534180e+00 1.905290484428405762e+00
2.794137716293334961e+00 2.139580965042114258e+00 3.119863271713256836e+00 3.890752792358398438e+00 2.308385133743286133e+00 4.525013446807861328e+00 3.109485864639282227e+00 3.595174789428710938e+00 4.796419620513916016e+00 4.536518573760986328e+00 2.779205322265625000e+00 3.658625602722167969e+00 3.189919710159301758e+00 4.331554889678955078e+00 5.142015457153320312e+00 2.764924049377441406e+00 4.769522666931152344e+00 3.338645935058593750e+00 3.597944021224975586e+00 3.155277252197265625e+00
3.395953655242919922e+00 2.593652248382568359e+00 3.310896635055541992e+00 4.881794929504394531e+00 2.725611209869384766e+00 4.847951412200927734e+00 3.672581672668457031e+00 4.230174541473388672e+00 4.500298500061035156e+00 3.285907506942749023e+00 2.579705476760864258e+00 4.302600860595703125e+00 4.530921936035156250e+00 3.760977029800415039e+00 4.973680973052978516e+00 1.600250244140625000e+00 3.383550405502319336e+00 3.973361015319824219e+00 5.224142074584960938e+00 2.765003204345703125e+00
3.699064493179321289e+00 3.818870067596435547e+00 3.057693481445312500e+00 2.950545310974121094e+00 3.109004735946655273e+00 2.353778839111328125e+00 4.019240379333496094e+00 2.941331863403320312e+00 1.997898578643798828e+00 4.316229820251464844e+00 3.276326417922973633e+00 4.204994201660156250e+00 4.163970947265625000e+00 3.559649944305419922e+00 2.338064670562744141e+00 3.209983587265014648e+00 3.397120952606201172e+00 4.885684967041015625e+00 2.606380701065063477e+00 6.084405899047851562e+00
3.107263088226318359e+00 3.789837837219238281e+00 3.672639369964599609e+00 5.406319141387939453e+00 4.397528648376464844e+00 3.617334365844726562e+00 3.327757835388183594e+00 2.978691101074218750e+00 3.638606071472167969e+00 4.644004821777343750e+00 5.153701305389404297e+00 2.979481220245361328e+00 3.464255094528198242e+00 3.261698484420776367e+00 4.946547508239746094e+00 2.798590183258056641e+00 2.436899185180664062e+00 2.987343788146972656e+00 3.806461811065673828e+00 7.948398590087890625e+00
3.410061359405517578e+00 4.290119171142578125e+00 4.458815574645996094e+00 4.252635955810546875e+00 6.642828941345214844e+00 3.816173553466796875e+00 2.801733493804931641e+00 2.595669507980346680e+00 3.408387899398803711e+00 3.249999046325683594e+00 3.241129398345947266e+00 4.191957473754882812e+00 3.822130203247070312e+00 3.908598899841308594e+00 3.621395587921142578e+00 4.575738906860351562e+00 3.021699190139770508e+00 3.324152231216430664e+00 3.638852596282958984e+00 5.290702819824218750e+00
3.767368316650390625e+00 3.603312015533447266e+00 3.030103445053100586e+00 4.418579578399658203e+00 4.404737472534179688e+00 2.559394359588623047e+00 2.166855573654174805e+00 1.562756657600402832e+00 4.932805061340332031e+00 3.982851266860961914e+00 4.922967910766601562e+00 3.236967563629150391e+00 5.260541915893554688e+00 4.022120475769042969e+00 4.366827011108398438e+00 2.432720661163330078e+00 3.680618047714233398e+00 7.153381347656250000e+00 2.787095069885253906e+00 2.639984130859375000e+00
3.198275089263916016e+00 3.757894039154052734e+00 3.991982460021972656e+00 3.319308996200561523e+00 4.201095104217529297e+00 3.889070272445678711e+00 5.395230293273925781e+00 2.777596473693847656e+00 4.837875366210937500e+00 7.330924510955810547e+00 7.113870143890380859e+00 5.627439498901367188e+00 2.373605012893676758e+00 4.872729778289794922e+00 5.359757423400878906e+00 3.136880636215209961e+00 1.845533251762390137e+00 4.061707496643066406e+00 4.477455139160156250e+00 2.919802188873291016e+00
4.133585929870605469e+00 7.587149620056152344e+00 3.294907569885253906e+00 4.652245998382568359e+00 5.312778949737548828e+00 4.463726997375488281e+00 2.926270961761474609e+00 3.777998924255371094e+00 5.061557769775390625e+00 3.546733856201171875e+00 4.529706001281738281e+00 4.830459594726562500e+00 3.989387989044189453e+00 3.861948013305664062e+00 6.087110996246337891e+00 2.821213245391845703e+00 4.004503726959228516e+00 2.862175941467285156e+00 4.641645431518554688e+00 2.480812549591064453e+00
