2019-07-24 20:15:00
1.109606361389160156e+01 5.626052856445312500e+00 4.284533977508544922e+00 2.917352199554443359e+00 4.194259643554687500e+00 4.043493747711181641e+00 5.508713245391845703e+00 4.346878528594970703e+00 5.322484970092773438e+00 6.474349021911621094e+00 2.553493022918701172e+00 4.114635467529296875e+00 1.137309265136718750e+01 2.697551012039184570e+00 3.176008224487304688e+00 3.418388605117797852e+00 5.886834144592285156e+00 2.938228607177734375e+00 3.285309314727783203e+00 4.071402549743652344e+00
7.608071804046630859e+00 5.763994216918945312e+00 6.007978439331054688e+00 7.880032539367675781e+00 6.225135803222656250e+00 2.992769718170166016e+00 4.345268249511718750e+00 4.633135795593261719e+00 2.372826576232910156e+00 4.345924377441406250e+00 3.423156976699829102e+00 5.211031436920166016e+00 3.604499340057373047e+00 5.674335479736328125e+00 3.613759756088256836e+00 3.451055049896240234e+00 7.287657737731933594e+00 4.835783958435058594e+00 3.724072456359863281e+00 4.569879531860351562e+00
5.099406242370605469e+00 4.037597179412841797e+00 5.129220962524414062e+00 5.096382141113281250e+00 5.680429458618164062e+00 5.726715087890625000e+00 6.339599132537841797e+00 4.546534538269042969e+00 2.912247419357299805e+00 4.519072532653808594e+00 6.702192783355712891e+00 6.596766471862792969e+00 3.536115169525146484e+00 6.865497589111328125e+00 5.729122161865234375e+00 3.603199481964111328e+00 6.232365608215332031e+00 7.348094940185546875e+00 2.497877597808837891e+00 4.210846900939941406e+00
1.872245669364929199e+00 8.461133003234863281e+00 1.062166976928710938e+01 4.566517829895019531e+00 4.348050117492675781e+00 2.112666130065917969e+00 4.575073242187500000e+00 3.056686878204345703e+00 2.815359592437744141e+00 9.801826477050781250e+00 4.542172908782958984e+00 7.976137161254882812e+00 3.326426029205322266e+00 2.383906126022338867e+00 7.302271842956542969e+00 3.299088001251220703e+00 2.888253450393676758e+00 4.422100067138671875e+00 3.606540203094482422e+00 2.996684074401855469e+00
3.025313615798950195e+00 2.513204097747802734e+00 4.408956527709960938e+00 4.366322517395019531e+00 5.584086894989013672e+00 7.927141666412353516e+00 2.336334466934204102e+00 7.207650184631347656e+00 2.931489467620849609e+00 7.146620750427246094e+00 7.721062660217285156e+00 8.006217956542968750e+00 6.960521697998046875e+00 3.639692783355712891e+00 6.097315311431884766e+00 5.915681838989257812e+00 4.215573310852050781e+00 8.774154663085937500e+00 4.158216476440429688e+00 3.325740337371826172e+00
3.609180450439453125e+00 4.047452926635742188e+00 4.622862815856933594e+00 6.064654350280761719e+00 4.096765041351318359e+00 8.955594062805175781e+00 3.736664772033691406e+00 5.313222408294677734e+00 8.519484519958496094e+00 5.612579345703125000e+00 5.364044189453125000e+00 6.076617717742919922e+00 4.234219551086425781e+00 4.342975616455078125e+00 3.174402236938476562e+00 4.703027725219726562e+00 1.907214522361755371e+00 6.317018985748291016e+00 7.294409275054931641e+00 3.166713953018188477e+00
6.360431671142578125e+00 5.545077323913574219e+00 8.069708824157714844e+00 6.309822082519531250e+00 6.118815422058105469e+00 1.014233016967773438e+01 2.020966529846191406e+00 4.184444427490234375e+00 3.269251585006713867e+00 3.715093851089477539e+00 3.712239980697631836e+00 2.974162101745605469e+00 7.781681060791015625e+00 3.168716669082641602e+00 3.230872154235839844e+00 7.700861930847167969e+00 2.578138828277587891e+00 3.591246604919433594e+00 6.685276031494140625e+00 3.621027469635009766e+00
7.277873516082763672e+00 5.470593452453613281e+00 5.368545532226562500e+00 7.029185295104980469e+00 6.851318836212158203e+00 4.571509361267089844e+00 3.688284873962402344e+00 3.190551757812500000e+00 3.287206172943115234e+00 3.655681371688842773e+00 3.362121820449829102e+00 3.267472743988037109e+00 6.183280944824218750e+00 6.105352401733398438e+00 3.923444032669067383e+00 2.668988704681396484e+00 8.021149635314941406e+00 3.382922649383544922e+00 7.008194446563720703e+00 2.990693569183349609e+00
4.917716979980468750e+00 4.729208946228027344e+00 5.832495212554931641e+00 6.853477001190185547e+00 6.241736412048339844e+00 3.456774234771728516e+00 1.910240054130554199e+00 3.191815853118896484e+00 5.259457588195800781e+00 2.859769344329833984e+00 4.520604133605957031e+00 2.676524877548217773e+00 4.817672729492187500e+00 6.057520389556884766e+00 5.088191986083984375e+00 4.679091453552246094e+00 4.657996654510498047e+00 1.779798865318298340e+00 3.441170692443847656e+00 2.999536514282226562e+00
4.124091148376464844e+00 4.324250221252441406e+00 3.968142986297607422e+00 4.058349609375000000e+00 3.548059463500976562e+00 4.605451583862304688e+00 4.076766967773437500e+00 3.567693233489990234e+00 4.863045692443847656e+00 9.019737243652343750e+00 4.490252494812011719e+00 5.626596450805664062e+00 4.196861267089843750e+00 4.507586956024169922e+00 4.843881607055664062e+00 3.774985313415527344e+00 6.607578277587890625e+00 3.497076988220214844e+00 3.563163042068481445e+00 3.746443986892700195e+00
3.770464420318603516e+00 3.546152114868164062e+00 2.631195545196533203e+00 2.315116882324218750e+00 3.772898674011230469e+00 3.353913068771362305e+00 3.123899936676025391e+00 2.933278560638427734e+00 3.591082811355590820e+00 4.576729774475097656e+00 4.541874885559082031e+00 4.239192962646484375e+00 5.028153419494628906e+00 3.377570629119873047e+00 3.822352409362792969e+00 4.045794486999511719e+00 5.802402496337890625e+00 6.180287361145019531e+00 3.383750915527343750e+00 4.686914443969726562e+00
3.349784374237060547e+00 3.148502826690673828e+00 4.167908191680908203e+00 4.665041446685791016e+00 6.918813705444335938e+00 3.936323404312133789e+00 3.413628578186035156e+00 3.037906169891357422e+00 4.167063236236572266e+00 3.859366893768310547e+00 4.621031761169433594e+00 2.272234916687011719e+00 4.760281085968017578e+00 4.616805076599121094e+00 4.197622299194335938e+00 6.091643333435058594e+00 3.496624946594238281e+00 4.123792648315429688e+00 2.911784172058105469e+00 4.041630268096923828e+00
2.878951549530029297e+00 3.716671705245971680e+00 3.046978950500488281e+00 4.042226791381835938e+00 2.887833118438720703e+00 4.935877323150634766e+00 4.492479801177978516e+00 2.754225254058837891e+00 2.439683914184570312e+00 3.917255401611328125e+00 4.588933467864990234e+00 3.015534400939941406e+00 3.952795505523681641e+00 4.555934906005859375e+00 4.707077026367187500e+00 5.112622737884521484e+00 2.661484241485595703e+00 4.045840263366699219e+00 4.332411766052246094e+00 2.999813318252563477e+00
3.876795053482055664e+00 3.514657974243164062e+00 4.454168319702148438e+00 4.217791080474853516e+00 2.835675954818725586e+00 4.013676643371582031e+00 2.543692588806152344e+00 3.831457138061523438e+00 3.626178741455078125e+00 3.952451467514038086e+00 3.855098962783813477e+00 3.271049976348876953e+00 3.641724824905395508e+00 3.925189256668090820e+00 2.781147003173828125e+00 4.153923511505126953e+00 3.667524099349975586e+00 3.733456611633300781e+00 3.729423046112060547e+00 4.035943031311035156e+00
3.646710872650146484e+00 2.446744918823242188e+00 4.168682098388671875e+00 3.383171319961547852e+00 5.008126735687255859e+00 3.155914068222045898e+00 2.690361738204956055e+00 3.539963245391845703e+00 3.802608489990234375e+00 4.009214878082275391e+00 3.001702308654785156e+00 2.771375417709350586e+00 5.301152706146240234e+00 2.615357398986816406e+00 2.825552940368652344e+00 3.019362449645996094e+00 3.540776252746582031e+00 3.605809211730957031e+00 3.856270551681518555e+00 4.242978096008300781e+00
3.186282157897949219e+00 4.448661804199218750e+00 2.538112878799438477e+00 4.587715148925781250e+00 2.367738723754882812e+00 4.966338634490966797e+00 2.935683250427246094e+00 3.257169246673583984e+00 3.704001903533935547e+00 3.334057092666625977e+00 3.222530603408813477e+00 3.660409450531005859e+00 1.983223915100097656e+00 3.275494575500488281e+00 3.621763229370117188e+00 3.475130081176757812e+00 3.500797748565673828e+00 2.976631641387939453e+00 4.521097183227539062e+00 5.860949993133544922e+00
2.581975936889648438e+00 3.708240509033203125e+00 3.428391933441162109e+00 4.293495178222656250e+00 8.124954223632812500e+00 2.413932323455810547e+00 3.260366916656494141e+00 4.935692787170410156e+00 3.457046985626220703e+00 4.773990154266357422e+00 3.958896398544311523e+00 3.420459270477294922e+00 3.619898796081542969e+00 2.596318244934082031e+00 3.290405273437500000e+00 4.288825035095214844e+00 4.013882160186767578e+00 2.976181030273437500e+00 3.707951545715332031e+00 6.833277225494384766e+00
3.499442815780639648e+00 4.248118877410888672e+00 3.312066078186035156e+00 6.323219299316406250e+00 4.216620445251464844e+00 3.128754615783691406e+00 6.782944679260253906e+00 4.204027175903320312e+00 7.087124824523925781e+00 5.123903274536132812e+00 3.989848613739013672e+00 4.920770645141601562e+00 5.176437377929687500e+00 2.517996311187744141e+00 3.267289638519287109e+00 3.776939630508422852e+00 3.560852050781250000e+00 5.162725448608398438e+00 2.654227018356323242e+00 3.324192047119140625e+00
3.164725780487060547e+00 3.035549640655517578e+00 2.320381879806518555e+00 4.269169330596923828e+00 4.289655685424804688e+00 5.687698364257812500e+00 4.170524597167968750e+00 3.444428682327270508e+00 4.258345603942871094e+00 5.332983016967773438e+00 5.851714134216308594e+00 7.681892395019531250e+00 3.493057727813720703e+00 4.184912204742431641e+00 5.624479293823242188e+00 4.293225288391113281e+00 2.871144771575927734e+00 4.864934921264648438e+00 4.090881824493408203e+00 3.642603158950805664e+00
5.370134830474853516e+00 6.090957641601562500e+00 3.421800613403320312e+00 5.533195972442626953e+00 4.779189109802246094e+00 4.278910636901855469e+00 5.106422901153564453e+00 3.965776920318603516e+00 8.284957885742187500e+00 1.096938514709472656e+01 6.228509426116943359e+00 7.381453990936279297e+00 7.273019790649414062e+00 3.508021354675292969e+00 4.830731391906738281e+00 3.620225906372070312e+00 3.745491027832031250e+00 4.970177173614501953e+00 5.967807292938232422e+00 3.476210117340087891e+00
