2019-07-24 20:45:00
6.928337574005126953e+00 5.643851280212402344e+00 7.193878173828125000e+00 4.106955528259277344e+00 3.388430118560791016e+00 3.909774780273437500e+00 3.744811296463012695e+00 2.666143894195556641e+00 4.264942169189453125e+00 9.093122482299804688e+00 4.575569152832031250e+00 4.311946868896484375e+00 1.005299568176269531e+01 3.405545234680175781e+00 4.160523414611816406e+00 8.438845634460449219e+00 8.594346046447753906e+00 3.647417545318603516e+00 3.269671440124511719e+00 4.174909114837646484e+00
1.004764747619628906e+01 9.002964019775390625e+00 6.435910224914550781e+00 6.878300189971923828e+00 4.296627998352050781e+00 2.069612979888916016e+00 3.997345209121704102e+00 4.518282413482666016e+00 4.096047878265380859e+00 3.099580287933349609e+00 4.714555740356445312e+00 3.981109857559204102e+00 3.236814022064208984e+00 5.655306816101074219e+00 3.445384502410888672e+00 3.561012744903564453e+00 9.025870323181152344e+00 8.814234733581542969e+00 2.591027259826660156e+00 3.998353242874145508e+00
8.182253837585449219e+00 5.360875129699707031e+00 8.353944778442382812e+00 7.124087810516357422e+00 7.210658073425292969e+00 9.845238685607910156e+00 8.728555679321289062e+00 3.276907205581665039e+00 3.504896163940429688e+00 3.164179086685180664e+00 4.842060089111328125e+00 3.451726436614990234e+00 2.805463552474975586e+00 8.293782234191894531e+00 5.595292091369628906e+00 3.315303325653076172e+00 7.352880477905273438e+00 6.025627136230468750e+00 3.297466039657592773e+00 4.693617820739746094e+00
4.239241600036621094e+00 6.596954345703125000e+00 4.405441761016845703e+00 7.280632495880126953e+00 4.134233951568603516e+00 4.605642318725585938e+00 3.457507133483886719e+00 3.987966060638427734e+00 4.204252243041992188e+00 7.466893196105957031e+00 6.456408500671386719e+00 7.257442951202392578e+00 4.373829841613769531e+00 3.315040349960327148e+00 6.279042720794677734e+00 2.950969219207763672e+00 3.855239391326904297e+00 4.764696598052978516e+00 3.577212572097778320e+00 2.920395851135253906e+00
3.850601196289062500e+00 3.363677740097045898e+00 4.564807415008544922e+00 4.630279064178466797e+00 5.747914791107177734e+00 4.394465446472167969e+00 2.454582214355468750e+00 3.961014747619628906e+00 7.098137855529785156e+00 5.307929992675781250e+00 6.111807823181152344e+00 6.162667274475097656e+00 5.331991195678710938e+00 3.606356143951416016e+00 7.981135368347167969e+00 3.737247467041015625e+00 5.175564289093017578e+00 1.027753925323486328e+01 8.357423782348632812e+00 2.794100284576416016e+00
4.861385822296142578e+00 4.703804016113281250e+00 4.715477943420410156e+00 9.587632179260253906e+00 4.463812351226806641e+00 8.881879806518554688e+00 3.952283143997192383e+00 7.088945388793945312e+00 9.189256668090820312e+00 6.497190952301025391e+00 7.941090106964111328e+00 5.159773349761962891e+00 6.072502136230468750e+00 2.973061084747314453e+00 3.736664056777954102e+00 9.393281936645507812e+00 3.013864517211914062e+00 5.778342723846435547e+00 5.542927742004394531e+00 3.109451532363891602e+00
7.712409019470214844e+00 7.774966239929199219e+00 8.389940261840820312e+00 8.264515876770019531e+00 5.963176727294921875e+00 5.909555912017822266e+00 4.875350952148437500e+00 6.509257316589355469e+00 1.970788478851318359e+00 3.361083030700683594e+00 4.110949516296386719e+00 3.533204317092895508e+00 7.301816463470458984e+00 1.122296524047851562e+01 3.478552341461181641e+00 6.054539680480957031e+00 2.659525871276855469e+00 3.888455390930175781e+00 7.603436946868896484e+00 7.896613597869873047e+00
7.890242576599121094e+00 4.665005683898925781e+00 5.310901641845703125e+00 5.509622573852539062e+00 4.785710334777832031e+00 5.530950069427490234e+00 4.675957679748535156e+00 3.076520919799804688e+00 2.821940183639526367e+00 3.682476520538330078e+00 4.148675918579101562e+00 3.106881618499755859e+00 5.433692932128906250e+00 8.380609512329101562e+00 4.996081352233886719e+00 3.401623964309692383e+00 6.485536098480224609e+00 5.876222133636474609e+00 9.132883071899414062e+00 4.805147171020507812e+00
5.437758922576904297e+00 3.560548067092895508e+00 5.657071113586425781e+00 5.390773773193359375e+00 7.618350505828857422e+00 2.471841812133789062e+00 2.521308898925781250e+00 3.919988155364990234e+00 3.791919469833374023e+00 7.268983364105224609e+00 2.797044515609741211e+00 3.701469182968139648e+00 8.422378540039062500e+00 5.091038703918457031e+00 4.965633392333984375e+00 4.307767391204833984e+00 7.729887008666992188e+00 3.739936828613281250e+00 4.092458724975585938e+00 4.342195987701416016e+00
2.333163738250732422e+00 6.125457763671875000e+00 2.933114528656005859e+00 4.322154045104980469e+00 3.838250637054443359e+00 4.342531204223632812e+00 3.454573631286621094e+00 3.512765407562255859e+00 6.233506679534912109e+00 4.291014671325683594e+00 6.088754177093505859e+00 5.972939014434814453e+00 4.527750015258789062e+00 3.313041687011718750e+00 3.433004617691040039e+00 4.009367465972900391e+00 7.040664672851562500e+00 2.644942760467529297e+00 3.840533733367919922e+00 3.513409614562988281e+00
3.833355665206909180e+00 4.550011634826660156e+00 4.055226325988769531e+00 3.003677129745483398e+00 3.579432964324951172e+00 3.692433595657348633e+00 3.191289186477661133e+00 4.343931198120117188e+00 3.989805698394775391e+00 3.600554943084716797e+00 2.665362358093261719e+00 4.545435428619384766e+00 5.171296596527099609e+00 3.885193586349487305e+00 5.092398643493652344e+00 3.878377914428710938e+00 3.375124216079711914e+00 4.791046142578125000e+00 3.196574926376342773e+00 5.175340652465820312e+00
3.285847902297973633e+00 3.551053285598754883e+00 2.322829246520996094e+00 3.955735445022583008e+00 4.594720840454101562e+00 3.727660655975341797e+00 2.749027013778686523e+00 4.784867286682128906e+00 3.443813085556030273e+00 2.765965461730957031e+00 4.303358078002929688e+00 2.213459730148315430e+00 6.682223320007324219e+00 3.275097131729125977e+00 3.714767694473266602e+00 6.181118965148925781e+00 3.836822271347045898e+00 3.856740951538085938e+00 3.876132488250732422e+00 3.436914443969726562e+00
3.949138641357421875e+00 3.095442056655883789e+00 2.995848655700683594e+00 3.994980812072753906e+00 3.889262437820434570e+00 1.416202306747436523e+00 4.428242206573486328e+00 6.159951686859130859e+00 5.261937141418457031e+00 2.754832983016967773e+00 3.877220630645751953e+00 3.548740625381469727e+00 2.174643993377685547e+00 3.954848766326904297e+00 4.146530151367187500e+00 2.427615642547607422e+00 4.251355171203613281e+00 3.639347791671752930e+00 3.160626411437988281e+00 3.385261535644531250e+00
2.500434875488281250e+00 2.980880260467529297e+00 3.176728010177612305e+00 4.048399925231933594e+00 3.150887250900268555e+00 3.716573715209960938e+00 2.701807498931884766e+00 2.687141418457031250e+00 4.027545928955078125e+00 3.569452524185180664e+00 3.691191673278808594e+00 2.653923749923706055e+00 4.282622337341308594e+00 2.313762903213500977e+00 3.207892179489135742e+00 3.874400854110717773e+00 4.383875846862792969e+00 4.314909934997558594e+00 4.878098487854003906e+00 3.033901214599609375e+00
2.474169015884399414e+00 3.467599868774414062e+00 2.162772655487060547e+00 4.351701736450195312e+00 4.929456710815429688e+00 1.571158051490783691e+00 3.740002155303955078e+00 3.576396465301513672e+00 2.884023189544677734e+00 2.724268913269042969e+00 2.329202175140380859e+00 4.767165660858154297e+00 3.834388732910156250e+00 3.092466354370117188e+00 3.214243888854980469e+00 2.939704895019531250e+00 3.585521459579467773e+00 3.905170679092407227e+00 3.694048881530761719e+00 7.854351043701171875e+00
4.246980667114257812e+00 3.081329345703125000e+00 5.287226676940917969e+00 3.613604545593261719e+00 3.155406475067138672e+00 3.369060516357421875e+00 2.599873542785644531e+00 3.145381212234497070e+00 5.215687274932861328e+00 2.907024860382080078e+00 3.205052375793457031e+00 2.840920925140380859e+00 2.969394207000732422e+00 2.107135057449340820e+00 4.808919429779052734e+00 5.597496032714843750e+00 4.937295913696289062e+00 3.448426246643066406e+00 4.858913421630859375e+00 7.011686325073242188e+00
3.500231266021728516e+00 3.591994047164916992e+00 5.273616790771484375e+00 3.441389083862304688e+00 8.735063552856445312e+00 3.411828756332397461e+00 4.211479187011718750e+00 2.871103286743164062e+00 4.212639808654785156e+00 2.741262674331665039e+00 4.380310058593750000e+00 4.081440925598144531e+00 4.585984706878662109e+00 2.700924396514892578e+00 3.251977205276489258e+00 3.677731990814208984e+00 4.066121101379394531e+00 4.214451313018798828e+00 4.239252090454101562e+00 6.787027835845947266e+00
2.603682756423950195e+00 3.218135833740234375e+00 4.603980064392089844e+00 3.399343967437744141e+00 4.046059131622314453e+00 4.050251483917236328e+00 4.728844642639160156e+00 2.110842466354370117e+00 4.664185523986816406e+00 4.650638103485107422e+00 3.948908329010009766e+00 3.918467998504638672e+00 5.160203933715820312e+00 3.714703083038330078e+00 4.316556453704833984e+00 3.462001323699951172e+00 3.233069896697998047e+00 3.188412666320800781e+00 4.911852836608886719e+00 4.028807163238525391e+00
2.517306804656982422e+00 5.066105842590332031e+00 3.246378421783447266e+00 1.935902595520019531e+00 2.497407913208007812e+00 2.824577331542968750e+00 4.289125442504882812e+00 2.378697156906127930e+00 4.175865173339843750e+00 6.012973785400390625e+00 3.225053310394287109e+00 8.904569625854492188e+00 3.852196216583251953e+00 6.316897869110107422e+00 5.655821800231933594e+00 4.323554515838623047e+00 3.358423948287963867e+00 5.185558795928955078e+00 6.100069999694824219e+00 3.596647739410400391e+00
3.591768980026245117e+00 4.755383491516113281e+00 3.472362518310546875e+00 7.189915657043457031e+00 5.950815200805664062e+00 4.310585498809814453e+00 8.498102188110351562e+00 4.603045940399169922e+00 5.033681392669677734e+00 1.045025825500488281e+01 6.866490840911865234e+00 5.077281951904296875e+00 7.281890869140625000e+00 2.387382745742797852e+00 3.688576221466064453e+00 2.333091259002685547e+00 3.448064804077148438e+00 3.391277790069580078e+00 6.033240318298339844e+00 3.267801046371459961e+00
