2019-07-24 21:15:00
9.329382896423339844e+00 5.225200176239013672e+00 2.671237945556640625e+00 2.651383876800537109e+00 3.627236127853393555e+00 4.177183151245117188e+00 3.110794067382812500e+00 3.582503795623779297e+00 5.656080245971679688e+00 6.044407844543457031e+00 3.039579868316650391e+00 2.123637676239013672e+00 8.407806396484375000e+00 3.293126821517944336e+00 3.579307079315185547e+00 4.593485355377197266e+00 4.429131507873535156e+00 2.526525497436523438e+00 1.983418583869934082e+00 4.719711303710937500e+00
4.116453170776367188e+00 4.854793548583984375e+00 6.447235584259033203e+00 8.337537765502929688e+00 4.765782356262207031e+00 4.515797615051269531e+00 2.393312931060791016e+00 3.465263366699218750e+00 3.116048812866210938e+00 3.430142641067504883e+00 3.176193237304687500e+00 3.824888229370117188e+00 4.062088012695312500e+00 3.884818077087402344e+00 3.056623458862304688e+00 2.880186080932617188e+00 5.253239631652832031e+00 6.785827159881591797e+00 2.100560188293457031e+00 2.075649261474609375e+00
4.890810012817382812e+00 6.141302108764648438e+00 6.241372108459472656e+00 8.004693984985351562e+00 4.237839698791503906e+00 6.569592475891113281e+00 4.661521434783935547e+00 4.934146881103515625e+00 1.878064274787902832e+00 3.050642967224121094e+00 4.301840782165527344e+00 9.044477462768554688e+00 3.794740676879882812e+00 6.744982719421386719e+00 6.708569526672363281e+00 3.811458110809326172e+00 7.493438243865966797e+00 7.731892585754394531e+00 3.483254432678222656e+00 4.091069698333740234e+00
3.404455661773681641e+00 8.118116378784179688e+00 8.890087127685546875e+00 5.831212520599365234e+00 4.151418685913085938e+00 4.302105426788330078e+00 2.868392467498779297e+00 2.677921533584594727e+00 3.477201223373413086e+00 5.891250610351562500e+00 8.065907478332519531e+00 6.643382072448730469e+00 4.377364158630371094e+00 4.797555923461914062e+00 4.437870025634765625e+00 2.644458770751953125e+00 2.921544075012207031e+00 5.472289085388183594e+00 3.839893341064453125e+00 4.659437179565429688e+00
2.423359394073486328e+00 3.827993154525756836e+00 4.081714630126953125e+00 3.362809658050537109e+00 2.455034255981445312e+00 4.953364372253417969e+00 3.554530858993530273e+00 5.859541893005371094e+00 4.271345138549804688e+00 4.512196540832519531e+00 7.619755268096923828e+00 4.642498970031738281e+00 3.707176208496093750e+00 2.909463167190551758e+00 6.927946090698242188e+00 4.254752159118652344e+00 5.451181411743164062e+00 5.659784317016601562e+00 7.017723083496093750e+00 2.358613491058349609e+00
3.932268381118774414e+00 2.878409385681152344e+00 7.501082420349121094e+00 6.588798522949218750e+00 6.863982677459716797e+00 5.345414161682128906e+00 4.481760501861572266e+00 3.738451242446899414e+00 7.205069541931152344e+00 4.508205413818359375e+00 3.551025629043579102e+00 3.450173377990722656e+00 3.865950584411621094e+00 2.928092479705810547e+00 4.042801856994628906e+00 9.502668380737304688e+00 2.747353792190551758e+00 7.191917896270751953e+00 5.189421653747558594e+00 3.399537086486816406e+00
6.428567886352539062e+00 6.914670944213867188e+00 6.551733970642089844e+00 7.497547149658203125e+00 5.676630020141601562e+00 3.884603738784790039e+00 3.379899978637695312e+00 6.456150531768798828e+00 3.139291048049926758e+00 2.330552101135253906e+00 2.458499908447265625e+00 3.175599098205566406e+00 4.148325920104980469e+00 3.294214963912963867e+00 3.995577335357666016e+00 5.423336029052734375e+00 2.075325012207031250e+00 4.591463565826416016e+00 7.642292499542236328e+00 5.299880981445312500e+00
5.889863014221191406e+00 5.007179260253906250e+00 4.103960037231445312e+00 5.053097724914550781e+00 1.202550315856933594e+01 5.455863475799560547e+00 3.887461662292480469e+00 3.083486080169677734e+00 2.948781490325927734e+00 3.065381526947021484e+00 2.653687477111816406e+00 3.824903964996337891e+00 3.122817993164062500e+00 6.344500064849853516e+00 3.159953594207763672e+00 5.054107666015625000e+00 4.101914405822753906e+00 3.214320182800292969e+00 3.488246917724609375e+00 2.640765428543090820e+00
4.261202335357666016e+00 4.290512561798095703e+00 4.361219882965087891e+00 4.163392066955566406e+00 3.617682933807373047e+00 4.500120162963867188e+00 4.244472503662109375e+00 3.303229331970214844e+00 3.121563434600830078e+00 4.609780788421630859e+00 4.562520980834960938e+00 4.551900386810302734e+00 4.073642730712890625e+00 6.940089225769042969e+00 9.833887100219726562e+00 5.029044151306152344e+00 8.487170219421386719e+00 2.730170249938964844e+00 3.177654981613159180e+00 3.543787240982055664e+00
4.218573570251464844e+00 4.865721702575683594e+00 1.516142606735229492e+00 5.393822669982910156e+00 4.197653770446777344e+00 4.681155681610107422e+00 2.368934154510498047e+00 3.572807312011718750e+00 6.107043743133544922e+00 4.629268169403076172e+00 3.269200325012207031e+00 4.002805709838867188e+00 5.997959613800048828e+00 2.441291093826293945e+00 2.455198287963867188e+00 2.562004804611206055e+00 5.444845676422119141e+00 3.666844844818115234e+00 3.929608821868896484e+00 3.105345249176025391e+00
2.289494991302490234e+00 1.740549445152282715e+00 3.223567008972167969e+00 4.160091876983642578e+00 4.431060791015625000e+00 4.966895103454589844e+00 2.877721309661865234e+00 2.896023750305175781e+00 2.429517269134521484e+00 3.521697521209716797e+00 3.776741743087768555e+00 3.009497165679931641e+00 3.583106040954589844e+00 5.498507976531982422e+00 1.877737998962402344e+00 2.935268402099609375e+00 2.515324831008911133e+00 5.898281097412109375e+00 3.697699069976806641e+00 4.323801040649414062e+00
2.845100879669189453e+00 2.844059944152832031e+00 3.536173820495605469e+00 2.704454898834228516e+00 4.464671611785888672e+00 4.644536018371582031e+00 3.639154911041259766e+00 4.127858161926269531e+00 2.883901119232177734e+00 2.310209274291992188e+00 2.666441917419433594e+00 3.855603218078613281e+00 3.293949127197265625e+00 3.861842632293701172e+00 3.911607503890991211e+00 5.422105789184570312e+00 3.245371818542480469e+00 3.103404760360717773e+00 3.429251194000244141e+00 2.399704694747924805e+00
3.525619506835937500e+00 3.084440708160400391e+00 2.758311748504638672e+00 3.097384452819824219e+00 3.044937133789062500e+00 3.183347702026367188e+00 3.716812610626220703e+00 2.429172515869140625e+00 1.818389534950256348e+00 2.661404132843017578e+00 2.907783985137939453e+00 3.767075777053833008e+00 3.244722843170166016e+00 3.008814811706542969e+00 3.434891700744628906e+00 2.604715824127197266e+00 3.741727828979492188e+00 3.740900754928588867e+00 6.039873123168945312e+00 5.013932704925537109e+00
2.221000194549560547e+00 3.806290149688720703e+00 2.032952070236206055e+00 3.653015375137329102e+00 4.176709651947021484e+00 2.839784860610961914e+00 2.857823371887207031e+00 4.140990257263183594e+00 2.559132337570190430e+00 4.005918979644775391e+00 3.502946615219116211e+00 3.212211847305297852e+00 3.860119819641113281e+00 3.422702312469482422e+00 2.287321567535400391e+00 3.424215316772460938e+00 4.189365386962890625e+00 4.351925373077392578e+00 4.548344135284423828e+00 2.484694004058837891e+00
3.436417818069458008e+00 3.601093053817749023e+00 3.713289737701416016e+00 3.132303714752197266e+00 3.088151693344116211e+00 2.734445810317993164e+00 3.618639469146728516e+00 3.501360416412353516e+00 3.466532468795776367e+00 3.350955963134765625e+00 3.407211780548095703e+00 3.431639194488525391e+00 2.606774806976318359e+00 3.274056434631347656e+00 2.936650753021240234e+00 3.931286573410034180e+00 3.750193119049072266e+00 2.481684207916259766e+00 2.731361627578735352e+00 6.964757442474365234e+00
3.987227916717529297e+00 3.587851524353027344e+00 3.223721981048583984e+00 3.828414916992187500e+00 3.744512319564819336e+00 3.458381175994873047e+00 3.894706726074218750e+00 4.534112453460693359e+00 3.820132255554199219e+00 2.275722265243530273e+00 4.281321048736572266e+00 3.960743665695190430e+00 2.080713748931884766e+00 3.638340950012207031e+00 3.173214197158813477e+00 2.962904930114746094e+00 3.088778018951416016e+00 4.340291976928710938e+00 3.206670045852661133e+00 8.843521118164062500e+00
4.284067153930664062e+00 2.462206840515136719e+00 4.440414905548095703e+00 2.280731201171875000e+00 2.467369318008422852e+00 3.301577091217041016e+00 2.955722808837890625e+00 3.339410781860351562e+00 3.582034111022949219e+00 4.971295833587646484e+00 3.559783935546875000e+00 4.304070472717285156e+00 4.251296520233154297e+00 4.629418849945068359e+00 3.840466499328613281e+00 3.286258220672607422e+00 4.617733001708984375e+00 3.967762470245361328e+00 3.667037248611450195e+00 3.242492198944091797e+00
2.328131198883056641e+00 3.460770368576049805e+00 3.333715677261352539e+00 4.857971191406250000e+00 3.856121063232421875e+00 3.211875438690185547e+00 4.755393981933593750e+00 2.517177104949951172e+00 4.192843914031982422e+00 3.684090375900268555e+00 4.475583553314208984e+00 3.883768320083618164e+00 4.373851776123046875e+00 2.741487503051757812e+00 4.273603916168212891e+00 2.657358169555664062e+00 3.096103429794311523e+00 3.353789091110229492e+00 3.615505218505859375e+00 3.070929527282714844e+00
3.058633089065551758e+00 3.464153766632080078e+00 2.478375196456909180e+00 2.394959211349487305e+00 3.971795082092285156e+00 3.289013862609863281e+00 4.529169082641601562e+00 2.532026529312133789e+00 4.532385349273681641e+00 3.006909370422363281e+00 5.431476116180419922e+00 5.644081115722656250e+00 2.350842952728271484e+00 3.266657590866088867e+00 4.299081325531005859e+00 3.049124479293823242e+00 3.485575199127197266e+00 3.215045928955078125e+00 4.466171264648437500e+00 3.139229774475097656e+00
4.197010040283203125e+00 3.057134151458740234e+00 2.332940340042114258e+00 5.309044837951660156e+00 3.960284471511840820e+00 3.030308485031127930e+00 3.360265254974365234e+00 3.525551795959472656e+00 5.978964328765869141e+00 6.222877025604248047e+00 5.666423797607421875e+00 2.377016305923461914e+00 5.067605018615722656e+00 1.929592490196228027e+00 4.185882091522216797e+00 3.213410377502441406e+00 2.686803817749023438e+00 4.687533855438232422e+00 4.333693981170654297e+00 3.095407962799072266e+00
