2019-07-24 21:30:00
4.875241756439208984e+00 3.922203302383422852e+00 2.634189128875732422e+00 2.831484794616699219e+00 3.314462184906005859e+00 3.158226490020751953e+00 3.882309913635253906e+00 2.930046558380126953e+00 4.767467498779296875e+00 3.637732267379760742e+00 2.122570276260375977e+00 3.136795043945312500e+00 5.255533695220947266e+00 3.547734498977661133e+00 4.322846412658691406e+00 6.892115116119384766e+00 6.315410614013671875e+00 2.010958433151245117e+00 2.702906131744384766e+00 3.620521545410156250e+00
7.320291519165039062e+00 3.965641498565673828e+00 7.595741748809814453e+00 7.755456924438476562e+00 4.551659107208251953e+00 5.364235877990722656e+00 4.148771286010742188e+00 2.932387351989746094e+00 3.300692558288574219e+00 3.070381164550781250e+00 3.158027887344360352e+00 3.107736110687255859e+00 2.705912828445434570e+00 4.292698860168457031e+00 3.700039386749267578e+00 3.385494232177734375e+00 4.351651668548583984e+00 8.918757438659667969e+00 3.562401056289672852e+00 3.530620336532592773e+00
5.049098968505859375e+00 4.995686054229736328e+00 5.895380020141601562e+00 4.584344863891601562e+00 6.579895019531250000e+00 4.921360015869140625e+00 4.909998416900634766e+00 2.578590393066406250e+00 2.209730148315429688e+00 3.096470832824707031e+00 3.413105487823486328e+00 6.394518375396728516e+00 3.248819351196289062e+00 4.726288795471191406e+00 5.924281120300292969e+00 3.312685012817382812e+00 3.520386934280395508e+00 3.097011566162109375e+00 2.986742019653320312e+00 5.011107444763183594e+00
3.979156494140625000e+00 5.926488876342773438e+00 5.224875450134277344e+00 4.988193511962890625e+00 3.794273614883422852e+00 2.925337314605712891e+00 2.725210666656494141e+00 3.733085155487060547e+00 3.948356628417968750e+00 8.436666488647460938e+00 3.226458549499511719e+00 7.210531234741210938e+00 3.502126693725585938e+00 3.171367168426513672e+00 4.609034538269042969e+00 3.196810483932495117e+00 4.422954082489013672e+00 6.511771202087402344e+00 2.106681346893310547e+00 2.992755174636840820e+00
3.064798355102539062e+00 2.966264009475708008e+00 3.903327465057373047e+00 4.595487117767333984e+00 4.687129974365234375e+00 5.303147792816162109e+00 4.187018871307373047e+00 4.210396289825439453e+00 2.716305732727050781e+00 6.225874900817871094e+00 6.455561637878417969e+00 5.897935390472412109e+00 6.480612277984619141e+00 2.984447479248046875e+00 5.612872123718261719e+00 6.441461086273193359e+00 3.791834354400634766e+00 6.841222763061523438e+00 7.139316558837890625e+00 3.006477117538452148e+00
3.821899890899658203e+00 3.154362678527832031e+00 5.434478282928466797e+00 5.015431880950927734e+00 6.126225948333740234e+00 6.581111907958984375e+00 4.223290443420410156e+00 3.845936298370361328e+00 6.930975437164306641e+00 6.346066951751708984e+00 4.694170951843261719e+00 6.179579734802246094e+00 5.820815086364746094e+00 4.196324825286865234e+00 2.485077857971191406e+00 4.885324001312255859e+00 3.318890571594238281e+00 4.618101119995117188e+00 4.749765396118164062e+00 4.164025306701660156e+00
6.647262573242187500e+00 7.743225574493408203e+00 6.953271865844726562e+00 5.316834926605224609e+00 5.960418701171875000e+00 3.088137149810791016e+00 3.674200773239135742e+00 6.724809646606445312e+00 3.862927198410034180e+00 2.241937637329101562e+00 2.774640560150146484e+00 3.322916507720947266e+00 5.420096874237060547e+00 9.255220413208007812e+00 4.554005146026611328e+00 4.280587196350097656e+00 2.336712360382080078e+00 3.468242883682250977e+00 6.149679660797119141e+00 5.918883800506591797e+00
5.213013172149658203e+00 5.068219661712646484e+00 3.077727794647216797e+00 7.429700374603271484e+00 6.557566165924072266e+00 2.377141475677490234e+00 2.830264091491699219e+00 4.363690376281738281e+00 4.322586059570312500e+00 2.888226985931396484e+00 3.815611839294433594e+00 4.680799484252929688e+00 5.289406776428222656e+00 4.492861270904541016e+00 1.928901910781860352e+00 3.883449554443359375e+00 4.696871757507324219e+00 1.830495834350585938e+00 5.478256225585937500e+00 3.393463373184204102e+00
3.029947280883789062e+00 3.700078964233398438e+00 2.225834369659423828e+00 4.509849548339843750e+00 2.833512306213378906e+00 3.511027336120605469e+00 4.259126663208007812e+00 2.999352931976318359e+00 2.795564413070678711e+00 4.398264884948730469e+00 2.924947261810302734e+00 2.449131011962890625e+00 8.136450767517089844e+00 8.206898689270019531e+00 2.608427286148071289e+00 2.766540527343750000e+00 4.639369010925292969e+00 2.843706369400024414e+00 2.878402233123779297e+00 3.400031089782714844e+00
3.567428588867187500e+00 6.723738193511962891e+00 3.553927898406982422e+00 2.767266035079956055e+00 3.627340316772460938e+00 3.625970363616943359e+00 2.778853893280029297e+00 3.942568778991699219e+00 6.748464107513427734e+00 4.939001083374023438e+00 5.384777069091796875e+00 6.782143115997314453e+00 4.709162235260009766e+00 2.873552322387695312e+00 3.128935813903808594e+00 3.338568210601806641e+00 7.177845954895019531e+00 2.883345127105712891e+00 2.727973937988281250e+00 3.350115060806274414e+00
2.113009452819824219e+00 4.886589050292968750e+00 4.142527103424072266e+00 2.754072189331054688e+00 3.165347337722778320e+00 2.780401706695556641e+00 3.032762050628662109e+00 3.125801324844360352e+00 3.068843841552734375e+00 3.714704751968383789e+00 3.551464319229125977e+00 4.592633247375488281e+00 6.216614723205566406e+00 5.490563392639160156e+00 2.548320770263671875e+00 2.094031333923339844e+00 3.159662246704101562e+00 5.303721427917480469e+00 3.120304346084594727e+00 2.119485139846801758e+00
2.359359741210937500e+00 2.577861309051513672e+00 4.065099716186523438e+00 5.164528846740722656e+00 4.545513153076171875e+00 2.838318824768066406e+00 3.354061365127563477e+00 2.700206041336059570e+00 2.539664983749389648e+00 2.932050466537475586e+00 3.170403957366943359e+00 3.941142082214355469e+00 4.440242767333984375e+00 4.181366920471191406e+00 3.330918073654174805e+00 6.461834430694580078e+00 4.484797954559326172e+00 4.031426429748535156e+00 2.453185319900512695e+00 3.025567770004272461e+00
3.136269330978393555e+00 2.886431932449340820e+00 2.578270673751831055e+00 3.072518348693847656e+00 3.368812799453735352e+00 4.170189857482910156e+00 3.597017765045166016e+00 2.087356567382812500e+00 4.394822120666503906e+00 2.729752063751220703e+00 2.295787096023559570e+00 2.641181468963623047e+00 2.345160007476806641e+00 2.811700344085693359e+00 2.974051475524902344e+00 2.795460700988769531e+00 2.979657411575317383e+00 2.886289119720458984e+00 3.900962591171264648e+00 4.660458564758300781e+00
3.126423835754394531e+00 2.759073972702026367e+00 3.868104457855224609e+00 3.075681924819946289e+00 1.940047383308410645e+00 4.301094055175781250e+00 2.871941089630126953e+00 3.220948934555053711e+00 2.767094373703002930e+00 3.103382587432861328e+00 2.330295324325561523e+00 2.070242404937744141e+00 5.311727523803710938e+00 3.783532142639160156e+00 3.069151401519775391e+00 3.022303104400634766e+00 2.578120708465576172e+00 3.782639503479003906e+00 1.747664213180541992e+00 1.937592387199401855e+00
3.087801933288574219e+00 2.971643686294555664e+00 3.747521400451660156e+00 3.829123973846435547e+00 4.124888896942138672e+00 2.764937162399291992e+00 3.681396961212158203e+00 2.109993934631347656e+00 3.428863525390625000e+00 3.613634109497070312e+00 3.910179615020751953e+00 2.646574020385742188e+00 3.419454336166381836e+00 2.738533973693847656e+00 2.647367477416992188e+00 3.108796358108520508e+00 2.715768575668334961e+00 4.316190242767333984e+00 1.991556882858276367e+00 7.534953117370605469e+00
4.202270507812500000e+00 3.105835437774658203e+00 3.886706590652465820e+00 3.060045003890991211e+00 2.886465787887573242e+00 2.801676750183105469e+00 3.801062583923339844e+00 2.192078113555908203e+00 2.621405363082885742e+00 2.305020093917846680e+00 2.222734451293945312e+00 3.382453441619873047e+00 3.464773178100585938e+00 3.061618804931640625e+00 2.469300746917724609e+00 2.603154420852661133e+00 4.245654106140136719e+00 2.160715579986572266e+00 2.465507030487060547e+00 6.071184158325195312e+00
2.413755655288696289e+00 3.897573471069335938e+00 4.455285072326660156e+00 3.466010570526123047e+00 3.734437465667724609e+00 2.485823392868041992e+00 3.691922187805175781e+00 3.311211585998535156e+00 4.272793769836425781e+00 2.987009048461914062e+00 3.425168752670288086e+00 3.077919960021972656e+00 3.356728792190551758e+00 2.413810491561889648e+00 3.572521209716796875e+00 2.992542028427124023e+00 4.023344516754150391e+00 2.040358781814575195e+00 2.484838247299194336e+00 6.172684669494628906e+00
2.939191818237304688e+00 3.567697525024414062e+00 1.867377281188964844e+00 3.811382055282592773e+00 6.134235382080078125e+00 3.043756484985351562e+00 5.284043312072753906e+00 2.864397764205932617e+00 3.084162473678588867e+00 6.419404983520507812e+00 2.395797252655029297e+00 3.037982463836669922e+00 3.038806438446044922e+00 3.672420978546142578e+00 2.714206933975219727e+00 3.723887681961059570e+00 2.797406196594238281e+00 2.215257406234741211e+00 1.773076534271240234e+00 2.348397254943847656e+00
3.345378875732421875e+00 3.635747432708740234e+00 3.891261100769042969e+00 3.863041877746582031e+00 4.006074905395507812e+00 3.447206735610961914e+00 2.444423913955688477e+00 3.849602699279785156e+00 4.753935337066650391e+00 4.491620063781738281e+00 5.082257270812988281e+00 6.218422889709472656e+00 1.574868202209472656e+00 3.129286289215087891e+00 4.870234489440917969e+00 3.563978910446166992e+00 3.185865640640258789e+00 4.102782249450683594e+00 4.203335285186767578e+00 3.168684482574462891e+00
4.224647521972656250e+00 3.630443572998046875e+00 2.749045372009277344e+00 2.773612260818481445e+00 3.670646190643310547e+00 4.067401885986328125e+00 3.356735944747924805e+00 4.110879898071289062e+00 4.658895015716552734e+00 4.684089183807373047e+00 4.984867572784423828e+00 3.690846204757690430e+00 7.938920021057128906e+00 3.483548164367675781e+00 4.159637451171875000e+00 4.405539989471435547e+00 2.436011791229248047e+00 2.245078086853027344e+00 6.118565559387207031e+00 2.792579174041748047e+00
