2019-07-24 21:45:00
5.109830856323242188e+00 7.268996715545654297e+00 3.450416564941406250e+00 5.001560688018798828e+00 3.681152343750000000e+00 3.114463567733764648e+00 4.060725212097167969e+00 3.576015233993530273e+00 6.524490356445312500e+00 6.092856407165527344e+00 3.786759376525878906e+00 1.708914279937744141e+00 3.151054143905639648e+00 3.103426933288574219e+00 3.698846340179443359e+00 6.062535285949707031e+00 6.147112369537353516e+00 2.405723333358764648e+00 2.818635940551757812e+00 3.479089975357055664e+00
7.056433200836181641e+00 2.412466526031494141e+00 7.613328933715820312e+00 7.771385192871093750e+00 7.266892910003662109e+00 2.736542940139770508e+00 3.878400087356567383e+00 5.176980018615722656e+00 4.509263038635253906e+00 2.989642620086669922e+00 4.415931701660156250e+00 3.863808631896972656e+00 4.518119812011718750e+00 3.352437496185302734e+00 5.092418670654296875e+00 3.477513790130615234e+00 5.569595336914062500e+00 5.400671005249023438e+00 3.288818359375000000e+00 3.246452331542968750e+00
7.536994457244873047e+00 5.411548614501953125e+00 6.105967521667480469e+00 6.218446731567382812e+00 5.607274532318115234e+00 5.815369606018066406e+00 2.857402801513671875e+00 3.643872737884521484e+00 3.365047454833984375e+00 2.360919475555419922e+00 7.385613441467285156e+00 4.933896064758300781e+00 2.432113170623779297e+00 5.298519611358642578e+00 6.316677093505859375e+00 3.511930465698242188e+00 6.065037727355957031e+00 6.104528903961181641e+00 2.949611186981201172e+00 3.591734647750854492e+00
3.337308406829833984e+00 4.012034416198730469e+00 7.779087543487548828e+00 6.662302970886230469e+00 4.499114036560058594e+00 2.902464866638183594e+00 4.048862934112548828e+00 2.898056030273437500e+00 2.751287221908569336e+00 6.156974792480468750e+00 4.834704399108886719e+00 5.515544414520263672e+00 3.818932056427001953e+00 2.480409383773803711e+00 6.500401020050048828e+00 2.070394039154052734e+00 2.360958099365234375e+00 6.330439567565917969e+00 3.383474111557006836e+00 4.399702548980712891e+00
2.051462650299072266e+00 3.817369461059570312e+00 1.497159361839294434e+00 2.337649822235107422e+00 4.214163780212402344e+00 4.135845184326171875e+00 2.689188241958618164e+00 2.859352588653564453e+00 6.266699314117431641e+00 5.244556903839111328e+00 3.273339033126831055e+00 5.351987838745117188e+00 3.562811374664306641e+00 5.115751266479492188e+00 6.689550399780273438e+00 1.124356651306152344e+01 3.063230037689208984e+00 5.289852619171142578e+00 6.565300941467285156e+00 4.708547115325927734e+00
5.160413742065429688e+00 1.762296438217163086e+00 6.467258930206298828e+00 6.553129673004150391e+00 3.908169507980346680e+00 8.025460243225097656e+00 4.111520290374755859e+00 7.414215564727783203e+00 6.713780403137207031e+00 5.951414585113525391e+00 4.459433555603027344e+00 5.825849533081054688e+00 4.296020507812500000e+00 2.243601322174072266e+00 2.285678386688232422e+00 3.434632778167724609e+00 2.557396173477172852e+00 6.109649181365966797e+00 5.436132907867431641e+00 3.404548645019531250e+00
5.763391971588134766e+00 5.469824314117431641e+00 5.796749114990234375e+00 4.611774444580078125e+00 5.602717399597167969e+00 6.820077419281005859e+00 3.349996805191040039e+00 5.192825317382812500e+00 2.707799434661865234e+00 3.045417785644531250e+00 3.673056602478027344e+00 2.732448816299438477e+00 5.569278717041015625e+00 6.052373886108398438e+00 3.166894912719726562e+00 3.416461467742919922e+00 3.457746028900146484e+00 2.148669719696044922e+00 7.426021575927734375e+00 8.006097793579101562e+00
8.856956481933593750e+00 3.140150308609008789e+00 4.708852767944335938e+00 7.381020545959472656e+00 5.373717308044433594e+00 3.480350494384765625e+00 2.814518213272094727e+00 2.306861400604248047e+00 3.692935943603515625e+00 3.431319713592529297e+00 3.764932870864868164e+00 3.354547500610351562e+00 3.992687702178955078e+00 7.186621665954589844e+00 4.549427986145019531e+00 2.835998535156250000e+00 5.370800018310546875e+00 2.985829353332519531e+00 5.633996963500976562e+00 3.409648418426513672e+00
2.512063026428222656e+00 3.369857549667358398e+00 4.830931663513183594e+00 4.342163562774658203e+00 5.278824806213378906e+00 3.706499814987182617e+00 2.737096071243286133e+00 3.802807807922363281e+00 3.672560691833496094e+00 5.942611694335937500e+00 3.921185970306396484e+00 3.882212162017822266e+00 3.444282054901123047e+00 6.957556724548339844e+00 7.092891216278076172e+00 4.798065185546875000e+00 8.009562492370605469e+00 3.017968177795410156e+00 2.995197772979736328e+00 2.921902656555175781e+00
4.317927360534667969e+00 4.395786285400390625e+00 1.686866283416748047e+00 2.999533653259277344e+00 2.686027050018310547e+00 4.035971164703369141e+00 3.255007982254028320e+00 3.611686706542968750e+00 7.233173370361328125e+00 6.436040878295898438e+00 5.303212165832519531e+00 5.516061782836914062e+00 5.212904930114746094e+00 4.030040740966796875e+00 2.991100072860717773e+00 2.930623531341552734e+00 5.778287887573242188e+00 4.105881690979003906e+00 4.068181514739990234e+00 2.574171543121337891e+00
3.881230354309082031e+00 2.306952714920043945e+00 4.505392074584960938e+00 2.401172637939453125e+00 2.909808635711669922e+00 3.797259092330932617e+00 3.517553567886352539e+00 2.646316051483154297e+00 3.668447017669677734e+00 2.789906501770019531e+00 3.743955135345458984e+00 6.880947113037109375e+00 4.763097763061523438e+00 5.255527496337890625e+00 3.604604959487915039e+00 2.572885513305664062e+00 2.597343921661376953e+00 4.142996788024902344e+00 2.492992877960205078e+00 4.699801445007324219e+00
3.188087224960327148e+00 3.714407444000244141e+00 2.269862174987792969e+00 5.341807842254638672e+00 4.170838356018066406e+00 2.487190723419189453e+00 4.245623588562011719e+00 3.887876510620117188e+00 2.774345874786376953e+00 2.962386131286621094e+00 4.171853065490722656e+00 3.820138454437255859e+00 3.501926183700561523e+00 3.105049610137939453e+00 2.651096820831298828e+00 6.747737884521484375e+00 3.626329660415649414e+00 2.134278774261474609e+00 3.692185878753662109e+00 4.135931015014648438e+00
2.887261152267456055e+00 3.928575754165649414e+00 2.434936761856079102e+00 3.922269582748413086e+00 2.976308822631835938e+00 4.941646575927734375e+00 3.295685291290283203e+00 2.291257858276367188e+00 3.077392816543579102e+00 2.699295997619628906e+00 2.306144237518310547e+00 4.007701873779296875e+00 3.999220371246337891e+00 4.155747413635253906e+00 2.634718656539916992e+00 3.268277645111083984e+00 2.811183929443359375e+00 3.650667667388916016e+00 3.257835149765014648e+00 3.057202577590942383e+00
2.993585348129272461e+00 2.850252151489257812e+00 2.536755323410034180e+00 3.095537662506103516e+00 2.948598861694335938e+00 2.572859287261962891e+00 4.122028350830078125e+00 1.916417717933654785e+00 3.534599304199218750e+00 3.344131469726562500e+00 1.998140335083007812e+00 3.388144493103027344e+00 3.605630397796630859e+00 2.349887371063232422e+00 2.202537536621093750e+00 3.072985649108886719e+00 2.747265338897705078e+00 2.470979213714599609e+00 3.573714733123779297e+00 3.728088855743408203e+00
3.284425973892211914e+00 4.176425933837890625e+00 2.892541170120239258e+00 3.636287450790405273e+00 2.605541229248046875e+00 3.194657564163208008e+00 3.467231750488281250e+00 3.389187812805175781e+00 2.896896362304687500e+00 3.151601552963256836e+00 3.920351028442382812e+00 4.111177444458007812e+00 2.906066417694091797e+00 2.594291210174560547e+00 3.651558876037597656e+00 4.064177036285400391e+00 3.198890209197998047e+00 2.093291521072387695e+00 2.375558376312255859e+00 9.278031349182128906e+00
2.883244276046752930e+00 5.360777854919433594e+00 3.246161460876464844e+00 4.714397430419921875e+00 3.125588178634643555e+00 3.525767803192138672e+00 3.095724105834960938e+00 3.675985574722290039e+00 3.433945417404174805e+00 2.415014743804931641e+00 4.403694152832031250e+00 4.607061386108398438e+00 2.767005920410156250e+00 2.922494888305664062e+00 4.749207973480224609e+00 4.552176475524902344e+00 4.032391548156738281e+00 2.347657680511474609e+00 2.468736171722412109e+00 6.582867145538330078e+00
2.580727815628051758e+00 2.300863981246948242e+00 3.043998241424560547e+00 2.640439033508300781e+00 5.148529052734375000e+00 2.748493194580078125e+00 2.858616352081298828e+00 3.694210529327392578e+00 3.790192842483520508e+00 4.255014896392822266e+00 3.753077745437622070e+00 2.138848543167114258e+00 4.136840820312500000e+00 2.963674068450927734e+00 3.753583192825317383e+00 2.309774637222290039e+00 4.290856838226318359e+00 2.623026132583618164e+00 2.502118110656738281e+00 4.767620563507080078e+00
2.659069538116455078e+00 3.213907718658447266e+00 2.783401727676391602e+00 3.881540775299072266e+00 4.520063877105712891e+00 2.913236141204833984e+00 3.886255025863647461e+00 3.812154769897460938e+00 3.603028535842895508e+00 5.464140892028808594e+00 6.683678150177001953e+00 2.462018013000488281e+00 3.102965593338012695e+00 3.455876827239990234e+00 3.663115739822387695e+00 2.555627346038818359e+00 3.438638210296630859e+00 4.649816989898681641e+00 2.139690399169921875e+00 2.888694524765014648e+00
2.581708431243896484e+00 2.472536087036132812e+00 2.289304733276367188e+00 3.813582658767700195e+00 3.694814682006835938e+00 6.039396286010742188e+00 4.653510570526123047e+00 4.006143569946289062e+00 3.594255685806274414e+00 3.397810697555541992e+00 8.409034729003906250e+00 4.594240188598632812e+00 3.147363662719726562e+00 2.155563354492187500e+00 3.723714113235473633e+00 3.227521419525146484e+00 3.226829528808593750e+00 3.063066482543945312e+00 2.960384368896484375e+00 2.769674301147460938e+00
2.369637489318847656e+00 4.639197349548339844e+00 2.873599290847778320e+00 5.312306404113769531e+00 4.948480606079101562e+00 3.265862464904785156e+00 3.149091720581054688e+00 3.229376316070556641e+00 6.459160804748535156e+00 8.377122879028320312e+00 6.346955299377441406e+00 6.723298072814941406e+00 5.363411903381347656e+00 3.147315979003906250e+00 3.132470130920410156e+00 3.502949714660644531e+00 2.786503314971923828e+00 4.805137634277343750e+00 4.172964096069335938e+00 3.983513355255126953e+00
