2019-07-24 22:15:00
1.043125534057617188e+01 3.599937438964843750e+00 6.389956474304199219e+00 2.689887762069702148e+00 2.413862228393554688e+00 2.552224636077880859e+00 2.443737506866455078e+00 4.334067344665527344e+00 9.361335754394531250e+00 5.217762470245361328e+00 3.924068450927734375e+00 3.354500293731689453e+00 1.241714286804199219e+01 2.511690139770507812e+00 4.540779590606689453e+00 6.602344989776611328e+00 6.730525016784667969e+00 3.641631603240966797e+00 2.766449451446533203e+00 4.470166206359863281e+00
7.444811820983886719e+00 6.041455268859863281e+00 4.136031150817871094e+00 3.597666740417480469e+00 1.198286437988281250e+01 3.000831127166748047e+00 3.808825016021728516e+00 3.850832223892211914e+00 3.129638910293579102e+00 3.149118423461914062e+00 1.853200674057006836e+00 4.136227607727050781e+00 2.820915699005126953e+00 6.900220870971679688e+00 2.399484634399414062e+00 4.111561298370361328e+00 7.476978778839111328e+00 6.597034931182861328e+00 2.770859718322753906e+00 5.767432212829589844e+00
5.510245800018310547e+00 5.672795295715332031e+00 6.467867851257324219e+00 4.509529113769531250e+00 9.635967254638671875e+00 8.079244613647460938e+00 5.413726806640625000e+00 2.639244079589843750e+00 4.601937294006347656e+00 4.581434726715087891e+00 1.043864822387695312e+01 7.417497634887695312e+00 3.100452661514282227e+00 5.706871986389160156e+00 6.492378234863281250e+00 4.088768005371093750e+00 8.005769729614257812e+00 6.038999557495117188e+00 4.317027091979980469e+00 4.046537876129150391e+00
3.086628198623657227e+00 1.065572738647460938e+01 5.447303771972656250e+00 7.472020149230957031e+00 5.335241794586181641e+00 2.774680852890014648e+00 2.985013961791992188e+00 3.744162797927856445e+00 4.884137153625488281e+00 4.839965820312500000e+00 4.219131469726562500e+00 6.017434120178222656e+00 4.318040370941162109e+00 3.064937591552734375e+00 9.061557769775390625e+00 3.323317527770996094e+00 3.763364791870117188e+00 3.328132629394531250e+00 4.645713806152343750e+00 5.718508720397949219e+00
4.047311305999755859e+00 4.942410469055175781e+00 2.978320360183715820e+00 4.473018646240234375e+00 3.542592525482177734e+00 5.137444496154785156e+00 4.226760864257812500e+00 6.212525367736816406e+00 8.415036201477050781e+00 8.357948303222656250e+00 6.764153480529785156e+00 4.297645568847656250e+00 5.056436538696289062e+00 4.183645248413085938e+00 8.036160469055175781e+00 7.699845314025878906e+00 3.028205871582031250e+00 6.147351264953613281e+00 5.529626846313476562e+00 3.263823986053466797e+00
8.317543983459472656e+00 2.451497554779052734e+00 7.365727424621582031e+00 8.159097671508789062e+00 4.694499015808105469e+00 7.848191261291503906e+00 2.574145317077636719e+00 8.002901077270507812e+00 6.173735618591308594e+00 4.993217945098876953e+00 6.320409774780273438e+00 5.117960929870605469e+00 7.118363380432128906e+00 3.578797340393066406e+00 3.452074527740478516e+00 3.967353105545043945e+00 3.430949926376342773e+00 7.554172039031982422e+00 8.145539283752441406e+00 2.998797416687011719e+00
4.117301940917968750e+00 6.747118949890136719e+00 9.210585594177246094e+00 6.675436496734619141e+00 7.498112678527832031e+00 6.657481193542480469e+00 3.736116409301757812e+00 6.653360843658447266e+00 4.292312622070312500e+00 2.793063879013061523e+00 4.417779922485351562e+00 3.533758640289306641e+00 5.299704551696777344e+00 6.623545646667480469e+00 5.251100063323974609e+00 7.226089477539062500e+00 4.206869602203369141e+00 3.358739137649536133e+00 6.423967361450195312e+00 7.811666011810302734e+00
4.968360900878906250e+00 5.289557933807373047e+00 5.778067588806152344e+00 9.281740188598632812e+00 6.900957584381103516e+00 4.089548110961914062e+00 3.025327205657958984e+00 3.713133811950683594e+00 2.788299560546875000e+00 4.635311603546142578e+00 4.620982170104980469e+00 2.688060522079467773e+00 8.953959465026855469e+00 4.648075103759765625e+00 3.871164798736572266e+00 4.707532882690429688e+00 6.843245983123779297e+00 3.641024351119995117e+00 6.860596656799316406e+00 2.863844394683837891e+00
5.719434738159179688e+00 4.981018543243408203e+00 5.004612922668457031e+00 1.049808597564697266e+01 6.871829509735107422e+00 4.662585258483886719e+00 3.635297298431396484e+00 5.607573509216308594e+00 4.440128326416015625e+00 5.572518348693847656e+00 4.557270050048828125e+00 3.212824583053588867e+00 6.991345405578613281e+00 5.831130504608154297e+00 5.442293167114257812e+00 3.500705003738403320e+00 8.304041862487792969e+00 4.136971950531005859e+00 4.942844390869140625e+00 4.485558509826660156e+00
7.818473339080810547e+00 6.692949295043945312e+00 4.402898311614990234e+00 3.517202615737915039e+00 3.160076379776000977e+00 2.403586626052856445e+00 3.927498340606689453e+00 3.690338373184204102e+00 6.215898513793945312e+00 7.048611640930175781e+00 6.218120574951171875e+00 3.838372707366943359e+00 4.195089340209960938e+00 5.488413810729980469e+00 2.299916744232177734e+00 2.574997901916503906e+00 4.850892066955566406e+00 5.308948040008544922e+00 2.053488254547119141e+00 3.038211345672607422e+00
3.099532127380371094e+00 2.310731887817382812e+00 3.259855747222900391e+00 4.456360816955566406e+00 3.639563560485839844e+00 4.153723239898681641e+00 2.953891754150390625e+00 2.645737648010253906e+00 4.823411941528320312e+00 3.611940622329711914e+00 3.219725131988525391e+00 5.654076576232910156e+00 4.073771476745605469e+00 6.799871921539306641e+00 3.618571281433105469e+00 3.161451101303100586e+00 3.798471450805664062e+00 8.075841903686523438e+00 4.780341148376464844e+00 7.135873794555664062e+00
5.284291267395019531e+00 5.216520309448242188e+00 2.123621940612792969e+00 3.817564010620117188e+00 6.569342613220214844e+00 2.947407245635986328e+00 4.164859294891357422e+00 3.849022388458251953e+00 2.597415924072265625e+00 2.752556800842285156e+00 5.340780258178710938e+00 3.528943538665771484e+00 4.496034622192382812e+00 3.748331069946289062e+00 3.121110677719116211e+00 9.729682922363281250e+00 4.528972625732421875e+00 2.729938745498657227e+00 2.877150058746337891e+00 4.195039749145507812e+00
4.797537803649902344e+00 3.053776502609252930e+00 2.592770576477050781e+00 2.745947599411010742e+00 4.266351699829101562e+00 3.020990848541259766e+00 2.837095022201538086e+00 3.465626955032348633e+00 2.921404600143432617e+00 4.489735603332519531e+00 4.244112491607666016e+00 3.755526304244995117e+00 3.044281005859375000e+00 3.979050159454345703e+00 3.514924049377441406e+00 3.172723531723022461e+00 4.275526046752929688e+00 2.770936965942382812e+00 6.057096004486083984e+00 4.411542415618896484e+00
2.947687149047851562e+00 4.005429267883300781e+00 4.119130134582519531e+00 2.738785266876220703e+00 2.883372783660888672e+00 3.036054611206054688e+00 3.627988338470458984e+00 5.313001632690429688e+00 4.976830482482910156e+00 3.153708219528198242e+00 2.535708189010620117e+00 3.986515998840332031e+00 2.758181571960449219e+00 3.141780376434326172e+00 5.013508796691894531e+00 2.751714229583740234e+00 2.914238214492797852e+00 4.035360336303710938e+00 4.112792015075683594e+00 3.710583209991455078e+00
3.088741779327392578e+00 3.223271608352661133e+00 3.957289695739746094e+00 4.040237426757812500e+00 5.372236251831054688e+00 1.535811305046081543e+00 4.906847476959228516e+00 3.405280351638793945e+00 2.830756425857543945e+00 3.735969543457031250e+00 2.480961799621582031e+00 4.769328117370605469e+00 3.032392501831054688e+00 4.460366249084472656e+00 3.892647981643676758e+00 2.957046985626220703e+00 3.881010055541992188e+00 3.201181888580322266e+00 3.607426166534423828e+00 7.623991966247558594e+00
3.976456165313720703e+00 3.453417778015136719e+00 3.869396686553955078e+00 4.207910537719726562e+00 3.312022209167480469e+00 3.418254852294921875e+00 3.391539573669433594e+00 3.800363540649414062e+00 2.480939149856567383e+00 3.589762687683105469e+00 4.297604560852050781e+00 4.650851249694824219e+00 3.343743801116943359e+00 3.766217708587646484e+00 3.541753292083740234e+00 3.992654800415039062e+00 3.535055160522460938e+00 2.861875057220458984e+00 2.729776859283447266e+00 9.698387145996093750e+00
4.806840896606445312e+00 3.988053798675537109e+00 5.353060245513916016e+00 3.497881412506103516e+00 6.857382774353027344e+00 3.835946321487426758e+00 2.584277153015136719e+00 3.724177837371826172e+00 2.669727802276611328e+00 3.758445262908935547e+00 4.832378387451171875e+00 4.032265186309814453e+00 5.000394344329833984e+00 4.315763950347900391e+00 4.716784477233886719e+00 4.168365955352783203e+00 3.776839733123779297e+00 3.125314712524414062e+00 3.510011672973632812e+00 4.818320274353027344e+00
3.065589666366577148e+00 2.979900360107421875e+00 3.890829324722290039e+00 5.983890056610107422e+00 5.622193336486816406e+00 4.877525329589843750e+00 4.183772087097167969e+00 4.791409015655517578e+00 4.228780269622802734e+00 4.092690467834472656e+00 6.378221511840820312e+00 3.870014190673828125e+00 4.589652538299560547e+00 3.464160919189453125e+00 3.256622314453125000e+00 4.316264152526855469e+00 9.190482139587402344e+00 3.340137481689453125e+00 4.688846588134765625e+00 4.033945083618164062e+00
3.227646827697753906e+00 5.453733921051025391e+00 5.325321674346923828e+00 3.347036838531494141e+00 8.082077980041503906e+00 4.156646251678466797e+00 6.904065132141113281e+00 3.564228773117065430e+00 6.239146709442138672e+00 5.184402465820312500e+00 6.674293518066406250e+00 7.533010959625244141e+00 5.356304645538330078e+00 2.449637889862060547e+00 4.698335647583007812e+00 4.552656650543212891e+00 3.514774322509765625e+00 3.734656095504760742e+00 5.766211986541748047e+00 3.568327903747558594e+00
5.878416061401367188e+00 6.216975688934326172e+00 4.125372886657714844e+00 4.897925376892089844e+00 4.021543502807617188e+00 3.060633420944213867e+00 4.430980682373046875e+00 4.593352794647216797e+00 9.079858779907226562e+00 8.396410942077636719e+00 9.785614013671875000e+00 5.203638076782226562e+00 4.829253196716308594e+00 3.747754573822021484e+00 3.276931047439575195e+00 3.298829793930053711e+00 3.437912225723266602e+00 5.781163215637207031e+00 3.820078849792480469e+00 2.742517471313476562e+00
