2019-07-24 02:15:00
1.133102798461914062e+01 7.234014987945556641e+00 8.726097106933593750e+00 4.895469188690185547e+00 4.412423133850097656e+00 5.182551383972167969e+00 3.114586591720581055e+00 5.825528144836425781e+00 1.051166057586669922e+01 9.740674972534179688e+00 4.140305042266845703e+00 3.879318237304687500e+00 8.966222763061523438e+00 6.074964523315429688e+00 5.126760482788085938e+00 6.155613899230957031e+00 6.280723571777343750e+00 6.575096130371093750e+00 3.602107048034667969e+00 4.980875015258789062e+00
6.706881046295166016e+00 1.053848648071289062e+01 4.828932762145996094e+00 8.862833023071289062e+00 7.480600833892822266e+00 6.109549999237060547e+00 3.565665960311889648e+00 2.487207889556884766e+00 5.140117645263671875e+00 4.619498252868652344e+00 3.334525585174560547e+00 3.153264284133911133e+00 4.692794799804687500e+00 4.957974433898925781e+00 2.490954637527465820e+00 4.769125938415527344e+00 8.148147583007812500e+00 6.019797325134277344e+00 5.254084587097167969e+00 5.792983531951904297e+00
6.751764297485351562e+00 9.352853775024414062e+00 1.131398963928222656e+01 6.268186569213867188e+00 7.217233657836914062e+00 6.814439296722412109e+00 6.669992446899414062e+00 3.284871816635131836e+00 3.683075428009033203e+00 5.113095283508300781e+00 8.990073204040527344e+00 5.737378597259521484e+00 2.109402418136596680e+00 5.304406166076660156e+00 1.898611426353454590e+00 5.216916084289550781e+00 6.307186126708984375e+00 7.552608966827392578e+00 4.883367538452148438e+00 4.250154495239257812e+00
7.048540115356445312e+00 6.219779491424560547e+00 5.495082378387451172e+00 7.793149948120117188e+00 1.904955625534057617e+00 4.935160636901855469e+00 5.111144065856933594e+00 4.488639354705810547e+00 3.734036207199096680e+00 7.400321483612060547e+00 9.184992790222167969e+00 6.769081115722656250e+00 7.029956817626953125e+00 4.141562461853027344e+00 5.529616832733154297e+00 6.384579181671142578e+00 4.909039497375488281e+00 5.853878021240234375e+00 5.258500099182128906e+00 4.694800853729248047e+00
3.765103816986083984e+00 3.287381649017333984e+00 3.941229820251464844e+00 4.022888183593750000e+00 3.759090423583984375e+00 8.713611602783203125e+00 4.449746608734130859e+00 6.109642028808593750e+00 5.934879302978515625e+00 1.220499801635742188e+01 8.252845764160156250e+00 3.287674427032470703e+00 8.716974258422851562e+00 4.410773754119873047e+00 6.047430038452148438e+00 5.018609046936035156e+00 4.285260200500488281e+00 2.715811967849731445e+00 1.152768707275390625e+01 5.021602630615234375e+00
5.781945228576660156e+00 4.394121170043945312e+00 8.801860809326171875e+00 8.707157135009765625e+00 9.625374794006347656e+00 1.137456893920898438e+01 5.078904151916503906e+00 9.721876144409179688e+00 7.787223815917968750e+00 5.012850761413574219e+00 4.623176574707031250e+00 5.139179229736328125e+00 4.382935047149658203e+00 4.269230842590332031e+00 4.790980815887451172e+00 5.697566032409667969e+00 4.518058776855468750e+00 3.366532325744628906e+00 6.582002639770507812e+00 4.791746139526367188e+00
4.196549415588378906e+00 8.799253463745117188e+00 4.441677570343017578e+00 3.687265872955322266e+00 8.162264823913574219e+00 7.641242027282714844e+00 6.593619823455810547e+00 4.373792648315429688e+00 4.819685935974121094e+00 5.875838279724121094e+00 4.278112411499023438e+00 4.131917953491210938e+00 6.290206909179687500e+00 9.890245437622070312e+00 3.094559192657470703e+00 4.864257335662841797e+00 5.111497402191162109e+00 3.667201042175292969e+00 5.728903770446777344e+00 7.067023277282714844e+00
7.536908149719238281e+00 7.825482368469238281e+00 3.295640230178833008e+00 9.182331085205078125e+00 9.704226493835449219e+00 6.077315807342529297e+00 4.773404121398925781e+00 3.593398571014404297e+00 4.102732181549072266e+00 2.561094284057617188e+00 5.931981086730957031e+00 5.080162048339843750e+00 7.743310928344726562e+00 6.576366901397705078e+00 5.872466087341308594e+00 4.136482238769531250e+00 7.635465145111083984e+00 4.195699214935302734e+00 7.204906463623046875e+00 5.175752639770507812e+00
7.828971385955810547e+00 5.177259922027587891e+00 9.741674423217773438e+00 8.114779472351074219e+00 1.134962654113769531e+01 3.908986568450927734e+00 4.564962387084960938e+00 5.002381801605224609e+00 5.430250167846679688e+00 5.664532184600830078e+00 4.959790229797363281e+00 5.230138778686523438e+00 7.926679611206054688e+00 7.503154277801513672e+00 6.647981166839599609e+00 4.889617443084716797e+00 4.644495964050292969e+00 4.076253414154052734e+00 4.249857902526855469e+00 4.911386489868164062e+00
9.128883361816406250e+00 9.524198532104492188e+00 4.780387878417968750e+00 4.695542335510253906e+00 4.921721458435058594e+00 5.054934501647949219e+00 6.385953903198242188e+00 5.003673076629638672e+00 6.143286705017089844e+00 1.070831775665283203e+01 6.976137161254882812e+00 9.032589912414550781e+00 4.042583942413330078e+00 4.407634258270263672e+00 4.592833042144775391e+00 3.832248210906982422e+00 5.779150009155273438e+00 3.129120826721191406e+00 4.057936191558837891e+00 5.529487609863281250e+00
4.322914123535156250e+00 5.273310661315917969e+00 7.398484706878662109e+00 3.824909448623657227e+00 4.629422187805175781e+00 4.940512657165527344e+00 5.586692810058593750e+00 5.260871410369873047e+00 4.505044460296630859e+00 5.656053543090820312e+00 2.867130756378173828e+00 7.594532012939453125e+00 4.496643066406250000e+00 8.336632728576660156e+00 5.512781143188476562e+00 4.299917221069335938e+00 3.624737262725830078e+00 4.628873348236083984e+00 3.849890232086181641e+00 8.341938018798828125e+00
4.157269001007080078e+00 3.054324388504028320e+00 2.915633678436279297e+00 4.359284400939941406e+00 5.658483505249023438e+00 4.836927413940429688e+00 5.453044891357421875e+00 4.635178565979003906e+00 4.079892158508300781e+00 3.285608768463134766e+00 3.299674272537231445e+00 8.981750488281250000e+00 7.105979919433593750e+00 4.598124980926513672e+00 3.609480381011962891e+00 5.902434349060058594e+00 4.462113380432128906e+00 5.729652404785156250e+00 4.536350250244140625e+00 5.979884147644042969e+00
4.361038684844970703e+00 4.299941062927246094e+00 3.609019994735717773e+00 4.645677566528320312e+00 6.342950820922851562e+00 6.871459007263183594e+00 4.949870586395263672e+00 2.787152051925659180e+00 4.131684780120849609e+00 7.546998500823974609e+00 5.395750999450683594e+00 4.773587226867675781e+00 4.967813968658447266e+00 5.174737930297851562e+00 5.592714786529541016e+00 3.673449516296386719e+00 4.418949127197265625e+00 4.952928543090820312e+00 8.054438591003417969e+00 4.878917694091796875e+00
4.497755527496337891e+00 8.025466918945312500e+00 5.850500106811523438e+00 4.449678421020507812e+00 8.802379369735717773e-01 3.870444297790527344e+00 5.187891006469726562e+00 5.176996707916259766e+00 6.646525859832763672e+00 5.253286361694335938e+00 4.679748058319091797e+00 5.158864974975585938e+00 4.665947914123535156e+00 5.745441436767578125e+00 6.490288734436035156e+00 3.631788253784179688e+00 6.046373367309570312e+00 4.519195556640625000e+00 5.947129249572753906e+00 5.835913181304931641e+00
3.864740133285522461e+00 3.070907592773437500e+00 4.699110984802246094e+00 3.736334085464477539e+00 4.441001892089843750e+00 5.684095382690429688e+00 3.698421955108642578e+00 4.440302371978759766e+00 5.073986053466796875e+00 3.935868024826049805e+00 3.800905227661132812e+00 5.535999298095703125e+00 4.059245109558105469e+00 4.413290977478027344e+00 4.427260875701904297e+00 4.413290023803710938e+00 3.486587524414062500e+00 3.900416851043701172e+00 3.961139678955078125e+00 6.053298950195312500e+00
5.133580207824707031e+00 4.643226146697998047e+00 3.142478466033935547e+00 3.988704204559326172e+00 2.996654272079467773e+00 3.091147899627685547e+00 2.753202915191650391e+00 5.831426143646240234e+00 3.770129203796386719e+00 3.334307670593261719e+00 4.790946006774902344e+00 6.663769245147705078e+00 4.217124938964843750e+00 5.964699268341064453e+00 3.989632606506347656e+00 2.662497997283935547e+00 4.132290363311767578e+00 4.708886146545410156e+00 5.464482784271240234e+00 1.013471698760986328e+01
3.932183027267456055e+00 4.426776885986328125e+00 8.674709320068359375e+00 5.359685897827148438e+00 1.193242454528808594e+01 5.020826339721679688e+00 4.188756942749023438e+00 4.765719413757324219e+00 4.116098880767822266e+00 4.411099910736083984e+00 3.741186380386352539e+00 2.481524944305419922e+00 3.540961980819702148e+00 3.588675498962402344e+00 3.395471096038818359e+00 4.539079666137695312e+00 3.584811210632324219e+00 4.533883094787597656e+00 3.197643280029296875e+00 7.822227478027343750e+00
6.730588912963867188e+00 3.635869741439819336e+00 3.593922615051269531e+00 5.454701423645019531e+00 5.537263870239257812e+00 4.352024078369140625e+00 1.078620529174804688e+01 6.115125656127929688e+00 8.771533966064453125e+00 4.479877471923828125e+00 5.842211723327636719e+00 4.492684841156005859e+00 7.312453269958496094e+00 4.595188140869140625e+00 3.437106847763061523e+00 3.986641645431518555e+00 6.575710296630859375e+00 7.095435142517089844e+00 5.232148170471191406e+00 3.838915348052978516e+00
3.579604864120483398e+00 3.795952796936035156e+00 4.598327636718750000e+00 5.154303550720214844e+00 1.193255805969238281e+01 5.017442226409912109e+00 4.286080837249755859e+00 5.758712768554687500e+00 4.326213836669921875e+00 9.829441070556640625e+00 5.810494422912597656e+00 5.021327018737792969e+00 4.389345169067382812e+00 6.703361988067626953e+00 5.391958713531494141e+00 4.262874126434326172e+00 5.010113716125488281e+00 3.190962791442871094e+00 4.545265197753906250e+00 3.596006393432617188e+00
6.362601280212402344e+00 8.590606689453125000e+00 5.527562141418457031e+00 9.682875633239746094e+00 7.286370277404785156e+00 5.483278274536132812e+00 8.695369720458984375e+00 4.949545860290527344e+00 3.799247026443481445e+00 7.931951522827148438e+00 1.326666831970214844e+01 9.729971885681152344e+00 4.569609165191650391e+00 5.497446060180664062e+00 7.947873592376708984e+00 4.162190437316894531e+00 3.355311393737792969e+00 5.691608428955078125e+00 7.619722843170166016e+00 2.969841957092285156e+00
