2019-07-24 22:30:00
6.362571716308593750e+00 4.766360282897949219e+00 8.170461654663085938e+00 3.777346611022949219e+00 4.389953613281250000e+00 4.216657638549804688e+00 2.710661888122558594e+00 4.125205039978027344e+00 8.435688018798828125e+00 8.514642715454101562e+00 3.164344787597656250e+00 2.965971946716308594e+00 9.936093330383300781e+00 3.311322450637817383e+00 5.080615997314453125e+00 5.166369438171386719e+00 7.933714866638183594e+00 3.311003684997558594e+00 5.329499721527099609e+00 3.826381683349609375e+00
6.331503868103027344e+00 4.567337989807128906e+00 7.066689491271972656e+00 1.175490760803222656e+01 7.872953414916992188e+00 3.504928827285766602e+00 2.208790779113769531e+00 3.795969486236572266e+00 3.175511837005615234e+00 3.584196329116821289e+00 3.400524854660034180e+00 4.379478454589843750e+00 2.377349853515625000e+00 7.358321189880371094e+00 3.607062816619873047e+00 3.368402481079101562e+00 7.121514320373535156e+00 7.982788085937500000e+00 2.134566783905029297e+00 3.722476720809936523e+00
3.778319358825683594e+00 9.732213973999023438e+00 8.668062210083007812e+00 6.106785774230957031e+00 6.703024387359619141e+00 7.071658134460449219e+00 8.778668403625488281e+00 4.170933723449707031e+00 3.925697326660156250e+00 3.645032167434692383e+00 8.166235923767089844e+00 4.066231727600097656e+00 3.050863742828369141e+00 7.768591880798339844e+00 5.994008541107177734e+00 2.727671384811401367e+00 6.208253860473632812e+00 3.006211519241333008e+00 3.644499301910400391e+00 5.029887199401855469e+00
3.529102325439453125e+00 7.808095455169677734e+00 4.310367584228515625e+00 8.496675491333007812e+00 4.092068672180175781e+00 2.725729465484619141e+00 3.806476593017578125e+00 4.216592311859130859e+00 4.436519622802734375e+00 5.172041416168212891e+00 6.496604919433593750e+00 9.146812438964843750e+00 3.043791770935058594e+00 4.641339302062988281e+00 1.172109127044677734e+01 4.089027404785156250e+00 3.156787633895874023e+00 6.503131389617919922e+00 2.600524187088012695e+00 3.431861400604248047e+00
2.848392009735107422e+00 3.520960569381713867e+00 3.974648714065551758e+00 2.260828018188476562e+00 4.741038322448730469e+00 5.350733280181884766e+00 3.879652976989746094e+00 4.981582641601562500e+00 5.328734397888183594e+00 1.348608589172363281e+01 1.196489906311035156e+01 6.407897472381591797e+00 7.682946205139160156e+00 2.929215431213378906e+00 3.805817365646362305e+00 1.156099700927734375e+01 3.408182144165039062e+00 4.759563922882080078e+00 8.501432418823242188e+00 4.392551422119140625e+00
5.380497932434082031e+00 4.346908569335937500e+00 6.161800861358642578e+00 6.994990348815917969e+00 3.812608003616333008e+00 4.113670349121093750e+00 4.756615161895751953e+00 5.325124740600585938e+00 5.950034141540527344e+00 3.609370231628417969e+00 7.613234043121337891e+00 2.831868171691894531e+00 3.159415483474731445e+00 3.264368057250976562e+00 3.772183418273925781e+00 8.894560813903808594e+00 4.397693634033203125e+00 5.009833335876464844e+00 6.423280715942382812e+00 4.399729728698730469e+00
6.984208106994628906e+00 6.925223827362060547e+00 3.157659769058227539e+00 8.210365295410156250e+00 7.188055038452148438e+00 6.470685958862304688e+00 3.019848108291625977e+00 5.260826110839843750e+00 3.191167831420898438e+00 4.983180046081542969e+00 5.191498756408691406e+00 3.910227537155151367e+00 6.074562072753906250e+00 8.116260528564453125e+00 2.812925577163696289e+00 6.639532566070556641e+00 3.635228872299194336e+00 3.418919563293457031e+00 5.387238979339599609e+00 3.940953254699707031e+00
7.068997383117675781e+00 5.474256038665771484e+00 4.274331092834472656e+00 5.756707668304443359e+00 6.273448944091796875e+00 3.710108280181884766e+00 3.615381956100463867e+00 4.553150177001953125e+00 2.974153995513916016e+00 2.680267810821533203e+00 3.750142574310302734e+00 4.059514045715332031e+00 4.469769954681396484e+00 4.154262542724609375e+00 3.160691261291503906e+00 5.146895408630371094e+00 4.076250553131103516e+00 2.638042449951171875e+00 6.678157806396484375e+00 4.642896652221679688e+00
5.381622314453125000e+00 5.637611389160156250e+00 7.247625350952148438e+00 5.135883331298828125e+00 4.784492969512939453e+00 2.263863086700439453e+00 4.634209632873535156e+00 4.246508598327636719e+00 3.309711217880249023e+00 5.443268775939941406e+00 4.707655429840087891e+00 3.951968431472778320e+00 5.607022285461425781e+00 3.805178880691528320e+00 6.191504955291748047e+00 3.869719505310058594e+00 4.178561210632324219e+00 3.103266239166259766e+00 2.017273426055908203e+00 2.174937725067138672e+00
1.041677474975585938e+01 4.608988761901855469e+00 5.011155128479003906e+00 3.347271442413330078e+00 2.581490993499755859e+00 2.707390785217285156e+00 1.957529664039611816e+00 3.755005121231079102e+00 3.217799663543701172e+00 4.085082054138183594e+00 6.740647315979003906e+00 8.554870605468750000e+00 7.044020652770996094e+00 3.523732185363769531e+00 3.056048870086669922e+00 3.403478145599365234e+00 8.708127021789550781e+00 4.766593933105468750e+00 3.239627838134765625e+00 3.332959651947021484e+00
4.069019317626953125e+00 5.589237213134765625e+00 3.423185586929321289e+00 3.606772422790527344e+00 3.244677066802978516e+00 2.686470508575439453e+00 2.771929502487182617e+00 3.855634689331054688e+00 3.697868347167968750e+00 3.553610801696777344e+00 3.261830329895019531e+00 6.178654670715332031e+00 4.624948501586914062e+00 5.492866992950439453e+00 4.327100276947021484e+00 3.499885320663452148e+00 3.530461072921752930e+00 4.668558120727539062e+00 3.654648780822753906e+00 4.764647006988525391e+00
3.028049707412719727e+00 4.585501670837402344e+00 3.951553344726562500e+00 4.304808139801025391e+00 5.171162605285644531e+00 2.958384990692138672e+00 3.542198181152343750e+00 3.715241432189941406e+00 3.757168769836425781e+00 4.119078636169433594e+00 5.639762878417968750e+00 2.601062536239624023e+00 4.466939926147460938e+00 3.016522884368896484e+00 3.150417327880859375e+00 5.247244834899902344e+00 4.553532123565673828e+00 3.076516628265380859e+00 3.789348840713500977e+00 3.122090339660644531e+00
3.003122091293334961e+00 3.231720447540283203e+00 2.001556396484375000e+00 2.515342712402343750e+00 3.127925395965576172e+00 3.921384334564208984e+00 4.144896507263183594e+00 3.663680553436279297e+00 2.094629526138305664e+00 3.160917043685913086e+00 2.465594291687011719e+00 4.196357727050781250e+00 3.373994350433349609e+00 4.187413215637207031e+00 3.602488994598388672e+00 3.665244817733764648e+00 5.536549091339111328e+00 2.731163978576660156e+00 3.445184707641601562e+00 2.635857582092285156e+00
4.950355529785156250e+00 2.252843856811523438e+00 3.780264377593994141e+00 3.197807312011718750e+00 3.407053709030151367e+00 3.172811508178710938e+00 3.232420921325683594e+00 3.501357555389404297e+00 4.246129989624023438e+00 2.416938543319702148e+00 3.220620632171630859e+00 3.824107885360717773e+00 3.992921590805053711e+00 3.541253566741943359e+00 4.850860595703125000e+00 4.609717369079589844e+00 4.541797637939453125e+00 4.501529693603515625e+00 3.836026191711425781e+00 4.266603469848632812e+00
2.796568155288696289e+00 4.441813468933105469e+00 3.576027393341064453e+00 3.468244791030883789e+00 3.228755950927734375e+00 2.823801279067993164e+00 3.240090370178222656e+00 3.803565740585327148e+00 3.612704992294311523e+00 4.469699382781982422e+00 3.949026823043823242e+00 4.912026405334472656e+00 4.244288921356201172e+00 2.479362010955810547e+00 3.392913579940795898e+00 5.278980255126953125e+00 2.817542552947998047e+00 4.391882896423339844e+00 3.288968086242675781e+00 3.489496231079101562e+00
2.889029264450073242e+00 3.730827331542968750e+00 4.823897361755371094e+00 4.913036346435546875e+00 3.716526031494140625e+00 4.127426147460937500e+00 2.824057579040527344e+00 4.598616600036621094e+00 1.910298585891723633e+00 3.172148942947387695e+00 2.540195941925048828e+00 3.537619113922119141e+00 4.121024131774902344e+00 3.806245565414428711e+00 5.111513137817382812e+00 4.188107490539550781e+00 3.562745094299316406e+00 3.209501743316650391e+00 3.252211570739746094e+00 6.523196220397949219e+00
4.429718971252441406e+00 4.384870529174804688e+00 4.032707691192626953e+00 3.766871452331542969e+00 5.920212745666503906e+00 2.686887502670288086e+00 2.061003684997558594e+00 4.168185234069824219e+00 3.618385076522827148e+00 3.207173585891723633e+00 3.112292528152465820e+00 4.335343837738037109e+00 3.738700151443481445e+00 2.062653064727783203e+00 3.545578479766845703e+00 2.962572813034057617e+00 3.530202865600585938e+00 2.923126220703125000e+00 2.995267391204833984e+00 5.770030021667480469e+00
3.156352519989013672e+00 3.678373813629150391e+00 3.672543525695800781e+00 4.573999404907226562e+00 4.259360790252685547e+00 3.813650369644165039e+00 4.269185066223144531e+00 2.551640033721923828e+00 5.803678512573242188e+00 4.333000659942626953e+00 4.801259994506835938e+00 5.200607299804687500e+00 4.001317024230957031e+00 3.637380838394165039e+00 3.506916522979736328e+00 3.102994441986083984e+00 2.624044418334960938e+00 3.742396354675292969e+00 4.289425373077392578e+00 3.499842166900634766e+00
2.723705768585205078e+00 3.458605289459228516e+00 3.574589014053344727e+00 3.856311321258544922e+00 5.064580917358398438e+00 6.331376075744628906e+00 4.973368644714355469e+00 3.426579236984252930e+00 4.940327167510986328e+00 9.494324684143066406e+00 5.874349117279052734e+00 4.850690841674804688e+00 2.982357978820800781e+00 4.124943733215332031e+00 4.132543087005615234e+00 5.576262474060058594e+00 3.061241626739501953e+00 3.446349382400512695e+00 5.350071907043457031e+00 3.927573680877685547e+00
3.764076948165893555e+00 4.261546134948730469e+00 2.936304569244384766e+00 5.673691749572753906e+00 5.158763885498046875e+00 3.987742900848388672e+00 3.720282077789306641e+00 5.382909774780273438e+00 8.230131149291992188e+00 6.722353458404541016e+00 5.547447204589843750e+00 7.871416568756103516e+00 5.384751319885253906e+00 3.665822505950927734e+00 2.832786083221435547e+00 2.849436521530151367e+00 2.344577074050903320e+00 4.249918460845947266e+00 5.810653686523437500e+00 3.028336763381958008e+00
