2019-07-24 22:45:00
3.518887519836425781e+00 5.490850448608398438e+00 4.400629043579101562e+00 4.212757587432861328e+00 3.286344051361083984e+00 2.743959188461303711e+00 5.257295608520507812e+00 4.626954555511474609e+00 5.090145587921142578e+00 4.741916656494140625e+00 3.080695390701293945e+00 2.433349370956420898e+00 6.458253860473632812e+00 4.291219711303710938e+00 2.490125656127929688e+00 5.137167930603027344e+00 6.472198486328125000e+00 2.635179758071899414e+00 4.055656433105468750e+00 4.336673259735107422e+00
8.685695648193359375e+00 7.020383834838867188e+00 5.854799747467041016e+00 8.786798477172851562e+00 6.279813766479492188e+00 2.773278713226318359e+00 3.660160064697265625e+00 3.511967658996582031e+00 3.797248601913452148e+00 1.719482183456420898e+00 3.196533203125000000e+00 1.834842324256896973e+00 3.348115921020507812e+00 7.218589305877685547e+00 4.879565238952636719e+00 2.930402278900146484e+00 7.462826728820800781e+00 6.072141647338867188e+00 3.540269374847412109e+00 3.269829511642456055e+00
5.292824745178222656e+00 3.822978496551513672e+00 7.139050483703613281e+00 8.524902343750000000e+00 7.076464653015136719e+00 6.092092514038085938e+00 5.029348373413085938e+00 3.387979984283447266e+00 3.464389324188232422e+00 3.052609443664550781e+00 8.481510162353515625e+00 3.812976360321044922e+00 4.371747493743896484e+00 4.101162910461425781e+00 5.300172805786132812e+00 2.774401187896728516e+00 5.142250537872314453e+00 6.229351997375488281e+00 3.506631374359130859e+00 3.706039190292358398e+00
3.304193496704101562e+00 4.884916782379150391e+00 9.595115661621093750e+00 7.563647270202636719e+00 4.006787300109863281e+00 3.926136970520019531e+00 5.079298019409179688e+00 4.672777175903320312e+00 2.304901123046875000e+00 6.526954650878906250e+00 3.146133661270141602e+00 7.081869602203369141e+00 5.169919013977050781e+00 2.536586284637451172e+00 4.642379760742187500e+00 2.855447292327880859e+00 3.714401483535766602e+00 2.411338329315185547e+00 5.384673595428466797e+00 5.498498439788818359e+00
1.959154605865478516e+00 4.249256134033203125e+00 4.407871246337890625e+00 2.656333923339843750e+00 2.685084819793701172e+00 4.671153545379638672e+00 2.231243848800659180e+00 9.976362228393554688e+00 5.964417457580566406e+00 8.236558914184570312e+00 3.492460489273071289e+00 4.429065704345703125e+00 7.553314208984375000e+00 3.204932689666748047e+00 5.898382186889648438e+00 3.183124780654907227e+00 3.890805244445800781e+00 5.897491931915283203e+00 7.676099777221679688e+00 2.684820652008056641e+00
7.340641498565673828e+00 2.402369499206542969e+00 4.459817886352539062e+00 4.906197547912597656e+00 5.777019023895263672e+00 4.777840614318847656e+00 2.492909193038940430e+00 7.212027072906494141e+00 8.880322456359863281e+00 8.477584838867187500e+00 5.466475486755371094e+00 4.675631999969482422e+00 3.577642202377319336e+00 4.350018024444580078e+00 4.099856376647949219e+00 6.770849227905273438e+00 4.278707504272460938e+00 6.265017509460449219e+00 6.015513420104980469e+00 3.901195049285888672e+00
7.235406398773193359e+00 9.175230026245117188e+00 8.424513816833496094e+00 4.159757614135742188e+00 7.064998626708984375e+00 3.799303531646728516e+00 3.743913173675537109e+00 4.943154335021972656e+00 3.185467958450317383e+00 3.757640361785888672e+00 4.454432964324951172e+00 3.278091669082641602e+00 7.502548217773437500e+00 6.893488407135009766e+00 2.594140529632568359e+00 4.536963462829589844e+00 3.070008516311645508e+00 4.353801727294921875e+00 8.068878173828125000e+00 6.436888694763183594e+00
3.995802879333496094e+00 4.394753456115722656e+00 5.501579284667968750e+00 9.129032135009765625e+00 8.105070114135742188e+00 4.310417175292968750e+00 4.356799125671386719e+00 4.409336090087890625e+00 3.183877944946289062e+00 4.871107101440429688e+00 3.611630916595458984e+00 3.823386430740356445e+00 6.212779998779296875e+00 6.497747898101806641e+00 4.350374221801757812e+00 3.407390117645263672e+00 3.840568065643310547e+00 3.519090890884399414e+00 1.020517635345458984e+01 3.288182735443115234e+00
5.424131393432617188e+00 4.823557853698730469e+00 7.818943023681640625e+00 1.054270553588867188e+01 6.239090919494628906e+00 2.449636936187744141e+00 2.495438575744628906e+00 2.567523002624511719e+00 3.338542938232421875e+00 8.267759323120117188e+00 4.055771827697753906e+00 2.859330654144287109e+00 5.041598796844482422e+00 3.335891485214233398e+00 4.850485801696777344e+00 5.186976432800292969e+00 5.504832267761230469e+00 3.156486988067626953e+00 3.932212829589843750e+00 3.330157279968261719e+00
6.539154052734375000e+00 5.487680435180664062e+00 3.864356040954589844e+00 5.354992389678955078e+00 2.553045749664306641e+00 3.420918703079223633e+00 2.395870208740234375e+00 3.228801250457763672e+00 5.702064514160156250e+00 3.419266700744628906e+00 5.447888374328613281e+00 7.257719516754150391e+00 2.959957361221313477e+00 2.797184467315673828e+00 3.823514223098754883e+00 2.345555305480957031e+00 7.687945842742919922e+00 2.136724472045898438e+00 2.860267400741577148e+00 2.997390747070312500e+00
2.656648159027099609e+00 3.309721946716308594e+00 1.915760040283203125e+00 3.106785535812377930e+00 3.680124282836914062e+00 2.697753906250000000e+00 4.194993019104003906e+00 3.083481073379516602e+00 2.510013818740844727e+00 3.238808393478393555e+00 3.599905490875244141e+00 5.484228134155273438e+00 4.088353157043457031e+00 2.567615032196044922e+00 3.601238250732421875e+00 3.476251125335693359e+00 5.104883193969726562e+00 6.511018753051757812e+00 3.353964328765869141e+00 4.324324131011962891e+00
3.918163299560546875e+00 2.766729831695556641e+00 4.507589340209960938e+00 2.284718513488769531e+00 5.220247268676757812e+00 3.147992610931396484e+00 2.813433170318603516e+00 3.059348583221435547e+00 3.343564748764038086e+00 3.772567510604858398e+00 3.128254413604736328e+00 4.212947845458984375e+00 5.259439945220947266e+00 4.522918701171875000e+00 3.065283536911010742e+00 7.598637580871582031e+00 3.455501079559326172e+00 4.835477828979492188e+00 3.363656997680664062e+00 3.050190210342407227e+00
2.771279335021972656e+00 2.008398532867431641e+00 3.901180982589721680e+00 3.325145721435546875e+00 2.719374656677246094e+00 2.916352510452270508e+00 2.730124950408935547e+00 4.139054298400878906e+00 3.716004610061645508e+00 4.443955898284912109e+00 3.662821531295776367e+00 3.241580486297607422e+00 2.654272556304931641e+00 2.372582912445068359e+00 2.735999584197998047e+00 3.981096744537353516e+00 3.365798473358154297e+00 3.284978866577148438e+00 3.345517158508300781e+00 4.004862308502197266e+00
2.361569166183471680e+00 3.086420536041259766e+00 3.899359703063964844e+00 3.788048505783081055e+00 4.093702316284179688e+00 3.425883054733276367e+00 4.275537014007568359e+00 4.274431228637695312e+00 3.220468044281005859e+00 2.008828639984130859e+00 3.096006870269775391e+00 2.891799449920654297e+00 4.041486263275146484e+00 3.704941749572753906e+00 3.864007949829101562e+00 4.326635360717773438e+00 2.998095512390136719e+00 4.238436698913574219e+00 2.842218399047851562e+00 4.223224639892578125e+00
3.337733507156372070e+00 4.219302654266357422e+00 3.879174470901489258e+00 3.191850900650024414e+00 2.229027748107910156e+00 2.618454933166503906e+00 3.147324323654174805e+00 2.149169445037841797e+00 3.844481945037841797e+00 2.912615537643432617e+00 4.207691192626953125e+00 5.201202392578125000e+00 3.027966737747192383e+00 3.004824399948120117e+00 3.043197631835937500e+00 4.012142658233642578e+00 3.751005649566650391e+00 2.517734050750732422e+00 3.727549552917480469e+00 3.062822341918945312e+00
3.121063232421875000e+00 3.132643222808837891e+00 3.093245506286621094e+00 3.139954566955566406e+00 4.562818527221679688e+00 2.717103481292724609e+00 2.306007146835327148e+00 3.247745752334594727e+00 3.689062118530273438e+00 3.478283882141113281e+00 4.530920982360839844e+00 3.316704750061035156e+00 3.360387086868286133e+00 2.496843814849853516e+00 3.795831203460693359e+00 4.072357177734375000e+00 4.050439834594726562e+00 4.105849266052246094e+00 2.916504859924316406e+00 3.398545742034912109e+00
2.876420021057128906e+00 3.585940837860107422e+00 5.434700012207031250e+00 3.193743228912353516e+00 7.356994628906250000e+00 4.125378608703613281e+00 3.690592527389526367e+00 3.634704828262329102e+00 1.998339176177978516e+00 3.355316638946533203e+00 4.573619842529296875e+00 3.321551799774169922e+00 3.665576219558715820e+00 3.584971904754638672e+00 3.127288818359375000e+00 5.133364677429199219e+00 3.289170265197753906e+00 3.690752506256103516e+00 3.352263212203979492e+00 3.642826080322265625e+00
3.288426876068115234e+00 3.257550477981567383e+00 4.673254013061523438e+00 5.665840148925781250e+00 3.986494541168212891e+00 3.051701545715332031e+00 4.149640083312988281e+00 3.111910104751586914e+00 6.810456275939941406e+00 5.238641738891601562e+00 5.516181945800781250e+00 4.758117675781250000e+00 4.046440124511718750e+00 4.522753238677978516e+00 4.428727149963378906e+00 2.934368133544921875e+00 5.358166694641113281e+00 4.358184814453125000e+00 3.868893623352050781e+00 2.173307895660400391e+00
3.564233303070068359e+00 3.969139575958251953e+00 2.785487651824951172e+00 2.518357038497924805e+00 4.858699798583984375e+00 5.152567863464355469e+00 3.228575944900512695e+00 2.279505729675292969e+00 4.036896705627441406e+00 8.863506317138671875e+00 3.943712949752807617e+00 5.767771244049072266e+00 3.136833429336547852e+00 2.264757156372070312e+00 3.368918895721435547e+00 4.128566741943359375e+00 3.920081377029418945e+00 3.220754146575927734e+00 5.717267513275146484e+00 3.788707256317138672e+00
5.697310924530029297e+00 5.275551795959472656e+00 4.070475101470947266e+00 4.552195549011230469e+00 6.858524322509765625e+00 3.419203042984008789e+00 6.514275550842285156e+00 5.781033515930175781e+00 6.578598976135253906e+00 7.069294452667236328e+00 5.310558795928955078e+00 5.498546600341796875e+00 7.366154193878173828e+00 3.802056550979614258e+00 3.577746391296386719e+00 5.432342052459716797e+00 4.061224937438964844e+00 4.048272132873535156e+00 5.730834960937500000e+00 3.617508888244628906e+00
