2019-07-24 23:00:00
5.302181243896484375e+00 3.746669054031372070e+00 2.432959794998168945e+00 4.144627571105957031e+00 3.148332118988037109e+00 3.471953392028808594e+00 4.033169746398925781e+00 3.700884819030761719e+00 5.495653152465820312e+00 6.614029884338378906e+00 2.449706554412841797e+00 3.847321033477783203e+00 5.330109119415283203e+00 5.011111736297607422e+00 3.807426691055297852e+00 2.837515830993652344e+00 1.026494216918945312e+01 2.793423652648925781e+00 3.691726684570312500e+00 3.363636016845703125e+00
9.022497177124023438e+00 4.993726253509521484e+00 3.938246250152587891e+00 8.574579238891601562e+00 6.172322273254394531e+00 2.817767143249511719e+00 3.031780242919921875e+00 4.432538032531738281e+00 3.763544559478759766e+00 1.913940906524658203e+00 2.689946174621582031e+00 4.020431518554687500e+00 2.108907222747802734e+00 5.735041618347167969e+00 4.416901588439941406e+00 2.148288965225219727e+00 5.939291477203369141e+00 7.413641929626464844e+00 2.214441299438476562e+00 3.500316143035888672e+00
7.199738502502441406e+00 7.554507255554199219e+00 6.412529945373535156e+00 2.239755392074584961e+00 5.164101600646972656e+00 6.990730285644531250e+00 7.805652618408203125e+00 2.778026819229125977e+00 3.124401569366455078e+00 3.651124238967895508e+00 8.706434249877929688e+00 8.301313400268554688e+00 3.523386955261230469e+00 5.409769535064697266e+00 3.400730371475219727e+00 5.255425453186035156e+00 5.080318927764892578e+00 6.717482566833496094e+00 3.122074127197265625e+00 2.826584815979003906e+00
3.118973970413208008e+00 4.463076114654541016e+00 6.705641269683837891e+00 3.104879379272460938e+00 3.550266027450561523e+00 5.101111412048339844e+00 3.579315662384033203e+00 2.535563707351684570e+00 2.441542625427246094e+00 7.737635612487792969e+00 4.418551445007324219e+00 7.875913619995117188e+00 3.442610263824462891e+00 2.209075927734375000e+00 3.457601547241210938e+00 4.463178634643554688e+00 2.957144498825073242e+00 4.569829463958740234e+00 3.349090099334716797e+00 4.227082252502441406e+00
3.386820316314697266e+00 3.479273796081542969e+00 5.584519386291503906e+00 2.540042638778686523e+00 2.568390846252441406e+00 7.468975067138671875e+00 2.765534877777099609e+00 5.467103958129882812e+00 6.521433830261230469e+00 4.410110473632812500e+00 4.214775562286376953e+00 6.245371818542480469e+00 3.775436639785766602e+00 3.980281591415405273e+00 6.937361717224121094e+00 6.208661079406738281e+00 2.277611732482910156e+00 9.742771148681640625e+00 6.396283149719238281e+00 4.052273273468017578e+00
6.245944976806640625e+00 3.074932098388671875e+00 6.478923797607421875e+00 5.426684856414794922e+00 4.715758323669433594e+00 5.579885959625244141e+00 2.005380153656005859e+00 6.670692920684814453e+00 4.425541877746582031e+00 4.673776149749755859e+00 6.570687294006347656e+00 2.402528047561645508e+00 5.631612777709960938e+00 4.304912090301513672e+00 2.486389160156250000e+00 8.745553970336914062e+00 3.640439748764038086e+00 6.950146675109863281e+00 6.096801280975341797e+00 4.475344657897949219e+00
9.351333618164062500e+00 3.773767709732055664e+00 8.512148857116699219e+00 5.218863487243652344e+00 6.221502304077148438e+00 3.306369781494140625e+00 3.047564506530761719e+00 5.279129028320312500e+00 3.975231170654296875e+00 3.997886896133422852e+00 2.654702186584472656e+00 2.576850414276123047e+00 6.230702877044677734e+00 8.872046470642089844e+00 5.227786064147949219e+00 6.230470657348632812e+00 1.647218108177185059e+00 4.003400802612304688e+00 8.813091278076171875e+00 9.004203796386718750e+00
8.163619995117187500e+00 3.358851671218872070e+00 4.497702121734619141e+00 3.146028041839599609e+00 8.975036621093750000e+00 3.467288970947265625e+00 2.758687019348144531e+00 2.998304843902587891e+00 2.481192350387573242e+00 5.266916275024414062e+00 3.757564544677734375e+00 2.122225999832153320e+00 6.183475494384765625e+00 4.068604469299316406e+00 3.651419162750244141e+00 3.506093978881835938e+00 4.893176078796386719e+00 3.460746765136718750e+00 4.399335384368896484e+00 3.779320240020751953e+00
4.342009544372558594e+00 5.205130100250244141e+00 4.507236480712890625e+00 6.840788364410400391e+00 8.229475021362304688e+00 2.887642145156860352e+00 4.523152828216552734e+00 4.845299720764160156e+00 5.240102767944335938e+00 5.314564704895019531e+00 3.288834810256958008e+00 2.915895700454711914e+00 3.367186546325683594e+00 4.804777622222900391e+00 6.242684364318847656e+00 3.213362693786621094e+00 3.761919975280761719e+00 2.756006240844726562e+00 2.741495609283447266e+00 2.949853658676147461e+00
6.338060379028320312e+00 4.702353477478027344e+00 4.556753158569335938e+00 2.547007799148559570e+00 3.510286092758178711e+00 3.571860790252685547e+00 3.499359846115112305e+00 2.842308044433593750e+00 4.986871719360351562e+00 7.078289508819580078e+00 4.973825454711914062e+00 8.106618881225585938e+00 6.396377086639404297e+00 3.356566429138183594e+00 3.372981071472167969e+00 2.834786891937255859e+00 8.653550148010253906e+00 4.839922904968261719e+00 4.229063510894775391e+00 3.264009237289428711e+00
2.342749595642089844e+00 3.387976408004760742e+00 4.301339626312255859e+00 3.790117740631103516e+00 2.117371320724487305e+00 1.620610237121582031e+00 2.206237316131591797e+00 2.660267114639282227e+00 4.405297279357910156e+00 2.062007665634155273e+00 3.700753688812255859e+00 6.071294307708740234e+00 4.589896678924560547e+00 7.217453002929687500e+00 3.961838722229003906e+00 2.850873470306396484e+00 3.063925266265869141e+00 7.008018970489501953e+00 4.220092773437500000e+00 3.142921924591064453e+00
2.454200267791748047e+00 2.334547758102416992e+00 3.612228631973266602e+00 3.977802038192749023e+00 3.511197090148925781e+00 2.858114242553710938e+00 4.084719657897949219e+00 3.334521293640136719e+00 1.641061782836914062e+00 3.410942077636718750e+00 3.170018196105957031e+00 3.527048587799072266e+00 5.525180816650390625e+00 3.883622407913208008e+00 2.036435365676879883e+00 6.032688140869140625e+00 3.827180862426757812e+00 3.744152307510375977e+00 2.908542156219482422e+00 3.309610366821289062e+00
3.509553432464599609e+00 3.405585289001464844e+00 2.533530712127685547e+00 2.852835655212402344e+00 3.181756019592285156e+00 2.316621780395507812e+00 2.731120109558105469e+00 3.797460317611694336e+00 3.472769260406494141e+00 3.001007080078125000e+00 4.418750762939453125e+00 2.730653524398803711e+00 3.411239385604858398e+00 3.270324707031250000e+00 3.964798927307128906e+00 3.294967412948608398e+00 3.189558267593383789e+00 3.202548742294311523e+00 6.014228820800781250e+00 3.354142665863037109e+00
3.346590995788574219e+00 2.329345703125000000e+00 3.352836370468139648e+00 3.688737869262695312e+00 1.522583127021789551e+00 3.383436203002929688e+00 4.843111038208007812e+00 3.366158962249755859e+00 3.696871519088745117e+00 3.484155893325805664e+00 1.486739516258239746e+00 3.418724298477172852e+00 2.813967227935791016e+00 3.990104675292968750e+00 3.057100296020507812e+00 3.532156705856323242e+00 2.755504608154296875e+00 3.196096181869506836e+00 2.864226341247558594e+00 2.793439388275146484e+00
2.345580816268920898e+00 3.782689332962036133e+00 3.624903440475463867e+00 3.730368614196777344e+00 3.751507997512817383e+00 3.119507789611816406e+00 3.140996694564819336e+00 4.553311824798583984e+00 3.635222196578979492e+00 4.141105651855468750e+00 3.000510692596435547e+00 3.057454824447631836e+00 3.586840152740478516e+00 1.536078929901123047e+00 4.677306175231933594e+00 4.554504394531250000e+00 2.032797336578369141e+00 3.864092588424682617e+00 4.168352127075195312e+00 5.483074665069580078e+00
5.082348823547363281e+00 3.043529987335205078e+00 3.362704753875732422e+00 4.374096870422363281e+00 3.136619091033935547e+00 2.527740955352783203e+00 3.832249164581298828e+00 2.923691272735595703e+00 3.535980701446533203e+00 3.767507076263427734e+00 3.063362360000610352e+00 3.756384372711181641e+00 3.417958736419677734e+00 2.186077117919921875e+00 3.955834865570068359e+00 4.173447608947753906e+00 3.012322902679443359e+00 2.897987842559814453e+00 2.396551847457885742e+00 4.068428039550781250e+00
3.355661869049072266e+00 3.173592090606689453e+00 4.262784004211425781e+00 4.380472183227539062e+00 9.417556762695312500e+00 4.124875545501708984e+00 4.632740974426269531e+00 2.994829654693603516e+00 4.404912948608398438e+00 3.933196306228637695e+00 4.570964813232421875e+00 2.965174198150634766e+00 4.112239360809326172e+00 2.323050498962402344e+00 3.669834375381469727e+00 3.028939723968505859e+00 4.747900009155273438e+00 2.064302682876586914e+00 4.239960193634033203e+00 6.335411071777343750e+00
2.272209644317626953e+00 4.845411777496337891e+00 2.652479171752929688e+00 4.204969882965087891e+00 4.029777050018310547e+00 2.135909795761108398e+00 4.705173492431640625e+00 3.053229570388793945e+00 5.475871086120605469e+00 4.665361404418945312e+00 6.594655036926269531e+00 3.785373687744140625e+00 4.418168544769287109e+00 4.297038078308105469e+00 4.197585105895996094e+00 3.433332920074462891e+00 4.617155551910400391e+00 4.463245868682861328e+00 3.619656085968017578e+00 3.868582487106323242e+00
3.424143314361572266e+00 3.158881187438964844e+00 2.152147293090820312e+00 2.226972103118896484e+00 5.396058559417724609e+00 3.229038238525390625e+00 4.804987907409667969e+00 2.743801116943359375e+00 5.831532478332519531e+00 6.246468544006347656e+00 4.313243389129638672e+00 6.175942897796630859e+00 4.302485466003417969e+00 2.970343112945556641e+00 4.399816989898681641e+00 3.320556640625000000e+00 3.001482725143432617e+00 3.431445121765136719e+00 5.539857864379882812e+00 2.471885681152343750e+00
4.403483867645263672e+00 6.269508838653564453e+00 4.165009498596191406e+00 4.270265102386474609e+00 6.360836982727050781e+00 3.361023426055908203e+00 2.766911506652832031e+00 3.393964767456054688e+00 6.399178981781005859e+00 4.987176895141601562e+00 6.594032287597656250e+00 7.119301795959472656e+00 3.998984813690185547e+00 2.965519428253173828e+00 4.305768966674804688e+00 4.104355812072753906e+00 4.092014312744140625e+00 5.438968658447265625e+00 5.509392738342285156e+00 3.178126335144042969e+00
