2019-07-24 23:15:00
5.192849159240722656e+00 7.557951450347900391e+00 5.608821868896484375e+00 4.771471977233886719e+00 2.960224628448486328e+00 4.661780834197998047e+00 3.392298460006713867e+00 4.028815746307373047e+00 9.250067710876464844e+00 4.179296016693115234e+00 5.164512634277343750e+00 2.366968631744384766e+00 5.153372764587402344e+00 3.592916965484619141e+00 4.483718395233154297e+00 7.787558555603027344e+00 5.425738334655761719e+00 3.323375940322875977e+00 3.494034290313720703e+00 3.020839214324951172e+00
5.184028625488281250e+00 6.672141075134277344e+00 8.499576568603515625e+00 4.997527122497558594e+00 6.395871162414550781e+00 4.095857143402099609e+00 2.493263959884643555e+00 4.184155464172363281e+00 3.632758378982543945e+00 3.073191404342651367e+00 4.621978282928466797e+00 4.112588882446289062e+00 4.146228313446044922e+00 7.506010055541992188e+00 5.134195804595947266e+00 4.793529033660888672e+00 9.908895492553710938e+00 5.955349922180175781e+00 3.160309314727783203e+00 4.079411029815673828e+00
5.114902019500732422e+00 9.527197837829589844e+00 5.899265766143798828e+00 1.028556537628173828e+01 4.989703655242919922e+00 6.566740512847900391e+00 4.751487255096435547e+00 3.478645324707031250e+00 3.669182300567626953e+00 4.085219383239746094e+00 3.723098278045654297e+00 9.063236236572265625e+00 3.779949188232421875e+00 8.294534683227539062e+00 4.778902053833007812e+00 3.096607208251953125e+00 7.729218959808349609e+00 6.456799507141113281e+00 3.452322483062744141e+00 4.255352497100830078e+00
2.785511732101440430e+00 6.739218711853027344e+00 5.122614860534667969e+00 4.683884620666503906e+00 5.159157276153564453e+00 3.352927923202514648e+00 3.088606357574462891e+00 2.551918268203735352e+00 3.805259227752685547e+00 6.465038299560546875e+00 2.228306770324707031e+00 1.039006900787353516e+01 4.509499073028564453e+00 4.450014114379882812e+00 5.640751838684082031e+00 3.029410839080810547e+00 4.226441860198974609e+00 6.647627830505371094e+00 3.610290050506591797e+00 4.947288513183593750e+00
2.741267204284667969e+00 3.254216670989990234e+00 2.861706495285034180e+00 4.481756210327148438e+00 2.473049640655517578e+00 5.670289993286132812e+00 2.742997646331787109e+00 3.429522037506103516e+00 6.101630210876464844e+00 5.845729827880859375e+00 6.570857048034667969e+00 5.216764450073242188e+00 6.220699310302734375e+00 4.540913105010986328e+00 6.143733501434326172e+00 5.074505329132080078e+00 2.844474315643310547e+00 8.354249954223632812e+00 6.654904365539550781e+00 4.882430553436279297e+00
6.138034343719482422e+00 4.310174942016601562e+00 5.724964141845703125e+00 8.726449012756347656e+00 4.014010429382324219e+00 7.959522247314453125e+00 4.137993335723876953e+00 3.017545700073242188e+00 5.418687820434570312e+00 5.445317268371582031e+00 4.340453624725341797e+00 5.557979106903076172e+00 5.825836181640625000e+00 3.819019794464111328e+00 3.997821331024169922e+00 7.535973072052001953e+00 4.517908096313476562e+00 5.052821636199951172e+00 5.152934074401855469e+00 3.613030433654785156e+00
4.633463859558105469e+00 8.000099182128906250e+00 5.273542881011962891e+00 8.493268966674804688e+00 2.862647533416748047e+00 7.760354518890380859e+00 3.113521099090576172e+00 3.133825778961181641e+00 4.115591049194335938e+00 2.747773647308349609e+00 2.975668907165527344e+00 2.907884120941162109e+00 5.753305435180664062e+00 4.990725517272949219e+00 3.581933736801147461e+00 6.142943859100341797e+00 3.682393550872802734e+00 2.766133785247802734e+00 7.285697937011718750e+00 6.270784378051757812e+00
7.678112030029296875e+00 3.452167510986328125e+00 4.790604114532470703e+00 5.744324207305908203e+00 9.268712997436523438e+00 4.665667533874511719e+00 2.023520946502685547e+00 3.839772224426269531e+00 2.994845390319824219e+00 3.547721862792968750e+00 3.675778865814208984e+00 2.354352235794067383e+00 6.281210899353027344e+00 6.072436332702636719e+00 4.316196441650390625e+00 3.255992412567138672e+00 8.668138504028320312e+00 2.786378383636474609e+00 6.170245647430419922e+00 3.330079793930053711e+00
4.617897033691406250e+00 5.308666229248046875e+00 5.335900306701660156e+00 7.602628707885742188e+00 6.590333461761474609e+00 3.993689060211181641e+00 3.583434104919433594e+00 2.685392379760742188e+00 4.417842864990234375e+00 3.856213569641113281e+00 3.652069807052612305e+00 3.267931461334228516e+00 7.780371665954589844e+00 6.336509704589843750e+00 5.418458938598632812e+00 4.437926292419433594e+00 7.149680614471435547e+00 1.877305984497070312e+00 3.143094062805175781e+00 3.874425888061523438e+00
4.304738044738769531e+00 6.707775115966796875e+00 3.866590738296508789e+00 3.223344326019287109e+00 3.348623752593994141e+00 3.044939041137695312e+00 3.878668785095214844e+00 3.318989276885986328e+00 8.519406318664550781e+00 4.221078872680664062e+00 5.470956802368164062e+00 4.749575614929199219e+00 6.435528755187988281e+00 3.755877971649169922e+00 2.755290508270263672e+00 2.384077787399291992e+00 3.950803279876708984e+00 2.293776035308837891e+00 3.654715538024902344e+00 2.782860755920410156e+00
2.586990118026733398e+00 4.239222049713134766e+00 2.233925104141235352e+00 2.659898996353149414e+00 3.469078063964843750e+00 2.615357875823974609e+00 2.822692155838012695e+00 2.937079906463623047e+00 3.464354991912841797e+00 3.442279338836669922e+00 4.131299018859863281e+00 4.185183525085449219e+00 4.818520069122314453e+00 7.072166442871093750e+00 4.282866477966308594e+00 3.298920154571533203e+00 3.307526588439941406e+00 3.681142330169677734e+00 4.378151893615722656e+00 6.745664596557617188e+00
3.174283027648925781e+00 3.985784769058227539e+00 2.770532608032226562e+00 4.722620010375976562e+00 3.807155847549438477e+00 3.196574449539184570e+00 3.730998992919921875e+00 3.117437362670898438e+00 3.212817192077636719e+00 5.523088455200195312e+00 3.375141620635986328e+00 3.340643882751464844e+00 5.735321998596191406e+00 3.695785522460937500e+00 3.626400947570800781e+00 7.751845359802246094e+00 3.912150859832763672e+00 4.749871253967285156e+00 3.050718307495117188e+00 5.672099113464355469e+00
2.594493627548217773e+00 3.398795127868652344e+00 2.958693027496337891e+00 4.150693893432617188e+00 3.987271308898925781e+00 2.993720769882202148e+00 4.704818725585937500e+00 4.618441581726074219e+00 3.453341960906982422e+00 2.451758384704589844e+00 4.589209556579589844e+00 3.202734231948852539e+00 2.934309482574462891e+00 3.248413562774658203e+00 2.822629213333129883e+00 3.070844173431396484e+00 3.336412429809570312e+00 2.812730312347412109e+00 4.884845733642578125e+00 3.453408718109130859e+00
2.953910827636718750e+00 3.278202772140502930e+00 3.838926792144775391e+00 4.835849761962890625e+00 3.238817453384399414e+00 4.554619312286376953e+00 3.024654150009155273e+00 4.254575252532958984e+00 2.676611661911010742e+00 3.407853126525878906e+00 4.455027580261230469e+00 2.532606601715087891e+00 2.628169298171997070e+00 2.124243736267089844e+00 3.318856477737426758e+00 3.123002767562866211e+00 3.444809436798095703e+00 3.770840167999267578e+00 3.662779331207275391e+00 3.368583679199218750e+00
3.658048868179321289e+00 3.681753635406494141e+00 3.780410051345825195e+00 3.363935947418212891e+00 2.874615192413330078e+00 2.848325729370117188e+00 3.702028036117553711e+00 1.733343362808227539e+00 2.500746250152587891e+00 4.622955799102783203e+00 3.414261579513549805e+00 4.837183952331542969e+00 4.143170356750488281e+00 3.804446220397949219e+00 3.710467815399169922e+00 3.947874784469604492e+00 3.459133863449096680e+00 3.675678730010986328e+00 3.521544218063354492e+00 6.444598197937011719e+00
2.898126602172851562e+00 3.649543046951293945e+00 3.292331695556640625e+00 3.380036830902099609e+00 3.882026672363281250e+00 4.548926830291748047e+00 2.700911283493041992e+00 3.295093536376953125e+00 5.184024810791015625e+00 4.488674163818359375e+00 2.225900173187255859e+00 2.801962852478027344e+00 1.849434614181518555e+00 4.401533126831054688e+00 2.760383605957031250e+00 3.479546546936035156e+00 3.954869747161865234e+00 3.934308052062988281e+00 3.379247188568115234e+00 5.681807518005371094e+00
3.095000982284545898e+00 3.718767166137695312e+00 3.533696174621582031e+00 3.505467891693115234e+00 6.771771430969238281e+00 3.785315513610839844e+00 3.132720947265625000e+00 3.647098064422607422e+00 4.139950752258300781e+00 3.348237037658691406e+00 3.676707983016967773e+00 4.991867065429687500e+00 4.360957622528076172e+00 3.845576286315917969e+00 3.693137884140014648e+00 4.270827770233154297e+00 3.373216152191162109e+00 4.859305381774902344e+00 3.612486362457275391e+00 4.277763366699218750e+00
3.523641109466552734e+00 3.793834209442138672e+00 2.883563995361328125e+00 4.317975997924804688e+00 3.613561153411865234e+00 3.270989656448364258e+00 6.748840808868408203e+00 3.246161937713623047e+00 5.170690059661865234e+00 2.737345933914184570e+00 3.501590251922607422e+00 3.256628990173339844e+00 4.749418258666992188e+00 2.961681365966796875e+00 4.148796081542968750e+00 4.210014343261718750e+00 4.378407478332519531e+00 4.608644485473632812e+00 3.577567338943481445e+00 2.755582094192504883e+00
4.076075553894042969e+00 3.458083152770996094e+00 4.481392860412597656e+00 3.273812532424926758e+00 3.772152423858642578e+00 5.509698390960693359e+00 2.640468597412109375e+00 2.470326662063598633e+00 5.289867877960205078e+00 8.259775161743164062e+00 4.106872558593750000e+00 7.260859012603759766e+00 4.178036689758300781e+00 4.030129432678222656e+00 4.907532691955566406e+00 3.161514759063720703e+00 3.790948390960693359e+00 4.023382186889648438e+00 5.138319015502929688e+00 2.456265211105346680e+00
5.139266014099121094e+00 3.930218696594238281e+00 2.430067539215087891e+00 5.015464305877685547e+00 5.106703281402587891e+00 5.373304367065429688e+00 4.193496227264404297e+00 5.907828330993652344e+00 6.589187622070312500e+00 5.418741226196289062e+00 5.093037605285644531e+00 6.358859062194824219e+00 1.115106391906738281e+01 4.640628814697265625e+00 4.953455924987792969e+00 4.257054328918457031e+00 3.361925601959228516e+00 5.291802883148193359e+00 3.794851779937744141e+00 3.789002895355224609e+00
