2019-07-24 23:30:00
5.936378479003906250e+00 6.152332305908203125e+00 5.313281059265136719e+00 4.368159770965576172e+00 3.292022943496704102e+00 2.309550046920776367e+00 2.136640071868896484e+00 4.919589042663574219e+00 7.355258941650390625e+00 8.254579544067382812e+00 3.630824565887451172e+00 3.726511240005493164e+00 6.928347110748291016e+00 3.700858116149902344e+00 3.690979003906250000e+00 5.894857406616210938e+00 1.255685806274414062e+01 4.042004585266113281e+00 2.687564373016357422e+00 4.019327163696289062e+00
5.034102439880371094e+00 5.999785900115966797e+00 9.060514450073242188e+00 7.858420372009277344e+00 6.683365345001220703e+00 2.562324047088623047e+00 5.492912292480468750e+00 4.507508754730224609e+00 3.724189996719360352e+00 3.535374641418457031e+00 3.323678255081176758e+00 2.646425008773803711e+00 3.034659862518310547e+00 7.817147254943847656e+00 3.768716573715209961e+00 3.242325782775878906e+00 5.304337501525878906e+00 6.313652992248535156e+00 4.682485103607177734e+00 3.088795900344848633e+00
4.244311332702636719e+00 3.772552967071533203e+00 6.781280517578125000e+00 4.284232139587402344e+00 7.620165824890136719e+00 7.830083847045898438e+00 6.029196739196777344e+00 3.228005409240722656e+00 4.231701850891113281e+00 4.251092910766601562e+00 5.018023967742919922e+00 5.770868301391601562e+00 3.215888977050781250e+00 6.630266189575195312e+00 8.259712219238281250e+00 4.618905067443847656e+00 5.132996559143066406e+00 5.993112564086914062e+00 3.174887895584106445e+00 3.777205705642700195e+00
3.056705474853515625e+00 6.860471725463867188e+00 6.327750205993652344e+00 7.466484069824218750e+00 4.145854949951171875e+00 5.515680789947509766e+00 4.685733318328857422e+00 3.392891883850097656e+00 3.422712802886962891e+00 5.546274185180664062e+00 3.295909166336059570e+00 9.638774871826171875e+00 2.993338108062744141e+00 4.029191970825195312e+00 3.721985340118408203e+00 3.369344711303710938e+00 4.238188266754150391e+00 4.559639453887939453e+00 3.744622707366943359e+00 4.359148979187011719e+00
4.262311458587646484e+00 2.116385936737060547e+00 4.116852760314941406e+00 3.134807109832763672e+00 2.870268344879150391e+00 7.039433479309082031e+00 3.200038194656372070e+00 7.117417335510253906e+00 8.784528732299804688e+00 4.250912666320800781e+00 6.577840805053710938e+00 4.530694007873535156e+00 6.301242828369140625e+00 4.673225402832031250e+00 9.418163299560546875e+00 7.381306648254394531e+00 3.888462543487548828e+00 5.251588821411132812e+00 4.820320129394531250e+00 5.117530822753906250e+00
4.678588867187500000e+00 3.743825435638427734e+00 6.946506500244140625e+00 3.251211643218994141e+00 6.260810852050781250e+00 9.360382080078125000e+00 4.215711593627929688e+00 5.125211715698242188e+00 4.714677810668945312e+00 5.680668354034423828e+00 6.495409965515136719e+00 3.867986202239990234e+00 3.759182453155517578e+00 3.536046028137207031e+00 4.933556079864501953e+00 5.856308937072753906e+00 3.733202219009399414e+00 6.079592704772949219e+00 4.195810317993164062e+00 4.003826141357421875e+00
1.038520812988281250e+01 6.272881507873535156e+00 5.339692115783691406e+00 7.273696899414062500e+00 4.805428981781005859e+00 6.608207702636718750e+00 4.585097312927246094e+00 5.081337928771972656e+00 3.586312294006347656e+00 3.144392013549804688e+00 4.452970027923583984e+00 2.939330577850341797e+00 7.584838867187500000e+00 6.799585819244384766e+00 3.762732267379760742e+00 6.997910499572753906e+00 4.156935691833496094e+00 2.869267940521240234e+00 7.204777717590332031e+00 8.052801132202148438e+00
5.211134910583496094e+00 5.112891197204589844e+00 5.779191493988037109e+00 6.758662223815917969e+00 4.792449951171875000e+00 4.556638717651367188e+00 2.863300085067749023e+00 5.572597503662109375e+00 2.812673091888427734e+00 4.491265296936035156e+00 4.225606918334960938e+00 4.094105720520019531e+00 4.174232482910156250e+00 7.436079978942871094e+00 2.838246345520019531e+00 3.366641998291015625e+00 7.045729637145996094e+00 4.490005970001220703e+00 7.937220573425292969e+00 3.869425058364868164e+00
4.186008453369140625e+00 4.240610122680664062e+00 5.458477973937988281e+00 5.299799919128417969e+00 5.260446071624755859e+00 3.405434131622314453e+00 4.432633399963378906e+00 3.947405576705932617e+00 2.522976875305175781e+00 3.597645044326782227e+00 3.407613039016723633e+00 3.863438129425048828e+00 7.117727279663085938e+00 4.645513534545898438e+00 7.487241744995117188e+00 2.831599712371826172e+00 3.573796749114990234e+00 3.319333076477050781e+00 4.300028324127197266e+00 4.350008010864257812e+00
6.264714241027832031e+00 7.498866558074951172e+00 3.571318387985229492e+00 3.987739086151123047e+00 3.557295083999633789e+00 3.526400089263916016e+00 3.526201963424682617e+00 3.760720014572143555e+00 6.189280509948730469e+00 5.040358066558837891e+00 4.224224090576171875e+00 4.406265735626220703e+00 4.424540519714355469e+00 2.953700542449951172e+00 3.044822692871093750e+00 2.947746992111206055e+00 9.528347015380859375e+00 3.003772497177124023e+00 3.689245700836181641e+00 4.044713020324707031e+00
3.151771306991577148e+00 4.829438209533691406e+00 3.814120769500732422e+00 3.005587577819824219e+00 3.119462966918945312e+00 4.095304965972900391e+00 2.391551017761230469e+00 3.701343774795532227e+00 4.071615695953369141e+00 4.163103103637695312e+00 4.266492366790771484e+00 5.499240398406982422e+00 5.579157829284667969e+00 5.921289443969726562e+00 4.329468727111816406e+00 3.305898666381835938e+00 5.119007110595703125e+00 1.127878665924072266e+01 5.228362083435058594e+00 5.403721809387207031e+00
2.389918088912963867e+00 4.294739246368408203e+00 3.760226011276245117e+00 3.899389743804931641e+00 4.605395793914794922e+00 4.377818584442138672e+00 4.674830436706542969e+00 3.206410884857177734e+00 4.245754718780517578e+00 2.686464071273803711e+00 2.403463363647460938e+00 2.540727376937866211e+00 3.820547103881835938e+00 3.887485980987548828e+00 4.457727432250976562e+00 7.703780174255371094e+00 2.799736976623535156e+00 4.472565174102783203e+00 3.363429546356201172e+00 3.473137855529785156e+00
3.700814485549926758e+00 3.414158821105957031e+00 2.617740869522094727e+00 3.535417318344116211e+00 4.039670944213867188e+00 4.662266731262207031e+00 3.091473102569580078e+00 3.918525457382202148e+00 5.294859886169433594e+00 4.639217376708984375e+00 4.547465801239013672e+00 3.679057836532592773e+00 3.675653219223022461e+00 3.129639625549316406e+00 3.108245372772216797e+00 2.795661926269531250e+00 3.717661380767822266e+00 3.608159303665161133e+00 4.567605972290039062e+00 2.458594799041748047e+00
3.586798906326293945e+00 2.597928047180175781e+00 2.254646062850952148e+00 3.847765207290649414e+00 4.319436073303222656e+00 3.739411354064941406e+00 4.121392250061035156e+00 4.773723602294921875e+00 3.248297691345214844e+00 3.279020786285400391e+00 3.702197551727294922e+00 3.577893972396850586e+00 3.297777652740478516e+00 4.170093536376953125e+00 3.886730194091796875e+00 4.126524448394775391e+00 2.229356288909912109e+00 3.205605030059814453e+00 2.711552619934082031e+00 3.254147052764892578e+00
4.415664672851562500e+00 3.357231855392456055e+00 3.579688549041748047e+00 4.200111389160156250e+00 3.162015914916992188e+00 2.014067173004150391e+00 3.305104732513427734e+00 4.143511772155761719e+00 4.541675090789794922e+00 3.007948637008666992e+00 4.625196933746337891e+00 4.307191371917724609e+00 3.807247161865234375e+00 2.760079145431518555e+00 3.387494802474975586e+00 5.206279754638671875e+00 3.328310012817382812e+00 4.040542125701904297e+00 3.463753700256347656e+00 3.704474449157714844e+00
4.130288124084472656e+00 4.035103321075439453e+00 3.063094139099121094e+00 3.743484973907470703e+00 3.583983421325683594e+00 4.038849353790283203e+00 3.712566375732421875e+00 4.213187694549560547e+00 3.203375339508056641e+00 4.158617019653320312e+00 2.269541501998901367e+00 3.110125064849853516e+00 3.182788848876953125e+00 3.396663188934326172e+00 3.306830883026123047e+00 2.415244102478027344e+00 3.148367881774902344e+00 3.717261791229248047e+00 3.852357387542724609e+00 3.870899677276611328e+00
2.556693077087402344e+00 4.245830535888671875e+00 3.618138551712036133e+00 4.383594512939453125e+00 6.224375724792480469e+00 3.457910537719726562e+00 3.113630056381225586e+00 2.781831979751586914e+00 3.356230258941650391e+00 2.579903125762939453e+00 3.677799224853515625e+00 3.129111289978027344e+00 5.088798046112060547e+00 4.619925498962402344e+00 2.607073307037353516e+00 3.426677942276000977e+00 3.635179519653320312e+00 3.416047573089599609e+00 2.659361362457275391e+00 5.483543872833251953e+00
2.928725719451904297e+00 4.700596332550048828e+00 4.313722610473632812e+00 3.305572986602783203e+00 6.529708385467529297e+00 4.005836486816406250e+00 3.495069503784179688e+00 3.770599603652954102e+00 3.847802877426147461e+00 6.091821670532226562e+00 6.391343593597412109e+00 2.864454746246337891e+00 5.966290473937988281e+00 3.600738286972045898e+00 2.071637868881225586e+00 4.114878654479980469e+00 5.463823318481445312e+00 3.082444190979003906e+00 2.910265445709228516e+00 2.971873760223388672e+00
3.361993789672851562e+00 4.177721023559570312e+00 2.583991527557373047e+00 3.185575485229492188e+00 6.378294944763183594e+00 4.803561687469482422e+00 3.516587734222412109e+00 4.100357055664062500e+00 4.925071716308593750e+00 7.387756824493408203e+00 4.886316299438476562e+00 4.413188934326171875e+00 4.109233856201171875e+00 2.853356361389160156e+00 4.994928359985351562e+00 4.205368995666503906e+00 3.179873943328857422e+00 3.078781366348266602e+00 3.260317802429199219e+00 3.785401105880737305e+00
4.475855827331542969e+00 2.648597478866577148e+00 3.692948818206787109e+00 4.423456668853759766e+00 6.713175773620605469e+00 3.265250205993652344e+00 5.207645893096923828e+00 5.116505622863769531e+00 6.702362060546875000e+00 7.249050617218017578e+00 8.694480895996093750e+00 3.958553314208984375e+00 7.185238838195800781e+00 2.400492668151855469e+00 4.963770866394042969e+00 4.087788581848144531e+00 3.780417203903198242e+00 4.719470977783203125e+00 5.720585823059082031e+00 4.373278617858886719e+00
