2019-07-23 00:00:00
9.508726119995117188e+00 6.600656509399414062e+00 6.284864425659179688e+00 8.768146514892578125e+00 1.005484867095947266e+01 7.165442943572998047e+00 6.983361244201660156e+00 3.940576076507568359e+00 6.684333324432373047e+00 6.105894565582275391e+00 6.781822204589843750e+00 4.097330570220947266e+00 7.106827259063720703e+00 6.185915470123291016e+00 5.903440475463867188e+00 8.211769104003906250e+00 5.963176250457763672e+00 4.701134681701660156e+00 5.747115135192871094e+00 2.559220075607299805e+00
9.596359252929687500e+00 9.000877380371093750e+00 8.779031753540039062e+00 6.210699081420898438e+00 7.210232734680175781e+00 5.263836860656738281e+00 5.559612274169921875e+00 6.511837959289550781e+00 4.479254245758056641e+00 5.551115036010742188e+00 4.446287155151367188e+00 6.105416774749755859e+00 6.337514877319335938e+00 6.398201942443847656e+00 6.695838928222656250e+00 8.304596900939941406e+00 8.740402221679687500e+00 7.916137695312500000e+00 6.669120788574218750e+00 3.944208145141601562e+00
5.706370830535888672e+00 1.028698444366455078e+01 1.182040214538574219e+01 8.228982925415039062e+00 6.063280105590820312e+00 5.583282470703125000e+00 8.645095825195312500e+00 5.836576461791992188e+00 5.534119606018066406e+00 4.092465877532958984e+00 8.223874092102050781e+00 8.633386611938476562e+00 5.525696754455566406e+00 4.008170604705810547e+00 3.548012733459472656e+00 5.661588191986083984e+00 6.914793968200683594e+00 9.332256317138671875e+00 7.335492610931396484e+00 4.359045982360839844e+00
6.035102844238281250e+00 8.008726119995117188e+00 8.217334747314453125e+00 7.850419044494628906e+00 6.920750141143798828e+00 3.151991367340087891e+00 3.020712375640869141e+00 4.101705551147460938e+00 4.635492324829101562e+00 8.914980888366699219e+00 1.329057598114013672e+01 8.797825813293457031e+00 4.944640159606933594e+00 4.790488719940185547e+00 6.619170188903808594e+00 6.986114978790283203e+00 4.301917076110839844e+00 8.646036148071289062e+00 2.734455108642578125e+00 5.068699836730957031e+00
7.000724792480468750e+00 4.015911102294921875e+00 5.397102355957031250e+00 3.689841032028198242e+00 4.679166793823242188e+00 7.503386974334716797e+00 6.495119571685791016e+00 9.734776496887207031e+00 7.124404907226562500e+00 8.768118858337402344e+00 6.254541873931884766e+00 3.908243656158447266e+00 8.474942207336425781e+00 4.297812461853027344e+00 6.265500545501708984e+00 5.359145164489746094e+00 6.660604000091552734e+00 7.872709751129150391e+00 6.842500209808349609e+00 5.265585899353027344e+00
4.765882015228271484e+00 8.143781661987304688e+00 7.723239898681640625e+00 3.709184646606445312e+00 1.039327812194824219e+01 1.253037738800048828e+01 6.045273780822753906e+00 1.143588924407958984e+01 5.026988029479980469e+00 4.866443634033203125e+00 7.682627677917480469e+00 3.880177974700927734e+00 6.369327068328857422e+00 5.101361274719238281e+00 4.553949832916259766e+00 8.732421875000000000e+00 7.019032955169677734e+00 3.514097213745117188e+00 6.039485931396484375e+00 3.252111911773681641e+00
6.724813461303710938e+00 8.641247749328613281e+00 1.240478610992431641e+01 9.233757972717285156e+00 8.215891838073730469e+00 1.026395797729492188e+01 7.101765632629394531e+00 6.778395175933837891e+00 6.745999336242675781e+00 8.369896888732910156e+00 6.528294563293457031e+00 5.031293869018554688e+00 5.788185119628906250e+00 7.127970218658447266e+00 4.439319610595703125e+00 8.764543533325195312e+00 6.975848197937011719e+00 4.305617332458496094e+00 9.164395332336425781e+00 1.222648715972900391e+01
5.693435192108154297e+00 5.594733715057373047e+00 5.992900371551513672e+00 9.131374359130859375e+00 6.554550170898437500e+00 9.617307662963867188e+00 8.000360488891601562e+00 6.844435691833496094e+00 5.799252033233642578e+00 5.728945732116699219e+00 6.911666870117187500e+00 6.865007877349853516e+00 8.932314872741699219e+00 7.383376121520996094e+00 4.390242576599121094e+00 4.385577201843261719e+00 3.467080116271972656e+00 8.091249465942382812e+00 5.951057434082031250e+00 7.257350921630859375e+00
8.291506767272949219e+00 8.729568481445312500e+00 1.058998584747314453e+01 7.674092292785644531e+00 1.013175773620605469e+01 8.313207626342773438e+00 5.959931373596191406e+00 5.016674995422363281e+00 6.023745536804199219e+00 4.387135505676269531e+00 6.456027984619140625e+00 7.510209083557128906e+00 1.067860126495361328e+01 8.011228561401367188e+00 6.775448322296142578e+00 3.690142154693603516e+00 7.853074073791503906e+00 8.365169525146484375e+00 4.920148849487304688e+00 7.411612033843994141e+00
4.754547119140625000e+00 5.147161006927490234e+00 6.465768814086914062e+00 7.229937553405761719e+00 8.010975837707519531e+00 8.554973602294921875e+00 7.269947052001953125e+00 4.156696796417236328e+00 5.922285079956054688e+00 1.001206493377685547e+01 5.581247329711914062e+00 5.727432250976562500e+00 1.171862411499023438e+01 4.281569004058837891e+00 7.725487709045410156e+00 4.601428031921386719e+00 6.446228027343750000e+00 4.675664901733398438e+00 6.215243816375732422e+00 5.685848236083984375e+00
1.403339576721191406e+01 4.790798187255859375e+00 8.404933929443359375e+00 9.421513557434082031e+00 1.137489318847656250e+01 9.305494308471679688e+00 8.901138305664062500e+00 8.931142807006835938e+00 4.416559219360351562e+00 6.222939491271972656e+00 5.807289123535156250e+00 8.457712173461914062e+00 3.648653268814086914e+00 6.827769756317138672e+00 5.631196498870849609e+00 4.759377479553222656e+00 3.617384910583496094e+00 8.543599128723144531e+00 9.531223297119140625e+00 6.616105079650878906e+00
6.201471328735351562e+00 6.010719776153564453e+00 4.024708271026611328e+00 4.550230979919433594e+00 7.750884056091308594e+00 5.176356792449951172e+00 7.592486381530761719e+00 9.728547096252441406e+00 7.044451713562011719e+00 9.202385902404785156e+00 3.750491380691528320e+00 1.041851043701171875e+01 8.407912254333496094e+00 7.361690044403076172e+00 7.283877372741699219e+00 8.257637023925781250e+00 5.029726028442382812e+00 5.530671119689941406e+00 8.483330726623535156e+00 8.246063232421875000e+00
8.157677650451660156e+00 8.229938507080078125e+00 8.275541305541992188e+00 8.228572845458984375e+00 1.081528949737548828e+01 8.311607360839843750e+00 6.915448188781738281e+00 5.744379043579101562e+00 8.620422363281250000e+00 5.041561603546142578e+00 8.592267990112304688e+00 6.451756477355957031e+00 4.721776962280273438e+00 9.305967330932617188e+00 4.623290538787841797e+00 5.292558670043945312e+00 6.431645393371582031e+00 6.156511306762695312e+00 8.397964477539062500e+00 6.438553810119628906e+00
8.979177474975585938e+00 5.823039054870605469e+00 1.047191047668457031e+01 1.102485847473144531e+01 8.729644775390625000e+00 8.311632156372070312e+00 6.387507915496826172e+00 8.336970329284667969e+00 7.309149742126464844e+00 6.579603672027587891e+00 6.068448543548583984e+00 9.163021087646484375e+00 3.971428871154785156e+00 9.136430740356445312e+00 6.697374343872070312e+00 5.232469558715820312e+00 6.259112834930419922e+00 5.447521209716796875e+00 7.219283103942871094e+00 7.351587772369384766e+00
6.979850769042968750e+00 8.102246284484863281e+00 7.199040889739990234e+00 5.316823959350585938e+00 8.167753219604492188e+00 7.906138420104980469e+00 5.970360755920410156e+00 5.927233695983886719e+00 4.551574707031250000e+00 9.962039947509765625e+00 7.070457458496093750e+00 1.403194618225097656e+01 6.253258705139160156e+00 5.523497104644775391e+00 7.911389827728271484e+00 4.885025978088378906e+00 1.059501075744628906e+01 7.057796955108642578e+00 7.292660236358642578e+00 5.572299957275390625e+00
6.907550334930419922e+00 4.174929141998291016e+00 5.082920074462890625e+00 7.305151939392089844e+00 7.053010940551757812e+00 6.325355529785156250e+00 5.122018337249755859e+00 1.019099903106689453e+01 8.322613716125488281e+00 5.270969390869140625e+00 9.157307624816894531e+00 8.238121032714843750e+00 1.078805446624755859e+01 8.611183166503906250e+00 6.685474395751953125e+00 7.135962009429931641e+00 5.986635208129882812e+00 7.592883110046386719e+00 7.108160018920898438e+00 8.585283279418945312e+00
5.927646160125732422e+00 5.236086845397949219e+00 7.844595432281494141e+00 8.453044891357421875e+00 4.676174163818359375e+00 5.623456001281738281e+00 3.273571491241455078e+00 6.993395328521728516e+00 9.510923385620117188e+00 5.717684268951416016e+00 4.839126586914062500e+00 8.368340492248535156e+00 6.971099853515625000e+00 5.350525856018066406e+00 6.999502658843994141e+00 8.070941925048828125e+00 5.366439819335937500e+00 5.139465332031250000e+00 7.501036167144775391e+00 6.416224479675292969e+00
8.156065940856933594e+00 5.975968360900878906e+00 6.504484176635742188e+00 6.536543846130371094e+00 6.163175582885742188e+00 1.105243396759033203e+01 6.584116458892822266e+00 7.105201721191406250e+00 7.727760314941406250e+00 6.829834938049316406e+00 4.764593124389648438e+00 5.304935932159423828e+00 8.428554534912109375e+00 5.318852901458740234e+00 5.947114944458007812e+00 6.550847053527832031e+00 4.790641784667968750e+00 4.268748283386230469e+00 9.085851669311523438e+00 6.689669609069824219e+00
5.617444992065429688e+00 7.433611869812011719e+00 5.264618873596191406e+00 7.470411300659179688e+00 6.216011524200439453e+00 9.865863800048828125e+00 6.485589981079101562e+00 8.219573974609375000e+00 5.239971160888671875e+00 6.076536178588867188e+00 5.798737525939941406e+00 8.814810752868652344e+00 7.035795688629150391e+00 8.293908119201660156e+00 6.562419891357421875e+00 5.999259948730468750e+00 5.326675415039062500e+00 7.624485969543457031e+00 7.452645301818847656e+00 6.711620807647705078e+00
7.030102729797363281e+00 6.265871047973632812e+00 5.273898601531982422e+00 9.003974914550781250e+00 8.888351440429687500e+00 5.983490943908691406e+00 5.991041183471679688e+00 7.538135051727294922e+00 8.129199028015136719e+00 7.864341735839843750e+00 4.504110813140869141e+00 1.170757198333740234e+01 7.941864967346191406e+00 7.645340919494628906e+00 7.168785095214843750e+00 7.873917102813720703e+00 6.141439437866210938e+00 8.095040321350097656e+00 6.063345909118652344e+00 5.903939247131347656e+00
