2019-07-23 02:30:00
7.234765529632568359e+00 7.997788429260253906e+00 7.726274490356445312e+00 5.405471801757812500e+00 8.741773605346679688e+00 7.139775276184082031e+00 5.963901519775390625e+00 7.306099891662597656e+00 9.473917007446289062e+00 6.560181140899658203e+00 4.718916416168212891e+00 7.110974311828613281e+00 6.792808532714843750e+00 5.844022750854492188e+00 6.249105453491210938e+00 8.736276626586914062e+00 6.151841163635253906e+00 8.444089889526367188e+00 7.580002784729003906e+00 7.654950618743896484e+00
9.439640045166015625e+00 9.786170959472656250e+00 1.102712631225585938e+01 1.195413494110107422e+01 1.361050224304199219e+01 7.835528850555419922e+00 3.615062475204467773e+00 5.383316040039062500e+00 2.663000583648681641e+00 5.958960533142089844e+00 4.966867446899414062e+00 4.800879955291748047e+00 4.835231781005859375e+00 5.946083068847656250e+00 7.944092750549316406e+00 7.066662788391113281e+00 8.543719291687011719e+00 1.175643157958984375e+01 8.546804428100585938e+00 4.299873828887939453e+00
4.733157157897949219e+00 6.899902820587158203e+00 7.559095382690429688e+00 8.106113433837890625e+00 8.823709487915039062e+00 5.808838844299316406e+00 1.447583103179931641e+01 3.014663696289062500e+00 5.753224372863769531e+00 4.766861438751220703e+00 7.759135723114013672e+00 8.917558670043945312e+00 5.093114852905273438e+00 6.515668869018554688e+00 4.507408142089843750e+00 7.087903022766113281e+00 8.712808609008789062e+00 3.900082588195800781e+00 6.153112411499023438e+00 6.072982788085937500e+00
6.581151962280273438e+00 1.195603179931640625e+01 5.257952690124511719e+00 6.712106704711914062e+00 4.459481239318847656e+00 4.440626144409179688e+00 4.952218532562255859e+00 5.106963157653808594e+00 5.905481338500976562e+00 6.770623207092285156e+00 4.804704666137695312e+00 9.659760475158691406e+00 4.060606479644775391e+00 4.718575477600097656e+00 6.552536964416503906e+00 4.225330352783203125e+00 8.125533103942871094e+00 6.568050384521484375e+00 6.707520484924316406e+00 5.288873195648193359e+00
5.317762851715087891e+00 3.973586320877075195e+00 4.547458171844482422e+00 5.494689941406250000e+00 5.672528743743896484e+00 9.639406204223632812e+00 4.162577629089355469e+00 6.571081161499023438e+00 5.700462818145751953e+00 8.019702911376953125e+00 5.643656253814697266e+00 5.643856525421142578e+00 9.063165664672851562e+00 5.906306266784667969e+00 6.111202716827392578e+00 7.485369682312011719e+00 6.433566093444824219e+00 1.046068096160888672e+01 6.703520774841308594e+00 3.748376846313476562e+00
4.419897079467773438e+00 8.720300674438476562e+00 5.568802356719970703e+00 7.948713302612304688e+00 9.464487075805664062e+00 9.251579284667968750e+00 1.018984985351562500e+01 7.851355552673339844e+00 8.168506622314453125e+00 6.817639827728271484e+00 6.796034812927246094e+00 4.815226078033447266e+00 3.252263069152832031e+00 5.161734104156494141e+00 7.040026187896728516e+00 7.987581729888916016e+00 4.625812053680419922e+00 9.344017028808593750e+00 8.098155975341796875e+00 4.873835086822509766e+00
4.238901615142822266e+00 4.321478843688964844e+00 1.023376369476318359e+01 3.808861494064331055e+00 6.860998630523681641e+00 4.765034675598144531e+00 1.158777618408203125e+01 4.842327117919921875e+00 4.558247566223144531e+00 5.659528255462646484e+00 7.881253242492675781e+00 5.837655067443847656e+00 1.088008689880371094e+01 3.059469699859619141e+00 6.052954673767089844e+00 7.434049606323242188e+00 5.781430721282958984e+00 8.919891357421875000e+00 6.328423500061035156e+00 9.518064498901367188e+00
6.121385574340820312e+00 9.615119934082031250e+00 6.946826457977294922e+00 6.660427093505859375e+00 1.120252513885498047e+01 5.951057910919189453e+00 8.503308296203613281e+00 5.907579421997070312e+00 4.791339397430419922e+00 8.220550537109375000e+00 7.612153053283691406e+00 8.018093109130859375e+00 7.217875957489013672e+00 6.801708221435546875e+00 4.545438766479492188e+00 3.511142730712890625e+00 3.974725008010864258e+00 7.208887577056884766e+00 9.443514823913574219e+00 5.308713912963867188e+00
6.049124717712402344e+00 9.337277412414550781e+00 1.122128868103027344e+01 4.454102039337158203e+00 6.535511016845703125e+00 1.249343490600585938e+01 1.007724571228027344e+01 4.560972213745117188e+00 6.704721450805664062e+00 3.667023658752441406e+00 8.886054039001464844e+00 9.513130187988281250e+00 5.692659854888916016e+00 5.326960563659667969e+00 5.994526863098144531e+00 5.862554550170898438e+00 3.387314558029174805e+00 5.258573532104492188e+00 5.599958419799804688e+00 6.891162872314453125e+00
5.933922290802001953e+00 1.202555465698242188e+01 5.547972202301025391e+00 6.843163490295410156e+00 5.576197147369384766e+00 9.681661605834960938e+00 6.061720848083496094e+00 5.706685066223144531e+00 5.538079261779785156e+00 6.100039482116699219e+00 6.545874118804931641e+00 3.483662366867065430e+00 6.696956634521484375e+00 6.696144580841064453e+00 5.735285282135009766e+00 3.539215326309204102e+00 8.726180076599121094e+00 7.082281112670898438e+00 8.083829879760742188e+00 4.941781044006347656e+00
7.268846035003662109e+00 7.017876625061035156e+00 6.939606189727783203e+00 6.222345829010009766e+00 7.606471061706542969e+00 5.987354278564453125e+00 7.400042057037353516e+00 9.167394638061523438e+00 4.473681926727294922e+00 4.799564361572265625e+00 5.321294307708740234e+00 4.671855926513671875e+00 5.520410537719726562e+00 4.470133781433105469e+00 5.808208465576171875e+00 3.571719646453857422e+00 6.640023708343505859e+00 9.856615066528320312e+00 5.791090011596679688e+00 6.142410278320312500e+00
4.793429374694824219e+00 6.232814788818359375e+00 9.526402473449707031e+00 7.157528877258300781e+00 6.974185466766357422e+00 4.530520439147949219e+00 7.754514694213867188e+00 1.023968887329101562e+01 4.639080524444580078e+00 8.450521469116210938e+00 4.898983001708984375e+00 7.074139118194580078e+00 7.651173591613769531e+00 6.789312362670898438e+00 7.185564041137695312e+00 6.860968112945556641e+00 5.230119228363037109e+00 5.126206398010253906e+00 6.414323329925537109e+00 3.716525077819824219e+00
9.597529411315917969e+00 7.758094310760498047e+00 7.525945186614990234e+00 9.860271453857421875e+00 4.710702896118164062e+00 8.538084983825683594e+00 7.155451774597167969e+00 4.428138256072998047e+00 4.450709819793701172e+00 6.407849311828613281e+00 6.146246910095214844e+00 7.349044322967529297e+00 6.091536998748779297e+00 6.035693645477294922e+00 6.598535537719726562e+00 5.623939514160156250e+00 3.245881557464599609e+00 5.345190048217773438e+00 7.919056415557861328e+00 8.707871437072753906e+00
8.215776443481445312e+00 6.498246192932128906e+00 7.873657703399658203e+00 1.012952804565429688e+01 8.457967758178710938e+00 6.339243412017822266e+00 6.069554805755615234e+00 8.713597297668457031e+00 9.878288269042968750e+00 1.142985534667968750e+01 8.660474777221679688e+00 5.866412162780761719e+00 7.589996337890625000e+00 9.502836227416992188e+00 6.785401344299316406e+00 6.347982406616210938e+00 4.486182212829589844e+00 5.508407115936279297e+00 7.121716499328613281e+00 6.990900039672851562e+00
6.741702079772949219e+00 6.385270118713378906e+00 5.987545013427734375e+00 5.324517726898193359e+00 6.790868759155273438e+00 8.252581596374511719e+00 1.055228805541992188e+01 7.054677009582519531e+00 6.720903873443603516e+00 6.083165168762207031e+00 1.032548046112060547e+01 5.269803524017333984e+00 8.637067794799804688e+00 6.759144783020019531e+00 7.974994182586669922e+00 9.684386253356933594e+00 9.099329948425292969e+00 5.655497550964355469e+00 5.538213729858398438e+00 6.619687557220458984e+00
7.963675975799560547e+00 6.688250541687011719e+00 7.499599933624267578e+00 5.318661689758300781e+00 4.958002567291259766e+00 4.928168296813964844e+00 4.983972549438476562e+00 7.989786148071289062e+00 6.126528739929199219e+00 9.642313003540039062e+00 6.773451328277587891e+00 7.809769630432128906e+00 9.751041412353515625e+00 5.827787399291992188e+00 7.392458915710449219e+00 8.890065193176269531e+00 6.121020317077636719e+00 8.402674674987792969e+00 6.335431098937988281e+00 7.926166534423828125e+00
7.023324489593505859e+00 4.562966346740722656e+00 7.943086147308349609e+00 5.578060150146484375e+00 6.265191078186035156e+00 8.310539245605468750e+00 6.566449165344238281e+00 6.531238555908203125e+00 6.861785888671875000e+00 5.368067264556884766e+00 7.032383918762207031e+00 7.134676933288574219e+00 8.184045791625976562e+00 7.312973022460937500e+00 5.797151088714599609e+00 4.829628944396972656e+00 8.068547248840332031e+00 5.170714378356933594e+00 7.498443603515625000e+00 3.669616222381591797e+00
3.495362520217895508e+00 3.578934192657470703e+00 4.904885768890380859e+00 7.198215484619140625e+00 6.155098915100097656e+00 8.391983985900878906e+00 8.808975219726562500e+00 5.464056968688964844e+00 9.005731582641601562e+00 7.869243144989013672e+00 8.567197799682617188e+00 7.409317970275878906e+00 6.753280162811279297e+00 5.638439178466796875e+00 5.880986213684082031e+00 8.873426437377929688e+00 9.297742843627929688e+00 5.075951576232910156e+00 6.375544548034667969e+00 7.144445896148681641e+00
7.102323055267333984e+00 4.808179855346679688e+00 5.552773475646972656e+00 8.330108642578125000e+00 7.249804019927978516e+00 2.975561141967773438e+00 1.009402275085449219e+01 6.146749019622802734e+00 4.800847053527832031e+00 6.733525276184082031e+00 9.923902511596679688e+00 4.669343948364257812e+00 4.163512229919433594e+00 9.697829246520996094e+00 8.713901519775390625e+00 7.373130321502685547e+00 6.746129035949707031e+00 9.671157836914062500e+00 8.249386787414550781e+00 6.292942523956298828e+00
4.713860034942626953e+00 6.330496788024902344e+00 5.672021865844726562e+00 6.949692726135253906e+00 8.581598281860351562e+00 9.038318634033203125e+00 4.457737922668457031e+00 7.935612678527832031e+00 6.356522083282470703e+00 7.792609214782714844e+00 8.549208641052246094e+00 5.693793296813964844e+00 6.717675685882568359e+00 7.892851829528808594e+00 4.832671165466308594e+00 7.056948661804199219e+00 4.923552513122558594e+00 6.914566040039062500e+00 8.748886108398437500e+00 4.969899654388427734e+00
