2019-07-23 02:45:00
1.172731971740722656e+01 5.642632484436035156e+00 5.739439010620117188e+00 7.063599109649658203e+00 6.407097816467285156e+00 7.400907516479492188e+00 5.880702018737792969e+00 4.926147937774658203e+00 5.262555599212646484e+00 1.153100395202636719e+01 3.844615936279296875e+00 3.308197975158691406e+00 5.855936050415039062e+00 5.824887275695800781e+00 4.320785522460937500e+00 1.136207008361816406e+01 9.265645027160644531e+00 7.933626651763916016e+00 3.869993448257446289e+00 4.190136909484863281e+00
1.169018554687500000e+01 1.333206748962402344e+01 7.654236793518066406e+00 8.854946136474609375e+00 8.631925582885742188e+00 6.033121109008789062e+00 7.103420734405517578e+00 7.317461490631103516e+00 5.001643180847167969e+00 3.906142234802246094e+00 5.022130012512207031e+00 4.521440505981445312e+00 5.052012443542480469e+00 6.549368381500244141e+00 5.586251258850097656e+00 5.867212295532226562e+00 5.298623561859130859e+00 5.737710475921630859e+00 8.810671806335449219e+00 3.634340763092041016e+00
8.356485366821289062e+00 5.159170627593994141e+00 8.775859832763671875e+00 6.230906486511230469e+00 7.736187934875488281e+00 6.650255680084228516e+00 9.296968460083007812e+00 5.194544792175292969e+00 5.181715488433837891e+00 4.081321716308593750e+00 9.189097404479980469e+00 1.020759773254394531e+01 2.913052082061767578e+00 5.392160415649414062e+00 7.099987983703613281e+00 5.854420661926269531e+00 7.173228263854980469e+00 9.867650985717773438e+00 7.881080150604248047e+00 4.603244781494140625e+00
7.448173999786376953e+00 6.475142002105712891e+00 5.968597412109375000e+00 4.676490783691406250e+00 5.352042198181152344e+00 5.265595436096191406e+00 4.674687385559082031e+00 5.434242725372314453e+00 4.090502738952636719e+00 1.027624607086181641e+01 9.560842514038085938e+00 8.425436019897460938e+00 3.535974740982055664e+00 5.535014629364013672e+00 7.758823394775390625e+00 6.908733367919921875e+00 6.703223228454589844e+00 6.650284767150878906e+00 5.510036945343017578e+00 5.822424888610839844e+00
4.375372409820556641e+00 6.348088264465332031e+00 5.846989631652832031e+00 3.946569204330444336e+00 3.624608039855957031e+00 5.696164608001708984e+00 8.761003494262695312e+00 9.721323966979980469e+00 1.408294677734375000e+01 1.104891586303710938e+01 1.143100547790527344e+01 4.517946720123291016e+00 1.077441596984863281e+01 4.991800308227539062e+00 7.161154747009277344e+00 5.379133224487304688e+00 6.343828201293945312e+00 4.537371635437011719e+00 6.141940593719482422e+00 4.233146667480468750e+00
7.541149139404296875e+00 7.786806106567382812e+00 6.641026496887207031e+00 6.425717353820800781e+00 1.129026794433593750e+01 9.011816978454589844e+00 8.613235473632812500e+00 1.278154468536376953e+01 6.354723930358886719e+00 6.795164108276367188e+00 4.633540153503417969e+00 7.026411533355712891e+00 3.746570587158203125e+00 4.255955219268798828e+00 5.234821796417236328e+00 6.187656402587890625e+00 7.386163711547851562e+00 5.720031261444091797e+00 6.068874835968017578e+00 4.993606567382812500e+00
7.924106121063232422e+00 6.521356582641601562e+00 6.665677070617675781e+00 5.544950008392333984e+00 1.093522071838378906e+01 9.443556785583496094e+00 8.344485282897949219e+00 3.378316402435302734e+00 4.954708099365234375e+00 4.547882080078125000e+00 7.388064384460449219e+00 5.154275894165039062e+00 9.510546684265136719e+00 6.552151203155517578e+00 5.087821960449218750e+00 1.065253067016601562e+01 4.538212299346923828e+00 4.930612564086914062e+00 7.281010627746582031e+00 7.418613910675048828e+00
6.821717262268066406e+00 9.744266510009765625e+00 5.223220825195312500e+00 8.187721252441406250e+00 5.432397842407226562e+00 6.252876281738281250e+00 7.132325649261474609e+00 4.797147750854492188e+00 5.255285263061523438e+00 9.501419067382812500e+00 6.026889801025390625e+00 7.139176368713378906e+00 8.940805435180664062e+00 1.031014823913574219e+01 4.688757896423339844e+00 4.190362930297851562e+00 8.703319549560546875e+00 5.917540550231933594e+00 1.085803031921386719e+01 6.217776775360107422e+00
6.789579868316650391e+00 6.735983848571777344e+00 1.029720687866210938e+01 9.550050735473632812e+00 7.621168613433837891e+00 5.718942642211914062e+00 5.256431579589843750e+00 4.305719375610351562e+00 6.364983558654785156e+00 3.339381694793701172e+00 6.854443073272705078e+00 6.516053676605224609e+00 1.538626861572265625e+01 7.327851295471191406e+00 5.605215072631835938e+00 4.590715408325195312e+00 7.613990783691406250e+00 5.088947772979736328e+00 6.663346290588378906e+00 4.448375225067138672e+00
8.877099037170410156e+00 9.370429039001464844e+00 8.198910713195800781e+00 8.687528610229492188e+00 5.759722709655761719e+00 6.313893318176269531e+00 1.099887275695800781e+01 6.747395038604736328e+00 5.913135528564453125e+00 1.043670463562011719e+01 6.184052467346191406e+00 5.387895584106445312e+00 4.283493995666503906e+00 4.670457363128662109e+00 4.680925369262695312e+00 3.976234912872314453e+00 6.158552646636962891e+00 5.009798526763916016e+00 7.322742462158203125e+00 5.694746494293212891e+00
7.878902435302734375e+00 5.475119590759277344e+00 4.898859500885009766e+00 6.850807189941406250e+00 5.114273071289062500e+00 7.054356575012207031e+00 7.144404411315917969e+00 3.953943729400634766e+00 4.840732574462890625e+00 7.201816082000732422e+00 4.218061447143554688e+00 3.153441429138183594e+00 6.148286819458007812e+00 5.574189186096191406e+00 6.421242713928222656e+00 5.425514221191406250e+00 7.138529777526855469e+00 8.786540985107421875e+00 4.243552207946777344e+00 1.169430637359619141e+01
8.691823005676269531e+00 7.947066307067871094e+00 5.293497562408447266e+00 6.052227497100830078e+00 8.423858642578125000e+00 6.128783702850341797e+00 5.395980834960937500e+00 8.594243049621582031e+00 4.610238075256347656e+00 4.646631717681884766e+00 8.210715293884277344e+00 1.055189418792724609e+01 8.160530090332031250e+00 7.274460792541503906e+00 8.222850799560546875e+00 8.624742507934570312e+00 6.285342216491699219e+00 6.085328102111816406e+00 6.045352935791015625e+00 6.349741458892822266e+00
6.475458145141601562e+00 6.639410018920898438e+00 6.257184028625488281e+00 8.847391128540039062e+00 6.608217239379882812e+00 6.923836708068847656e+00 6.415683746337890625e+00 6.610330581665039062e+00 9.483613014221191406e+00 5.817446708679199219e+00 7.225154876708984375e+00 5.751414299011230469e+00 9.824962615966796875e+00 6.509986877441406250e+00 6.958018302917480469e+00 6.662954330444335938e+00 4.070699691772460938e+00 6.020780563354492188e+00 7.088541984558105469e+00 6.550711154937744141e+00
5.878457069396972656e+00 1.031353473663330078e+01 8.855906486511230469e+00 8.523197174072265625e+00 7.196380615234375000e+00 8.636312484741210938e+00 7.323839187622070312e+00 8.576968193054199219e+00 5.159160614013671875e+00 7.554792881011962891e+00 5.898139476776123047e+00 7.049130916595458984e+00 7.053956985473632812e+00 6.333049774169921875e+00 6.949789047241210938e+00 7.794435024261474609e+00 7.160072326660156250e+00 6.010653018951416016e+00 6.143899917602539062e+00 4.512044429779052734e+00
7.770105361938476562e+00 4.604668140411376953e+00 6.041862964630126953e+00 8.422272682189941406e+00 5.081662178039550781e+00 5.253401756286621094e+00 7.728021621704101562e+00 9.718641281127929688e+00 9.712152481079101562e+00 6.607008457183837891e+00 6.514465332031250000e+00 1.108190727233886719e+01 7.935279369354248047e+00 3.900397777557373047e+00 4.406228065490722656e+00 6.932588100433349609e+00 8.764734268188476562e+00 8.240541458129882812e+00 5.006259918212890625e+00 6.856092453002929688e+00
9.692076683044433594e+00 8.085046768188476562e+00 5.428909301757812500e+00 5.877716064453125000e+00 5.300246238708496094e+00 7.274170875549316406e+00 3.645579338073730469e+00 5.279309272766113281e+00 7.713696956634521484e+00 6.751083374023437500e+00 8.217391014099121094e+00 9.622546195983886719e+00 5.867999076843261719e+00 4.607682704925537109e+00 6.869910240173339844e+00 6.390599727630615234e+00 8.720928192138671875e+00 5.956520080566406250e+00 5.431976318359375000e+00 1.558847713470458984e+01
7.204305648803710938e+00 6.574837684631347656e+00 8.259822845458984375e+00 3.090164184570312500e+00 6.871924400329589844e+00 7.975116729736328125e+00 6.615280151367187500e+00 6.189055442810058594e+00 5.872512340545654297e+00 6.272624015808105469e+00 7.212370872497558594e+00 3.777152538299560547e+00 6.640750885009765625e+00 7.836758613586425781e+00 4.821539402008056641e+00 5.814849853515625000e+00 4.963080883026123047e+00 5.873506546020507812e+00 4.489047050476074219e+00 6.892448425292968750e+00
5.380962371826171875e+00 2.713896751403808594e+00 3.274226665496826172e+00 9.115813255310058594e+00 9.319755554199218750e+00 8.742370605468750000e+00 4.762233734130859375e+00 7.878341197967529297e+00 6.357090473175048828e+00 5.860607147216796875e+00 7.809624671936035156e+00 5.698345184326171875e+00 6.688131332397460938e+00 6.519773483276367188e+00 6.323894023895263672e+00 9.764574050903320312e+00 8.091064453125000000e+00 7.669371604919433594e+00 6.129508018493652344e+00 7.669217109680175781e+00
9.888071060180664062e+00 7.023906707763671875e+00 6.287611961364746094e+00 7.357458114624023438e+00 5.340518951416015625e+00 7.170759201049804688e+00 5.263576030731201172e+00 7.079323291778564453e+00 5.911024093627929688e+00 7.383838176727294922e+00 1.133313560485839844e+01 7.774092197418212891e+00 5.757148742675781250e+00 6.693544387817382812e+00 6.444348812103271484e+00 5.065752983093261719e+00 5.015758037567138672e+00 9.452614784240722656e+00 6.965739727020263672e+00 6.191373825073242188e+00
6.394510269165039062e+00 6.794270992279052734e+00 4.435166358947753906e+00 9.186622619628906250e+00 5.960159301757812500e+00 3.607565879821777344e+00 9.823411941528320312e+00 7.646580219268798828e+00 8.665448188781738281e+00 6.465377330780029297e+00 6.124773502349853516e+00 8.676425933837890625e+00 6.109102249145507812e+00 7.586014270782470703e+00 6.976572990417480469e+00 7.227197647094726562e+00 4.359756469726562500e+00 5.419734001159667969e+00 6.628962993621826172e+00 3.915593385696411133e+00
