2019-07-23 03:00:00
6.366698265075683594e+00 6.849053382873535156e+00 9.775780677795410156e+00 7.729579448699951172e+00 6.732020854949951172e+00 6.974519729614257812e+00 5.067781448364257812e+00 4.290290355682373047e+00 1.151536178588867188e+01 7.591638565063476562e+00 6.127474784851074219e+00 4.650274276733398438e+00 7.621076583862304688e+00 5.907697200775146484e+00 6.169359207153320312e+00 1.170882606506347656e+01 8.711107254028320312e+00 5.663459300994873047e+00 8.402985572814941406e+00 7.091719627380371094e+00
1.045643997192382812e+01 1.030025863647460938e+01 7.066980361938476562e+00 7.678529739379882812e+00 1.018221473693847656e+01 5.781636714935302734e+00 5.441140651702880859e+00 4.259136676788330078e+00 4.972469806671142578e+00 4.647023677825927734e+00 5.384206771850585938e+00 6.211721897125244141e+00 4.447422027587890625e+00 4.651217937469482422e+00 7.378113746643066406e+00 5.260448455810546875e+00 9.880330085754394531e+00 6.956651210784912109e+00 9.193136215209960938e+00 3.706542015075683594e+00
9.838260650634765625e+00 6.069629669189453125e+00 4.877399444580078125e+00 7.008621215820312500e+00 8.399653434753417969e+00 5.646606445312500000e+00 1.088064002990722656e+01 5.294685840606689453e+00 5.840815544128417969e+00 7.484011173248291016e+00 8.210062026977539062e+00 6.294893264770507812e+00 4.351000308990478516e+00 5.912711620330810547e+00 5.224790573120117188e+00 7.376257896423339844e+00 6.737444400787353516e+00 4.149040699005126953e+00 5.977589607238769531e+00 6.074372291564941406e+00
6.648543357849121094e+00 9.698667526245117188e+00 9.054388046264648438e+00 8.481924057006835938e+00 5.296419143676757812e+00 3.782017946243286133e+00 2.960299730300903320e+00 3.817202091217041016e+00 6.165426254272460938e+00 7.408291816711425781e+00 9.817993164062500000e+00 9.530784606933593750e+00 4.567640304565429688e+00 4.370308876037597656e+00 6.125679969787597656e+00 3.521001100540161133e+00 4.987819671630859375e+00 5.140509128570556641e+00 7.540617465972900391e+00 5.993723869323730469e+00
3.574944019317626953e+00 4.918382644653320312e+00 5.419621467590332031e+00 5.265861034393310547e+00 3.950463294982910156e+00 7.577316761016845703e+00 7.467689514160156250e+00 8.001032829284667969e+00 4.874319076538085938e+00 6.341544151306152344e+00 1.009342193603515625e+01 8.734043121337890625e+00 1.476795959472656250e+01 4.493885993957519531e+00 6.668834686279296875e+00 7.522065162658691406e+00 7.599665641784667969e+00 8.873165130615234375e+00 7.352902412414550781e+00 3.176398277282714844e+00
4.955724239349365234e+00 4.627433300018310547e+00 7.487655639648437500e+00 3.716909408569335938e+00 6.825081825256347656e+00 1.209362506866455078e+01 7.051227569580078125e+00 7.015745162963867188e+00 6.734135150909423828e+00 6.638109207153320312e+00 5.017776489257812500e+00 8.507927894592285156e+00 6.666810989379882812e+00 4.904764175415039062e+00 4.733532428741455078e+00 8.057069778442382812e+00 6.272271156311035156e+00 7.096278190612792969e+00 6.387028217315673828e+00 4.125054359436035156e+00
5.648922920227050781e+00 6.415740966796875000e+00 7.831311702728271484e+00 9.199802398681640625e+00 1.553986930847167969e+01 9.764418601989746094e+00 9.796379089355468750e+00 7.820508956909179688e+00 5.327928066253662109e+00 5.391206741333007812e+00 7.793446540832519531e+00 6.219418525695800781e+00 8.302510261535644531e+00 7.721575736999511719e+00 5.288124084472656250e+00 7.677107810974121094e+00 7.239815711975097656e+00 5.755124568939208984e+00 6.931806087493896484e+00 9.044473648071289062e+00
1.164885234832763672e+01 5.255945205688476562e+00 7.036129951477050781e+00 6.478319168090820312e+00 7.313822746276855469e+00 8.138263702392578125e+00 7.334252834320068359e+00 5.329590797424316406e+00 7.170958518981933594e+00 6.198243141174316406e+00 1.033674430847167969e+01 5.385181427001953125e+00 9.527906417846679688e+00 8.216344833374023438e+00 5.341327667236328125e+00 4.405074596405029297e+00 7.349423408508300781e+00 6.966058254241943359e+00 9.742595672607421875e+00 4.639829635620117188e+00
4.867455482482910156e+00 8.519630432128906250e+00 8.302257537841796875e+00 5.516913414001464844e+00 7.902422904968261719e+00 7.155512809753417969e+00 6.692241668701171875e+00 4.974941730499267578e+00 6.053184032440185547e+00 3.280916690826416016e+00 9.697206497192382812e+00 9.646103858947753906e+00 7.562420845031738281e+00 3.939784526824951172e+00 6.658843994140625000e+00 6.384128570556640625e+00 3.647534847259521484e+00 6.953620910644531250e+00 5.829090118408203125e+00 4.221665382385253906e+00
9.185472488403320312e+00 8.099635124206542969e+00 4.690896511077880859e+00 5.719552993774414062e+00 8.204785346984863281e+00 9.477624893188476562e+00 7.453502655029296875e+00 4.108800411224365234e+00 6.476275444030761719e+00 6.036609649658203125e+00 5.197518348693847656e+00 4.660791397094726562e+00 6.240388870239257812e+00 4.994148254394531250e+00 6.234743118286132812e+00 3.331493854522705078e+00 1.054312705993652344e+01 5.188365459442138672e+00 8.372069358825683594e+00 3.980279922485351562e+00
9.360107421875000000e+00 5.639780044555664062e+00 6.864172935485839844e+00 7.419214248657226562e+00 9.370958328247070312e+00 8.787086486816406250e+00 9.619312286376953125e+00 8.841499328613281250e+00 5.946332931518554688e+00 5.811870098114013672e+00 4.851403236389160156e+00 5.029365539550781250e+00 3.976257801055908203e+00 6.036641120910644531e+00 4.387799739837646484e+00 5.692864418029785156e+00 5.396785736083984375e+00 7.331502914428710938e+00 7.501518726348876953e+00 6.120071887969970703e+00
1.131263732910156250e+01 5.226094245910644531e+00 4.562888145446777344e+00 8.166782379150390625e+00 5.689222335815429688e+00 6.608402252197265625e+00 6.444262981414794922e+00 7.595471382141113281e+00 6.568724632263183594e+00 1.010606193542480469e+01 7.339946746826171875e+00 7.038616180419921875e+00 8.091312408447265625e+00 7.274946212768554688e+00 6.091450214385986328e+00 6.859093189239501953e+00 4.127144813537597656e+00 3.848325252532958984e+00 6.591190338134765625e+00 6.602079868316650391e+00
5.914778709411621094e+00 6.508931636810302734e+00 6.670128822326660156e+00 9.151143074035644531e+00 7.647263526916503906e+00 4.481451988220214844e+00 7.598130226135253906e+00 6.116059303283691406e+00 6.767673015594482422e+00 8.009610176086425781e+00 1.319356536865234375e+01 8.627571105957031250e+00 5.939860343933105469e+00 6.723562240600585938e+00 7.442757606506347656e+00 5.326575279235839844e+00 5.459764480590820312e+00 4.704567432403564453e+00 1.087349700927734375e+01 4.435883522033691406e+00
7.708220958709716797e+00 7.665705680847167969e+00 8.885682106018066406e+00 6.852968692779541016e+00 4.585603713989257812e+00 1.176876831054687500e+01 7.877601623535156250e+00 7.522257804870605469e+00 9.008240699768066406e+00 8.888284683227539062e+00 8.330820083618164062e+00 7.245400428771972656e+00 9.619893074035644531e+00 5.901226043701171875e+00 6.607098579406738281e+00 7.279139518737792969e+00 5.747463703155517578e+00 6.626079559326171875e+00 7.786461830139160156e+00 5.765386581420898438e+00
6.966642379760742188e+00 5.225051403045654297e+00 6.913455486297607422e+00 6.254603862762451172e+00 7.957998275756835938e+00 6.650509834289550781e+00 8.148927688598632812e+00 4.209366321563720703e+00 9.251774787902832031e+00 1.039368343353271484e+01 7.304061412811279297e+00 5.762374877929687500e+00 7.373178005218505859e+00 9.834897994995117188e+00 8.198280334472656250e+00 7.846108913421630859e+00 4.378583908081054688e+00 6.925651550292968750e+00 7.117251396179199219e+00 3.960508108139038086e+00
7.488995075225830078e+00 6.443737030029296875e+00 1.021511459350585938e+01 6.259565830230712891e+00 6.521922588348388672e+00 3.952781915664672852e+00 5.338531494140625000e+00 7.013482093811035156e+00 8.196166038513183594e+00 8.533433914184570312e+00 9.006766319274902344e+00 7.694741725921630859e+00 7.244145393371582031e+00 9.291423797607421875e+00 7.492233276367187500e+00 8.393123626708984375e+00 6.542730808258056641e+00 7.238245010375976562e+00 4.975475311279296875e+00 7.876289844512939453e+00
6.843511581420898438e+00 6.575356960296630859e+00 8.101064682006835938e+00 9.043721199035644531e+00 1.197662448883056641e+01 6.366705417633056641e+00 5.726563453674316406e+00 4.717545509338378906e+00 6.448061943054199219e+00 7.080539703369140625e+00 4.736063003540039062e+00 7.201208114624023438e+00 5.609779834747314453e+00 6.521242618560791016e+00 6.310024261474609375e+00 4.929763317108154297e+00 6.458613395690917969e+00 4.536824226379394531e+00 3.857148170471191406e+00 4.203396320343017578e+00
8.170610427856445312e+00 4.576062202453613281e+00 5.441089630126953125e+00 1.175989341735839844e+01 8.491296768188476562e+00 7.140494823455810547e+00 8.803375244140625000e+00 6.404793739318847656e+00 1.000882720947265625e+01 6.698034286499023438e+00 7.101603507995605469e+00 8.169734001159667969e+00 5.772219657897949219e+00 9.004199981689453125e+00 5.972590446472167969e+00 6.647100448608398438e+00 7.714188575744628906e+00 6.634150028228759766e+00 6.742130756378173828e+00 4.582525253295898438e+00
7.470945358276367188e+00 7.012270927429199219e+00 5.296117782592773438e+00 7.556706428527832031e+00 1.074850463867187500e+01 9.867217063903808594e+00 7.773901939392089844e+00 6.342760086059570312e+00 9.823320388793945312e+00 9.134176254272460938e+00 9.091308593750000000e+00 6.689050197601318359e+00 6.618288993835449219e+00 8.046545028686523438e+00 7.595232963562011719e+00 6.834342956542968750e+00 7.724864959716796875e+00 8.137769699096679688e+00 6.603424072265625000e+00 6.115694046020507812e+00
7.315147399902343750e+00 8.102444648742675781e+00 5.606778144836425781e+00 5.886958122253417969e+00 7.303691864013671875e+00 8.347054481506347656e+00 5.326249599456787109e+00 5.339766025543212891e+00 7.804735660552978516e+00 9.984257698059082031e+00 6.526782035827636719e+00 1.007816600799560547e+01 9.436612129211425781e+00 7.929213523864746094e+00 6.933464050292968750e+00 5.836675167083740234e+00 5.719142913818359375e+00 6.777348041534423828e+00 6.338286399841308594e+00 6.489412307739257812e+00
