2019-07-23 03:15:00
4.824465274810791016e+00 4.661122322082519531e+00 5.784761428833007812e+00 1.221259784698486328e+01 8.864919662475585938e+00 6.226945877075195312e+00 5.712331771850585938e+00 5.473178386688232422e+00 7.102889537811279297e+00 6.561157226562500000e+00 5.986865997314453125e+00 5.675508499145507812e+00 8.229830741882324219e+00 6.564628124237060547e+00 7.838609218597412109e+00 1.692858886718750000e+01 6.020230293273925781e+00 4.803336143493652344e+00 4.433835506439208984e+00 6.899888992309570312e+00
9.577099800109863281e+00 6.625459194183349609e+00 7.298573493957519531e+00 1.106337165832519531e+01 1.239022064208984375e+01 8.445314407348632812e+00 7.301599502563476562e+00 4.434931755065917969e+00 4.323060035705566406e+00 5.625486850738525391e+00 6.608910083770751953e+00 3.310788154602050781e+00 4.612159729003906250e+00 5.457906723022460938e+00 9.995802879333496094e+00 4.196955204010009766e+00 5.435174942016601562e+00 1.018203163146972656e+01 6.464915275573730469e+00 6.984201431274414062e+00
6.786639213562011719e+00 7.475872039794921875e+00 1.039763545989990234e+01 9.398095130920410156e+00 1.095682525634765625e+01 1.009279823303222656e+01 5.251893043518066406e+00 5.785791397094726562e+00 5.347679138183593750e+00 6.047078132629394531e+00 7.599661350250244141e+00 1.112574768066406250e+01 4.289616584777832031e+00 5.120947837829589844e+00 4.169077873229980469e+00 7.827467441558837891e+00 1.050335025787353516e+01 6.155757904052734375e+00 5.936692237854003906e+00 6.076889991760253906e+00
8.013708114624023438e+00 1.306369972229003906e+01 6.832961082458496094e+00 6.554525375366210938e+00 7.059713363647460938e+00 5.168885707855224609e+00 5.343050003051757812e+00 5.837028980255126953e+00 2.919074058532714844e+00 7.711772918701171875e+00 5.046072006225585938e+00 1.254595184326171875e+01 5.189998626708984375e+00 6.184726238250732422e+00 6.664581298828125000e+00 7.385417938232421875e+00 8.161860466003417969e+00 7.141770839691162109e+00 5.728658676147460938e+00 4.445547103881835938e+00
4.398561954498291016e+00 5.138004302978515625e+00 4.345939636230468750e+00 5.519633293151855469e+00 5.233695507049560547e+00 6.267827510833740234e+00 9.321718215942382812e+00 8.194271087646484375e+00 1.361872673034667969e+01 9.033903121948242188e+00 1.310320663452148438e+01 5.285205364227294922e+00 1.464613056182861328e+01 6.299290657043457031e+00 6.348820209503173828e+00 7.922088623046875000e+00 7.108152866363525391e+00 1.081195831298828125e+01 6.057750701904296875e+00 4.934088706970214844e+00
8.492348670959472656e+00 9.531583786010742188e+00 1.311854553222656250e+01 1.021264839172363281e+01 6.450192451477050781e+00 6.011037349700927734e+00 8.370927810668945312e+00 1.085610961914062500e+01 6.852908611297607422e+00 5.418647766113281250e+00 8.930736541748046875e+00 1.104504203796386719e+01 7.451300621032714844e+00 5.387845039367675781e+00 6.898705482482910156e+00 7.698428153991699219e+00 5.879083633422851562e+00 6.993462562561035156e+00 8.343444824218750000e+00 3.316652774810791016e+00
7.723509788513183594e+00 1.065394973754882812e+01 7.990068435668945312e+00 6.321045875549316406e+00 8.917867660522460938e+00 1.216648292541503906e+01 1.033527469635009766e+01 7.454107284545898438e+00 4.726513385772705078e+00 7.758041381835937500e+00 8.396350860595703125e+00 7.385750293731689453e+00 1.043313503265380859e+01 6.779114723205566406e+00 6.506725311279296875e+00 5.877636909484863281e+00 7.723544120788574219e+00 4.749265670776367188e+00 6.693367958068847656e+00 9.046798706054687500e+00
1.021621322631835938e+01 9.040643692016601562e+00 8.048015594482421875e+00 6.699318885803222656e+00 9.524954795837402344e+00 7.552586555480957031e+00 6.099507331848144531e+00 4.574700355529785156e+00 7.995423793792724609e+00 6.703824996948242188e+00 7.676327705383300781e+00 7.621345996856689453e+00 6.973999023437500000e+00 1.067404270172119141e+01 8.423688888549804688e+00 6.616448402404785156e+00 8.858488082885742188e+00 8.926965713500976562e+00 7.446034908294677734e+00 4.099337577819824219e+00
6.894742965698242188e+00 6.493250846862792969e+00 9.149024963378906250e+00 8.202341079711914062e+00 8.890376091003417969e+00 7.353672027587890625e+00 8.281372070312500000e+00 7.044399261474609375e+00 5.938158988952636719e+00 3.676538944244384766e+00 7.705151081085205078e+00 7.111865043640136719e+00 1.017769908905029297e+01 6.271249771118164062e+00 4.847079753875732422e+00 7.737693786621093750e+00 1.013488483428955078e+01 9.166496276855468750e+00 4.365549087524414062e+00 6.930480957031250000e+00
7.362617492675781250e+00 8.933563232421875000e+00 7.551655769348144531e+00 6.400235652923583984e+00 7.816061019897460938e+00 8.576046943664550781e+00 8.853942871093750000e+00 6.609149932861328125e+00 4.668160915374755859e+00 8.892172813415527344e+00 9.413127899169921875e+00 5.057650566101074219e+00 7.785660743713378906e+00 6.813113689422607422e+00 8.437008857727050781e+00 4.698177814483642578e+00 4.740913867950439453e+00 4.174259662628173828e+00 7.623900413513183594e+00 6.581260681152343750e+00
1.196187019348144531e+01 4.433303356170654297e+00 8.887496948242187500e+00 8.677356719970703125e+00 7.223870277404785156e+00 8.380682945251464844e+00 1.025562381744384766e+01 6.381887912750244141e+00 6.914432525634765625e+00 8.466220855712890625e+00 7.334921836853027344e+00 2.692285060882568359e+00 7.732639312744140625e+00 6.227777004241943359e+00 7.349179267883300781e+00 2.985012531280517578e+00 6.215177059173583984e+00 6.014694690704345703e+00 3.565783500671386719e+00 6.667228698730468750e+00
8.730137825012207031e+00 6.238037109375000000e+00 7.623629093170166016e+00 8.075876235961914062e+00 1.245804977416992188e+01 6.424377441406250000e+00 7.019764423370361328e+00 9.042762756347656250e+00 6.031986713409423828e+00 7.299490928649902344e+00 7.910080909729003906e+00 7.361798286437988281e+00 8.992004394531250000e+00 4.251556873321533203e+00 7.666249275207519531e+00 6.643105506896972656e+00 6.270440578460693359e+00 7.229598999023437500e+00 6.178685188293457031e+00 6.054701805114746094e+00
9.429443359375000000e+00 1.041641044616699219e+01 9.564462661743164062e+00 6.949059486389160156e+00 1.043314647674560547e+01 8.464533805847167969e+00 6.588726520538330078e+00 8.592009544372558594e+00 6.896105766296386719e+00 1.012053108215332031e+01 5.946157932281494141e+00 8.300728797912597656e+00 1.072919082641601562e+01 1.039393234252929688e+01 6.945443153381347656e+00 7.979455947875976562e+00 5.681513786315917969e+00 5.672436714172363281e+00 4.337165355682373047e+00 7.967108726501464844e+00
1.167209339141845703e+01 7.256941795349121094e+00 8.376323699951171875e+00 1.221179580688476562e+01 8.395385742187500000e+00 1.063540363311767578e+01 8.755155563354492188e+00 4.854261398315429688e+00 1.042449283599853516e+01 9.851896286010742188e+00 1.035507774353027344e+01 8.078701972961425781e+00 8.923282623291015625e+00 7.349376678466796875e+00 7.698255538940429688e+00 5.910979270935058594e+00 8.812932014465332031e+00 6.917853355407714844e+00 7.580594062805175781e+00 4.105690956115722656e+00
7.589112281799316406e+00 4.810765743255615234e+00 8.511291503906250000e+00 1.136756896972656250e+01 7.653553962707519531e+00 9.431253433227539062e+00 5.260676383972167969e+00 6.843788146972656250e+00 1.068173694610595703e+01 4.980523109436035156e+00 1.006290721893310547e+01 1.172348022460937500e+01 1.127574539184570312e+01 7.657166481018066406e+00 6.380682945251464844e+00 6.702569961547851562e+00 6.445424079895019531e+00 6.282954216003417969e+00 8.346498489379882812e+00 5.377821445465087891e+00
9.529673576354980469e+00 4.388722896575927734e+00 7.333239078521728516e+00 7.063636779785156250e+00 4.632729530334472656e+00 6.844167709350585938e+00 6.444441795349121094e+00 1.317924785614013672e+01 1.178114509582519531e+01 8.499399185180664062e+00 8.209232330322265625e+00 8.503456115722656250e+00 5.495149612426757812e+00 5.462672233581542969e+00 4.333829879760742188e+00 8.192058563232421875e+00 6.512447357177734375e+00 7.439477443695068359e+00 8.673282623291015625e+00 8.553634643554687500e+00
6.268823623657226562e+00 4.935129165649414062e+00 7.177927017211914062e+00 5.906975269317626953e+00 9.757522583007812500e+00 5.738278388977050781e+00 8.453741073608398438e+00 4.410739898681640625e+00 6.615495681762695312e+00 5.959669589996337891e+00 7.287120819091796875e+00 9.763942718505859375e+00 6.262298107147216797e+00 8.565916061401367188e+00 6.726032733917236328e+00 5.661767005920410156e+00 3.318416118621826172e+00 3.860174417495727539e+00 6.735496520996093750e+00 8.748186111450195312e+00
6.289651393890380859e+00 4.399442672729492188e+00 3.833197116851806641e+00 8.497520446777343750e+00 8.837367057800292969e+00 7.800123214721679688e+00 6.563403129577636719e+00 7.685895919799804688e+00 8.991252899169921875e+00 6.717527389526367188e+00 8.173363685607910156e+00 5.463142871856689453e+00 8.428869247436523438e+00 9.812304496765136719e+00 4.901167392730712891e+00 7.382557868957519531e+00 7.494054794311523438e+00 8.900221824645996094e+00 8.159370422363281250e+00 9.325605392456054688e+00
8.045766830444335938e+00 7.160511970520019531e+00 5.874137878417968750e+00 5.873191833496093750e+00 7.000381946563720703e+00 7.656981468200683594e+00 5.161628723144531250e+00 6.442344665527343750e+00 8.837979316711425781e+00 7.017162799835205078e+00 1.035724639892578125e+01 5.824774742126464844e+00 7.341083526611328125e+00 1.059964179992675781e+01 6.092028141021728516e+00 5.895691871643066406e+00 6.770528793334960938e+00 6.771562099456787109e+00 6.885551452636718750e+00 7.387907028198242188e+00
6.205436706542968750e+00 5.075367927551269531e+00 4.267587661743164062e+00 7.607025146484375000e+00 8.228311538696289062e+00 1.076139450073242188e+01 6.802191734313964844e+00 7.467543125152587891e+00 6.950151443481445312e+00 8.843185424804687500e+00 4.184366226196289062e+00 8.097320556640625000e+00 5.718754291534423828e+00 5.335550308227539062e+00 9.052745819091796875e+00 5.349059104919433594e+00 7.734185218811035156e+00 5.444823741912841797e+00 8.267526626586914062e+00 5.623443126678466797e+00
