2019-07-23 03:30:00
8.944843292236328125e+00 3.483291149139404297e+00 8.344836235046386719e+00 6.581424713134765625e+00 8.089777946472167969e+00 1.152601623535156250e+01 5.483194351196289062e+00 3.862177610397338867e+00 8.149860382080078125e+00 7.732271194458007812e+00 3.993877887725830078e+00 6.480536937713623047e+00 4.920196533203125000e+00 6.802968978881835938e+00 6.595605850219726562e+00 8.558803558349609375e+00 6.824158668518066406e+00 5.466436862945556641e+00 5.641942024230957031e+00 6.750348091125488281e+00
1.069908905029296875e+01 1.008819293975830078e+01 9.606826782226562500e+00 1.224485111236572266e+01 8.754377365112304688e+00 1.229698562622070312e+01 4.040199279785156250e+00 5.034402847290039062e+00 6.546763896942138672e+00 5.502883434295654297e+00 3.754851341247558594e+00 6.467716217041015625e+00 4.321908950805664062e+00 6.542245864868164062e+00 6.497451782226562500e+00 6.624073505401611328e+00 9.773369789123535156e+00 7.479721069335937500e+00 8.395000457763671875e+00 4.138832092285156250e+00
9.339021682739257812e+00 8.650209426879882812e+00 6.757846355438232422e+00 5.998675346374511719e+00 7.348463058471679688e+00 1.029897308349609375e+01 5.359135627746582031e+00 6.498254776000976562e+00 5.589838981628417969e+00 5.497282981872558594e+00 1.463922023773193359e+01 6.973462104797363281e+00 6.016149997711181641e+00 8.264255523681640625e+00 4.410510063171386719e+00 3.834082603454589844e+00 7.259621620178222656e+00 5.993492603302001953e+00 5.970176219940185547e+00 4.007949352264404297e+00
8.714014053344726562e+00 1.255245018005371094e+01 8.334136009216308594e+00 6.380067825317382812e+00 7.612010478973388672e+00 5.127186298370361328e+00 5.115011215209960938e+00 5.348018646240234375e+00 6.287678718566894531e+00 9.083692550659179688e+00 7.501823425292968750e+00 7.761264324188232422e+00 3.310917615890502930e+00 7.857163429260253906e+00 1.186016464233398438e+01 7.564773559570312500e+00 5.632198333740234375e+00 8.418547630310058594e+00 8.166744232177734375e+00 4.621182918548583984e+00
6.287007331848144531e+00 4.427194595336914062e+00 5.428129196166992188e+00 6.483178138732910156e+00 5.287467956542968750e+00 5.907770156860351562e+00 8.055415153503417969e+00 7.863442420959472656e+00 1.108119583129882812e+01 6.808156013488769531e+00 5.946682929992675781e+00 4.367908477783203125e+00 8.291572570800781250e+00 4.346652984619140625e+00 4.959511756896972656e+00 6.280335903167724609e+00 5.959390163421630859e+00 5.767630577087402344e+00 1.045530700683593750e+01 4.881044864654541016e+00
4.628252029418945312e+00 8.637000083923339844e+00 9.332452774047851562e+00 7.414031028747558594e+00 1.043278694152832031e+01 8.067176818847656250e+00 4.650841712951660156e+00 6.637565612792968750e+00 6.980647087097167969e+00 7.692212581634521484e+00 3.808700084686279297e+00 5.667663574218750000e+00 5.666072845458984375e+00 4.283925056457519531e+00 5.452455997467041016e+00 1.211691093444824219e+01 7.295278072357177734e+00 6.087187767028808594e+00 8.924217224121093750e+00 4.829453468322753906e+00
8.039568901062011719e+00 6.081080436706542969e+00 6.769108295440673828e+00 7.374096870422363281e+00 8.019240379333496094e+00 1.152946090698242188e+01 8.925701141357421875e+00 4.746755123138427734e+00 6.446519851684570312e+00 7.193949699401855469e+00 8.834487915039062500e+00 7.350161552429199219e+00 6.094918251037597656e+00 9.109477996826171875e+00 5.195082187652587891e+00 6.840070724487304688e+00 7.139618873596191406e+00 6.742175102233886719e+00 7.716456890106201172e+00 8.309796333312988281e+00
3.734806060791015625e+00 1.113740158081054688e+01 6.967163562774658203e+00 9.081546783447265625e+00 7.846439361572265625e+00 1.140371227264404297e+01 8.293084144592285156e+00 7.508380889892578125e+00 6.188473701477050781e+00 8.227744102478027344e+00 8.578334808349609375e+00 9.163852691650390625e+00 9.677939414978027344e+00 7.147382736206054688e+00 7.527742862701416016e+00 6.832680702209472656e+00 8.259015083312988281e+00 6.491378784179687500e+00 9.921681404113769531e+00 5.977123737335205078e+00
7.225985050201416016e+00 6.984657287597656250e+00 6.920070171356201172e+00 1.310026931762695312e+01 9.893506050109863281e+00 9.347639083862304688e+00 8.435726165771484375e+00 5.900351047515869141e+00 6.298879623413085938e+00 3.210908412933349609e+00 1.181604576110839844e+01 9.650789260864257812e+00 1.010328960418701172e+01 5.804570674896240234e+00 6.303399085998535156e+00 6.274997711181640625e+00 8.180595397949218750e+00 7.861438751220703125e+00 7.121256351470947266e+00 9.829784393310546875e+00
8.064958572387695312e+00 7.866152763366699219e+00 8.292705535888671875e+00 1.166596794128417969e+01 7.894986152648925781e+00 6.717625617980957031e+00 7.080047607421875000e+00 7.144987106323242188e+00 1.063285636901855469e+01 6.471031665802001953e+00 3.585482597351074219e+00 8.621082305908203125e+00 1.006409549713134766e+01 4.906430244445800781e+00 7.605374336242675781e+00 5.855390548706054688e+00 7.368232727050781250e+00 7.646880149841308594e+00 7.188354492187500000e+00 9.585029602050781250e+00
8.525569915771484375e+00 7.511264324188232422e+00 6.865822792053222656e+00 7.579818248748779297e+00 7.358197689056396484e+00 4.759202003479003906e+00 1.136164665222167969e+01 7.434019088745117188e+00 8.817080497741699219e+00 7.123394966125488281e+00 7.950462818145751953e+00 4.970989227294921875e+00 7.748252868652343750e+00 6.787107467651367188e+00 8.680947303771972656e+00 5.879387378692626953e+00 4.051072120666503906e+00 1.235540485382080078e+01 8.598865509033203125e+00 7.953203678131103516e+00
6.966940402984619141e+00 1.090895652770996094e+01 5.161074161529541016e+00 1.015037727355957031e+01 8.165626525878906250e+00 9.569122314453125000e+00 6.424094676971435547e+00 1.070458793640136719e+01 7.369610786437988281e+00 4.935536384582519531e+00 7.390134811401367188e+00 7.840805530548095703e+00 1.134458160400390625e+01 9.186981201171875000e+00 7.044424057006835938e+00 8.300149917602539062e+00 5.430325984954833984e+00 4.031573295593261719e+00 1.214859867095947266e+01 8.362654685974121094e+00
6.043625831604003906e+00 7.166981697082519531e+00 6.697633743286132812e+00 8.878610610961914062e+00 6.750052928924560547e+00 8.696203231811523438e+00 7.377277374267578125e+00 1.036003875732421875e+01 8.505408287048339844e+00 8.734949111938476562e+00 8.964456558227539062e+00 6.154459476470947266e+00 6.800223350524902344e+00 6.818227291107177734e+00 6.714367866516113281e+00 4.884921073913574219e+00 5.613507747650146484e+00 4.209734916687011719e+00 7.402083873748779297e+00 9.123827934265136719e+00
5.078406810760498047e+00 8.973350524902343750e+00 6.488559722900390625e+00 8.052131652832031250e+00 7.388612747192382812e+00 5.233593940734863281e+00 6.470582962036132812e+00 1.154045486450195312e+01 8.821110725402832031e+00 9.525674819946289062e+00 5.218084335327148438e+00 7.961172580718994141e+00 1.037791824340820312e+01 7.969450950622558594e+00 8.003049850463867188e+00 9.368204116821289062e+00 1.121345233917236328e+01 7.391866207122802734e+00 9.950921058654785156e+00 5.722542762756347656e+00
8.480749130249023438e+00 7.328268527984619141e+00 5.355490684509277344e+00 6.189019203186035156e+00 5.632523059844970703e+00 8.105777740478515625e+00 9.215957641601562500e+00 7.210431575775146484e+00 7.137820243835449219e+00 7.471098899841308594e+00 6.202599525451660156e+00 5.585436820983886719e+00 6.474355697631835938e+00 7.673563957214355469e+00 8.313826560974121094e+00 6.751219272613525391e+00 8.557781219482421875e+00 6.980027198791503906e+00 9.885210037231445312e+00 6.814807891845703125e+00
1.189130878448486328e+01 8.075638771057128906e+00 6.037840843200683594e+00 1.033569431304931641e+01 8.159473419189453125e+00 5.042817115783691406e+00 4.756141185760498047e+00 8.136410713195800781e+00 6.757639408111572266e+00 1.053729438781738281e+01 8.884984970092773438e+00 9.675116539001464844e+00 8.543034553527832031e+00 6.122312545776367188e+00 7.887115955352783203e+00 7.876499652862548828e+00 7.993025779724121094e+00 1.147646141052246094e+01 7.782621383666992188e+00 6.986634254455566406e+00
5.469704627990722656e+00 8.182558059692382812e+00 6.820057868957519531e+00 5.552965641021728516e+00 9.364334106445312500e+00 5.265099525451660156e+00 5.965735912322998047e+00 8.132920265197753906e+00 7.652248382568359375e+00 7.332715034484863281e+00 8.242945671081542969e+00 1.328359794616699219e+01 9.049072265625000000e+00 1.125453281402587891e+01 7.618976116180419922e+00 4.667591571807861328e+00 3.705486297607421875e+00 6.419262886047363281e+00 3.994586944580078125e+00 9.532654762268066406e+00
5.457715034484863281e+00 5.701415538787841797e+00 6.348535537719726562e+00 6.785996437072753906e+00 1.005261993408203125e+01 8.605272293090820312e+00 7.562261581420898438e+00 9.029475212097167969e+00 4.944683074951171875e+00 8.596809387207031250e+00 5.578717231750488281e+00 6.158620834350585938e+00 7.081417560577392578e+00 1.239749908447265625e+01 7.683874130249023438e+00 8.999135971069335938e+00 9.750047683715820312e+00 7.806074619293212891e+00 9.898639678955078125e+00 7.071762084960937500e+00
6.657753944396972656e+00 7.396834373474121094e+00 6.102692604064941406e+00 4.098616600036621094e+00 1.168797683715820312e+01 4.688388824462890625e+00 5.731329917907714844e+00 5.834738731384277344e+00 6.826977729797363281e+00 9.099264144897460938e+00 7.304109573364257812e+00 7.362094879150390625e+00 1.100395870208740234e+01 7.328774452209472656e+00 7.477697849273681641e+00 6.323326110839843750e+00 8.054229736328125000e+00 7.899048805236816406e+00 7.731748580932617188e+00 6.565936088562011719e+00
7.773386001586914062e+00 5.646614074707031250e+00 6.682682037353515625e+00 6.816995620727539062e+00 6.335942268371582031e+00 9.641752243041992188e+00 9.086908340454101562e+00 9.024616241455078125e+00 6.004074573516845703e+00 6.796036720275878906e+00 1.263846397399902344e+01 9.186352729797363281e+00 7.005774974822998047e+00 8.605030059814453125e+00 8.042160034179687500e+00 6.228489398956298828e+00 8.777818679809570312e+00 7.539400577545166016e+00 6.769610404968261719e+00 4.933229446411132812e+00
