2019-07-23 04:00:00
6.101688385009765625e+00 6.137887954711914062e+00 1.388761138916015625e+01 6.357227325439453125e+00 6.023622512817382812e+00 8.784986495971679688e+00 5.966933727264404297e+00 4.259963989257812500e+00 6.029754638671875000e+00 9.664084434509277344e+00 6.107937812805175781e+00 5.797365188598632812e+00 8.052598953247070312e+00 3.379706382751464844e+00 6.838273525238037109e+00 9.493434906005859375e+00 1.006034660339355469e+01 6.736428737640380859e+00 5.999568939208984375e+00 5.287230491638183594e+00
8.614910125732421875e+00 1.079252815246582031e+01 9.997501373291015625e+00 7.830267906188964844e+00 9.012063026428222656e+00 6.905856132507324219e+00 5.257606983184814453e+00 3.606932640075683594e+00 6.675098896026611328e+00 3.373654365539550781e+00 4.913935661315917969e+00 3.705025672912597656e+00 4.600647926330566406e+00 5.662559509277343750e+00 5.718970298767089844e+00 4.522461891174316406e+00 6.110694885253906250e+00 4.170399665832519531e+00 7.750428199768066406e+00 5.353299140930175781e+00
7.730999946594238281e+00 4.615841388702392578e+00 5.017093658447265625e+00 6.415017604827880859e+00 8.165504455566406250e+00 8.868050575256347656e+00 1.022823143005371094e+01 4.977637290954589844e+00 4.071134567260742188e+00 4.418713569641113281e+00 8.749081611633300781e+00 8.706800460815429688e+00 6.822553634643554688e+00 4.429101943969726562e+00 4.265991210937500000e+00 4.088163375854492188e+00 1.017972469329833984e+01 6.386798858642578125e+00 4.606622219085693359e+00 4.063338756561279297e+00
4.940491676330566406e+00 8.272020339965820312e+00 7.609799385070800781e+00 8.898246765136718750e+00 4.331740379333496094e+00 3.692364692687988281e+00 4.079536437988281250e+00 4.962048053741455078e+00 6.075811386108398438e+00 9.959295272827148438e+00 5.371137619018554688e+00 7.701999664306640625e+00 6.797089576721191406e+00 4.855733871459960938e+00 9.645507812500000000e+00 7.642247200012207031e+00 8.932504653930664062e+00 6.829853534698486328e+00 7.065791606903076172e+00 4.309316158294677734e+00
5.870575428009033203e+00 5.396305084228515625e+00 4.728186607360839844e+00 4.893707752227783203e+00 4.325826644897460938e+00 1.107821846008300781e+01 7.239685058593750000e+00 7.722726345062255859e+00 8.663937568664550781e+00 5.817930221557617188e+00 7.388046264648437500e+00 5.174606323242187500e+00 7.746273040771484375e+00 5.346248149871826172e+00 5.610795021057128906e+00 5.527065277099609375e+00 6.657840728759765625e+00 8.143684387207031250e+00 7.314713478088378906e+00 5.960721969604492188e+00
5.632056713104248047e+00 8.336650848388671875e+00 1.180854225158691406e+01 6.991013526916503906e+00 9.349431991577148438e+00 7.768433094024658203e+00 5.376739501953125000e+00 3.992999315261840820e+00 4.796375274658203125e+00 5.623786449432373047e+00 5.339652538299560547e+00 6.947290897369384766e+00 5.881876945495605469e+00 6.312965393066406250e+00 5.151570796966552734e+00 3.414245605468750000e+00 7.449521064758300781e+00 8.208942413330078125e+00 9.775678634643554688e+00 3.738988876342773438e+00
1.015515899658203125e+01 5.107518672943115234e+00 8.882155418395996094e+00 9.298143386840820312e+00 3.449109077453613281e+00 9.304968833923339844e+00 8.360380172729492188e+00 1.103362560272216797e+01 5.001199722290039062e+00 5.942284107208251953e+00 6.177320480346679688e+00 5.310334205627441406e+00 5.374723434448242188e+00 8.677700042724609375e+00 5.621939659118652344e+00 8.013778686523437500e+00 8.079923629760742188e+00 5.724205017089843750e+00 4.800503730773925781e+00 3.824714183807373047e+00
6.901936531066894531e+00 8.754419326782226562e+00 8.532469749450683594e+00 9.672258377075195312e+00 5.246196269989013672e+00 9.570594787597656250e+00 6.044183731079101562e+00 5.819133281707763672e+00 5.756254196166992188e+00 8.387445449829101562e+00 5.419477462768554688e+00 1.182327270507812500e+01 7.793440818786621094e+00 1.134434795379638672e+01 5.554790019989013672e+00 4.990091323852539062e+00 7.145938873291015625e+00 5.726984977722167969e+00 8.782430648803710938e+00 8.373356819152832031e+00
7.798353195190429688e+00 3.905779361724853516e+00 7.054449558258056641e+00 7.976743221282958984e+00 9.156810760498046875e+00 6.809634208679199219e+00 9.753253936767578125e+00 6.726316928863525391e+00 5.007668495178222656e+00 2.793223619461059570e+00 1.027652740478515625e+01 1.171734809875488281e+01 6.606547355651855469e+00 6.055712699890136719e+00 8.165737152099609375e+00 4.338158607482910156e+00 5.302891254425048828e+00 5.911368370056152344e+00 6.339749336242675781e+00 5.514857769012451172e+00
7.703551769256591797e+00 1.296825790405273438e+01 7.021354675292968750e+00 7.745547294616699219e+00 5.339364051818847656e+00 8.127191543579101562e+00 6.284659862518310547e+00 5.317709922790527344e+00 5.953503608703613281e+00 9.525622367858886719e+00 5.247484207153320312e+00 4.667830944061279297e+00 5.278570652008056641e+00 4.390017509460449219e+00 5.237945079803466797e+00 5.607224464416503906e+00 5.839345932006835938e+00 7.328282356262207031e+00 4.372086048126220703e+00 6.165543079376220703e+00
6.884179115295410156e+00 3.745171546936035156e+00 6.544340133666992188e+00 6.200107097625732422e+00 9.626585006713867188e+00 7.802275657653808594e+00 5.332859039306640625e+00 6.811588764190673828e+00 4.231091499328613281e+00 6.169341564178466797e+00 6.941573143005371094e+00 5.329070568084716797e+00 7.026255607604980469e+00 4.809287071228027344e+00 4.017463684082031250e+00 3.891601085662841797e+00 3.381933689117431641e+00 1.326351928710937500e+01 5.381975650787353516e+00 8.307089805603027344e+00
7.833437919616699219e+00 1.123536872863769531e+01 8.730297088623046875e+00 4.607433319091796875e+00 1.031695938110351562e+01 7.574428081512451172e+00 7.188386917114257812e+00 7.186323642730712891e+00 5.200595855712890625e+00 8.391678810119628906e+00 8.369169235229492188e+00 3.579318523406982422e+00 7.775918006896972656e+00 7.168136596679687500e+00 6.351061820983886719e+00 6.565113544464111328e+00 4.176266193389892578e+00 6.939499855041503906e+00 6.676815986633300781e+00 6.319924831390380859e+00
1.047580528259277344e+01 6.368565082550048828e+00 8.152752876281738281e+00 8.829195022583007812e+00 1.094784164428710938e+01 6.949588298797607422e+00 6.280240058898925781e+00 7.091875553131103516e+00 7.513850688934326172e+00 5.771124839782714844e+00 7.942607879638671875e+00 7.536723136901855469e+00 6.668066978454589844e+00 8.837111473083496094e+00 6.820387840270996094e+00 4.776475906372070312e+00 3.972246885299682617e+00 4.529315471649169922e+00 8.211244583129882812e+00 6.776530742645263672e+00
6.347889900207519531e+00 6.357873439788818359e+00 7.916886329650878906e+00 7.409275054931640625e+00 5.301511764526367188e+00 5.075051307678222656e+00 4.030589103698730469e+00 6.908694267272949219e+00 8.849764823913574219e+00 8.512445449829101562e+00 6.434058189392089844e+00 5.844486713409423828e+00 8.582557678222656250e+00 8.218420028686523438e+00 7.724003314971923828e+00 5.935460090637207031e+00 7.974553108215332031e+00 5.588856697082519531e+00 8.388628005981445312e+00 6.554322719573974609e+00
5.517265319824218750e+00 4.150439262390136719e+00 3.989496469497680664e+00 5.756915092468261719e+00 6.315795898437500000e+00 5.658833503723144531e+00 1.144975471496582031e+01 8.814488410949707031e+00 3.107515811920166016e+00 5.699182510375976562e+00 6.563140869140625000e+00 9.128725051879882812e+00 6.494522094726562500e+00 7.782953739166259766e+00 1.001879882812500000e+01 5.279424190521240234e+00 9.254760742187500000e+00 8.124053955078125000e+00 7.879299163818359375e+00 4.266134262084960938e+00
5.594605922698974609e+00 5.901057243347167969e+00 5.919377326965332031e+00 5.823698043823242188e+00 6.899776935577392578e+00 8.169624328613281250e+00 5.898077011108398438e+00 8.948785781860351562e+00 1.027737808227539062e+01 6.086110115051269531e+00 9.079889297485351562e+00 5.086444377899169922e+00 8.669157028198242188e+00 5.529747962951660156e+00 3.661252498626708984e+00 3.692628383636474609e+00 4.724262237548828125e+00 4.413570404052734375e+00 3.528458118438720703e+00 9.428145408630371094e+00
4.953438282012939453e+00 5.554055690765380859e+00 8.413089752197265625e+00 6.371047496795654297e+00 1.177541923522949219e+01 7.404018402099609375e+00 7.252918720245361328e+00 9.243973731994628906e+00 4.109806060791015625e+00 6.359024524688720703e+00 8.438345909118652344e+00 7.964301109313964844e+00 6.763216972351074219e+00 8.608473777770996094e+00 5.827527046203613281e+00 5.264420509338378906e+00 4.184074878692626953e+00 7.449545383453369141e+00 6.144731521606445312e+00 5.529014587402343750e+00
5.092170238494873047e+00 4.172405242919921875e+00 5.817427635192871094e+00 8.471952438354492188e+00 8.786354064941406250e+00 1.034122467041015625e+01 5.801814079284667969e+00 5.052693843841552734e+00 7.852150440216064453e+00 8.472654342651367188e+00 6.237291336059570312e+00 5.437227249145507812e+00 4.330833911895751953e+00 8.137790679931640625e+00 4.900465011596679688e+00 6.254868507385253906e+00 5.673575878143310547e+00 6.180483818054199219e+00 7.255947113037109375e+00 5.437137603759765625e+00
1.000361251831054688e+01 6.611248016357421875e+00 5.573761463165283203e+00 5.698289871215820312e+00 5.289848327636718750e+00 3.566074848175048828e+00 7.510682582855224609e+00 8.940898895263671875e+00 9.608161926269531250e+00 6.593289852142333984e+00 9.586490631103515625e+00 1.214281272888183594e+01 5.162971973419189453e+00 7.806215286254882812e+00 6.909914493560791016e+00 8.920094490051269531e+00 6.013259410858154297e+00 5.460304260253906250e+00 6.830089569091796875e+00 5.746920585632324219e+00
9.417324066162109375e+00 9.536364555358886719e+00 4.385082244873046875e+00 8.166153907775878906e+00 6.704878807067871094e+00 8.020712852478027344e+00 7.992500305175781250e+00 7.200753211975097656e+00 7.867845058441162109e+00 7.193955898284912109e+00 1.147524929046630859e+01 9.177211761474609375e+00 6.335632324218750000e+00 5.197815418243408203e+00 8.294250488281250000e+00 7.024338722229003906e+00 5.128310203552246094e+00 7.486019134521484375e+00 6.894358634948730469e+00 5.222487449645996094e+00
