2019-07-23 04:30:00
6.363857269287109375e+00 8.015946388244628906e+00 1.111252498626708984e+01 1.177589225769042969e+01 8.005079269409179688e+00 6.538365364074707031e+00 6.769134044647216797e+00 4.345046520233154297e+00 6.121200561523437500e+00 9.457161903381347656e+00 9.133553504943847656e+00 7.694218635559082031e+00 1.020807552337646484e+01 9.121477127075195312e+00 6.840176105499267578e+00 1.263707828521728516e+01 6.918877601623535156e+00 6.931288242340087891e+00 8.142065048217773438e+00 7.052889823913574219e+00
5.134140968322753906e+00 9.770139694213867188e+00 6.900786399841308594e+00 1.043708419799804688e+01 9.585849761962890625e+00 9.022500038146972656e+00 6.000129222869873047e+00 5.873376369476318359e+00 5.773954868316650391e+00 4.940375328063964844e+00 4.180410385131835938e+00 6.020324707031250000e+00 4.799993991851806641e+00 6.250351905822753906e+00 4.083504676818847656e+00 5.374210357666015625e+00 7.117413520812988281e+00 6.109992027282714844e+00 6.511445045471191406e+00 4.159471511840820312e+00
7.674455642700195312e+00 9.980022430419921875e+00 7.294671535491943359e+00 8.545705795288085938e+00 1.199308872222900391e+01 6.399669647216796875e+00 1.510109710693359375e+01 5.896888732910156250e+00 6.675694465637207031e+00 5.347308158874511719e+00 9.449363708496093750e+00 8.693716049194335938e+00 6.862356185913085938e+00 8.502970695495605469e+00 6.962009429931640625e+00 9.238025665283203125e+00 1.254481887817382812e+01 6.269618034362792969e+00 5.229771137237548828e+00 5.391831874847412109e+00
5.838244438171386719e+00 9.721406936645507812e+00 6.676295280456542969e+00 1.138377189636230469e+01 4.164053916931152344e+00 5.290215492248535156e+00 5.357650756835937500e+00 8.310947418212890625e+00 4.924522399902343750e+00 1.007332420349121094e+01 1.408664321899414062e+01 6.369451522827148438e+00 5.943443775177001953e+00 5.552773475646972656e+00 6.570515632629394531e+00 6.499295234680175781e+00 2.327560186386108398e+00 7.324384212493896484e+00 5.201771259307861328e+00 3.747140884399414062e+00
5.609668254852294922e+00 5.509785175323486328e+00 7.240738868713378906e+00 3.836656570434570312e+00 3.502966403961181641e+00 6.764616012573242188e+00 9.019648551940917969e+00 8.353791236877441406e+00 8.696581840515136719e+00 5.041912555694580078e+00 7.750744819641113281e+00 5.474641799926757812e+00 8.738017082214355469e+00 5.964975833892822266e+00 5.703887462615966797e+00 9.292798995971679688e+00 4.269537925720214844e+00 8.001083374023437500e+00 6.838866233825683594e+00 4.409429550170898438e+00
5.040295124053955078e+00 9.646139144897460938e+00 1.101501750946044922e+01 8.130730628967285156e+00 1.144493103027343750e+01 1.288694763183593750e+01 1.177822208404541016e+01 7.083849430084228516e+00 1.404364776611328125e+01 5.243747234344482422e+00 5.026433944702148438e+00 5.875827312469482422e+00 2.837939262390136719e+00 8.077208518981933594e+00 4.451321125030517578e+00 9.923276901245117188e+00 7.949695587158203125e+00 1.065909194946289062e+01 7.950192451477050781e+00 5.217549324035644531e+00
7.273598194122314453e+00 9.360743522644042969e+00 5.179785728454589844e+00 6.573246955871582031e+00 4.157934188842773438e+00 4.597431659698486328e+00 8.686840057373046875e+00 6.328686714172363281e+00 6.242223739624023438e+00 4.806003570556640625e+00 7.625879287719726562e+00 4.852202415466308594e+00 9.350632667541503906e+00 6.546555519104003906e+00 5.762773513793945312e+00 2.894570827484130859e+00 7.924606800079345703e+00 6.038899421691894531e+00 6.583387374877929688e+00 1.148750972747802734e+01
1.065672492980957031e+01 9.288420677185058594e+00 5.669338226318359375e+00 6.676316738128662109e+00 8.817847251892089844e+00 7.727922916412353516e+00 7.580993652343750000e+00 7.332069873809814453e+00 6.871358871459960938e+00 7.133090496063232422e+00 1.048228073120117188e+01 9.465451240539550781e+00 6.802040576934814453e+00 9.941987991333007812e+00 5.315947055816650391e+00 4.185986995697021484e+00 3.737190008163452148e+00 5.520025730133056641e+00 4.405984878540039062e+00 6.362033367156982422e+00
7.816012382507324219e+00 7.181366920471191406e+00 9.943230628967285156e+00 7.170686721801757812e+00 7.519853591918945312e+00 9.007457733154296875e+00 1.037730407714843750e+01 4.195696830749511719e+00 8.795843124389648438e+00 2.690207958221435547e+00 9.033666610717773438e+00 5.657732009887695312e+00 9.823056221008300781e+00 7.276564598083496094e+00 7.774324417114257812e+00 7.846910476684570312e+00 6.124202728271484375e+00 7.955853462219238281e+00 4.881539821624755859e+00 9.629918098449707031e+00
9.771905899047851562e+00 1.155482578277587891e+01 6.526218414306640625e+00 9.982343673706054688e+00 9.412648200988769531e+00 9.472683906555175781e+00 7.476588726043701172e+00 5.595808506011962891e+00 7.031758308410644531e+00 1.251872348785400391e+01 6.094765663146972656e+00 5.746133804321289062e+00 6.854860305786132812e+00 4.870509147644042969e+00 9.296844482421875000e+00 2.605943202972412109e+00 6.733104228973388672e+00 8.916151046752929688e+00 8.552455902099609375e+00 8.704158782958984375e+00
7.356644630432128906e+00 8.247765541076660156e+00 7.583745002746582031e+00 8.401798248291015625e+00 7.982789993286132812e+00 9.802299499511718750e+00 6.638452529907226562e+00 1.108142089843750000e+01 7.225915908813476562e+00 4.878338813781738281e+00 6.378429412841796875e+00 5.546494483947753906e+00 6.157147884368896484e+00 5.946188926696777344e+00 6.490343570709228516e+00 5.477495193481445312e+00 2.679414510726928711e+00 6.418400764465332031e+00 6.368991851806640625e+00 5.666344165802001953e+00
6.648739814758300781e+00 1.065609741210937500e+01 7.326491832733154297e+00 8.632241249084472656e+00 1.206553554534912109e+01 6.745558261871337891e+00 8.684643745422363281e+00 7.897679328918457031e+00 6.449631690979003906e+00 8.121646881103515625e+00 5.820001602172851562e+00 7.560216903686523438e+00 1.126563453674316406e+01 9.223688125610351562e+00 6.785897254943847656e+00 6.546619892120361328e+00 5.972245216369628906e+00 4.635861396789550781e+00 6.833640098571777344e+00 8.734156608581542969e+00
1.080037784576416016e+01 6.858787059783935547e+00 8.574729919433593750e+00 6.315002441406250000e+00 8.610815048217773438e+00 4.522650718688964844e+00 8.953768730163574219e+00 8.524888038635253906e+00 8.687960624694824219e+00 8.345220565795898438e+00 6.081052780151367188e+00 1.005368423461914062e+01 4.494558334350585938e+00 7.354898452758789062e+00 1.141540908813476562e+01 6.264482975006103516e+00 6.743769168853759766e+00 6.281758308410644531e+00 9.073948860168457031e+00 7.948440074920654297e+00
6.649979591369628906e+00 9.095820426940917969e+00 7.553911209106445312e+00 8.420437812805175781e+00 8.622297286987304688e+00 5.823474884033203125e+00 6.944298744201660156e+00 9.960688591003417969e+00 9.770831108093261719e+00 7.121638298034667969e+00 6.822525024414062500e+00 1.185070610046386719e+01 6.727248191833496094e+00 5.763935089111328125e+00 1.060190963745117188e+01 4.786046504974365234e+00 7.690400600433349609e+00 3.753598213195800781e+00 1.011695003509521484e+01 5.687108993530273438e+00
5.564221382141113281e+00 7.188805580139160156e+00 6.335446357727050781e+00 7.670966148376464844e+00 7.296022415161132812e+00 6.964822292327880859e+00 1.333239364624023438e+01 8.664222717285156250e+00 1.047809791564941406e+01 1.029458999633789062e+01 8.261728286743164062e+00 9.892645835876464844e+00 9.364645004272460938e+00 7.418852806091308594e+00 7.813191413879394531e+00 9.183727264404296875e+00 1.041730117797851562e+01 6.199289798736572266e+00 5.384165287017822266e+00 7.829362869262695312e+00
7.891996383666992188e+00 7.090801715850830078e+00 7.858793258666992188e+00 6.782496452331542969e+00 8.872312545776367188e+00 1.230472087860107422e+01 7.104367733001708984e+00 7.501934051513671875e+00 9.599056243896484375e+00 9.150598526000976562e+00 8.585340499877929688e+00 1.024120903015136719e+01 1.037677764892578125e+01 1.000490760803222656e+01 7.621384143829345703e+00 8.483581542968750000e+00 8.661187171936035156e+00 1.049654674530029297e+01 8.226570129394531250e+00 7.162917137145996094e+00
7.426844596862792969e+00 5.732641220092773438e+00 5.568840503692626953e+00 7.956634998321533203e+00 1.052676010131835938e+01 6.592716217041015625e+00 9.574046134948730469e+00 4.957541465759277344e+00 8.015073776245117188e+00 6.341626167297363281e+00 6.931284427642822266e+00 1.065936565399169922e+01 8.301172256469726562e+00 6.257003784179687500e+00 5.812455177307128906e+00 8.153180122375488281e+00 6.735116958618164062e+00 5.466023921966552734e+00 7.039052009582519531e+00 5.786520957946777344e+00
6.892334938049316406e+00 3.632372617721557617e+00 7.604014396667480469e+00 7.922176361083984375e+00 7.114639759063720703e+00 4.268130302429199219e+00 6.529467582702636719e+00 5.661933898925781250e+00 5.094312667846679688e+00 7.189929008483886719e+00 7.671894550323486328e+00 6.852149963378906250e+00 4.693260192871093750e+00 6.861493110656738281e+00 8.774041175842285156e+00 9.446189880371093750e+00 7.012759208679199219e+00 6.578881263732910156e+00 7.304899215698242188e+00 6.525861740112304688e+00
5.474169731140136719e+00 9.022130966186523438e+00 9.149790763854980469e+00 1.055690193176269531e+01 6.050184726715087891e+00 1.095950412750244141e+01 7.852376461029052734e+00 4.861311435699462891e+00 7.268387317657470703e+00 1.044925212860107422e+01 9.371703147888183594e+00 5.205211639404296875e+00 6.423912048339843750e+00 4.659921646118164062e+00 1.114745903015136719e+01 9.465542793273925781e+00 5.920647144317626953e+00 8.452149391174316406e+00 6.601547241210937500e+00 6.881452083587646484e+00
6.875608444213867188e+00 7.426392078399658203e+00 4.861807823181152344e+00 8.440938949584960938e+00 7.812838077545166016e+00 9.047935485839843750e+00 8.285603523254394531e+00 5.975283622741699219e+00 7.205802440643310547e+00 5.898055076599121094e+00 8.583048820495605469e+00 1.212230587005615234e+01 6.024883270263671875e+00 7.022332191467285156e+00 1.185642242431640625e+01 9.573471069335937500e+00 6.656678199768066406e+00 5.079130172729492188e+00 4.726268768310546875e+00 6.087860107421875000e+00
