2019-07-23 04:45:00
6.930264472961425781e+00 5.807193756103515625e+00 1.316114234924316406e+01 8.112574577331542969e+00 6.801938056945800781e+00 9.301860809326171875e+00 3.387673377990722656e+00 4.556259155273437500e+00 4.781108379364013672e+00 9.752389907836914062e+00 6.323413372039794922e+00 7.135746479034423828e+00 6.608196258544921875e+00 5.396948337554931641e+00 6.402009963989257812e+00 5.693913936614990234e+00 6.645689964294433594e+00 4.440494537353515625e+00 5.874348640441894531e+00 4.019513130187988281e+00
5.713361740112304688e+00 1.435830879211425781e+01 7.292502403259277344e+00 7.623911857604980469e+00 1.218895530700683594e+01 9.663999557495117188e+00 1.026352977752685547e+01 4.970216751098632812e+00 6.822235584259033203e+00 5.511880874633789062e+00 4.519270420074462891e+00 6.079821109771728516e+00 6.009267807006835938e+00 6.768464088439941406e+00 6.745458602905273438e+00 8.012946128845214844e+00 1.029839706420898438e+01 9.948570251464843750e+00 7.504405975341796875e+00 6.910632133483886719e+00
1.262364578247070312e+01 6.660049438476562500e+00 7.510695457458496094e+00 1.040012073516845703e+01 1.178707695007324219e+01 7.904650211334228516e+00 9.214470863342285156e+00 7.224339008331298828e+00 5.614936351776123047e+00 6.429319381713867188e+00 1.108571434020996094e+01 8.009420394897460938e+00 5.488943099975585938e+00 7.557033061981201172e+00 5.522724151611328125e+00 6.090475082397460938e+00 6.967473983764648438e+00 5.920520305633544922e+00 4.506238460540771484e+00 5.155182838439941406e+00
7.232235431671142578e+00 5.694269180297851562e+00 8.079959869384765625e+00 8.483091354370117188e+00 5.465380668640136719e+00 6.171942234039306641e+00 5.879001617431640625e+00 4.760232925415039062e+00 5.980388641357421875e+00 8.241453170776367188e+00 7.987366676330566406e+00 4.866647243499755859e+00 5.701546669006347656e+00 4.388494491577148438e+00 6.752750396728515625e+00 7.312974929809570312e+00 7.218578815460205078e+00 5.791013717651367188e+00 6.543010711669921875e+00 5.956965446472167969e+00
5.568739414215087891e+00 5.147610664367675781e+00 5.498664379119873047e+00 5.873047828674316406e+00 4.423988342285156250e+00 1.195067977905273438e+01 7.119855880737304688e+00 1.085617065429687500e+01 1.139072227478027344e+01 6.391016960144042969e+00 6.151784896850585938e+00 3.978034019470214844e+00 6.799326896667480469e+00 4.627469062805175781e+00 1.013431644439697266e+01 9.447637557983398438e+00 8.194915771484375000e+00 7.570612907409667969e+00 7.225901603698730469e+00 5.039063930511474609e+00
8.128465652465820312e+00 9.589450836181640625e+00 7.409748077392578125e+00 4.571644783020019531e+00 1.192518424987792969e+01 6.662525177001953125e+00 6.893591880798339844e+00 9.793747901916503906e+00 1.121702098846435547e+01 5.749788284301757812e+00 4.987505912780761719e+00 4.310878753662109375e+00 3.476026535034179688e+00 7.510941505432128906e+00 4.278813838958740234e+00 4.560943603515625000e+00 8.316423416137695312e+00 9.205498695373535156e+00 8.088055610656738281e+00 5.897256851196289062e+00
6.880077362060546875e+00 6.136190414428710938e+00 8.136034011840820312e+00 7.827420711517333984e+00 9.211652755737304688e+00 5.688607692718505859e+00 7.963930130004882812e+00 1.044757843017578125e+01 7.317198753356933594e+00 7.712320804595947266e+00 9.561479568481445312e+00 8.989280700683593750e+00 6.392165660858154297e+00 8.670128822326660156e+00 6.411108016967773438e+00 7.906046867370605469e+00 6.183009147644042969e+00 9.241013526916503906e+00 5.333461761474609375e+00 9.998880386352539062e+00
7.553098678588867188e+00 7.826804637908935547e+00 7.769433975219726562e+00 6.464206695556640625e+00 1.136963462829589844e+01 6.263815879821777344e+00 6.569553375244140625e+00 7.689643383026123047e+00 8.613012313842773438e+00 7.278257369995117188e+00 7.874649047851562500e+00 1.105891418457031250e+01 8.142803192138671875e+00 5.646063327789306641e+00 5.548215866088867188e+00 6.123383522033691406e+00 6.409814357757568359e+00 8.648178100585937500e+00 1.149413299560546875e+01 5.981619834899902344e+00
6.277462959289550781e+00 6.997838973999023438e+00 5.799345016479492188e+00 5.612868309020996094e+00 7.898686408996582031e+00 4.983404636383056641e+00 7.354705810546875000e+00 6.551611900329589844e+00 3.894370079040527344e+00 2.546521663665771484e+00 7.803145408630371094e+00 8.232387542724609375e+00 8.233755111694335938e+00 5.702767848968505859e+00 8.234872817993164062e+00 5.483035564422607422e+00 6.106508255004882812e+00 7.085257530212402344e+00 8.089133262634277344e+00 5.721281051635742188e+00
8.950135231018066406e+00 1.063828086853027344e+01 6.892565727233886719e+00 9.318383216857910156e+00 7.295491695404052734e+00 9.663274765014648438e+00 6.881678581237792969e+00 4.840333461761474609e+00 5.866208076477050781e+00 1.191434764862060547e+01 6.707019805908203125e+00 1.067735671997070312e+01 2.612713575363159180e+00 6.028607368469238281e+00 5.373734474182128906e+00 4.866857528686523438e+00 7.204020500183105469e+00 4.476606845855712891e+00 6.499160289764404297e+00 5.145604133605957031e+00
7.527754306793212891e+00 1.047553634643554688e+01 7.401756763458251953e+00 8.040723800659179688e+00 6.006792068481445312e+00 6.012945175170898438e+00 7.382778167724609375e+00 6.246192932128906250e+00 5.121222019195556641e+00 6.858071804046630859e+00 8.312073707580566406e+00 4.181066513061523438e+00 6.613177299499511719e+00 6.084245681762695312e+00 6.479207038879394531e+00 4.995556354522705078e+00 3.625905036926269531e+00 1.268386650085449219e+01 3.432834863662719727e+00 3.628203392028808594e+00
9.445352554321289062e+00 9.278186798095703125e+00 6.712707996368408203e+00 7.035289764404296875e+00 8.941654205322265625e+00 7.353142738342285156e+00 8.625856399536132812e+00 6.990313529968261719e+00 5.972915172576904297e+00 7.708239078521728516e+00 7.015343666076660156e+00 8.255154609680175781e+00 8.298127174377441406e+00 7.299444198608398438e+00 1.020016098022460938e+01 1.071487712860107422e+01 6.089157104492187500e+00 9.527124404907226562e+00 9.702498435974121094e+00 6.908463478088378906e+00
7.569754600524902344e+00 8.687014579772949219e+00 6.175766944885253906e+00 1.047932910919189453e+01 9.750980377197265625e+00 6.901946067810058594e+00 5.726520061492919922e+00 8.109672546386718750e+00 4.751030921936035156e+00 1.452185726165771484e+01 9.792706489562988281e+00 9.849190711975097656e+00 9.601129531860351562e+00 8.219760894775390625e+00 9.921670913696289062e+00 7.028702735900878906e+00 4.167768478393554688e+00 4.951651096343994141e+00 4.244884014129638672e+00 9.651585578918457031e+00
8.868439674377441406e+00 9.704670906066894531e+00 9.906320571899414062e+00 6.180339813232421875e+00 7.919026851654052734e+00 8.631726264953613281e+00 1.220812606811523438e+01 7.841966629028320312e+00 8.996999740600585938e+00 8.944684982299804688e+00 5.494471549987792969e+00 5.767119884490966797e+00 6.099744796752929688e+00 7.639581680297851562e+00 6.084677696228027344e+00 8.763984680175781250e+00 9.387731552124023438e+00 6.422698974609375000e+00 9.681845664978027344e+00 5.582062244415283203e+00
6.704365730285644531e+00 8.541154861450195312e+00 3.817034721374511719e+00 6.296354770660400391e+00 6.988889694213867188e+00 8.037282943725585938e+00 7.964941978454589844e+00 5.437416076660156250e+00 8.361270904541015625e+00 4.815953254699707031e+00 9.840303421020507812e+00 7.839703559875488281e+00 8.274818420410156250e+00 8.832087516784667969e+00 8.430425643920898438e+00 6.138008117675781250e+00 7.493142604827880859e+00 8.054288864135742188e+00 7.197005271911621094e+00 7.042249679565429688e+00
1.088247108459472656e+01 5.038722038269042969e+00 6.105142116546630859e+00 1.028905582427978516e+01 8.630373001098632812e+00 6.070502281188964844e+00 7.238328933715820312e+00 6.396764755249023438e+00 6.745584011077880859e+00 1.029968643188476562e+01 7.133524894714355469e+00 7.026756763458251953e+00 6.445549488067626953e+00 1.051360893249511719e+01 5.054634571075439453e+00 6.747390747070312500e+00 5.933820247650146484e+00 5.491930007934570312e+00 9.090665817260742188e+00 7.766966819763183594e+00
6.995906352996826172e+00 4.126623630523681641e+00 6.233361244201660156e+00 6.578351020812988281e+00 5.278322219848632812e+00 5.737258911132812500e+00 6.894494533538818359e+00 7.306211471557617188e+00 6.839158535003662109e+00 7.549063682556152344e+00 9.439479827880859375e+00 8.142993927001953125e+00 6.811827659606933594e+00 9.256688117980957031e+00 8.814906120300292969e+00 6.537290573120117188e+00 7.765188694000244141e+00 4.315101623535156250e+00 6.110637664794921875e+00 6.256798744201660156e+00
6.905838489532470703e+00 6.559968948364257812e+00 5.995515823364257812e+00 6.699666023254394531e+00 8.441530227661132812e+00 8.455562591552734375e+00 8.001301765441894531e+00 6.558923244476318359e+00 6.716888904571533203e+00 6.539535522460937500e+00 8.634880065917968750e+00 5.293575286865234375e+00 9.188407897949218750e+00 8.632862091064453125e+00 7.107529163360595703e+00 1.043432235717773438e+01 6.013080596923828125e+00 5.318735122680664062e+00 8.150064468383789062e+00 7.670133113861083984e+00
9.142489433288574219e+00 6.308981418609619141e+00 6.053250312805175781e+00 7.673239707946777344e+00 6.656198501586914062e+00 3.299807071685791016e+00 8.379833221435546875e+00 5.128698348999023438e+00 6.379435539245605469e+00 6.346866130828857422e+00 6.997532844543457031e+00 5.637488365173339844e+00 6.510522365570068359e+00 8.855553627014160156e+00 7.864997863769531250e+00 8.302459716796875000e+00 6.996440887451171875e+00 6.551542758941650391e+00 8.270610809326171875e+00 5.595671653747558594e+00
8.451484680175781250e+00 8.616632461547851562e+00 4.291537284851074219e+00 8.413598060607910156e+00 7.182627201080322266e+00 8.977967262268066406e+00 1.064289665222167969e+01 6.856199264526367188e+00 5.355481147766113281e+00 6.793457984924316406e+00 7.981715202331542969e+00 6.374840259552001953e+00 7.985838890075683594e+00 5.901175975799560547e+00 7.051145076751708984e+00 8.338001251220703125e+00 7.043130874633789062e+00 7.081709384918212891e+00 8.809619903564453125e+00 4.406044960021972656e+00
