2019-07-23 05:00:00
8.264345169067382812e+00 8.148406028747558594e+00 1.033084774017333984e+01 6.896970748901367188e+00 5.460133075714111328e+00 9.868298530578613281e+00 6.851722240447998047e+00 6.128936767578125000e+00 6.698680877685546875e+00 7.778776168823242188e+00 3.797106742858886719e+00 5.653412818908691406e+00 8.560720443725585938e+00 5.636343955993652344e+00 5.859412193298339844e+00 1.214540100097656250e+01 7.832517147064208984e+00 5.559800624847412109e+00 7.917053699493408203e+00 4.283334255218505859e+00
5.247629165649414062e+00 1.397654533386230469e+01 6.086603641510009766e+00 9.168825149536132812e+00 7.305039405822753906e+00 7.722767829895019531e+00 6.493514060974121094e+00 5.135543823242187500e+00 5.481988906860351562e+00 6.095322132110595703e+00 4.681319713592529297e+00 5.964468479156494141e+00 4.913334369659423828e+00 7.737548351287841797e+00 5.049669742584228516e+00 5.268604755401611328e+00 9.418022155761718750e+00 7.878108501434326172e+00 4.320152282714843750e+00 3.867843627929687500e+00
1.027532196044921875e+01 3.207442760467529297e+00 1.050543594360351562e+01 1.171709442138671875e+01 8.498733520507812500e+00 5.167286872863769531e+00 1.194278335571289062e+01 5.116231441497802734e+00 3.893426418304443359e+00 6.378338813781738281e+00 1.562104701995849609e+01 7.689946174621582031e+00 4.632176876068115234e+00 4.756183624267578125e+00 6.306156158447265625e+00 7.812063694000244141e+00 4.747569084167480469e+00 7.774366378784179688e+00 5.442864418029785156e+00 5.637016773223876953e+00
6.166454315185546875e+00 4.689177513122558594e+00 8.074957847595214844e+00 6.378507614135742188e+00 4.433966636657714844e+00 4.818159580230712891e+00 4.891896724700927734e+00 6.622475624084472656e+00 5.650156021118164062e+00 1.328223419189453125e+01 9.188262939453125000e+00 5.818178176879882812e+00 4.854049682617187500e+00 6.499722480773925781e+00 5.482388496398925781e+00 4.781302928924560547e+00 5.217569351196289062e+00 6.388401031494140625e+00 7.600385189056396484e+00 5.502004623413085938e+00
6.589123725891113281e+00 3.502362966537475586e+00 6.163326263427734375e+00 3.175606012344360352e+00 3.755111694335937500e+00 9.363233566284179688e+00 8.863284111022949219e+00 8.224761962890625000e+00 1.010256958007812500e+01 1.269533729553222656e+01 1.082745170593261719e+01 9.928945541381835938e+00 9.716443061828613281e+00 5.237008094787597656e+00 7.579569816589355469e+00 5.372499465942382812e+00 5.891059875488281250e+00 5.597005844116210938e+00 7.616759300231933594e+00 6.624408721923828125e+00
4.491741657257080078e+00 1.005214118957519531e+01 5.294591903686523438e+00 9.943449974060058594e+00 7.125401020050048828e+00 9.741096496582031250e+00 8.796506881713867188e+00 4.698269367218017578e+00 6.170541286468505859e+00 4.921969413757324219e+00 5.128670692443847656e+00 6.989894390106201172e+00 5.520559310913085938e+00 6.268297672271728516e+00 4.000003814697265625e+00 9.059149742126464844e+00 6.555792331695556641e+00 7.285887718200683594e+00 9.681279182434082031e+00 4.371110916137695312e+00
8.511329650878906250e+00 3.506999015808105469e+00 8.430892944335937500e+00 1.091546344757080078e+01 1.261363410949707031e+01 1.044045257568359375e+01 5.546644210815429688e+00 4.742177963256835938e+00 3.412052631378173828e+00 5.986692905426025391e+00 7.384148597717285156e+00 6.944771766662597656e+00 1.019093608856201172e+01 1.039951896667480469e+01 4.319544792175292969e+00 5.519246101379394531e+00 6.878691196441650391e+00 5.842859268188476562e+00 3.954423427581787109e+00 9.642916679382324219e+00
9.689575195312500000e+00 5.068212509155273438e+00 7.264557838439941406e+00 8.382979393005371094e+00 7.612000465393066406e+00 7.209948539733886719e+00 3.930674552917480469e+00 4.689711570739746094e+00 6.600619316101074219e+00 8.003853797912597656e+00 8.256269454956054688e+00 6.092309951782226562e+00 1.449937725067138672e+01 1.014495658874511719e+01 4.468098163604736328e+00 3.604785919189453125e+00 6.596824169158935547e+00 5.911631584167480469e+00 5.869949340820312500e+00 5.388084888458251953e+00
5.347425937652587891e+00 1.148366355895996094e+01 8.264154434204101562e+00 8.677740097045898438e+00 6.850783824920654297e+00 1.079521846771240234e+01 6.058365821838378906e+00 7.575162410736083984e+00 6.708899497985839844e+00 4.237317085266113281e+00 8.216588020324707031e+00 6.444384098052978516e+00 7.369297027587890625e+00 6.539573192596435547e+00 8.313664436340332031e+00 4.349210739135742188e+00 6.033212184906005859e+00 6.088226318359375000e+00 5.713649749755859375e+00 5.563380241394042969e+00
7.480559349060058594e+00 1.127260971069335938e+01 6.934699058532714844e+00 7.473662376403808594e+00 7.093116760253906250e+00 8.749248504638671875e+00 7.834282875061035156e+00 6.218198776245117188e+00 2.734112977981567383e+00 4.121441364288330078e+00 5.774150848388671875e+00 6.858991622924804688e+00 3.907965421676635742e+00 6.620011329650878906e+00 5.040836334228515625e+00 3.315674781799316406e+00 6.519867897033691406e+00 4.124105930328369141e+00 8.710540771484375000e+00 7.464864730834960938e+00
8.250709533691406250e+00 3.797700166702270508e+00 9.925397872924804688e+00 1.026821804046630859e+01 4.981867313385009766e+00 5.598887443542480469e+00 7.129429817199707031e+00 5.744265556335449219e+00 6.879028320312500000e+00 5.787978649139404297e+00 6.801452636718750000e+00 8.055917739868164062e+00 5.452395439147949219e+00 7.672940254211425781e+00 6.467520713806152344e+00 6.061534881591796875e+00 5.257853984832763672e+00 4.624948024749755859e+00 6.670958042144775391e+00 6.190697669982910156e+00
8.169653892517089844e+00 9.789677619934082031e+00 8.995605468750000000e+00 8.653898239135742188e+00 9.943983078002929688e+00 9.731046676635742188e+00 6.610546112060546875e+00 6.204856395721435547e+00 6.376947402954101562e+00 6.192829132080078125e+00 5.314852714538574219e+00 9.284231185913085938e+00 6.066946029663085938e+00 9.314219474792480469e+00 1.176059722900390625e+01 9.050903320312500000e+00 4.955462455749511719e+00 4.979364395141601562e+00 4.834490776062011719e+00 7.741724491119384766e+00
8.795056343078613281e+00 7.193028450012207031e+00 6.684530258178710938e+00 7.310052871704101562e+00 7.187525272369384766e+00 9.229711532592773438e+00 9.903710365295410156e+00 8.365736007690429688e+00 7.334218978881835938e+00 7.204894065856933594e+00 1.013641548156738281e+01 5.539230346679687500e+00 7.115191936492919922e+00 6.741521835327148438e+00 8.576768875122070312e+00 9.889426231384277344e+00 4.502891063690185547e+00 6.385032653808593750e+00 3.551523208618164062e+00 5.697776317596435547e+00
1.063244152069091797e+01 7.334874153137207031e+00 7.766941070556640625e+00 7.285734653472900391e+00 6.917550086975097656e+00 9.668607711791992188e+00 6.738447189331054688e+00 8.189160346984863281e+00 6.994615077972412109e+00 8.303647994995117188e+00 8.463318824768066406e+00 7.938014030456542969e+00 9.417533874511718750e+00 1.010713386535644531e+01 9.266485214233398438e+00 5.803791999816894531e+00 6.802963256835937500e+00 6.369030952453613281e+00 6.792356967926025391e+00 8.546058654785156250e+00
5.638409614562988281e+00 6.645575046539306641e+00 6.184952735900878906e+00 7.977140426635742188e+00 5.765617370605468750e+00 9.136904716491699219e+00 6.683459281921386719e+00 6.763504981994628906e+00 1.019190311431884766e+01 7.303740501403808594e+00 8.811527252197265625e+00 7.749238967895507812e+00 6.083382606506347656e+00 7.552887916564941406e+00 6.596169948577880859e+00 4.984972000122070312e+00 5.806771278381347656e+00 8.577091217041015625e+00 5.070779323577880859e+00 7.397593498229980469e+00
7.635817527770996094e+00 5.883605957031250000e+00 6.621836662292480469e+00 6.102158546447753906e+00 5.208653450012207031e+00 7.471881866455078125e+00 5.874333858489990234e+00 6.193601131439208984e+00 5.834410667419433594e+00 8.267419815063476562e+00 4.951033592224121094e+00 6.863554954528808594e+00 6.326806068420410156e+00 7.917227745056152344e+00 5.027220249176025391e+00 5.126215457916259766e+00 5.144431114196777344e+00 7.660776615142822266e+00 7.589630126953125000e+00 1.053230381011962891e+01
5.415340423583984375e+00 7.141336441040039062e+00 6.782896995544433594e+00 7.129082202911376953e+00 4.618430137634277344e+00 5.192466259002685547e+00 6.275339126586914062e+00 5.973727226257324219e+00 4.755528926849365234e+00 5.685266494750976562e+00 7.117442131042480469e+00 6.285503387451171875e+00 5.557789802551269531e+00 6.874823570251464844e+00 5.981380462646484375e+00 4.890358924865722656e+00 4.341261386871337891e+00 5.208301067352294922e+00 5.373538017272949219e+00 6.682856559753417969e+00
7.633000373840332031e+00 4.140267372131347656e+00 4.429823875427246094e+00 1.083785629272460938e+01 9.523854255676269531e+00 9.390305519104003906e+00 7.841172218322753906e+00 6.164199829101562500e+00 6.958893299102783203e+00 5.955778598785400391e+00 8.498086929321289062e+00 6.570850372314453125e+00 5.656115531921386719e+00 1.198230457305908203e+01 7.249033451080322266e+00 7.503836631774902344e+00 5.958080291748046875e+00 7.974419593811035156e+00 7.303372383117675781e+00 5.270046234130859375e+00
7.880664825439453125e+00 9.966880798339843750e+00 5.143066406250000000e+00 1.035081672668457031e+01 6.948152542114257812e+00 5.935308933258056641e+00 7.628658294677734375e+00 4.372635841369628906e+00 6.984755039215087891e+00 5.237823963165283203e+00 9.266672134399414062e+00 6.354475021362304688e+00 7.396980285644531250e+00 8.722959518432617188e+00 7.133704185485839844e+00 6.880021095275878906e+00 8.622793197631835938e+00 9.663774490356445312e+00 7.359465599060058594e+00 4.948151588439941406e+00
4.642860412597656250e+00 5.942985534667968750e+00 4.937177658081054688e+00 7.197390079498291016e+00 7.200341224670410156e+00 7.148622035980224609e+00 5.769926071166992188e+00 1.081506252288818359e+01 9.508745193481445312e+00 4.043608665466308594e+00 7.778816223144531250e+00 8.108943939208984375e+00 8.317907333374023438e+00 6.033506393432617188e+00 8.173837661743164062e+00 7.853776931762695312e+00 6.193343162536621094e+00 1.159641456604003906e+01 5.963228225708007812e+00 4.462523460388183594e+00
