2019-07-23 05:15:00
7.534463405609130859e+00 4.309689998626708984e+00 5.027449131011962891e+00 8.429470062255859375e+00 8.083837509155273438e+00 5.570392608642578125e+00 8.202482223510742188e+00 5.693874835968017578e+00 7.507800102233886719e+00 8.419611930847167969e+00 3.395291805267333984e+00 4.427463531494140625e+00 4.985445976257324219e+00 5.578844070434570312e+00 3.958302259445190430e+00 6.311291694641113281e+00 7.982713699340820312e+00 7.092405796051025391e+00 4.636637687683105469e+00 6.484548568725585938e+00
5.500765323638916016e+00 1.110709953308105469e+01 8.274893760681152344e+00 8.346003532409667969e+00 9.011205673217773438e+00 8.108808517456054688e+00 5.626361846923828125e+00 3.117329120635986328e+00 1.753322124481201172e+00 5.921689987182617188e+00 4.444926738739013672e+00 3.732515811920166016e+00 5.299939155578613281e+00 6.418592453002929688e+00 6.705216407775878906e+00 8.475128173828125000e+00 8.917108535766601562e+00 5.035772323608398438e+00 6.477389335632324219e+00 5.381319046020507812e+00
1.150268363952636719e+01 9.304308891296386719e+00 1.014890289306640625e+01 6.466742992401123047e+00 1.299480056762695312e+01 6.639778614044189453e+00 8.763851165771484375e+00 4.552554130554199219e+00 6.480592727661132812e+00 8.602170944213867188e+00 5.831382274627685547e+00 9.338949203491210938e+00 3.821387290954589844e+00 8.103416442871093750e+00 6.329813003540039062e+00 4.796721935272216797e+00 6.466777324676513672e+00 4.271091461181640625e+00 5.049652576446533203e+00 4.064826965332031250e+00
5.825006484985351562e+00 6.146390438079833984e+00 7.138692855834960938e+00 5.499721527099609375e+00 4.080554962158203125e+00 4.762890815734863281e+00 5.653553009033203125e+00 2.757889270782470703e+00 3.151284456253051758e+00 5.888072967529296875e+00 1.004898452758789062e+01 5.320813179016113281e+00 6.047505378723144531e+00 4.260974884033203125e+00 9.968497276306152344e+00 3.404206752777099609e+00 5.366960525512695312e+00 5.918286800384521484e+00 6.059031486511230469e+00 6.229100227355957031e+00
4.569623947143554688e+00 4.402679920196533203e+00 7.516673564910888672e+00 5.399764537811279297e+00 4.721968650817871094e+00 9.749776840209960938e+00 7.385574817657470703e+00 8.362707138061523438e+00 6.161653995513916016e+00 1.050861167907714844e+01 5.057003021240234375e+00 8.224159240722656250e+00 9.962140083312988281e+00 6.569174289703369141e+00 7.979354858398437500e+00 3.995086431503295898e+00 6.379216194152832031e+00 7.987968444824218750e+00 9.596257209777832031e+00 5.237462997436523438e+00
7.469173431396484375e+00 1.011805343627929688e+01 1.214854907989501953e+01 5.273793220520019531e+00 5.979473114013671875e+00 8.968574523925781250e+00 6.137917995452880859e+00 1.046181201934814453e+01 1.067965316772460938e+01 4.629967689514160156e+00 4.687752246856689453e+00 9.974953651428222656e+00 7.399924278259277344e+00 5.574872970581054688e+00 4.893620491027832031e+00 8.785678863525390625e+00 8.622858047485351562e+00 5.780217170715332031e+00 7.663703918457031250e+00 3.675208568572998047e+00
7.315872192382812500e+00 4.528534889221191406e+00 9.678548812866210938e+00 5.864451885223388672e+00 6.858227252960205078e+00 6.720149040222167969e+00 7.324944496154785156e+00 4.906210899353027344e+00 5.287415504455566406e+00 4.599688529968261719e+00 5.441857814788818359e+00 5.669220924377441406e+00 7.010452270507812500e+00 1.122348403930664062e+01 5.161732673645019531e+00 6.691213130950927734e+00 7.256441593170166016e+00 7.292097091674804688e+00 8.909585952758789062e+00 7.002801418304443359e+00
6.315323829650878906e+00 6.804886817932128906e+00 7.314940929412841797e+00 8.249986648559570312e+00 5.287380218505859375e+00 6.390700340270996094e+00 3.705003976821899414e+00 7.253808021545410156e+00 2.692093849182128906e+00 3.328041553497314453e+00 5.403254508972167969e+00 6.251785278320312500e+00 9.359163284301757812e+00 1.061216163635253906e+01 5.791654109954833984e+00 6.056794166564941406e+00 6.017076015472412109e+00 4.298055171966552734e+00 5.282917499542236328e+00 5.088182449340820312e+00
7.840473175048828125e+00 7.212055206298828125e+00 1.159943866729736328e+01 1.182357501983642578e+01 1.083856773376464844e+01 6.986565113067626953e+00 6.926155090332031250e+00 4.742200374603271484e+00 3.451629638671875000e+00 2.956645250320434570e+00 4.351931095123291016e+00 5.932470321655273438e+00 8.989395141601562500e+00 6.703008651733398438e+00 7.001700401306152344e+00 5.720546722412109375e+00 3.264286518096923828e+00 7.764751434326171875e+00 7.848947525024414062e+00 7.880084514617919922e+00
8.838194847106933594e+00 7.593288421630859375e+00 1.077769851684570312e+01 7.843642711639404297e+00 9.286699295043945312e+00 7.080118656158447266e+00 1.033365821838378906e+01 4.382816314697265625e+00 4.599344253540039062e+00 5.742037296295166016e+00 3.375303506851196289e+00 5.849516391754150391e+00 6.031708717346191406e+00 5.947869777679443359e+00 6.730290412902832031e+00 4.810965538024902344e+00 5.662521362304687500e+00 5.022527217864990234e+00 7.524356842041015625e+00 8.015892982482910156e+00
5.421624660491943359e+00 5.669407844543457031e+00 1.012730407714843750e+01 1.059552192687988281e+01 1.102941513061523438e+01 7.876159667968750000e+00 8.071722984313964844e+00 1.023669052124023438e+01 5.938420295715332031e+00 5.134003639221191406e+00 4.981313228607177734e+00 7.541341304779052734e+00 5.438250541687011719e+00 4.738117694854736328e+00 6.151443004608154297e+00 6.057419776916503906e+00 5.195139884948730469e+00 8.395362854003906250e+00 4.759447097778320312e+00 8.144651412963867188e+00
5.909662246704101562e+00 8.308760643005371094e+00 9.491312026977539062e+00 4.866839408874511719e+00 1.230947971343994141e+01 7.857579708099365234e+00 6.672346115112304688e+00 7.076605796813964844e+00 3.522798061370849609e+00 5.033343791961669922e+00 7.591084480285644531e+00 7.117634773254394531e+00 5.449081897735595703e+00 5.507511615753173828e+00 6.181182384490966797e+00 8.234674453735351562e+00 4.576846122741699219e+00 7.260138511657714844e+00 6.547683715820312500e+00 6.693918704986572266e+00
6.414846897125244141e+00 5.781031608581542969e+00 9.444150924682617188e+00 7.844486236572265625e+00 9.299791336059570312e+00 1.018846321105957031e+01 5.670586109161376953e+00 9.943931579589843750e+00 7.864460945129394531e+00 1.061728096008300781e+01 7.041951179504394531e+00 1.078437519073486328e+01 8.465667724609375000e+00 6.312418937683105469e+00 1.074081993103027344e+01 7.014219284057617188e+00 5.424365043640136719e+00 4.113354206085205078e+00 6.418806076049804688e+00 8.149791717529296875e+00
5.961506366729736328e+00 8.218998908996582031e+00 8.115909576416015625e+00 8.391757965087890625e+00 8.850305557250976562e+00 1.073003959655761719e+01 6.773332118988037109e+00 9.057364463806152344e+00 6.067553520202636719e+00 7.009950637817382812e+00 1.190146446228027344e+01 7.366734504699707031e+00 8.335117340087890625e+00 1.067620086669921875e+01 5.800111293792724609e+00 7.795056343078613281e+00 8.376696586608886719e+00 6.312775611877441406e+00 7.492403507232666016e+00 4.033907890319824219e+00
4.386140346527099609e+00 3.846192121505737305e+00 6.486334800720214844e+00 1.005200004577636719e+01 9.374857902526855469e+00 8.209842681884765625e+00 8.168172836303710938e+00 6.831690788269042969e+00 7.883294105529785156e+00 7.238899707794189453e+00 8.155355453491210938e+00 6.212320327758789062e+00 9.565737724304199219e+00 9.093234062194824219e+00 6.522769927978515625e+00 6.004452705383300781e+00 6.916486740112304688e+00 5.390221595764160156e+00 5.371599197387695312e+00 3.676325321197509766e+00
7.602396011352539062e+00 5.245366096496582031e+00 3.675704479217529297e+00 6.879108905792236328e+00 5.141438484191894531e+00 3.841082572937011719e+00 4.537763595581054688e+00 1.046589660644531250e+01 1.245359611511230469e+01 8.601643562316894531e+00 5.285645961761474609e+00 5.779583930969238281e+00 6.365880489349365234e+00 6.122791290283203125e+00 1.013558292388916016e+01 5.933870315551757812e+00 8.463843345642089844e+00 7.479107856750488281e+00 7.159851551055908203e+00 1.051779937744140625e+01
8.419228553771972656e+00 5.772150039672851562e+00 6.722660541534423828e+00 6.529869079589843750e+00 1.105072212219238281e+01 3.844419956207275391e+00 6.531130790710449219e+00 5.739809036254882812e+00 7.194680213928222656e+00 7.390959262847900391e+00 1.031916046142578125e+01 9.939230918884277344e+00 9.854995727539062500e+00 7.288697242736816406e+00 4.410859107971191406e+00 3.454951524734497070e+00 7.600563049316406250e+00 5.604730606079101562e+00 6.175426483154296875e+00 3.552198886871337891e+00
5.673974037170410156e+00 5.340766906738281250e+00 2.788938999176025391e+00 7.502579689025878906e+00 6.202687263488769531e+00 6.967773437500000000e+00 9.019729614257812500e+00 6.129418849945068359e+00 4.742247104644775391e+00 6.486351013183593750e+00 8.729726791381835938e+00 5.266526699066162109e+00 1.140877723693847656e+01 7.706711769104003906e+00 5.234663009643554688e+00 6.927250385284423828e+00 8.387990951538085938e+00 7.124444007873535156e+00 6.992201805114746094e+00 6.549086093902587891e+00
9.330931663513183594e+00 4.344139099121093750e+00 6.449774265289306641e+00 6.672668457031250000e+00 1.031010246276855469e+01 8.635456085205078125e+00 5.015648841857910156e+00 4.762587547302246094e+00 6.234826087951660156e+00 5.576086044311523438e+00 8.404706001281738281e+00 7.943660736083984375e+00 1.044502735137939453e+01 8.110708236694335938e+00 6.717776298522949219e+00 6.533965587615966797e+00 2.843733787536621094e+00 6.509145736694335938e+00 6.522028923034667969e+00 5.608582973480224609e+00
7.280866146087646484e+00 7.856363296508789062e+00 9.254222869873046875e+00 7.888935089111328125e+00 5.174291133880615234e+00 9.595652580261230469e+00 7.913198947906494141e+00 7.033430576324462891e+00 7.515902519226074219e+00 8.555425643920898438e+00 6.941053867340087891e+00 9.089609146118164062e+00 6.207815170288085938e+00 4.741807460784912109e+00 6.273902893066406250e+00 5.965000152587890625e+00 7.696509361267089844e+00 9.245733261108398438e+00 8.701874732971191406e+00 3.862702846527099609e+00
