2019-07-23 06:00:00
5.215389251708984375e+00 4.843026161193847656e+00 6.581542968750000000e+00 4.780165672302246094e+00 3.421560764312744141e+00 4.560422897338867188e+00 5.815176010131835938e+00 3.359879016876220703e+00 9.956581115722656250e+00 8.135412216186523438e+00 2.758536100387573242e+00 4.232358455657958984e+00 7.590223312377929688e+00 3.288311004638671875e+00 4.332709789276123047e+00 1.083197307586669922e+01 6.275407791137695312e+00 3.866008758544921875e+00 3.960670948028564453e+00 4.383277893066406250e+00
5.389510154724121094e+00 3.965344429016113281e+00 6.119852542877197266e+00 8.760129928588867188e+00 6.928821563720703125e+00 3.242348432540893555e+00 5.491060256958007812e+00 4.260356903076171875e+00 4.018114566802978516e+00 3.152725934982299805e+00 3.798487663269042969e+00 3.524386882781982422e+00 4.451230049133300781e+00 4.956686019897460938e+00 5.700664520263671875e+00 7.387057304382324219e+00 6.838136672973632812e+00 6.508753299713134766e+00 3.365167140960693359e+00 4.723382472991943359e+00
9.432861328125000000e+00 3.601491451263427734e+00 7.230748176574707031e+00 6.654346942901611328e+00 8.106595993041992188e+00 9.304345130920410156e+00 6.443547248840332031e+00 3.646863222122192383e+00 3.949646472930908203e+00 2.996370553970336914e+00 7.140337467193603516e+00 4.505048751831054688e+00 3.545859813690185547e+00 5.870322704315185547e+00 5.960029602050781250e+00 6.439146518707275391e+00 1.152517509460449219e+01 4.563912391662597656e+00 6.102935314178466797e+00 5.948702812194824219e+00
5.865550041198730469e+00 7.459485054016113281e+00 1.462587738037109375e+01 9.961824417114257812e+00 3.367008447647094727e+00 5.939935684204101562e+00 3.299761772155761719e+00 4.913297176361083984e+00 6.600312709808349609e+00 8.321212768554687500e+00 7.904000282287597656e+00 4.992602348327636719e+00 3.881633996963500977e+00 4.798381328582763672e+00 9.741259574890136719e+00 5.987710952758789062e+00 4.862880706787109375e+00 5.126414775848388672e+00 4.706605434417724609e+00 5.487530231475830078e+00
3.983124256134033203e+00 2.730075359344482422e+00 6.175502777099609375e+00 3.068193912506103516e+00 4.086744308471679688e+00 7.895437240600585938e+00 5.805515766143798828e+00 5.712577819824218750e+00 1.215516090393066406e+01 8.318839073181152344e+00 1.152954292297363281e+01 4.569250106811523438e+00 9.638545989990234375e+00 4.610441684722900391e+00 8.229467391967773438e+00 5.738239765167236328e+00 3.770096540451049805e+00 8.841720581054687500e+00 8.309104919433593750e+00 4.250422000885009766e+00
4.598069190979003906e+00 6.281766891479492188e+00 8.377716064453125000e+00 8.378694534301757812e+00 6.909650325775146484e+00 3.992992639541625977e+00 4.518358230590820312e+00 6.496647834777832031e+00 6.014393806457519531e+00 5.953862667083740234e+00 5.415918827056884766e+00 5.891531944274902344e+00 5.846879959106445312e+00 3.496769189834594727e+00 3.563549041748046875e+00 6.576048374176025391e+00 5.056056499481201172e+00 4.521389961242675781e+00 6.352292060852050781e+00 4.242520332336425781e+00
4.496991157531738281e+00 9.176005363464355469e+00 6.841344833374023438e+00 7.753274917602539062e+00 1.072806835174560547e+01 9.909586906433105469e+00 4.000727653503417969e+00 7.413198471069335938e+00 4.384992122650146484e+00 6.555354118347167969e+00 6.485800266265869141e+00 4.595994949340820312e+00 7.563253879547119141e+00 9.114967346191406250e+00 3.987525939941406250e+00 5.581929206848144531e+00 5.376904010772705078e+00 4.933019161224365234e+00 8.762643814086914062e+00 8.968250274658203125e+00
7.405319213867187500e+00 8.331687927246093750e+00 5.298890590667724609e+00 7.463652610778808594e+00 1.106032276153564453e+01 6.879773616790771484e+00 4.692311763763427734e+00 4.424945354461669922e+00 4.064777374267578125e+00 5.577282905578613281e+00 3.538135051727294922e+00 4.559481620788574219e+00 7.982898235321044922e+00 7.203017711639404297e+00 1.910734176635742188e+00 2.844517230987548828e+00 5.662722110748291016e+00 6.784334659576416016e+00 6.710390090942382812e+00 5.206261634826660156e+00
5.476543426513671875e+00 6.945671081542968750e+00 8.492814064025878906e+00 9.736047744750976562e+00 9.330297470092773438e+00 5.725815773010253906e+00 7.015489101409912109e+00 3.584000587463378906e+00 4.193298339843750000e+00 2.942032814025878906e+00 5.114027976989746094e+00 4.226924419403076172e+00 6.112674713134765625e+00 7.149240493774414062e+00 4.171350002288818359e+00 3.646250486373901367e+00 8.437784194946289062e+00 6.550469398498535156e+00 4.631807327270507812e+00 3.557531833648681641e+00
5.730493545532226562e+00 9.776082038879394531e+00 3.353604316711425781e+00 3.829698562622070312e+00 6.502449035644531250e+00 3.349581718444824219e+00 5.704085350036621094e+00 4.212466239929199219e+00 7.147440433502197266e+00 5.650698184967041016e+00 4.539275646209716797e+00 8.016622543334960938e+00 5.304265975952148438e+00 3.906689882278442383e+00 4.159812927246093750e+00 4.056597709655761719e+00 8.641255378723144531e+00 5.136879920959472656e+00 5.192864894866943359e+00 4.111014366149902344e+00
2.591638803482055664e+00 5.713382720947265625e+00 5.290277481079101562e+00 6.989824295043945312e+00 5.173295021057128906e+00 7.728304862976074219e+00 4.645588397979736328e+00 4.046876430511474609e+00 5.032638072967529297e+00 5.310146331787109375e+00 5.479785442352294922e+00 5.552408218383789062e+00 5.780158519744873047e+00 3.260154008865356445e+00 4.353535652160644531e+00 4.242532730102539062e+00 5.540103912353515625e+00 7.693983078002929688e+00 5.120071411132812500e+00 7.034685134887695312e+00
4.278696537017822266e+00 5.134702205657958984e+00 5.207277297973632812e+00 3.931403160095214844e+00 9.062948226928710938e+00 7.327647209167480469e+00 3.760782003402709961e+00 3.715373039245605469e+00 3.399515628814697266e+00 4.531786918640136719e+00 5.757410049438476562e+00 7.912173748016357422e+00 1.106446456909179688e+01 4.738308429718017578e+00 5.514820098876953125e+00 7.937105655670166016e+00 3.727119445800781250e+00 6.234018802642822266e+00 6.324809551239013672e+00 4.433053970336914062e+00
2.978697776794433594e+00 5.139847755432128906e+00 5.823248863220214844e+00 5.509027481079101562e+00 5.373180866241455078e+00 7.230037689208984375e+00 4.681952476501464844e+00 5.251054763793945312e+00 5.197234630584716797e+00 4.118797302246093750e+00 6.544950008392333984e+00 5.337494850158691406e+00 5.457760334014892578e+00 3.131243705749511719e+00 6.086189746856689453e+00 3.596230983734130859e+00 3.352559089660644531e+00 5.149427413940429688e+00 6.205423355102539062e+00 5.646710872650146484e+00
6.816515922546386719e+00 5.214823722839355469e+00 5.652554035186767578e+00 3.108421325683593750e+00 5.520256996154785156e+00 5.358084678649902344e+00 4.360681533813476562e+00 5.225760459899902344e+00 2.835854053497314453e+00 3.798742294311523438e+00 5.507679939270019531e+00 7.489538192749023438e+00 3.966242313385009766e+00 4.026055335998535156e+00 4.353481292724609375e+00 5.662792205810546875e+00 7.687478065490722656e+00 4.323643684387207031e+00 4.271937370300292969e+00 2.846495628356933594e+00
4.186429023742675781e+00 5.016533851623535156e+00 3.748718261718750000e+00 4.371793270111083984e+00 3.750256061553955078e+00 4.912475109100341797e+00 3.087985992431640625e+00 5.642498493194580078e+00 6.133823394775390625e+00 6.032575607299804688e+00 6.520080566406250000e+00 4.769214630126953125e+00 5.092625617980957031e+00 5.169152736663818359e+00 4.901901245117187500e+00 7.710288047790527344e+00 3.857949018478393555e+00 3.873516082763671875e+00 8.069696426391601562e+00 6.681203842163085938e+00
5.270406246185302734e+00 4.268082141876220703e+00 4.028863906860351562e+00 3.611612796783447266e+00 4.004383087158203125e+00 4.807668685913085938e+00 4.829568862915039062e+00 5.661790370941162109e+00 5.358704090118408203e+00 4.274474143981933594e+00 4.608103275299072266e+00 4.911550521850585938e+00 4.502295494079589844e+00 5.642164707183837891e+00 4.482683658599853516e+00 4.590399742126464844e+00 4.918502807617187500e+00 6.078243255615234375e+00 4.273367881774902344e+00 7.452881813049316406e+00
6.345914840698242188e+00 6.527233123779296875e+00 4.689024448394775391e+00 2.490319728851318359e+00 7.628164291381835938e+00 4.483319759368896484e+00 3.742933750152587891e+00 4.512844085693359375e+00 4.339542388916015625e+00 5.085273742675781250e+00 5.146951675415039062e+00 6.208505630493164062e+00 3.577522754669189453e+00 4.218570709228515625e+00 4.716671943664550781e+00 4.898568153381347656e+00 5.500914573669433594e+00 5.000196456909179688e+00 5.313480854034423828e+00 3.739566564559936523e+00
6.716812133789062500e+00 3.600861549377441406e+00 4.499560356140136719e+00 8.361047744750976562e+00 8.940662384033203125e+00 6.277749061584472656e+00 9.896471023559570312e+00 6.562624454498291016e+00 5.862051486968994141e+00 5.923882961273193359e+00 9.553590774536132812e+00 5.093891143798828125e+00 6.769527435302734375e+00 6.169878005981445312e+00 4.587239265441894531e+00 5.089225292205810547e+00 8.368860244750976562e+00 6.270205497741699219e+00 5.769972801208496094e+00 4.662066459655761719e+00
5.818336486816406250e+00 3.429388999938964844e+00 5.475021839141845703e+00 5.563241004943847656e+00 9.282576560974121094e+00 8.629150390625000000e+00 8.877866744995117188e+00 4.725306510925292969e+00 6.006656169891357422e+00 9.587341308593750000e+00 7.069531440734863281e+00 4.531023025512695312e+00 4.083716392517089844e+00 3.709340095520019531e+00 5.757351875305175781e+00 4.210712909698486328e+00 4.608633518218994141e+00 6.056528091430664062e+00 4.005746841430664062e+00 5.890075683593750000e+00
7.968129158020019531e+00 6.201372146606445312e+00 4.369617938995361328e+00 6.867011070251464844e+00 6.146512031555175781e+00 5.366042613983154297e+00 7.794979572296142578e+00 4.234779357910156250e+00 5.359242439270019531e+00 8.625967025756835938e+00 5.724936485290527344e+00 6.437576293945312500e+00 8.704010963439941406e+00 5.912169456481933594e+00 6.930755615234375000e+00 4.211053848266601562e+00 5.784477710723876953e+00 5.856510162353515625e+00 5.944349288940429688e+00 3.304801464080810547e+00
