2019-07-23 06:30:00
5.664546012878417969e+00 3.432232618331909180e+00 4.636857986450195312e+00 3.514800548553466797e+00 3.850465297698974609e+00 4.508807182312011719e+00 4.843582153320312500e+00 2.336136102676391602e+00 7.108682155609130859e+00 6.638934612274169922e+00 4.201210498809814453e+00 4.291819095611572266e+00 8.396780014038085938e+00 4.467360496520996094e+00 5.206005573272705078e+00 1.083337306976318359e+01 6.505417823791503906e+00 3.635154247283935547e+00 3.554227828979492188e+00 3.350280284881591797e+00
7.954807281494140625e+00 6.907766342163085938e+00 5.153919219970703125e+00 1.320869350433349609e+01 8.849628448486328125e+00 3.832644224166870117e+00 4.021887779235839844e+00 3.760467052459716797e+00 4.232941627502441406e+00 5.297081470489501953e+00 4.930129051208496094e+00 3.346849441528320312e+00 4.509671688079833984e+00 5.736612319946289062e+00 3.578279972076416016e+00 3.314597129821777344e+00 1.100644302368164062e+01 7.289536952972412109e+00 3.837095022201538086e+00 3.934444904327392578e+00
6.941109657287597656e+00 4.662422180175781250e+00 6.299512386322021484e+00 7.828917980194091797e+00 6.676878929138183594e+00 1.012223720550537109e+01 6.498350143432617188e+00 3.344789981842041016e+00 3.081999063491821289e+00 3.774308681488037109e+00 9.098134040832519531e+00 7.838527679443359375e+00 4.479949951171875000e+00 6.148116111755371094e+00 3.229817390441894531e+00 4.334868907928466797e+00 1.105867767333984375e+01 5.040621757507324219e+00 4.482307910919189453e+00 4.004207611083984375e+00
4.519329071044921875e+00 8.254076957702636719e+00 4.740047454833984375e+00 1.033666801452636719e+01 4.398000240325927734e+00 3.568979740142822266e+00 3.302360534667968750e+00 4.808180332183837891e+00 4.474065780639648438e+00 1.248668193817138672e+01 7.352007389068603516e+00 7.939642906188964844e+00 3.991141319274902344e+00 5.293933868408203125e+00 4.159127235412597656e+00 3.521490335464477539e+00 4.572129249572753906e+00 6.072942733764648438e+00 5.949042320251464844e+00 5.365459442138671875e+00
3.864129543304443359e+00 5.437337875366210938e+00 3.586225986480712891e+00 2.354208707809448242e+00 2.713424921035766602e+00 5.571972370147705078e+00 2.548512697219848633e+00 5.890794754028320312e+00 1.285518741607666016e+01 5.752959251403808594e+00 7.189275741577148438e+00 7.068821907043457031e+00 6.796604633331298828e+00 4.205516815185546875e+00 3.943890094757080078e+00 8.308309555053710938e+00 4.625174045562744141e+00 4.463519096374511719e+00 1.136576557159423828e+01 4.755464553833007812e+00
8.082243919372558594e+00 3.203098773956298828e+00 1.266395092010498047e+01 8.642551422119140625e+00 4.229515075683593750e+00 6.894638061523437500e+00 4.745897293090820312e+00 7.495173454284667969e+00 5.154664993286132812e+00 7.021579265594482422e+00 5.668657302856445312e+00 4.463441848754882812e+00 5.115064620971679688e+00 4.161674499511718750e+00 4.993028163909912109e+00 7.629150867462158203e+00 4.685416221618652344e+00 8.427891731262207031e+00 7.334278583526611328e+00 4.401811599731445312e+00
7.412292957305908203e+00 7.788930892944335938e+00 7.252340793609619141e+00 6.407337188720703125e+00 5.780174255371093750e+00 1.131529808044433594e+01 3.569167137145996094e+00 4.641034126281738281e+00 5.965453147888183594e+00 4.245455741882324219e+00 3.666199922561645508e+00 3.228381395339965820e+00 5.707690715789794922e+00 9.195634841918945312e+00 3.667906284332275391e+00 4.841613769531250000e+00 4.331603527069091797e+00 4.354683876037597656e+00 9.237546920776367188e+00 5.857491493225097656e+00
1.178383159637451172e+01 4.853000640869140625e+00 6.180397033691406250e+00 5.472747802734375000e+00 3.545563220977783203e+00 7.982172012329101562e+00 2.830331802368164062e+00 4.168113708496093750e+00 3.963891983032226562e+00 5.617840766906738281e+00 3.125013828277587891e+00 5.672803401947021484e+00 9.519146919250488281e+00 1.047692966461181641e+01 5.483769416809082031e+00 4.403466224670410156e+00 3.950062274932861328e+00 5.217003822326660156e+00 6.079828262329101562e+00 4.512617588043212891e+00
5.387596130371093750e+00 6.076678752899169922e+00 1.210446739196777344e+01 8.926219940185546875e+00 8.108891487121582031e+00 5.515322208404541016e+00 4.256428241729736328e+00 3.912514686584472656e+00 4.861418724060058594e+00 3.142511844635009766e+00 4.632856369018554688e+00 4.198385238647460938e+00 8.578678131103515625e+00 4.293523788452148438e+00 5.622004508972167969e+00 4.009902000427246094e+00 6.916492462158203125e+00 5.136513710021972656e+00 3.770145654678344727e+00 3.494285583496093750e+00
5.054680347442626953e+00 5.980616569519042969e+00 4.362418651580810547e+00 4.917390823364257812e+00 3.495339870452880859e+00 4.876835346221923828e+00 4.127363204956054688e+00 3.825840711593627930e+00 5.488183975219726562e+00 9.406528472900390625e+00 4.887539863586425781e+00 6.827161788940429688e+00 3.749629974365234375e+00 5.341412067413330078e+00 5.374297142028808594e+00 3.778208255767822266e+00 5.556380271911621094e+00 4.168667793273925781e+00 4.688339233398437500e+00 7.683695316314697266e+00
5.110127449035644531e+00 4.410650253295898438e+00 1.952271938323974609e+00 5.637640953063964844e+00 6.379414081573486328e+00 3.362185478210449219e+00 4.700749397277832031e+00 5.439188957214355469e+00 4.824806213378906250e+00 4.420038223266601562e+00 3.020665168762207031e+00 5.563927650451660156e+00 4.712794303894042969e+00 4.267264366149902344e+00 8.319792747497558594e+00 4.338117599487304688e+00 4.980157375335693359e+00 6.813853740692138672e+00 5.118313312530517578e+00 5.597114562988281250e+00
3.278317213058471680e+00 3.780222177505493164e+00 7.325555801391601562e+00 4.748439788818359375e+00 6.256663322448730469e+00 4.646244049072265625e+00 2.344364404678344727e+00 4.348849296569824219e+00 3.564942359924316406e+00 4.511096954345703125e+00 4.492081642150878906e+00 5.845575332641601562e+00 5.170346260070800781e+00 4.955444812774658203e+00 5.775227546691894531e+00 7.826612949371337891e+00 5.130565643310546875e+00 3.006504535675048828e+00 4.032121658325195312e+00 3.705331802368164062e+00
5.419071674346923828e+00 4.673656463623046875e+00 5.189133644104003906e+00 4.675895690917968750e+00 3.728857517242431641e+00 3.571572065353393555e+00 6.152288436889648438e+00 4.594651222229003906e+00 3.720302820205688477e+00 5.557955265045166016e+00 4.479587554931640625e+00 5.809079170227050781e+00 5.567859172821044922e+00 4.614826202392578125e+00 2.754640579223632812e+00 5.158639430999755859e+00 4.387762069702148438e+00 3.670158863067626953e+00 5.421675205230712891e+00 5.641142845153808594e+00
4.474705219268798828e+00 2.046057224273681641e+00 6.014618396759033203e+00 3.784690856933593750e+00 5.432528495788574219e+00 5.982901096343994141e+00 4.620296955108642578e+00 4.317932128906250000e+00 4.431647300720214844e+00 4.445837020874023438e+00 4.419646263122558594e+00 5.435027122497558594e+00 5.618621349334716797e+00 5.006002426147460938e+00 4.948175907135009766e+00 4.538061141967773438e+00 2.336220026016235352e+00 3.184165954589843750e+00 5.073005676269531250e+00 3.841861724853515625e+00
2.437136173248291016e+00 4.830111503601074219e+00 4.862405776977539062e+00 5.935548305511474609e+00 4.985028266906738281e+00 4.364985466003417969e+00 3.219161748886108398e+00 4.486557006835937500e+00 5.088456153869628906e+00 5.960226058959960938e+00 5.381142616271972656e+00 4.506047248840332031e+00 3.971497535705566406e+00 4.388270378112792969e+00 4.656689643859863281e+00 5.382224559783935547e+00 5.391652107238769531e+00 4.072932720184326172e+00 4.368966102600097656e+00 3.181174993515014648e+00
4.220586776733398438e+00 5.208353042602539062e+00 2.459607124328613281e+00 3.597580432891845703e+00 4.676464080810546875e+00 3.444884300231933594e+00 3.633512020111083984e+00 5.163483142852783203e+00 4.622868537902832031e+00 5.500804424285888672e+00 5.239191532135009766e+00 2.858054161071777344e+00 5.745494842529296875e+00 4.831853389739990234e+00 3.282663822174072266e+00 4.303466796875000000e+00 5.001355171203613281e+00 2.689419746398925781e+00 4.454880237579345703e+00 8.823631286621093750e+00
5.711485862731933594e+00 3.662045478820800781e+00 7.156731605529785156e+00 5.020544052124023438e+00 6.341769695281982422e+00 4.052027702331542969e+00 4.132548332214355469e+00 4.724425315856933594e+00 3.303625822067260742e+00 5.282509326934814453e+00 3.448999643325805664e+00 3.660421371459960938e+00 4.580631732940673828e+00 5.488676548004150391e+00 5.600855827331542969e+00 6.228547096252441406e+00 4.475978851318359375e+00 4.309982776641845703e+00 4.522525310516357422e+00 5.696348667144775391e+00
4.758744239807128906e+00 3.761492013931274414e+00 4.319873332977294922e+00 5.870895385742187500e+00 6.759365081787109375e+00 2.541802883148193359e+00 7.272030353546142578e+00 6.023715019226074219e+00 6.091148853302001953e+00 8.272178649902343750e+00 5.489310264587402344e+00 6.646938323974609375e+00 5.757712841033935547e+00 5.848672389984130859e+00 5.789272308349609375e+00 4.986833572387695312e+00 5.404703617095947266e+00 6.113411903381347656e+00 4.475762367248535156e+00 5.231064319610595703e+00
4.140319347381591797e+00 4.611688613891601562e+00 4.225492954254150391e+00 5.490141868591308594e+00 8.343599319458007812e+00 3.387747287750244141e+00 4.317295551300048828e+00 6.361028194427490234e+00 5.884827613830566406e+00 5.570830345153808594e+00 6.700453758239746094e+00 7.500750064849853516e+00 6.103515625000000000e+00 5.730804443359375000e+00 7.220183849334716797e+00 3.188624858856201172e+00 5.883082866668701172e+00 4.487410545349121094e+00 7.574211120605468750e+00 6.007346630096435547e+00
6.342627048492431641e+00 5.666434288024902344e+00 2.815353393554687500e+00 5.334768295288085938e+00 4.354368686676025391e+00 3.464857339859008789e+00 5.783831596374511719e+00 4.749691963195800781e+00 5.879722595214843750e+00 9.812025070190429688e+00 6.494912147521972656e+00 4.546230792999267578e+00 8.643964767456054688e+00 4.911808013916015625e+00 7.015810012817382812e+00 3.901957511901855469e+00 5.888090610504150391e+00 6.926263332366943359e+00 5.817161560058593750e+00 4.439750671386718750e+00
