2019-07-23 06:45:00
8.291700363159179688e+00 4.944131374359130859e+00 1.075131130218505859e+01 4.106552600860595703e+00 4.584690570831298828e+00 3.597158432006835938e+00 4.229974746704101562e+00 2.914130210876464844e+00 7.486245632171630859e+00 9.030346870422363281e+00 4.536035537719726562e+00 2.878140687942504883e+00 6.888178825378417969e+00 4.256581306457519531e+00 7.571981430053710938e+00 5.650093078613281250e+00 4.993636608123779297e+00 4.511888027191162109e+00 5.152215957641601562e+00 3.032979011535644531e+00
6.715632438659667969e+00 1.171743011474609375e+01 1.110590362548828125e+01 8.192535400390625000e+00 5.441854953765869141e+00 3.855777740478515625e+00 5.116096019744873047e+00 2.707476139068603516e+00 2.739495515823364258e+00 3.354365825653076172e+00 3.460989475250244141e+00 3.588798522949218750e+00 2.752232074737548828e+00 4.774106502532958984e+00 4.868898868560791016e+00 5.332484245300292969e+00 9.888074874877929688e+00 5.314900398254394531e+00 4.120286941528320312e+00 3.917641639709472656e+00
8.467546463012695312e+00 8.922950744628906250e+00 6.354332447052001953e+00 5.343106269836425781e+00 9.631748199462890625e+00 8.525512695312500000e+00 1.621688842773437500e+01 5.201419353485107422e+00 5.161396503448486328e+00 3.683880805969238281e+00 8.194755554199218750e+00 8.041455268859863281e+00 4.772835731506347656e+00 5.424953460693359375e+00 2.497243404388427734e+00 4.643974304199218750e+00 9.128110885620117188e+00 5.750296592712402344e+00 4.866632461547851562e+00 5.192378520965576172e+00
4.287039279937744141e+00 7.686064720153808594e+00 6.149924278259277344e+00 6.871733665466308594e+00 5.182701110839843750e+00 2.790338516235351562e+00 4.394748687744140625e+00 3.451623916625976562e+00 3.198160171508789062e+00 7.768691062927246094e+00 5.528870582580566406e+00 8.985898017883300781e+00 3.497056484222412109e+00 3.322424411773681641e+00 8.920873641967773438e+00 3.713794708251953125e+00 4.090705394744873047e+00 5.873836517333984375e+00 4.701562881469726562e+00 3.531961441040039062e+00
3.726853609085083008e+00 4.224464416503906250e+00 5.523649215698242188e+00 3.850025653839111328e+00 4.788050651550292969e+00 7.349781990051269531e+00 4.877702236175537109e+00 6.926837921142578125e+00 8.295188903808593750e+00 4.311547279357910156e+00 5.187830924987792969e+00 6.351096153259277344e+00 5.772066116333007812e+00 6.034226417541503906e+00 8.928691864013671875e+00 7.382972717285156250e+00 4.462491989135742188e+00 7.463960647583007812e+00 6.890457153320312500e+00 3.705632925033569336e+00
5.658993244171142578e+00 3.103581905364990234e+00 5.489004135131835938e+00 4.991558074951171875e+00 8.633479118347167969e+00 9.173049926757812500e+00 5.744791984558105469e+00 8.662469863891601562e+00 1.165062713623046875e+01 5.445314407348632812e+00 5.842327117919921875e+00 8.764053344726562500e+00 4.988360881805419922e+00 3.311657667160034180e+00 3.845120429992675781e+00 8.280539512634277344e+00 3.700676918029785156e+00 7.795762062072753906e+00 4.866935729980468750e+00 4.761364936828613281e+00
7.899157524108886719e+00 1.142952632904052734e+01 9.934652328491210938e+00 7.437826633453369141e+00 1.342095470428466797e+01 6.557245731353759766e+00 3.140849351882934570e+00 8.286839485168457031e+00 3.812284946441650391e+00 4.597019195556640625e+00 2.740416049957275391e+00 4.373916625976562500e+00 5.620788574218750000e+00 1.217117881774902344e+01 2.861875295639038086e+00 5.155456066131591797e+00 4.831961631774902344e+00 3.995380878448486328e+00 6.940914154052734375e+00 4.427257061004638672e+00
9.397851943969726562e+00 6.648169994354248047e+00 8.501605987548828125e+00 8.954158782958984375e+00 5.909281253814697266e+00 6.490565776824951172e+00 5.550183773040771484e+00 5.297449588775634766e+00 3.854802370071411133e+00 2.368749141693115234e+00 3.477588415145874023e+00 4.951796531677246094e+00 1.301110076904296875e+01 9.166776657104492188e+00 4.321794509887695312e+00 3.286633968353271484e+00 3.851051092147827148e+00 3.820886611938476562e+00 1.090353965759277344e+01 4.899597167968750000e+00
1.001981544494628906e+01 6.291484832763671875e+00 9.137780189514160156e+00 7.440836429595947266e+00 9.949686050415039062e+00 3.558764934539794922e+00 2.504707813262939453e+00 4.177630424499511719e+00 3.529489517211914062e+00 1.935092687606811523e+00 2.501133441925048828e+00 3.964333057403564453e+00 7.107994079589843750e+00 6.379030227661132812e+00 6.427437782287597656e+00 3.124092102050781250e+00 6.476012706756591797e+00 5.308228492736816406e+00 4.993249416351318359e+00 5.919299602508544922e+00
3.107194423675537109e+00 7.374279022216796875e+00 5.555768966674804688e+00 2.346197605133056641e+00 4.828410148620605469e+00 2.059913396835327148e+00 5.418549060821533203e+00 4.901721477508544922e+00 7.591211318969726562e+00 6.110249519348144531e+00 5.644933700561523438e+00 6.572096824645996094e+00 5.544075965881347656e+00 4.464840888977050781e+00 3.306895732879638672e+00 4.553930282592773438e+00 1.001116371154785156e+01 5.320855140686035156e+00 3.070956945419311523e+00 3.863003253936767578e+00
4.141373634338378906e+00 2.135721206665039062e+00 4.053928852081298828e+00 4.109896659851074219e+00 3.729374885559082031e+00 3.566314935684204102e+00 3.530474424362182617e+00 4.312992095947265625e+00 5.256217002868652344e+00 3.874241828918457031e+00 4.569882392883300781e+00 4.616096973419189453e+00 5.775461196899414062e+00 6.784209728240966797e+00 2.825935840606689453e+00 4.697232246398925781e+00 5.040780067443847656e+00 4.772194862365722656e+00 5.049463272094726562e+00 5.561366081237792969e+00
3.970627069473266602e+00 3.550401449203491211e+00 5.746817588806152344e+00 3.798897743225097656e+00 5.993747234344482422e+00 4.056147575378417969e+00 4.738041877746582031e+00 3.571456193923950195e+00 4.301885128021240234e+00 2.473090648651123047e+00 4.041912078857421875e+00 4.347349166870117188e+00 3.021269321441650391e+00 5.336026191711425781e+00 3.736777305603027344e+00 8.342891693115234375e+00 2.988111019134521484e+00 4.126630306243896484e+00 3.649390220642089844e+00 4.733038902282714844e+00
4.686047554016113281e+00 2.357474327087402344e+00 2.902583599090576172e+00 4.217592239379882812e+00 4.149450778961181641e+00 2.968743801116943359e+00 3.114714145660400391e+00 5.178180694580078125e+00 6.451733589172363281e+00 3.515035152435302734e+00 3.584042787551879883e+00 3.931858539581298828e+00 2.901042222976684570e+00 3.942577838897705078e+00 3.254396915435791016e+00 5.822546005249023438e+00 5.459973335266113281e+00 4.651691913604736328e+00 5.939477920532226562e+00 3.874585866928100586e+00
4.793423652648925781e+00 3.701582193374633789e+00 2.852565526962280273e+00 4.933358192443847656e+00 2.199121236801147461e+00 3.800526618957519531e+00 4.077616214752197266e+00 4.113811492919921875e+00 5.817177772521972656e+00 3.735243797302246094e+00 3.365614891052246094e+00 4.323885917663574219e+00 4.809496879577636719e+00 4.274682044982910156e+00 3.300440549850463867e+00 4.149102210998535156e+00 5.448081970214843750e+00 3.650557041168212891e+00 2.618455410003662109e+00 4.784996986389160156e+00
4.175128936767578125e+00 5.163741111755371094e+00 4.599455833435058594e+00 3.229130983352661133e+00 2.226237297058105469e+00 4.094629287719726562e+00 4.810444831848144531e+00 3.851938724517822266e+00 2.531859397888183594e+00 3.742667436599731445e+00 3.681035041809082031e+00 4.842652320861816406e+00 3.304368019104003906e+00 4.249171257019042969e+00 4.435921669006347656e+00 3.197715282440185547e+00 3.034650802612304688e+00 4.146999835968017578e+00 3.340009689331054688e+00 4.906038284301757812e+00
2.776788234710693359e+00 4.375522136688232422e+00 5.052606105804443359e+00 3.371552467346191406e+00 4.761523246765136719e+00 3.594521999359130859e+00 3.854403257369995117e+00 3.090878009796142578e+00 4.912665843963623047e+00 4.360831260681152344e+00 5.178441047668457031e+00 5.254967212677001953e+00 4.521719932556152344e+00 3.828950405120849609e+00 5.879772186279296875e+00 3.834057569503784180e+00 2.574652433395385742e+00 3.282684326171875000e+00 3.779272556304931641e+00 6.756292343139648438e+00
4.219315528869628906e+00 4.811513900756835938e+00 5.424747467041015625e+00 5.238852024078369141e+00 7.363904953002929688e+00 3.908511400222778320e+00 3.089078903198242188e+00 3.742138385772705078e+00 3.102846145629882812e+00 2.153505086898803711e+00 3.778009176254272461e+00 5.125113010406494141e+00 3.911831855773925781e+00 4.271667480468750000e+00 3.512939453125000000e+00 4.889922142028808594e+00 3.199550628662109375e+00 4.629448890686035156e+00 4.691429138183593750e+00 6.453548431396484375e+00
3.591413736343383789e+00 2.923982620239257812e+00 4.163779258728027344e+00 5.873847007751464844e+00 4.906320095062255859e+00 4.165978431701660156e+00 5.829399108886718750e+00 4.174082756042480469e+00 7.810631275177001953e+00 5.387926578521728516e+00 4.987393379211425781e+00 5.664862632751464844e+00 7.242289543151855469e+00 4.441856861114501953e+00 3.061308145523071289e+00 2.690790891647338867e+00 7.327320098876953125e+00 7.627090454101562500e+00 3.574085235595703125e+00 4.922513484954833984e+00
3.197978496551513672e+00 4.199611663818359375e+00 3.912457466125488281e+00 3.662673234939575195e+00 5.298923015594482422e+00 6.564292430877685547e+00 9.184785842895507812e+00 4.505564212799072266e+00 4.987627983093261719e+00 7.818340301513671875e+00 8.196811676025390625e+00 6.650931358337402344e+00 4.072219371795654297e+00 5.545264720916748047e+00 4.732686042785644531e+00 4.079009056091308594e+00 3.053730964660644531e+00 3.328373908996582031e+00 6.104454517364501953e+00 3.502887725830078125e+00
7.032417297363281250e+00 5.907804012298583984e+00 3.445738315582275391e+00 5.910415649414062500e+00 5.447893619537353516e+00 4.521592140197753906e+00 4.804769515991210938e+00 5.636140823364257812e+00 6.255984783172607422e+00 5.077820777893066406e+00 5.104091167449951172e+00 1.169804382324218750e+01 6.952161312103271484e+00 4.594109058380126953e+00 4.034879684448242188e+00 3.131875514984130859e+00 3.127046108245849609e+00 7.521503925323486328e+00 6.674895763397216797e+00 3.744516134262084961e+00
