2019-07-23 07:00:00
6.246339797973632812e+00 6.355139732360839844e+00 4.482201576232910156e+00 3.252505779266357422e+00 3.946875810623168945e+00 3.633633613586425781e+00 3.992950916290283203e+00 3.655361652374267578e+00 5.756380081176757812e+00 4.792014598846435547e+00 4.085958003997802734e+00 3.423902034759521484e+00 9.257822036743164062e+00 3.638754844665527344e+00 3.738506555557250977e+00 8.144490242004394531e+00 4.669636726379394531e+00 4.693284988403320312e+00 5.918498039245605469e+00 4.213785648345947266e+00
9.424054145812988281e+00 6.727474689483642578e+00 7.626155853271484375e+00 4.699074745178222656e+00 5.656454086303710938e+00 4.156917572021484375e+00 4.330925464630126953e+00 4.683237075805664062e+00 4.265556812286376953e+00 2.867896795272827148e+00 3.907951831817626953e+00 5.188112258911132812e+00 4.398525238037109375e+00 3.563803911209106445e+00 5.191306591033935547e+00 3.972062826156616211e+00 7.944491863250732422e+00 3.814796924591064453e+00 3.328716039657592773e+00 3.483768463134765625e+00
5.715760707855224609e+00 6.719781875610351562e+00 5.068881988525390625e+00 6.406837463378906250e+00 6.758960723876953125e+00 6.492680549621582031e+00 7.118119239807128906e+00 2.713568687438964844e+00 4.525709152221679688e+00 4.054488182067871094e+00 6.879966735839843750e+00 7.674773216247558594e+00 3.387201786041259766e+00 5.879742622375488281e+00 8.022005081176757812e+00 2.384208202362060547e+00 6.740606307983398438e+00 8.650553703308105469e+00 4.280618190765380859e+00 4.491264820098876953e+00
3.443808317184448242e+00 7.023711204528808594e+00 8.022300720214843750e+00 9.311597824096679688e+00 3.038512229919433594e+00 5.346242904663085938e+00 2.677576541900634766e+00 3.840365886688232422e+00 3.337726593017578125e+00 5.463988780975341797e+00 7.098437309265136719e+00 5.895367145538330078e+00 3.832675218582153320e+00 4.415202140808105469e+00 5.307320594787597656e+00 4.000479221343994141e+00 3.939006328582763672e+00 7.425172328948974609e+00 3.300288200378417969e+00 2.992972373962402344e+00
3.571902513504028320e+00 2.986665248870849609e+00 3.604027271270751953e+00 3.959650993347167969e+00 3.205203533172607422e+00 4.864050865173339844e+00 2.627851486206054688e+00 6.826860904693603516e+00 6.425271987915039062e+00 5.368150234222412109e+00 9.497308731079101562e+00 2.985466003417968750e+00 6.510056972503662109e+00 3.646317481994628906e+00 6.615109443664550781e+00 4.703797817230224609e+00 4.395613670349121094e+00 7.517701625823974609e+00 5.679588794708251953e+00 3.919433832168579102e+00
2.879851818084716797e+00 3.277260303497314453e+00 3.871229648590087891e+00 8.981731414794921875e+00 4.957974433898925781e+00 5.447952747344970703e+00 4.843888282775878906e+00 4.784234046936035156e+00 5.956563472747802734e+00 4.450317382812500000e+00 3.769579887390136719e+00 4.308065414428710938e+00 4.267946243286132812e+00 3.963224411010742188e+00 5.356980323791503906e+00 8.499729156494140625e+00 5.085124969482421875e+00 9.064788818359375000e+00 7.759553432464599609e+00 4.358973503112792969e+00
9.048982620239257812e+00 9.028371810913085938e+00 3.938494682312011719e+00 7.488798618316650391e+00 3.855340480804443359e+00 4.838491916656494141e+00 4.470474243164062500e+00 6.591709613800048828e+00 2.896801471710205078e+00 5.642477035522460938e+00 4.041474342346191406e+00 4.303310871124267578e+00 5.359087944030761719e+00 7.686468124389648438e+00 3.777612209320068359e+00 5.120752811431884766e+00 3.546164989471435547e+00 3.371060609817504883e+00 4.599301338195800781e+00 8.117885589599609375e+00
8.850655555725097656e+00 6.170357227325439453e+00 4.391107082366943359e+00 7.146421432495117188e+00 6.298688888549804688e+00 4.612914562225341797e+00 3.271119117736816406e+00 3.737219810485839844e+00 3.930657863616943359e+00 5.320231914520263672e+00 5.224735736846923828e+00 3.151115417480468750e+00 4.828388214111328125e+00 7.831393718719482422e+00 4.087508678436279297e+00 2.949607610702514648e+00 3.047680377960205078e+00 4.813906669616699219e+00 8.292018890380859375e+00 4.843980789184570312e+00
4.775539398193359375e+00 4.015575885772705078e+00 7.196903705596923828e+00 6.866095542907714844e+00 7.139145374298095703e+00 3.036752700805664062e+00 3.866749286651611328e+00 3.727573394775390625e+00 2.884247779846191406e+00 2.776181221008300781e+00 3.835264205932617188e+00 3.109234094619750977e+00 2.115174770355224609e+00 3.441529750823974609e+00 4.818427085876464844e+00 4.817530155181884766e+00 3.943128347396850586e+00 3.296056270599365234e+00 4.566224575042724609e+00 3.610754489898681641e+00
7.541463851928710938e+00 4.120615959167480469e+00 3.202699422836303711e+00 3.456115722656250000e+00 4.685152530670166016e+00 1.922755122184753418e+00 3.192963838577270508e+00 4.292578697204589844e+00 4.636689186096191406e+00 8.843385696411132812e+00 4.933124542236328125e+00 6.598350524902343750e+00 3.909756422042846680e+00 4.407304763793945312e+00 3.205731630325317383e+00 3.332635402679443359e+00 7.141077041625976562e+00 3.895366191864013672e+00 2.173952579498291016e+00 2.828037738800048828e+00
3.216836452484130859e+00 2.891020059585571289e+00 2.649730443954467773e+00 3.671414136886596680e+00 4.425264358520507812e+00 2.755762100219726562e+00 3.212794303894042969e+00 4.059937477111816406e+00 4.298441410064697266e+00 3.106839179992675781e+00 5.411072731018066406e+00 7.210916042327880859e+00 6.690067768096923828e+00 4.679446220397949219e+00 3.879194259643554688e+00 3.104806900024414062e+00 3.318560600280761719e+00 7.937088012695312500e+00 2.935407638549804688e+00 2.635965108871459961e+00
4.709960937500000000e+00 2.844810962677001953e+00 3.127681255340576172e+00 2.982001304626464844e+00 4.485936164855957031e+00 4.890508651733398438e+00 4.367927551269531250e+00 4.270540237426757812e+00 2.618431091308593750e+00 2.929534673690795898e+00 3.376506328582763672e+00 3.317260503768920898e+00 3.180196285247802734e+00 4.127468109130859375e+00 3.462055683135986328e+00 7.824060440063476562e+00 4.315913200378417969e+00 3.495153188705444336e+00 3.461252212524414062e+00 2.939084053039550781e+00
1.160725593566894531e+00 3.419785976409912109e+00 4.241893768310546875e+00 2.360666275024414062e+00 2.524871110916137695e+00 4.126955986022949219e+00 3.462959527969360352e+00 2.964694023132324219e+00 3.443946838378906250e+00 4.413753032684326172e+00 2.735172510147094727e+00 3.570561647415161133e+00 3.195721387863159180e+00 3.612956285476684570e+00 3.939859867095947266e+00 3.380378007888793945e+00 2.585754394531250000e+00 4.139879226684570312e+00 3.228323698043823242e+00 3.221094131469726562e+00
2.177833557128906250e+00 3.285528659820556641e+00 3.858956098556518555e+00 2.707562685012817383e+00 4.675254821777343750e+00 2.943548202514648438e+00 4.740734100341796875e+00 3.311413526535034180e+00 3.292383670806884766e+00 2.439639806747436523e+00 3.530651092529296875e+00 3.247082471847534180e+00 3.834810495376586914e+00 2.987685203552246094e+00 4.593600273132324219e+00 3.795598506927490234e+00 4.659785270690917969e+00 3.139442443847656250e+00 3.269036054611206055e+00 3.787333488464355469e+00
4.288007736206054688e+00 3.588268041610717773e+00 4.322355270385742188e+00 3.141457796096801758e+00 3.818588733673095703e+00 3.695627689361572266e+00 4.978886127471923828e+00 3.036806106567382812e+00 4.035646915435791016e+00 3.582022905349731445e+00 4.209558486938476562e+00 1.753510594367980957e+00 2.476003170013427734e+00 3.439770698547363281e+00 2.618997097015380859e+00 2.720436096191406250e+00 3.815659523010253906e+00 4.551726341247558594e+00 2.581314563751220703e+00 5.136201381683349609e+00
1.973840713500976562e+00 3.491262435913085938e+00 3.930013656616210938e+00 3.792322158813476562e+00 4.334534645080566406e+00 5.024211883544921875e+00 3.168557643890380859e+00 4.623693943023681641e+00 4.498996734619140625e+00 3.652911424636840820e+00 4.213756561279296875e+00 3.005702495574951172e+00 4.899806976318359375e+00 3.185322284698486328e+00 4.086017608642578125e+00 3.061731338500976562e+00 2.317418813705444336e+00 4.707673072814941406e+00 3.125464916229248047e+00 7.884119987487792969e+00
3.124076843261718750e+00 1.955422401428222656e+00 6.361635208129882812e+00 3.566889286041259766e+00 6.692766666412353516e+00 4.169421195983886719e+00 2.676984310150146484e+00 3.567099094390869141e+00 2.680129051208496094e+00 4.553474426269531250e+00 2.906630039215087891e+00 4.666968345642089844e+00 4.476030349731445312e+00 3.565001010894775391e+00 3.962779521942138672e+00 2.660747051239013672e+00 3.258671760559082031e+00 1.766065716743469238e+00 3.558494567871093750e+00 4.620111465454101562e+00
2.291074991226196289e+00 4.560083389282226562e+00 2.627902030944824219e+00 4.429468631744384766e+00 4.765043258666992188e+00 2.283219575881958008e+00 7.198723316192626953e+00 4.715176582336425781e+00 4.910452842712402344e+00 8.058474540710449219e+00 6.315658569335937500e+00 3.168756961822509766e+00 6.867216587066650391e+00 3.427786350250244141e+00 3.943927764892578125e+00 5.263786792755126953e+00 5.486901283264160156e+00 3.907290935516357422e+00 3.570046901702880859e+00 4.124781131744384766e+00
4.274518966674804688e+00 2.282309293746948242e+00 2.627433061599731445e+00 3.826982975006103516e+00 2.993278503417968750e+00 5.826255321502685547e+00 5.113473415374755859e+00 4.040184974670410156e+00 5.883313179016113281e+00 6.147866725921630859e+00 6.701509475708007812e+00 7.029514312744140625e+00 4.014609336853027344e+00 4.177197456359863281e+00 4.879351139068603516e+00 3.083064794540405273e+00 5.890214920043945312e+00 3.392343282699584961e+00 5.973652839660644531e+00 2.541602134704589844e+00
3.500671625137329102e+00 5.923537254333496094e+00 3.109569787979125977e+00 5.394503116607666016e+00 6.199563503265380859e+00 2.507413387298583984e+00 5.886430740356445312e+00 3.654475927352905273e+00 8.086594581604003906e+00 6.654858589172363281e+00 4.915955543518066406e+00 7.020762443542480469e+00 7.239813804626464844e+00 2.837595462799072266e+00 3.485185146331787109e+00 4.741312980651855469e+00 4.162508964538574219e+00 3.224647998809814453e+00 7.261531352996826172e+00 4.301924705505371094e+00
