2019-07-23 07:45:00
7.184347152709960938e+00 6.357665061950683594e+00 7.669141769409179688e+00 4.877258300781250000e+00 3.682679653167724609e+00 3.451471567153930664e+00 3.875545024871826172e+00 2.838287830352783203e+00 6.868016242980957031e+00 8.650074958801269531e+00 6.535145282745361328e+00 1.708099603652954102e+00 6.207685947418212891e+00 4.416594982147216797e+00 3.945218324661254883e+00 6.704728126525878906e+00 7.867723941802978516e+00 6.379800319671630859e+00 5.298451423645019531e+00 2.544268608093261719e+00
8.482057571411132812e+00 7.802788734436035156e+00 5.504978179931640625e+00 4.921288013458251953e+00 5.432731628417968750e+00 4.513954639434814453e+00 3.714444160461425781e+00 2.392040014266967773e+00 4.808858871459960938e+00 2.714472770690917969e+00 3.025115013122558594e+00 4.822873115539550781e+00 4.364176273345947266e+00 5.186279773712158203e+00 4.420258045196533203e+00 3.193292856216430664e+00 9.494220733642578125e+00 7.820039749145507812e+00 4.790316581726074219e+00 3.528494834899902344e+00
7.436985969543457031e+00 5.320188999176025391e+00 8.163017272949218750e+00 7.853273391723632812e+00 5.989585399627685547e+00 4.479118347167968750e+00 6.914701938629150391e+00 2.546350955963134766e+00 3.997631549835205078e+00 3.463981628417968750e+00 7.860910415649414062e+00 5.635757446289062500e+00 3.461151599884033203e+00 4.500995635986328125e+00 4.014552116394042969e+00 4.665883064270019531e+00 4.899985313415527344e+00 6.285750389099121094e+00 4.387165069580078125e+00 2.988591670989990234e+00
4.020631790161132812e+00 3.053482532501220703e+00 8.105247497558593750e+00 8.058927536010742188e+00 6.860064983367919922e+00 3.256129264831542969e+00 2.941843748092651367e+00 3.492571353912353516e+00 3.929655075073242188e+00 3.805817127227783203e+00 7.578022480010986328e+00 8.769221305847167969e+00 3.726888895034790039e+00 2.442157745361328125e+00 8.644622802734375000e+00 3.555796861648559570e+00 2.440064907073974609e+00 4.278120040893554688e+00 4.147209167480468750e+00 4.746926784515380859e+00
4.437327861785888672e+00 3.155664920806884766e+00 4.691006183624267578e+00 3.997326374053955078e+00 4.140402793884277344e+00 7.926989078521728516e+00 3.480426788330078125e+00 6.885794162750244141e+00 8.346637725830078125e+00 9.564132690429687500e+00 4.311005115509033203e+00 5.211815834045410156e+00 9.269325256347656250e+00 4.289011478424072266e+00 8.270482063293457031e+00 5.566846847534179688e+00 4.819487094879150391e+00 5.204428195953369141e+00 6.249601364135742188e+00 3.264066457748413086e+00
4.868182182312011719e+00 3.983434200286865234e+00 1.141323852539062500e+01 8.052586555480957031e+00 7.064990997314453125e+00 8.794308662414550781e+00 3.791714191436767578e+00 4.841463565826416016e+00 5.269935607910156250e+00 6.492116928100585938e+00 6.680018901824951172e+00 5.486940383911132812e+00 7.093414306640625000e+00 2.321793794631958008e+00 2.285961151123046875e+00 4.361237525939941406e+00 2.589225053787231445e+00 7.775248050689697266e+00 5.506690979003906250e+00 3.558368682861328125e+00
3.666787624359130859e+00 3.556261539459228516e+00 6.218936920166015625e+00 8.750301361083984375e+00 5.621948242187500000e+00 7.969184398651123047e+00 4.353550434112548828e+00 4.708337783813476562e+00 6.014431476593017578e+00 4.726844310760498047e+00 5.586587905883789062e+00 4.444401741027832031e+00 7.073045730590820312e+00 4.657850742340087891e+00 3.664180755615234375e+00 4.235379219055175781e+00 4.026721000671386719e+00 4.214800834655761719e+00 8.323434829711914062e+00 7.774030208587646484e+00
1.005187702178955078e+01 5.377920150756835938e+00 6.549170494079589844e+00 2.985640525817871094e+00 7.297242164611816406e+00 8.091126441955566406e+00 5.179452896118164062e+00 5.053482055664062500e+00 3.706793546676635742e+00 5.065505027770996094e+00 3.284835338592529297e+00 5.110048770904541016e+00 4.856206893920898438e+00 4.813066482543945312e+00 3.020310401916503906e+00 3.802296400070190430e+00 8.432562828063964844e+00 3.369402408599853516e+00 6.969233989715576172e+00 3.627582073211669922e+00
6.016784667968750000e+00 5.390806198120117188e+00 7.380787372589111328e+00 5.371709823608398438e+00 8.961623191833496094e+00 5.145759105682373047e+00 3.560935735702514648e+00 3.087748527526855469e+00 4.299701690673828125e+00 2.918472766876220703e+00 2.013761043548583984e+00 3.510440349578857422e+00 9.240684509277343750e+00 7.573936939239501953e+00 6.818403244018554688e+00 4.896818637847900391e+00 7.287374019622802734e+00 3.702518939971923828e+00 3.733705282211303711e+00 3.922694921493530273e+00
4.972487926483154297e+00 9.442885398864746094e+00 2.811659336090087891e+00 4.370509147644042969e+00 2.673218727111816406e+00 4.479365348815917969e+00 4.212925910949707031e+00 4.853808403015136719e+00 8.304987907409667969e+00 8.229892730712890625e+00 4.802713394165039062e+00 8.386371612548828125e+00 3.523428440093994141e+00 5.094028949737548828e+00 4.343587875366210938e+00 2.710027694702148438e+00 6.067859172821044922e+00 3.432019710540771484e+00 5.279613494873046875e+00 5.665584087371826172e+00
3.813434600830078125e+00 4.996905326843261719e+00 3.791121244430541992e+00 3.548299789428710938e+00 5.508579254150390625e+00 4.187248706817626953e+00 1.951526165008544922e+00 2.480584621429443359e+00 4.303833007812500000e+00 3.851331949234008789e+00 5.467266082763671875e+00 4.333685874938964844e+00 5.171238422393798828e+00 5.488572120666503906e+00 4.006322383880615234e+00 3.876676797866821289e+00 3.293675422668457031e+00 9.923017501831054688e+00 2.169212102890014648e+00 6.172112464904785156e+00
4.164778709411621094e+00 4.682432174682617188e+00 3.455590963363647461e+00 3.206769704818725586e+00 7.055033206939697266e+00 3.412209033966064453e+00 3.324012041091918945e+00 4.447620391845703125e+00 3.126261234283447266e+00 2.969090700149536133e+00 2.415453672409057617e+00 3.892830610275268555e+00 2.547473430633544922e+00 3.576642036437988281e+00 4.571673393249511719e+00 8.124216079711914062e+00 2.277267694473266602e+00 5.619387149810791016e+00 3.738128900527954102e+00 4.127604484558105469e+00
2.486191749572753906e+00 3.278680801391601562e+00 4.763904094696044922e+00 3.238733291625976562e+00 3.382098197937011719e+00 2.759986639022827148e+00 5.950583457946777344e+00 4.583840370178222656e+00 3.318660259246826172e+00 2.312673091888427734e+00 4.097493171691894531e+00 4.856664657592773438e+00 4.687152862548828125e+00 3.921012163162231445e+00 2.905366897583007812e+00 3.817955970764160156e+00 3.531561136245727539e+00 3.273865938186645508e+00 6.043196678161621094e+00 5.032228469848632812e+00
4.068362236022949219e+00 5.158422946929931641e+00 4.243171691894531250e+00 3.816224813461303711e+00 3.279245376586914062e+00 5.699977874755859375e+00 2.651431798934936523e+00 3.155994176864624023e+00 3.899174690246582031e+00 4.126535415649414062e+00 4.294667720794677734e+00 3.855647802352905273e+00 4.510927200317382812e+00 6.804332256317138672e+00 3.661930561065673828e+00 4.113974571228027344e+00 3.023675918579101562e+00 3.439858198165893555e+00 3.254414081573486328e+00 4.258719444274902344e+00
4.096602439880371094e+00 2.143111944198608398e+00 3.894325971603393555e+00 3.440726757049560547e+00 3.401063919067382812e+00 3.555706024169921875e+00 4.319507598876953125e+00 3.656244993209838867e+00 4.054470062255859375e+00 3.427907943725585938e+00 3.911264419555664062e+00 4.133350372314453125e+00 3.931969642639160156e+00 2.272415399551391602e+00 2.542993545532226562e+00 3.724138498306274414e+00 2.784859180450439453e+00 3.116585731506347656e+00 5.336869239807128906e+00 4.760222434997558594e+00
2.761261940002441406e+00 5.640287399291992188e+00 3.091808795928955078e+00 3.983400583267211914e+00 4.357482910156250000e+00 3.346276283264160156e+00 4.081685543060302734e+00 3.396684646606445312e+00 2.718251466751098633e+00 3.471593618392944336e+00 3.010896921157836914e+00 2.899324178695678711e+00 3.921123504638671875e+00 4.037042617797851562e+00 4.815619468688964844e+00 2.988171577453613281e+00 3.197861194610595703e+00 5.858749389648437500e+00 5.134569644927978516e+00 1.097480583190917969e+01
4.003483772277832031e+00 3.676283836364746094e+00 8.865579605102539062e+00 4.823866367340087891e+00 5.907220363616943359e+00 4.625494956970214844e+00 3.541579008102416992e+00 4.819691658020019531e+00 3.347899436950683594e+00 4.286709785461425781e+00 3.824679136276245117e+00 4.230320930480957031e+00 3.407677173614501953e+00 3.181792259216308594e+00 2.981259822845458984e+00 4.866227149963378906e+00 3.974922895431518555e+00 5.546385765075683594e+00 4.509593963623046875e+00 6.583198547363281250e+00
4.793848991394042969e+00 4.093524932861328125e+00 4.099544525146484375e+00 5.278310298919677734e+00 7.614508628845214844e+00 4.418272495269775391e+00 4.412030696868896484e+00 4.478168487548828125e+00 3.873551368713378906e+00 8.150220870971679688e+00 6.572953224182128906e+00 6.374957084655761719e+00 6.427315711975097656e+00 4.977579116821289062e+00 5.161804199218750000e+00 4.847194194793701172e+00 4.834228515625000000e+00 1.121073722839355469e+01 4.704788208007812500e+00 3.878698348999023438e+00
2.982273101806640625e+00 3.335328578948974609e+00 3.338382720947265625e+00 5.265573501586914062e+00 7.405001640319824219e+00 6.756730556488037109e+00 5.926197052001953125e+00 3.660455703735351562e+00 6.506068229675292969e+00 8.356698989868164062e+00 1.103677940368652344e+01 6.880060672760009766e+00 4.341999530792236328e+00 4.091080665588378906e+00 7.249614715576171875e+00 2.987524747848510742e+00 2.607036113739013672e+00 3.779635429382324219e+00 6.212779998779296875e+00 2.979847192764282227e+00
8.575913429260253906e+00 5.097883224487304688e+00 3.407337188720703125e+00 7.062047481536865234e+00 5.587197303771972656e+00 3.594251632690429688e+00 4.381471157073974609e+00 5.135140419006347656e+00 7.294001579284667969e+00 5.422688961029052734e+00 9.178960800170898438e+00 6.715490341186523438e+00 4.662024974822998047e+00 3.515265703201293945e+00 6.173334121704101562e+00 3.073740005493164062e+00 3.620566844940185547e+00 5.843169689178466797e+00 6.189837455749511719e+00 3.220530509948730469e+00
