2019-07-23 08:00:00
7.262195110321044922e+00 4.796385765075683594e+00 8.113578796386718750e+00 4.420596599578857422e+00 4.612755775451660156e+00 2.139038085937500000e+00 3.479535818099975586e+00 2.741864681243896484e+00 7.476459503173828125e+00 9.971530914306640625e+00 3.909013032913208008e+00 3.257939100265502930e+00 5.615959644317626953e+00 4.747191429138183594e+00 4.186845302581787109e+00 7.712537765502929688e+00 4.301335334777832031e+00 3.482569217681884766e+00 3.685445785522460938e+00 4.371365070343017578e+00
5.964184761047363281e+00 5.507392883300781250e+00 7.201028823852539062e+00 7.314153671264648438e+00 7.946150302886962891e+00 4.941561698913574219e+00 2.413680791854858398e+00 5.113584518432617188e+00 2.963123798370361328e+00 4.461119651794433594e+00 4.297224044799804688e+00 2.471767902374267578e+00 4.010985374450683594e+00 2.920077800750732422e+00 3.688915729522705078e+00 3.069919586181640625e+00 6.494574069976806641e+00 5.698599815368652344e+00 4.354006290435791016e+00 3.620573997497558594e+00
5.408219337463378906e+00 9.431720733642578125e+00 8.771557807922363281e+00 6.235865116119384766e+00 6.907402038574218750e+00 3.480182647705078125e+00 7.874888420104980469e+00 3.889609098434448242e+00 3.422439098358154297e+00 2.696357011795043945e+00 4.941215515136718750e+00 6.310480117797851562e+00 4.386992931365966797e+00 4.882831096649169922e+00 5.123920440673828125e+00 2.170806884765625000e+00 5.978008747100830078e+00 8.012095451354980469e+00 5.063531875610351562e+00 3.658799648284912109e+00
3.069224357604980469e+00 8.981017112731933594e+00 6.791728019714355469e+00 4.063961505889892578e+00 3.126536846160888672e+00 2.516447067260742188e+00 3.876567840576171875e+00 2.941758155822753906e+00 3.525002241134643555e+00 7.178483963012695312e+00 3.418827056884765625e+00 7.490415573120117188e+00 3.775629997253417969e+00 6.255751609802246094e+00 5.284498691558837891e+00 4.777375221252441406e+00 2.642756462097167969e+00 4.643715858459472656e+00 3.165807008743286133e+00 3.263594627380371094e+00
2.779625654220581055e+00 2.031624794006347656e+00 3.929692745208740234e+00 3.572357416152954102e+00 4.432931900024414062e+00 6.300907611846923828e+00 3.767404079437255859e+00 7.910461425781250000e+00 5.178513526916503906e+00 5.799575328826904297e+00 4.982121467590332031e+00 7.448375701904296875e+00 3.818893432617187500e+00 3.167668342590332031e+00 5.350293159484863281e+00 5.528509616851806641e+00 4.315103530883789062e+00 6.954639434814453125e+00 4.657417774200439453e+00 4.200811862945556641e+00
6.035263061523437500e+00 2.902187347412109375e+00 5.472465038299560547e+00 7.073850631713867188e+00 3.593011617660522461e+00 7.045236110687255859e+00 3.264502048492431641e+00 3.325922012329101562e+00 6.486190795898437500e+00 3.864921569824218750e+00 6.110653877258300781e+00 5.154746055603027344e+00 4.353353500366210938e+00 4.277264595031738281e+00 4.534435749053955078e+00 5.557992458343505859e+00 3.489341974258422852e+00 6.601508140563964844e+00 7.153439521789550781e+00 3.067519664764404297e+00
4.282751083374023438e+00 4.751770019531250000e+00 5.234766006469726562e+00 6.762676715850830078e+00 5.124098300933837891e+00 4.172939777374267578e+00 2.961911201477050781e+00 6.257222652435302734e+00 3.181883335113525391e+00 3.729822635650634766e+00 4.190684318542480469e+00 2.494922637939453125e+00 8.482540130615234375e+00 7.512328147888183594e+00 2.244304418563842773e+00 5.343687534332275391e+00 3.305381298065185547e+00 2.118572235107421875e+00 8.527362823486328125e+00 4.087649345397949219e+00
5.927864074707031250e+00 4.958187103271484375e+00 4.443770885467529297e+00 9.053092956542968750e+00 5.967491626739501953e+00 5.508743286132812500e+00 2.961838722229003906e+00 4.050776958465576172e+00 3.859190702438354492e+00 3.342386722564697266e+00 3.275041103363037109e+00 3.711281538009643555e+00 4.796303749084472656e+00 1.018117809295654297e+01 4.827282905578613281e+00 2.716319561004638672e+00 6.801407814025878906e+00 2.750086307525634766e+00 6.565355777740478516e+00 2.738005399703979492e+00
3.143219470977783203e+00 5.559679985046386719e+00 3.824758052825927734e+00 7.050908088684082031e+00 3.818179130554199219e+00 3.721401929855346680e+00 3.303437709808349609e+00 3.453621387481689453e+00 3.852642059326171875e+00 5.857918739318847656e+00 3.478008031845092773e+00 2.771062612533569336e+00 2.677762985229492188e+00 5.370890140533447266e+00 3.839311122894287109e+00 3.361456394195556641e+00 6.996750831604003906e+00 2.638291358947753906e+00 2.332415103912353516e+00 3.613715648651123047e+00
5.890593528747558594e+00 3.805981159210205078e+00 3.785212755203247070e+00 3.585705757141113281e+00 1.926985979080200195e+00 3.300550460815429688e+00 3.574073314666748047e+00 3.544012069702148438e+00 6.220778942108154297e+00 5.484484672546386719e+00 7.207763195037841797e+00 5.140660285949707031e+00 4.782388687133789062e+00 2.015570402145385742e+00 2.087255001068115234e+00 3.661953449249267578e+00 5.594062805175781250e+00 3.595193386077880859e+00 3.544287681579589844e+00 2.671044826507568359e+00
3.732681274414062500e+00 3.746263742446899414e+00 4.405918121337890625e+00 3.353093147277832031e+00 3.643337249755859375e+00 3.664402484893798828e+00 3.323808193206787109e+00 3.195325851440429688e+00 3.077619552612304688e+00 2.184918642044067383e+00 3.029006481170654297e+00 5.130982875823974609e+00 4.922935485839843750e+00 5.568173885345458984e+00 1.830319643020629883e+00 2.331538677215576172e+00 2.203300952911376953e+00 3.971349477767944336e+00 4.405397415161132812e+00 3.207755565643310547e+00
2.867027759552001953e+00 2.621555566787719727e+00 3.504177570343017578e+00 2.639965772628784180e+00 5.027809143066406250e+00 3.712733507156372070e+00 3.285611629486083984e+00 3.318884372711181641e+00 3.632131576538085938e+00 2.789495468139648438e+00 3.147981882095336914e+00 2.590613365173339844e+00 4.942291259765625000e+00 3.965946674346923828e+00 4.270732879638671875e+00 8.349715232849121094e+00 2.966507434844970703e+00 4.468504428863525391e+00 2.644093036651611328e+00 2.564178943634033203e+00
4.749423503875732422e+00 2.373421192169189453e+00 3.321679115295410156e+00 3.678237199783325195e+00 3.081486463546752930e+00 2.901710510253906250e+00 3.393647909164428711e+00 3.654794454574584961e+00 3.570352554321289062e+00 4.348802089691162109e+00 3.090694427490234375e+00 3.406978607177734375e+00 4.077670574188232422e+00 2.620225429534912109e+00 3.086514472961425781e+00 3.986031532287597656e+00 3.477969884872436523e+00 2.691168069839477539e+00 5.162988185882568359e+00 2.247479200363159180e+00
3.636122226715087891e+00 1.881261825561523438e+00 3.993228673934936523e+00 4.529739379882812500e+00 3.469795465469360352e+00 3.609392166137695312e+00 2.564376592636108398e+00 2.793116092681884766e+00 3.025713682174682617e+00 2.305308341979980469e+00 4.229218482971191406e+00 3.188959598541259766e+00 3.428722381591796875e+00 2.797901630401611328e+00 2.848699808120727539e+00 2.632980823516845703e+00 3.123388528823852539e+00 1.907633543014526367e+00 3.808699607849121094e+00 4.629435539245605469e+00
4.467795372009277344e+00 3.410246849060058594e+00 2.602097988128662109e+00 3.205427169799804688e+00 3.397722721099853516e+00 4.585073471069335938e+00 1.967045783996582031e+00 3.744786739349365234e+00 3.273202419281005859e+00 3.511438369750976562e+00 3.079098224639892578e+00 4.027882575988769531e+00 2.740092754364013672e+00 2.470822095870971680e+00 3.271055936813354492e+00 3.266305923461914062e+00 2.822365045547485352e+00 2.773631095886230469e+00 2.596739768981933594e+00 5.030409812927246094e+00
4.298679351806640625e+00 2.361612558364868164e+00 3.137668132781982422e+00 3.302627325057983398e+00 4.437921524047851562e+00 2.126228332519531250e+00 4.129034996032714844e+00 3.043413639068603516e+00 3.349102497100830078e+00 2.265736818313598633e+00 4.279571533203125000e+00 3.024415969848632812e+00 5.882468223571777344e+00 3.352500915527343750e+00 3.348130702972412109e+00 4.091619491577148438e+00 3.702963829040527344e+00 2.925910234451293945e+00 4.148774623870849609e+00 4.732670307159423828e+00
3.492531776428222656e+00 3.326787471771240234e+00 4.102912902832031250e+00 2.964322805404663086e+00 2.497445821762084961e+00 2.975950002670288086e+00 3.417289495468139648e+00 2.871590614318847656e+00 4.327527523040771484e+00 3.744736194610595703e+00 2.824533700942993164e+00 3.593403339385986328e+00 3.886617660522460938e+00 2.513731956481933594e+00 3.668097734451293945e+00 3.175533533096313477e+00 3.102137565612792969e+00 3.147711038589477539e+00 3.321948289871215820e+00 6.393155097961425781e+00
4.145371437072753906e+00 2.580152273178100586e+00 2.599599838256835938e+00 4.737041950225830078e+00 5.039677619934082031e+00 4.515293121337890625e+00 3.734983921051025391e+00 3.271161079406738281e+00 4.298422813415527344e+00 3.282760620117187500e+00 3.086432456970214844e+00 3.818886756896972656e+00 3.881785869598388672e+00 3.709452390670776367e+00 2.491622447967529297e+00 3.858974933624267578e+00 4.769101619720458984e+00 3.799573421478271484e+00 4.324487686157226562e+00 3.078939199447631836e+00
4.261678218841552734e+00 3.372053146362304688e+00 1.929820537567138672e+00 3.746155738830566406e+00 6.188565254211425781e+00 4.685550689697265625e+00 4.575664043426513672e+00 3.748326778411865234e+00 2.823469400405883789e+00 5.684611320495605469e+00 1.044337558746337891e+01 5.717411041259765625e+00 2.666635751724243164e+00 2.269708871841430664e+00 3.093449592590332031e+00 4.092336654663085938e+00 3.806816816329956055e+00 2.928840875625610352e+00 5.183277606964111328e+00 3.069904327392578125e+00
3.634818553924560547e+00 3.776280403137207031e+00 3.329097509384155273e+00 4.245957374572753906e+00 3.892662048339843750e+00 2.717088937759399414e+00 5.315771102905273438e+00 3.258833646774291992e+00 3.852766990661621094e+00 7.384959697723388672e+00 5.928396701812744141e+00 3.467273950576782227e+00 2.963127613067626953e+00 3.085949897766113281e+00 3.976339340209960938e+00 3.343723535537719727e+00 2.502561330795288086e+00 3.240627050399780273e+00 2.721294879913330078e+00 3.652617692947387695e+00
