2019-07-23 08:30:00
6.950971603393554688e+00 6.053656578063964844e+00 4.648285865783691406e+00 4.168869972229003906e+00 2.376561880111694336e+00 3.655158281326293945e+00 2.697701454162597656e+00 3.952755928039550781e+00 4.893843173980712891e+00 9.525786399841308594e+00 2.578690767288208008e+00 3.640299797058105469e+00 5.970678806304931641e+00 3.152343273162841797e+00 3.884081602096557617e+00 2.203951358795166016e+00 7.038278102874755859e+00 4.095869064331054688e+00 3.604637622833251953e+00 4.944903850555419922e+00
8.098909378051757812e+00 6.643345832824707031e+00 5.144385814666748047e+00 4.239189147949218750e+00 3.907640933990478516e+00 2.980669021606445312e+00 3.842624664306640625e+00 4.157109260559082031e+00 4.527207374572753906e+00 3.603342533111572266e+00 3.056076526641845703e+00 3.351090908050537109e+00 2.682907581329345703e+00 6.826044082641601562e+00 2.865778923034667969e+00 2.858864545822143555e+00 5.312098503112792969e+00 7.047028541564941406e+00 2.356025934219360352e+00 2.332109451293945312e+00
3.299561023712158203e+00 3.811516046524047852e+00 6.214206695556640625e+00 9.422188758850097656e+00 7.513621330261230469e+00 5.344471931457519531e+00 3.053957700729370117e+00 3.797280788421630859e+00 2.450371742248535156e+00 3.392763137817382812e+00 7.964423179626464844e+00 4.124123573303222656e+00 2.214109182357788086e+00 7.492364883422851562e+00 4.262542724609375000e+00 3.565080642700195312e+00 4.149770736694335938e+00 4.929830551147460938e+00 3.293403148651123047e+00 4.465849399566650391e+00
3.781202077865600586e+00 6.033335685729980469e+00 5.781817436218261719e+00 6.590151786804199219e+00 2.778889179229736328e+00 2.699378013610839844e+00 2.206532955169677734e+00 3.582836627960205078e+00 4.215161323547363281e+00 5.612010478973388672e+00 5.483447074890136719e+00 5.968635559082031250e+00 2.359780550003051758e+00 2.983686685562133789e+00 5.610523223876953125e+00 3.338661432266235352e+00 3.975654125213623047e+00 6.162230491638183594e+00 3.230714082717895508e+00 3.721051216125488281e+00
3.663453578948974609e+00 3.448938369750976562e+00 4.864394187927246094e+00 4.237240791320800781e+00 2.743658304214477539e+00 5.250083446502685547e+00 2.325932025909423828e+00 5.753050327301025391e+00 2.947800159454345703e+00 1.916453123092651367e+00 6.504467487335205078e+00 5.064985275268554688e+00 6.886044025421142578e+00 4.569622993469238281e+00 5.715711593627929688e+00 8.952759742736816406e+00 4.128735065460205078e+00 4.249369621276855469e+00 6.303613185882568359e+00 2.216856956481933594e+00
8.663156509399414062e+00 3.100761890411376953e+00 5.824918746948242188e+00 5.611748218536376953e+00 5.710027694702148438e+00 9.299512863159179688e+00 2.977112293243408203e+00 5.946456909179687500e+00 9.326433181762695312e+00 5.951591491699218750e+00 6.982581615447998047e+00 6.730987548828125000e+00 5.413611888885498047e+00 2.526778459548950195e+00 4.110446453094482422e+00 9.802695274353027344e+00 3.621691703796386719e+00 6.420245647430419922e+00 5.175409317016601562e+00 4.459617614746093750e+00
5.096529483795166016e+00 6.072525501251220703e+00 6.347078800201416016e+00 1.235367393493652344e+01 7.681154727935791016e+00 4.186179161071777344e+00 2.833660602569580078e+00 6.092178821563720703e+00 3.018643379211425781e+00 2.221670150756835938e+00 3.283062458038330078e+00 3.025798797607421875e+00 7.861120223999023438e+00 6.376151084899902344e+00 4.367944717407226562e+00 5.540102005004882812e+00 3.037075042724609375e+00 3.394901990890502930e+00 8.754507064819335938e+00 3.452477693557739258e+00
8.952678680419921875e+00 4.496538162231445312e+00 2.656863927841186523e+00 1.014266109466552734e+01 5.636397838592529297e+00 6.698715209960937500e+00 4.113037109375000000e+00 2.563104629516601562e+00 3.287453889846801758e+00 1.837405085563659668e+00 4.065505981445312500e+00 3.326879501342773438e+00 4.298414230346679688e+00 8.442774772644042969e+00 4.295281887054443359e+00 4.228474140167236328e+00 7.120674133300781250e+00 2.797803640365600586e+00 6.164389133453369141e+00 2.561891555786132812e+00
2.918515682220458984e+00 3.203508853912353516e+00 3.998543977737426758e+00 3.401512861251831055e+00 8.008014678955078125e+00 3.293771743774414062e+00 3.270127773284912109e+00 2.861148357391357422e+00 3.018290281295776367e+00 2.525510311126708984e+00 2.675107955932617188e+00 3.017937898635864258e+00 3.932958602905273438e+00 5.862973213195800781e+00 8.082406044006347656e+00 3.142142534255981445e+00 5.868407726287841797e+00 2.441590309143066406e+00 2.277337312698364258e+00 2.994449615478515625e+00
7.654032707214355469e+00 4.048629283905029297e+00 2.991899013519287109e+00 2.229324817657470703e+00 4.100472450256347656e+00 2.983440876007080078e+00 3.370709896087646484e+00 2.432419776916503906e+00 5.951874732971191406e+00 6.375615119934082031e+00 4.798213481903076172e+00 9.221042633056640625e+00 5.215595245361328125e+00 3.240017414093017578e+00 3.343212127685546875e+00 2.759289741516113281e+00 5.292404651641845703e+00 3.937624216079711914e+00 2.183538913726806641e+00 4.583510875701904297e+00
4.165802478790283203e+00 3.278548717498779297e+00 3.027090787887573242e+00 4.045280456542968750e+00 3.179666519165039062e+00 3.207627058029174805e+00 3.942833900451660156e+00 3.530216217041015625e+00 3.967496633529663086e+00 4.488855361938476562e+00 4.168153762817382812e+00 4.717476844787597656e+00 5.620986938476562500e+00 4.931461334228515625e+00 3.417442321777343750e+00 3.645432949066162109e+00 2.650371789932250977e+00 1.019487190246582031e+01 3.145549774169921875e+00 4.366718292236328125e+00
3.630411624908447266e+00 3.121870756149291992e+00 3.357555389404296875e+00 2.627610683441162109e+00 4.156322479248046875e+00 4.317581176757812500e+00 3.501469135284423828e+00 2.839387893676757812e+00 1.996494293212890625e+00 3.373172283172607422e+00 2.708993911743164062e+00 2.332670688629150391e+00 2.207857131958007812e+00 3.454264402389526367e+00 2.065747737884521484e+00 6.970701217651367188e+00 3.836563110351562500e+00 3.796668052673339844e+00 3.023892879486083984e+00 2.343525886535644531e+00
3.376076698303222656e+00 3.905038833618164062e+00 3.878804206848144531e+00 4.908118724822998047e+00 3.730099678039550781e+00 3.373628139495849609e+00 1.567474126815795898e+00 3.908543109893798828e+00 4.369934082031250000e+00 3.250479936599731445e+00 3.634923458099365234e+00 3.460673809051513672e+00 3.657293081283569336e+00 5.177316665649414062e+00 2.933864593505859375e+00 3.269134521484375000e+00 3.096462249755859375e+00 4.073224544525146484e+00 3.279983520507812500e+00 2.287388563156127930e+00
2.568585395812988281e+00 2.764488220214843750e+00 2.560118198394775391e+00 3.404926776885986328e+00 3.488526821136474609e+00 2.486962080001831055e+00 4.406963825225830078e+00 2.822766780853271484e+00 3.554600715637207031e+00 3.768710851669311523e+00 3.882997512817382812e+00 2.427030563354492188e+00 3.269151687622070312e+00 3.693769454956054688e+00 4.051580429077148438e+00 3.084785938262939453e+00 3.551150321960449219e+00 3.402494430541992188e+00 3.434400558471679688e+00 3.934975862503051758e+00
2.955174922943115234e+00 3.194095849990844727e+00 4.807415962219238281e+00 2.891241073608398438e+00 4.651081085205078125e+00 3.943289756774902344e+00 3.877876043319702148e+00 2.971603870391845703e+00 3.317188262939453125e+00 3.357709884643554688e+00 2.615326642990112305e+00 3.552275657653808594e+00 4.959177017211914062e+00 3.004983425140380859e+00 3.376790761947631836e+00 3.008462905883789062e+00 2.103828907012939453e+00 2.648946285247802734e+00 2.838340997695922852e+00 4.408733844757080078e+00
2.792187452316284180e+00 3.270072460174560547e+00 3.841055154800415039e+00 4.119684219360351562e+00 4.271261215209960938e+00 3.903120279312133789e+00 2.764606475830078125e+00 4.109780311584472656e+00 3.362421035766601562e+00 3.114677190780639648e+00 3.701247215270996094e+00 3.630647659301757812e+00 3.416947841644287109e+00 2.924936771392822266e+00 3.528559207916259766e+00 2.953869342803955078e+00 3.569207668304443359e+00 3.651132345199584961e+00 3.356646060943603516e+00 5.158238410949707031e+00
2.053450584411621094e+00 3.722993135452270508e+00 3.187975645065307617e+00 3.553348541259765625e+00 5.595198631286621094e+00 2.769657135009765625e+00 2.173449993133544922e+00 2.247775793075561523e+00 2.635297060012817383e+00 4.144783020019531250e+00 3.953938722610473633e+00 3.527546882629394531e+00 3.740023612976074219e+00 3.983801841735839844e+00 4.338264465332031250e+00 3.131537675857543945e+00 3.437061786651611328e+00 2.846047639846801758e+00 3.511851787567138672e+00 9.175943374633789062e+00
3.064239025115966797e+00 3.449123859405517578e+00 3.423835277557373047e+00 2.004401922225952148e+00 4.940834522247314453e+00 1.787160158157348633e+00 1.852324008941650391e+00 2.218486785888671875e+00 2.623383045196533203e+00 3.258806467056274414e+00 3.374853610992431641e+00 1.855755567550659180e+00 4.879180908203125000e+00 2.460941314697265625e+00 3.503159999847412109e+00 5.563153266906738281e+00 4.672676563262939453e+00 5.861902236938476562e+00 2.581643104553222656e+00 3.233907222747802734e+00
3.870048999786376953e+00 2.068963527679443359e+00 3.015035390853881836e+00 2.568742275238037109e+00 4.859660148620605469e+00 3.003465890884399414e+00 3.317319631576538086e+00 3.634284257888793945e+00 4.236103057861328125e+00 5.489044189453125000e+00 4.188313484191894531e+00 7.246219635009765625e+00 2.607498645782470703e+00 2.822103023529052734e+00 4.133665084838867188e+00 3.310362339019775391e+00 4.766885280609130859e+00 2.719376087188720703e+00 4.378832817077636719e+00 3.126437902450561523e+00
5.122944355010986328e+00 4.957329750061035156e+00 3.514837265014648438e+00 4.659768104553222656e+00 6.054353237152099609e+00 3.055770874023437500e+00 3.075814723968505859e+00 2.717695236206054688e+00 6.429243564605712891e+00 6.694772243499755859e+00 4.936692714691162109e+00 7.902082920074462891e+00 6.378994941711425781e+00 3.097742795944213867e+00 4.548812389373779297e+00 2.820478916168212891e+00 3.489877700805664062e+00 4.697643280029296875e+00 4.086814403533935547e+00 2.095108509063720703e+00
