2019-07-23 09:00:00
4.213074684143066406e+00 4.709149360656738281e+00 2.882934093475341797e+00 4.419042587280273438e+00 2.099118709564208984e+00 2.963360309600830078e+00 3.672998905181884766e+00 3.840411663055419922e+00 4.760005950927734375e+00 3.717003107070922852e+00 3.754402637481689453e+00 3.839673280715942383e+00 3.294851541519165039e+00 4.413222312927246094e+00 2.880464553833007812e+00 4.453628540039062500e+00 5.990959167480468750e+00 3.766559123992919922e+00 3.435681819915771484e+00 5.005304813385009766e+00
6.081250190734863281e+00 3.461320400238037109e+00 6.329945564270019531e+00 7.392223834991455078e+00 9.015907287597656250e+00 2.634477615356445312e+00 3.071580886840820312e+00 3.085811614990234375e+00 3.389884948730468750e+00 3.625765085220336914e+00 4.404653549194335938e+00 4.228129386901855469e+00 3.176920413970947266e+00 3.202406883239746094e+00 3.145428657531738281e+00 3.034683227539062500e+00 5.068624019622802734e+00 5.505743026733398438e+00 4.011184692382812500e+00 3.086323499679565430e+00
6.916855812072753906e+00 4.438059806823730469e+00 2.578645706176757812e+00 5.253445625305175781e+00 6.049620628356933594e+00 2.683879613876342773e+00 8.356235504150390625e+00 4.435641288757324219e+00 3.065244197845458984e+00 2.613798379898071289e+00 5.392342567443847656e+00 4.073850154876708984e+00 2.844187736511230469e+00 6.019927024841308594e+00 6.393813133239746094e+00 3.328902244567871094e+00 2.201321125030517578e+00 5.291575431823730469e+00 2.650940895080566406e+00 3.860755205154418945e+00
2.833783388137817383e+00 4.580595016479492188e+00 8.560972213745117188e+00 6.124359607696533203e+00 3.460637331008911133e+00 2.627424240112304688e+00 3.086748361587524414e+00 2.314507007598876953e+00 4.985692024230957031e+00 5.587197303771972656e+00 7.533333778381347656e+00 6.184522151947021484e+00 3.020033359527587891e+00 3.069209814071655273e+00 9.242950439453125000e+00 4.226596832275390625e+00 3.549973964691162109e+00 5.221675395965576172e+00 3.315104246139526367e+00 2.990124940872192383e+00
1.977803945541381836e+00 4.014788150787353516e+00 4.373785972595214844e+00 2.290140628814697266e+00 2.420055866241455078e+00 6.951398849487304688e+00 3.702583074569702148e+00 7.823032379150390625e+00 7.654551029205322266e+00 4.962699890136718750e+00 6.038883209228515625e+00 5.262458801269531250e+00 6.616613388061523438e+00 4.058513641357421875e+00 8.435336112976074219e+00 6.963729381561279297e+00 3.623405456542968750e+00 9.213565826416015625e+00 9.806841850280761719e+00 3.725506305694580078e+00
6.250181198120117188e+00 3.576377153396606445e+00 7.581938743591308594e+00 5.536020278930664062e+00 7.728483200073242188e+00 5.045201778411865234e+00 2.814571380615234375e+00 7.917742729187011719e+00 3.258622646331787109e+00 3.289204359054565430e+00 7.037139892578125000e+00 7.652321815490722656e+00 7.515628814697265625e+00 3.561273574829101562e+00 3.856675148010253906e+00 4.418789863586425781e+00 3.237657546997070312e+00 6.653850555419921875e+00 5.286078929901123047e+00 4.777307987213134766e+00
8.201684951782226562e+00 8.310859680175781250e+00 5.845292568206787109e+00 1.096802234649658203e+01 7.247670173645019531e+00 6.201337814331054688e+00 3.083924055099487305e+00 5.238696098327636719e+00 4.451255798339843750e+00 4.305592060089111328e+00 3.307809829711914062e+00 2.975162982940673828e+00 5.846154689788818359e+00 5.569073677062988281e+00 4.546990394592285156e+00 4.928617000579833984e+00 4.017862319946289062e+00 3.394485235214233398e+00 1.041436004638671875e+01 2.905509948730468750e+00
5.472859382629394531e+00 3.542298793792724609e+00 4.836830615997314453e+00 6.298335075378417969e+00 6.004537105560302734e+00 4.672618865966796875e+00 3.429503440856933594e+00 3.919737815856933594e+00 4.430386066436767578e+00 2.814591884613037109e+00 2.208586454391479492e+00 4.572292327880859375e+00 6.438319206237792969e+00 5.519368648529052734e+00 3.669482707977294922e+00 4.405074119567871094e+00 5.814935684204101562e+00 2.506448984146118164e+00 5.471942901611328125e+00 3.593941211700439453e+00
4.724331855773925781e+00 4.516119956970214844e+00 3.238034725189208984e+00 6.335225105285644531e+00 8.142467498779296875e+00 2.645428895950317383e+00 2.437770366668701172e+00 3.287919759750366211e+00 4.597628116607666016e+00 4.807900905609130859e+00 4.201454162597656250e+00 2.139661788940429688e+00 5.056852340698242188e+00 6.798171043395996094e+00 5.509202957153320312e+00 4.823564529418945312e+00 5.803799629211425781e+00 2.499205112457275391e+00 3.727383375167846680e+00 2.315019845962524414e+00
5.604753971099853516e+00 7.293033599853515625e+00 3.733184576034545898e+00 2.982000589370727539e+00 4.618307113647460938e+00 2.694946289062500000e+00 4.788448333740234375e+00 4.664735794067382812e+00 4.563446044921875000e+00 7.178579807281494141e+00 3.586576461791992188e+00 6.516441822052001953e+00 3.288048744201660156e+00 2.492396593093872070e+00 3.581701755523681641e+00 3.120870590209960938e+00 4.070725440979003906e+00 3.396285295486450195e+00 2.124889373779296875e+00 2.553533077239990234e+00
2.203826904296875000e+00 2.914752006530761719e+00 4.387541294097900391e+00 2.667532205581665039e+00 3.601166486740112305e+00 2.971206426620483398e+00 4.133582115173339844e+00 3.040485858917236328e+00 3.880760669708251953e+00 3.035006999969482422e+00 3.153229951858520508e+00 5.511476039886474609e+00 5.939638614654541016e+00 5.867292404174804688e+00 2.126231431961059570e+00 3.257112503051757812e+00 2.385786771774291992e+00 4.987467765808105469e+00 5.049759864807128906e+00 3.280240058898925781e+00
3.204215526580810547e+00 3.399739265441894531e+00 4.798505783081054688e+00 2.921487569808959961e+00 7.581830024719238281e+00 3.151803016662597656e+00 2.534805774688720703e+00 3.348834276199340820e+00 4.836630344390869141e+00 2.642018795013427734e+00 3.733734607696533203e+00 3.705712556838989258e+00 2.867799758911132812e+00 4.046862125396728516e+00 3.118866920471191406e+00 7.037819862365722656e+00 4.915966987609863281e+00 2.279719352722167969e+00 3.898834228515625000e+00 1.874128341674804688e+00
3.538614511489868164e+00 3.760236740112304688e+00 4.810969829559326172e+00 2.892436504364013672e+00 4.008415222167968750e+00 3.202787160873413086e+00 2.791485309600830078e+00 2.634913206100463867e+00 3.370499610900878906e+00 3.037726402282714844e+00 2.940585374832153320e+00 2.908310413360595703e+00 2.389620304107666016e+00 3.149839401245117188e+00 3.355998039245605469e+00 2.854086399078369141e+00 3.375765800476074219e+00 3.718617916107177734e+00 4.238329887390136719e+00 3.813127994537353516e+00
3.667144060134887695e+00 3.067297697067260742e+00 2.328472137451171875e+00 2.617967367172241211e+00 4.477137088775634766e+00 1.977191329002380371e+00 2.442783832550048828e+00 2.467254877090454102e+00 4.893648624420166016e+00 4.094399929046630859e+00 4.897947311401367188e+00 4.333662986755371094e+00 2.760145664215087891e+00 5.489258289337158203e+00 3.948584556579589844e+00 3.611889362335205078e+00 3.285757541656494141e+00 4.092967987060546875e+00 3.208749055862426758e+00 2.635694026947021484e+00
3.074920177459716797e+00 3.596192836761474609e+00 3.817039966583251953e+00 2.808315277099609375e+00 3.399231433868408203e+00 2.296666860580444336e+00 3.942271471023559570e+00 2.894651412963867188e+00 4.424787998199462891e+00 3.135434150695800781e+00 3.512597084045410156e+00 3.084805488586425781e+00 3.543542623519897461e+00 4.669617176055908203e+00 4.375652790069580078e+00 4.276833534240722656e+00 2.929964303970336914e+00 3.433543205261230469e+00 2.875682592391967773e+00 9.219004631042480469e+00
2.356816291809082031e+00 4.054917335510253906e+00 3.208667755126953125e+00 3.641392707824707031e+00 4.691895484924316406e+00 3.224466800689697266e+00 3.658231973648071289e+00 3.705885887145996094e+00 3.146554946899414062e+00 2.206826448440551758e+00 2.928395032882690430e+00 2.926135063171386719e+00 4.545362472534179688e+00 3.732635498046875000e+00 2.941826343536376953e+00 2.999730825424194336e+00 4.591692924499511719e+00 4.192045211791992188e+00 2.246455669403076172e+00 4.540996551513671875e+00
4.091725349426269531e+00 3.862564563751220703e+00 3.445834159851074219e+00 3.787245273590087891e+00 5.595778465270996094e+00 4.133890151977539062e+00 4.062745094299316406e+00 3.065443992614746094e+00 4.162840843200683594e+00 2.363157749176025391e+00 3.432430267333984375e+00 2.398693561553955078e+00 3.753098011016845703e+00 3.957524299621582031e+00 3.990955114364624023e+00 5.039810657501220703e+00 3.406681060791015625e+00 3.475777864456176758e+00 4.135968208312988281e+00 4.889628410339355469e+00
3.179010391235351562e+00 3.087879180908203125e+00 2.384320259094238281e+00 5.095263481140136719e+00 5.343663215637207031e+00 3.921916723251342773e+00 4.911809921264648438e+00 2.175835609436035156e+00 3.679974317550659180e+00 5.204339504241943359e+00 3.550902605056762695e+00 2.770313978195190430e+00 5.206948280334472656e+00 2.762378692626953125e+00 2.861914157867431641e+00 2.328820943832397461e+00 3.624583005905151367e+00 4.046251296997070312e+00 3.671166419982910156e+00 3.117422103881835938e+00
2.961841106414794922e+00 2.664482116699218750e+00 2.434896469116210938e+00 2.538380622863769531e+00 4.203715324401855469e+00 2.964976072311401367e+00 7.623210906982421875e+00 2.981491804122924805e+00 5.336772918701171875e+00 5.973372936248779297e+00 6.401933670043945312e+00 7.016201019287109375e+00 4.060505867004394531e+00 2.892105102539062500e+00 1.957408189773559570e+00 2.770828247070312500e+00 3.841193675994873047e+00 2.651504039764404297e+00 4.875135421752929688e+00 2.390685081481933594e+00
6.432621955871582031e+00 5.124077796936035156e+00 2.589667797088623047e+00 3.990689754486083984e+00 5.832727432250976562e+00 3.209907054901123047e+00 2.667006731033325195e+00 4.214354038238525391e+00 4.244931697845458984e+00 5.419286251068115234e+00 7.100563049316406250e+00 6.948109149932861328e+00 7.522213935852050781e+00 4.249073028564453125e+00 2.796241998672485352e+00 2.230811119079589844e+00 2.682529926300048828e+00 3.475958824157714844e+00 3.495483636856079102e+00 3.457980394363403320e+00
