2019-07-23 09:45:00
7.221528530120849609e+00 3.157914161682128906e+00 6.624275207519531250e+00 2.961753368377685547e+00 2.174390077590942383e+00 4.259394645690917969e+00 3.163975954055786133e+00 3.039892196655273438e+00 6.800292491912841797e+00 5.619959354400634766e+00 3.072031974792480469e+00 3.202876091003417969e+00 5.784486770629882812e+00 3.521837949752807617e+00 3.387358903884887695e+00 5.097077846527099609e+00 5.758616447448730469e+00 2.534704685211181641e+00 2.168933391571044922e+00 3.667770385742187500e+00
4.533370494842529297e+00 4.491168022155761719e+00 6.496980190277099609e+00 4.523085594177246094e+00 1.879222393035888672e+00 2.723647832870483398e+00 2.541587829589843750e+00 3.427524089813232422e+00 3.627508640289306641e+00 3.516505718231201172e+00 4.505628585815429688e+00 3.170352458953857422e+00 2.770267009735107422e+00 3.739783763885498047e+00 2.739704847335815430e+00 3.076313734054565430e+00 6.137826442718505859e+00 6.532771110534667969e+00 3.298735618591308594e+00 3.042149305343627930e+00
6.023936748504638672e+00 4.529113292694091797e+00 5.396567344665527344e+00 3.692107200622558594e+00 3.377461671829223633e+00 5.893673896789550781e+00 4.798375129699707031e+00 2.245145797729492188e+00 2.154910087585449219e+00 3.832677364349365234e+00 3.444000244140625000e+00 6.170377731323242188e+00 4.218040943145751953e+00 9.151461601257324219e+00 3.967219114303588867e+00 2.235108375549316406e+00 3.625972270965576172e+00 3.847158908843994141e+00 2.089300870895385742e+00 2.537443161010742188e+00
2.125391244888305664e+00 5.584842681884765625e+00 4.643342018127441406e+00 5.688763618469238281e+00 2.095118522644042969e+00 3.909626722335815430e+00 5.052122592926025391e+00 2.860753536224365234e+00 4.601154327392578125e+00 8.057677268981933594e+00 3.464787483215332031e+00 5.080288887023925781e+00 3.052912712097167969e+00 3.111093044281005859e+00 8.495635986328125000e+00 2.997801303863525391e+00 2.538713455200195312e+00 5.623253822326660156e+00 2.958957433700561523e+00 3.641117572784423828e+00
3.309123277664184570e+00 4.371879100799560547e+00 3.232589721679687500e+00 2.967539787292480469e+00 2.743591785430908203e+00 3.401037693023681641e+00 2.470285177230834961e+00 4.562606334686279297e+00 4.255638122558593750e+00 3.599694252014160156e+00 4.540218353271484375e+00 5.323174476623535156e+00 2.850850582122802734e+00 3.400792837142944336e+00 6.823407173156738281e+00 3.783860921859741211e+00 3.005328178405761719e+00 2.449276447296142578e+00 4.294313430786132812e+00 2.004098892211914062e+00
4.640256881713867188e+00 4.435902595520019531e+00 7.152918815612792969e+00 4.110061168670654297e+00 3.629714012145996094e+00 7.490445137023925781e+00 3.637936592102050781e+00 5.356654167175292969e+00 4.004936218261718750e+00 5.361670494079589844e+00 6.881006240844726562e+00 4.762821197509765625e+00 5.999288558959960938e+00 5.250697612762451172e+00 2.579556941986083984e+00 9.031835556030273438e+00 2.826703786849975586e+00 6.762877464294433594e+00 3.549844264984130859e+00 4.612251281738281250e+00
5.114071846008300781e+00 6.242257118225097656e+00 5.535064697265625000e+00 4.927202224731445312e+00 4.043228149414062500e+00 6.709320068359375000e+00 2.413073539733886719e+00 5.376293182373046875e+00 2.300455093383789062e+00 2.715958595275878906e+00 2.900707960128784180e+00 3.208637714385986328e+00 5.596486568450927734e+00 8.087053298950195312e+00 2.204714298248291016e+00 6.169768333435058594e+00 1.990751266479492188e+00 2.459635734558105469e+00 6.021993637084960938e+00 6.323520183563232422e+00
5.755486488342285156e+00 3.254654884338378906e+00 3.354402780532836914e+00 5.650550842285156250e+00 7.244893550872802734e+00 3.811764001846313477e+00 4.005714416503906250e+00 2.262095689773559570e+00 3.120024204254150391e+00 3.152125358581542969e+00 3.905271053314208984e+00 2.287354469299316406e+00 5.420063018798828125e+00 2.719035625457763672e+00 4.312718868255615234e+00 2.315912246704101562e+00 5.733488082885742188e+00 2.156499147415161133e+00 4.747820377349853516e+00 2.465535163879394531e+00
2.992219686508178711e+00 3.331722021102905273e+00 4.937802791595458984e+00 5.571252346038818359e+00 5.338498592376708984e+00 3.376186609268188477e+00 3.488353252410888672e+00 2.271425247192382812e+00 2.868940353393554688e+00 3.208427906036376953e+00 2.740754604339599609e+00 3.198674678802490234e+00 3.452881336212158203e+00 7.160613059997558594e+00 4.355868339538574219e+00 3.097750902175903320e+00 4.080084800720214844e+00 2.396672487258911133e+00 2.462742805480957031e+00 2.825381755828857422e+00
2.380714416503906250e+00 3.409414052963256836e+00 3.242283344268798828e+00 2.973455190658569336e+00 3.163785457611083984e+00 2.532359123229980469e+00 3.352618932723999023e+00 3.277951002120971680e+00 5.379007339477539062e+00 5.165464401245117188e+00 5.164749622344970703e+00 6.168605804443359375e+00 4.701492309570312500e+00 3.155945301055908203e+00 2.846770763397216797e+00 2.693079948425292969e+00 5.709772109985351562e+00 3.960284709930419922e+00 3.451028347015380859e+00 3.760065078735351562e+00
3.611492872238159180e+00 3.487646579742431641e+00 2.720414638519287109e+00 2.404667854309082031e+00 3.777205467224121094e+00 3.749750614166259766e+00 2.490329265594482422e+00 3.697415351867675781e+00 2.602244138717651367e+00 2.241501092910766602e+00 2.491777420043945312e+00 5.058964252471923828e+00 4.635402202606201172e+00 4.925863265991210938e+00 2.804609775543212891e+00 2.850894451141357422e+00 2.724079132080078125e+00 4.328717708587646484e+00 2.957214832305908203e+00 3.034038066864013672e+00
1.976117968559265137e+00 2.873749494552612305e+00 3.237607479095458984e+00 3.800960540771484375e+00 3.970899105072021484e+00 2.005963802337646484e+00 2.948970794677734375e+00 2.257979393005371094e+00 3.104855060577392578e+00 3.843834877014160156e+00 2.245148181915283203e+00 4.433350563049316406e+00 3.386786222457885742e+00 3.397979974746704102e+00 3.359362602233886719e+00 6.098382949829101562e+00 3.466310739517211914e+00 3.003566026687622070e+00 3.838527202606201172e+00 3.129692077636718750e+00
3.539915084838867188e+00 2.751673698425292969e+00 3.090923786163330078e+00 2.465242385864257812e+00 3.701065301895141602e+00 3.110406398773193359e+00 3.327572345733642578e+00 3.918453693389892578e+00 2.657393932342529297e+00 3.876212120056152344e+00 3.997086524963378906e+00 3.104166984558105469e+00 3.173404216766357422e+00 2.355296373367309570e+00 3.143342971801757812e+00 3.204031467437744141e+00 3.011379718780517578e+00 2.703174352645874023e+00 3.895394802093505859e+00 3.395352363586425781e+00
2.612087249755859375e+00 3.136199951171875000e+00 2.892818689346313477e+00 3.364541292190551758e+00 2.611219644546508789e+00 4.461681842803955078e+00 3.082929611206054688e+00 3.039084911346435547e+00 1.977483868598937988e+00 3.265961885452270508e+00 2.895715713500976562e+00 3.239340543746948242e+00 3.586884498596191406e+00 3.404716968536376953e+00 3.169701099395751953e+00 2.688560009002685547e+00 2.351232528686523438e+00 2.643465757369995117e+00 3.687600612640380859e+00 1.851885557174682617e+00
3.483861684799194336e+00 2.856468677520751953e+00 4.067483901977539062e+00 3.434294462203979492e+00 2.121667861938476562e+00 4.171465873718261719e+00 3.350877285003662109e+00 2.830005645751953125e+00 3.117571353912353516e+00 1.979678392410278320e+00 2.528669595718383789e+00 2.836249589920043945e+00 3.530448436737060547e+00 2.861941099166870117e+00 2.446121692657470703e+00 2.795012474060058594e+00 2.927017211914062500e+00 2.847401618957519531e+00 1.934249639511108398e+00 5.633194923400878906e+00
2.175512790679931641e+00 2.804610729217529297e+00 4.102631568908691406e+00 3.439050197601318359e+00 2.282769203186035156e+00 3.040625095367431641e+00 3.920507431030273438e+00 4.519422054290771484e+00 2.838007450103759766e+00 3.046947956085205078e+00 2.310058832168579102e+00 3.271816015243530273e+00 2.966641187667846680e+00 2.274727106094360352e+00 3.157829523086547852e+00 2.667389869689941406e+00 3.326437234878540039e+00 2.640762805938720703e+00 3.067025423049926758e+00 6.639271736145019531e+00
3.209995269775390625e+00 3.742118597030639648e+00 4.059113025665283203e+00 2.516209840774536133e+00 4.218825340270996094e+00 1.806024789810180664e+00 2.269376516342163086e+00 3.000579357147216797e+00 3.898184537887573242e+00 3.268557071685791016e+00 3.338815689086914062e+00 1.581665039062500000e+00 3.171960353851318359e+00 4.557901382446289062e+00 3.126672506332397461e+00 3.283406257629394531e+00 2.729081630706787109e+00 2.684592247009277344e+00 3.916933536529541016e+00 2.920763015747070312e+00
3.698597908020019531e+00 4.180740356445312500e+00 2.268981933593750000e+00 3.906032800674438477e+00 3.647690773010253906e+00 2.988957643508911133e+00 2.709067821502685547e+00 2.066868066787719727e+00 3.187061071395874023e+00 3.592985630035400391e+00 4.258991241455078125e+00 2.405900001525878906e+00 3.009214878082275391e+00 2.254504680633544922e+00 3.208279609680175781e+00 3.834992170333862305e+00 3.582924842834472656e+00 2.327259778976440430e+00 2.590640068054199219e+00 1.964469194412231445e+00
2.487462520599365234e+00 3.534724235534667969e+00 1.489502191543579102e+00 3.773612499237060547e+00 2.958767890930175781e+00 2.029769182205200195e+00 3.395120382308959961e+00 2.969008922576904297e+00 3.301009416580200195e+00 4.831603527069091797e+00 4.721380710601806641e+00 4.502966403961181641e+00 3.067276000976562500e+00 2.847235202789306641e+00 5.009805679321289062e+00 2.632506132125854492e+00 2.758379697799682617e+00 2.895553827285766602e+00 2.661271572113037109e+00 2.829559564590454102e+00
4.439946174621582031e+00 3.413891553878784180e+00 2.678397178649902344e+00 2.897534370422363281e+00 4.018428802490234375e+00 3.151724576950073242e+00 3.925240993499755859e+00 4.156738281250000000e+00 5.964116096496582031e+00 6.281572818756103516e+00 7.532662391662597656e+00 4.983184337615966797e+00 3.997713088989257812e+00 2.918203830718994141e+00 3.397318601608276367e+00 2.897927761077880859e+00 2.507589340209960938e+00 2.573163747787475586e+00 2.751333236694335938e+00 2.591137886047363281e+00
