2019-07-23 10:00:00
4.664699554443359375e+00 4.595215320587158203e+00 4.222276210784912109e+00 4.451153755187988281e+00 3.655236721038818359e+00 4.415397167205810547e+00 2.820778608322143555e+00 3.368417739868164062e+00 4.193034648895263672e+00 6.165514945983886719e+00 3.538849115371704102e+00 2.696385383605957031e+00 6.302683353424072266e+00 4.409408569335937500e+00 2.158892393112182617e+00 5.631644248962402344e+00 4.459539413452148438e+00 2.501495361328125000e+00 3.253328084945678711e+00 4.949965476989746094e+00
4.422954559326171875e+00 1.715009212493896484e+00 8.744036674499511719e+00 4.939517498016357422e+00 4.297792434692382812e+00 1.837164402008056641e+00 2.531399250030517578e+00 4.043755531311035156e+00 3.611520290374755859e+00 1.791432976722717285e+00 3.875417232513427734e+00 4.111110687255859375e+00 4.479736328125000000e+00 4.235547542572021484e+00 2.169111728668212891e+00 2.990042686462402344e+00 3.810547828674316406e+00 6.426803588867187500e+00 2.650038719177246094e+00 2.508346080780029297e+00
4.903375148773193359e+00 4.595172405242919922e+00 7.295125961303710938e+00 7.696017265319824219e+00 5.182368278503417969e+00 4.219334602355957031e+00 3.382976293563842773e+00 2.682636260986328125e+00 2.735516548156738281e+00 2.409070014953613281e+00 6.266082763671875000e+00 5.105240345001220703e+00 2.545216798782348633e+00 5.932070732116699219e+00 3.832032442092895508e+00 2.159146308898925781e+00 2.003321170806884766e+00 4.007934570312500000e+00 2.883377552032470703e+00 5.273414611816406250e+00
3.487006664276123047e+00 3.696594953536987305e+00 4.018036842346191406e+00 5.720845222473144531e+00 1.570387840270996094e+00 2.094111204147338867e+00 3.772552490234375000e+00 3.878429889678955078e+00 2.785105705261230469e+00 3.946169376373291016e+00 6.524286270141601562e+00 6.431504249572753906e+00 2.357957839965820312e+00 4.370850086212158203e+00 2.696492433547973633e+00 3.468534946441650391e+00 2.922851562500000000e+00 5.956138610839843750e+00 2.750464200973510742e+00 3.887552499771118164e+00
3.169393062591552734e+00 2.897940158843994141e+00 3.407232284545898438e+00 3.193029880523681641e+00 3.205356121063232422e+00 3.652697324752807617e+00 3.895219564437866211e+00 4.761891841888427734e+00 5.611315727233886719e+00 4.032297134399414062e+00 6.576356887817382812e+00 6.764535903930664062e+00 3.652977466583251953e+00 3.363009929656982422e+00 3.692260265350341797e+00 7.334158897399902344e+00 2.270220518112182617e+00 5.537471771240234375e+00 5.224200725555419922e+00 4.092812538146972656e+00
8.053180694580078125e+00 3.118048906326293945e+00 4.285236835479736328e+00 5.864336967468261719e+00 4.687844276428222656e+00 6.681117057800292969e+00 4.311354637145996094e+00 4.677394866943359375e+00 6.167385101318359375e+00 7.989899635314941406e+00 3.459264755249023438e+00 6.171615600585937500e+00 4.151701927185058594e+00 2.534323453903198242e+00 3.964370012283325195e+00 7.117544174194335938e+00 3.831336975097656250e+00 5.155650138854980469e+00 6.052506923675537109e+00 3.364861965179443359e+00
4.079334259033203125e+00 6.394896030426025391e+00 5.576422691345214844e+00 7.264997482299804688e+00 3.071731090545654297e+00 2.973761081695556641e+00 3.664696931838989258e+00 7.472396373748779297e+00 2.486218214035034180e+00 3.446571826934814453e+00 2.980293750762939453e+00 3.723208427429199219e+00 6.606019020080566406e+00 6.749523162841796875e+00 3.762022972106933594e+00 6.014372825622558594e+00 3.111542701721191406e+00 3.358376502990722656e+00 6.316305160522460938e+00 3.579093933105468750e+00
4.811321258544921875e+00 4.696306228637695312e+00 3.838910102844238281e+00 5.163618087768554688e+00 4.143342494964599609e+00 3.480449676513671875e+00 2.780106544494628906e+00 2.650708198547363281e+00 2.937850952148437500e+00 2.871886253356933594e+00 3.623231410980224609e+00 2.539793014526367188e+00 4.942620277404785156e+00 2.789683103561401367e+00 3.638676643371582031e+00 3.484499931335449219e+00 5.320675373077392578e+00 3.111085176467895508e+00 7.017596244812011719e+00 3.532400131225585938e+00
2.618649482727050781e+00 3.323007106781005859e+00 6.355745792388916016e+00 4.235923290252685547e+00 4.583844184875488281e+00 1.542360901832580566e+00 3.258178234100341797e+00 4.058764457702636719e+00 4.036447048187255859e+00 4.644553184509277344e+00 3.092788219451904297e+00 3.193425416946411133e+00 3.992963075637817383e+00 4.275994300842285156e+00 7.214049816131591797e+00 3.389826297760009766e+00 5.772262096405029297e+00 1.335643768310546875e+00 3.780183792114257812e+00 2.648310422897338867e+00
2.720920085906982422e+00 2.766676664352416992e+00 4.466851234436035156e+00 1.805912017822265625e+00 3.910933494567871094e+00 2.726517677307128906e+00 3.241796493530273438e+00 4.329507827758789062e+00 6.185647010803222656e+00 5.754405975341796875e+00 5.998619079589843750e+00 5.855926036834716797e+00 6.737543106079101562e+00 2.666635036468505859e+00 2.824239730834960938e+00 2.544949531555175781e+00 3.486680030822753906e+00 2.417129993438720703e+00 3.057251691818237305e+00 3.798056602478027344e+00
2.067156314849853516e+00 2.725194454193115234e+00 2.342113971710205078e+00 2.789036512374877930e+00 2.962695837020874023e+00 3.806181430816650391e+00 2.400577545166015625e+00 2.769749164581298828e+00 2.381795167922973633e+00 3.811922788619995117e+00 3.013531446456909180e+00 4.720441818237304688e+00 3.696921825408935547e+00 7.169076919555664062e+00 2.424413681030273438e+00 2.814551830291748047e+00 3.735538959503173828e+00 1.878373742103576660e+00 2.982193708419799805e+00 4.233450889587402344e+00
3.920479059219360352e+00 3.557122707366943359e+00 2.750416278839111328e+00 3.884807109832763672e+00 4.303408622741699219e+00 2.542675971984863281e+00 2.698512315750122070e+00 3.345987796783447266e+00 3.483863115310668945e+00 5.097371101379394531e+00 3.482223033905029297e+00 3.693908452987670898e+00 3.437246799468994141e+00 2.002608537673950195e+00 4.154103279113769531e+00 4.347348690032958984e+00 2.901144027709960938e+00 2.761303186416625977e+00 3.587746620178222656e+00 2.433511734008789062e+00
3.765809059143066406e+00 2.645616292953491211e+00 2.551217794418334961e+00 3.126327991485595703e+00 4.184547424316406250e+00 2.979369401931762695e+00 2.127744197845458984e+00 4.722427845001220703e+00 2.667231082916259766e+00 3.015364646911621094e+00 4.212133407592773438e+00 3.613544464111328125e+00 3.074177503585815430e+00 3.100482702255249023e+00 2.884300947189331055e+00 3.067494869232177734e+00 2.139789104461669922e+00 3.728445529937744141e+00 3.611282110214233398e+00 4.479541778564453125e+00
2.766862392425537109e+00 2.476642131805419922e+00 3.814504146575927734e+00 3.820938587188720703e+00 2.122854232788085938e+00 3.406580209732055664e+00 3.092974662780761719e+00 2.789374589920043945e+00 4.670292854309082031e+00 4.299601554870605469e+00 3.191451549530029297e+00 3.206783294677734375e+00 3.022276163101196289e+00 3.226987361907958984e+00 3.042469739913940430e+00 2.600480079650878906e+00 2.878715991973876953e+00 4.389609336853027344e+00 2.860759258270263672e+00 1.910569548606872559e+00
2.247712373733520508e+00 3.773867607116699219e+00 2.728883743286132812e+00 3.619823217391967773e+00 2.132278442382812500e+00 2.725603580474853516e+00 3.453066825866699219e+00 2.617039680480957031e+00 2.073523521423339844e+00 2.980770111083984375e+00 3.010828495025634766e+00 3.308786392211914062e+00 3.633389472961425781e+00 3.360990524291992188e+00 3.158452033996582031e+00 3.390060424804687500e+00 3.927830934524536133e+00 4.268038749694824219e+00 2.602046251296997070e+00 5.718106746673583984e+00
2.870049715042114258e+00 3.178797721862792969e+00 2.136614799499511719e+00 3.126661777496337891e+00 2.725069522857666016e+00 4.012557506561279297e+00 2.880271673202514648e+00 2.073641300201416016e+00 3.822708129882812500e+00 2.656730175018310547e+00 2.406267166137695312e+00 2.890810012817382812e+00 4.070861816406250000e+00 3.402190446853637695e+00 1.725769281387329102e+00 3.033130168914794922e+00 3.483968019485473633e+00 2.088167190551757812e+00 3.114676713943481445e+00 5.125051975250244141e+00
3.421138286590576172e+00 2.439977884292602539e+00 2.193491220474243164e+00 2.477057218551635742e+00 5.173748970031738281e+00 3.522115707397460938e+00 3.440751075744628906e+00 3.622866153717041016e+00 2.824840545654296875e+00 3.430887937545776367e+00 3.351033449172973633e+00 3.555252313613891602e+00 3.428247451782226562e+00 3.334976196289062500e+00 3.597557067871093750e+00 3.427720785140991211e+00 2.555487871170043945e+00 2.656048774719238281e+00 2.977664232254028320e+00 5.283452033996582031e+00
2.296235322952270508e+00 2.360830783843994141e+00 2.486967563629150391e+00 3.680064439773559570e+00 3.308559894561767578e+00 1.876189231872558594e+00 2.519235849380493164e+00 2.978792190551757812e+00 3.310244560241699219e+00 4.078305244445800781e+00 2.424056053161621094e+00 2.893937110900878906e+00 3.276815891265869141e+00 2.221501111984252930e+00 2.978773117065429688e+00 3.506621837615966797e+00 3.618552446365356445e+00 3.787900924682617188e+00 2.082149028778076172e+00 1.970471501350402832e+00
3.242933750152587891e+00 2.538364648818969727e+00 2.645700454711914062e+00 2.712268352508544922e+00 3.125602006912231445e+00 3.847108125686645508e+00 2.458334445953369141e+00 3.115120649337768555e+00 4.993874549865722656e+00 3.963964939117431641e+00 3.457979679107666016e+00 5.942223072052001953e+00 3.084359407424926758e+00 2.606321811676025391e+00 3.111425161361694336e+00 2.891972541809082031e+00 3.912392139434814453e+00 2.418761253356933594e+00 3.787593841552734375e+00 2.110089063644409180e+00
4.725206851959228516e+00 3.865711688995361328e+00 1.527508258819580078e+00 3.080310106277465820e+00 3.453263759613037109e+00 3.962919950485229492e+00 3.698895931243896484e+00 3.301365852355957031e+00 5.637045860290527344e+00 3.598446369171142578e+00 6.555765151977539062e+00 4.379920959472656250e+00 4.665683746337890625e+00 3.325634002685546875e+00 5.669064521789550781e+00 3.005362987518310547e+00 2.774254322052001953e+00 2.913467168807983398e+00 4.233671188354492188e+00 2.659926652908325195e+00
