2019-07-23 10:15:00
5.587159156799316406e+00 6.314931869506835938e+00 2.737286806106567383e+00 3.624211788177490234e+00 3.627146005630493164e+00 2.671299934387207031e+00 3.619277000427246094e+00 2.872506856918334961e+00 5.379468441009521484e+00 4.967796325683593750e+00 2.867963790893554688e+00 3.715905666351318359e+00 3.822331905364990234e+00 2.913700103759765625e+00 4.075394630432128906e+00 4.140249729156494141e+00 4.744929313659667969e+00 2.692387104034423828e+00 3.274031639099121094e+00 4.101733207702636719e+00
5.738469123840332031e+00 8.495819091796875000e+00 5.245409011840820312e+00 5.324198722839355469e+00 7.894931316375732422e+00 3.625009059906005859e+00 1.930039882659912109e+00 3.367485761642456055e+00 3.520357370376586914e+00 4.418126106262207031e+00 2.898688793182373047e+00 4.048335552215576172e+00 3.038222789764404297e+00 7.210495471954345703e+00 2.529814481735229492e+00 2.738046884536743164e+00 6.188348770141601562e+00 4.092063903808593750e+00 3.644174098968505859e+00 2.258764743804931641e+00
2.580040931701660156e+00 5.736084938049316406e+00 7.324732780456542969e+00 9.359058380126953125e+00 2.892136573791503906e+00 2.976644992828369141e+00 5.997315406799316406e+00 1.802725076675415039e+00 3.757432937622070312e+00 2.840095758438110352e+00 5.829204082489013672e+00 4.706880092620849609e+00 2.419704914093017578e+00 3.009327411651611328e+00 5.045648097991943359e+00 3.096834182739257812e+00 5.048740386962890625e+00 4.074528694152832031e+00 2.037947177886962891e+00 2.952046871185302734e+00
2.684410095214843750e+00 9.480731964111328125e+00 4.656621456146240234e+00 7.978147983551025391e+00 3.228571176528930664e+00 4.328356742858886719e+00 3.756504535675048828e+00 5.208911418914794922e+00 2.378408908843994141e+00 4.544192314147949219e+00 6.805493354797363281e+00 5.584846973419189453e+00 3.370277404785156250e+00 2.289598464965820312e+00 7.661669731140136719e+00 2.998524665832519531e+00 2.048763513565063477e+00 3.762577056884765625e+00 3.617128133773803711e+00 2.367336988449096680e+00
2.435414314270019531e+00 3.330734968185424805e+00 2.951381444931030273e+00 3.534327507019042969e+00 3.786405563354492188e+00 3.234632968902587891e+00 3.317395925521850586e+00 3.683778762817382812e+00 5.044309139251708984e+00 3.938781738281250000e+00 4.208880424499511719e+00 5.565641403198242188e+00 3.313292503356933594e+00 3.522667407989501953e+00 5.520467281341552734e+00 6.190595626831054688e+00 3.970367670059204102e+00 7.056711673736572266e+00 6.297451972961425781e+00 3.761097908020019531e+00
4.489135265350341797e+00 3.048000335693359375e+00 4.954028129577636719e+00 6.184611320495605469e+00 2.955369472503662109e+00 5.654950618743896484e+00 2.921378612518310547e+00 5.303749084472656250e+00 4.869518280029296875e+00 7.193062782287597656e+00 6.076838493347167969e+00 4.192206382751464844e+00 5.015461921691894531e+00 2.447978496551513672e+00 3.886795759201049805e+00 4.283985614776611328e+00 1.945616483688354492e+00 3.452126979827880859e+00 5.062915802001953125e+00 2.870785951614379883e+00
4.874982833862304688e+00 6.327996730804443359e+00 4.650999069213867188e+00 6.430061817169189453e+00 3.542254447937011719e+00 8.396994590759277344e+00 4.011164665222167969e+00 3.961496591567993164e+00 3.723844051361083984e+00 3.670400619506835938e+00 3.558604955673217773e+00 3.206609725952148438e+00 6.054645538330078125e+00 5.381979942321777344e+00 5.206557750701904297e+00 6.087962627410888672e+00 2.679685831069946289e+00 2.835481643676757812e+00 5.608470916748046875e+00 4.794281482696533203e+00
5.509170532226562500e+00 3.104120254516601562e+00 3.072977781295776367e+00 8.144114494323730469e+00 5.839772701263427734e+00 3.952546834945678711e+00 2.435762643814086914e+00 2.832299709320068359e+00 3.862632989883422852e+00 3.198717594146728516e+00 2.970192909240722656e+00 2.486732006072998047e+00 4.904084205627441406e+00 3.012540578842163086e+00 3.759208202362060547e+00 2.071920394897460938e+00 6.732858180999755859e+00 1.747608184814453125e+00 8.341538429260253906e+00 3.316333055496215820e+00
2.826887369155883789e+00 4.088271617889404297e+00 4.056405067443847656e+00 2.661648750305175781e+00 6.961411952972412109e+00 2.615099430084228516e+00 3.310687303543090820e+00 3.166531562805175781e+00 3.780032396316528320e+00 2.447938203811645508e+00 3.924052238464355469e+00 3.461169242858886719e+00 4.679019451141357422e+00 6.881906509399414062e+00 8.788282394409179688e+00 4.020595073699951172e+00 3.429544448852539062e+00 2.656041383743286133e+00 1.887269496917724609e+00 3.035652637481689453e+00
2.899601459503173828e+00 2.537579536437988281e+00 2.384450912475585938e+00 1.946880817413330078e+00 3.167526245117187500e+00 2.334503173828125000e+00 4.408515930175781250e+00 2.616131067276000977e+00 7.166475296020507812e+00 5.158555507659912109e+00 8.171315193176269531e+00 6.454181671142578125e+00 7.866835594177246094e+00 3.193658828735351562e+00 2.687948465347290039e+00 2.827883005142211914e+00 4.710205078125000000e+00 2.776059389114379883e+00 2.534232139587402344e+00 2.853480815887451172e+00
2.123306274414062500e+00 2.793562173843383789e+00 2.269927501678466797e+00 2.624311685562133789e+00 3.754229784011840820e+00 2.184642791748046875e+00 2.818309783935546875e+00 3.350115060806274414e+00 1.955325961112976074e+00 4.297310352325439453e+00 4.077652931213378906e+00 3.736182689666748047e+00 4.863665580749511719e+00 9.062938690185546875e+00 2.244015693664550781e+00 3.314290761947631836e+00 2.912737369537353516e+00 4.347038269042968750e+00 3.930076599121093750e+00 3.156917095184326172e+00
3.703986406326293945e+00 3.276420593261718750e+00 3.855614662170410156e+00 2.748389244079589844e+00 5.378112792968750000e+00 2.983495473861694336e+00 2.847269296646118164e+00 3.445503950119018555e+00 3.474736690521240234e+00 2.847750902175903320e+00 3.918387174606323242e+00 2.641369342803955078e+00 4.608363151550292969e+00 4.277469635009765625e+00 2.773044109344482422e+00 3.745144367218017578e+00 3.301321029663085938e+00 3.655360460281372070e+00 2.883465290069580078e+00 2.659653663635253906e+00
3.224272727966308594e+00 3.414945840835571289e+00 3.325845718383789062e+00 3.095272302627563477e+00 2.513444662094116211e+00 4.234812736511230469e+00 2.160334587097167969e+00 3.534598350524902344e+00 3.419130086898803711e+00 3.929463863372802734e+00 1.539531946182250977e+00 2.261306762695312500e+00 2.195929050445556641e+00 3.065314531326293945e+00 3.197890520095825195e+00 3.924107551574707031e+00 2.845824480056762695e+00 1.807575464248657227e+00 3.740877628326416016e+00 2.103570938110351562e+00
3.519977807998657227e+00 4.210722923278808594e+00 2.325558423995971680e+00 2.890564441680908203e+00 2.740056037902832031e+00 3.180120944976806641e+00 2.957332134246826172e+00 3.279485702514648438e+00 3.114347696304321289e+00 4.233467102050781250e+00 3.426945209503173828e+00 3.837876319885253906e+00 4.079916000366210938e+00 2.858504772186279297e+00 3.946129322052001953e+00 3.472489833831787109e+00 3.826207637786865234e+00 4.017706871032714844e+00 3.874671459197998047e+00 2.968153953552246094e+00
3.642386436462402344e+00 3.979666709899902344e+00 3.096983909606933594e+00 2.492221117019653320e+00 4.217404365539550781e+00 3.443877696990966797e+00 3.679000854492187500e+00 4.569136619567871094e+00 2.837903022766113281e+00 3.620267152786254883e+00 1.966696739196777344e+00 4.006832122802734375e+00 2.294074535369873047e+00 2.865690231323242188e+00 2.000867843627929688e+00 2.386605262756347656e+00 3.929305791854858398e+00 4.395300388336181641e+00 2.674723625183105469e+00 4.929759025573730469e+00
3.118399143218994141e+00 2.051830768585205078e+00 2.819988727569580078e+00 4.682393550872802734e+00 2.071360349655151367e+00 4.141080856323242188e+00 4.422703742980957031e+00 3.567391395568847656e+00 2.584989547729492188e+00 3.089466333389282227e+00 3.546089649200439453e+00 3.344010114669799805e+00 3.195327281951904297e+00 4.078502178192138672e+00 3.470375061035156250e+00 2.170138835906982422e+00 3.755530834197998047e+00 4.211545944213867188e+00 2.644878149032592773e+00 4.196436405181884766e+00
2.214922904968261719e+00 3.023322105407714844e+00 2.973283767700195312e+00 2.387465953826904297e+00 5.499548912048339844e+00 2.634099245071411133e+00 2.709635972976684570e+00 4.084915161132812500e+00 4.268099308013916016e+00 2.471512556076049805e+00 3.267163991928100586e+00 3.181365489959716797e+00 1.636806845664978027e+00 3.370018482208251953e+00 3.777944087982177734e+00 2.615578651428222656e+00 2.001615524291992188e+00 3.615668535232543945e+00 2.156935214996337891e+00 5.338437080383300781e+00
4.496839046478271484e+00 3.859918355941772461e+00 2.234725952148437500e+00 3.447604417800903320e+00 3.511901855468750000e+00 3.239921092987060547e+00 4.739995479583740234e+00 3.519618749618530273e+00 5.923914432525634766e+00 3.241688728332519531e+00 4.130889892578125000e+00 2.392481803894042969e+00 4.669249534606933594e+00 3.379924297332763672e+00 2.949300765991210938e+00 2.967029094696044922e+00 4.248467445373535156e+00 1.548084735870361328e+00 2.600757598876953125e+00 2.707048416137695312e+00
3.449881553649902344e+00 3.214429855346679688e+00 2.717349290847778320e+00 2.875063896179199219e+00 4.741119384765625000e+00 4.437105178833007812e+00 2.598626613616943359e+00 3.242269277572631836e+00 4.001884460449218750e+00 7.658669948577880859e+00 3.729360342025756836e+00 4.801844596862792969e+00 2.728483676910400391e+00 2.981419086456298828e+00 3.656970024108886719e+00 2.756870985031127930e+00 3.028518199920654297e+00 4.190464019775390625e+00 3.081473112106323242e+00 3.622422695159912109e+00
3.296465873718261719e+00 4.095333576202392578e+00 3.137295722961425781e+00 2.719907283782958984e+00 3.065669536590576172e+00 2.762074947357177734e+00 3.194618701934814453e+00 3.440812349319458008e+00 3.932451248168945312e+00 6.770251274108886719e+00 8.231077194213867188e+00 5.503521919250488281e+00 5.896928787231445312e+00 2.581171035766601562e+00 3.461313247680664062e+00 2.082063674926757812e+00 3.746855258941650391e+00 3.285211801528930664e+00 3.596666336059570312e+00 2.671176433563232422e+00
