2019-07-23 10:45:00
4.581256866455078125e+00 5.175122261047363281e+00 6.624310493469238281e+00 3.034052610397338867e+00 2.520241260528564453e+00 3.579377412796020508e+00 3.433773756027221680e+00 4.223572731018066406e+00 3.021003723144531250e+00 6.418596267700195312e+00 3.732007026672363281e+00 1.912294387817382812e+00 5.049546241760253906e+00 3.087322711944580078e+00 2.398295879364013672e+00 5.545286655426025391e+00 5.122671127319335938e+00 1.893310666084289551e+00 2.950826168060302734e+00 2.514571189880371094e+00
4.348802089691162109e+00 2.497270107269287109e+00 5.594620227813720703e+00 4.174216270446777344e+00 5.100023269653320312e+00 3.494540214538574219e+00 2.735819816589355469e+00 3.460340023040771484e+00 5.264546871185302734e+00 3.435347795486450195e+00 3.097735643386840820e+00 2.885613441467285156e+00 2.466371059417724609e+00 8.504833221435546875e+00 4.542876243591308594e+00 4.662443161010742188e+00 5.214612960815429688e+00 7.083481311798095703e+00 2.230693101882934570e+00 3.743971347808837891e+00
5.764066696166992188e+00 5.738448143005371094e+00 3.079428672790527344e+00 4.996078968048095703e+00 4.912439346313476562e+00 4.716598987579345703e+00 4.087491989135742188e+00 1.810559272766113281e+00 2.709441661834716797e+00 3.784320592880249023e+00 3.055607557296752930e+00 7.793814182281494141e+00 3.206031560897827148e+00 6.243618011474609375e+00 3.214444637298583984e+00 3.027788162231445312e+00 4.737833976745605469e+00 4.334191322326660156e+00 4.940363883972167969e+00 2.965917110443115234e+00
2.934556961059570312e+00 5.600944519042968750e+00 2.852486610412597656e+00 5.073206901550292969e+00 3.559321403503417969e+00 2.038464307785034180e+00 2.251456737518310547e+00 2.549087047576904297e+00 3.185844898223876953e+00 4.479027748107910156e+00 3.779430389404296875e+00 5.600378036499023438e+00 3.234238624572753906e+00 4.445668697357177734e+00 3.875324726104736328e+00 2.511995315551757812e+00 2.390427112579345703e+00 5.161572933197021484e+00 2.135350942611694336e+00 2.706064224243164062e+00
2.574043273925781250e+00 2.763652801513671875e+00 3.916747331619262695e+00 2.883440971374511719e+00 3.417403697967529297e+00 1.627026319503784180e+00 3.386303424835205078e+00 3.495955944061279297e+00 3.851904392242431641e+00 7.082177162170410156e+00 3.190473794937133789e+00 6.709108352661132812e+00 3.863160133361816406e+00 4.116927146911621094e+00 5.688556671142578125e+00 2.362307786941528320e+00 1.920997619628906250e+00 7.429686546325683594e+00 3.806786060333251953e+00 5.314434051513671875e+00
4.704419136047363281e+00 2.940432548522949219e+00 4.887266159057617188e+00 5.907355785369873047e+00 3.564374923706054688e+00 4.368746757507324219e+00 2.476778745651245117e+00 3.760977029800415039e+00 4.735885143280029297e+00 3.980450630187988281e+00 6.980477333068847656e+00 7.314483642578125000e+00 4.781633377075195312e+00 3.418544292449951172e+00 3.021488428115844727e+00 3.379724979400634766e+00 2.751395225524902344e+00 5.810706138610839844e+00 4.701242923736572266e+00 4.653458118438720703e+00
2.579287767410278320e+00 5.867878913879394531e+00 4.656582355499267578e+00 6.894578456878662109e+00 4.338178634643554688e+00 4.187572002410888672e+00 2.479028940200805664e+00 6.535180091857910156e+00 4.246254920959472656e+00 2.252480030059814453e+00 3.921745538711547852e+00 2.131474256515502930e+00 4.609406471252441406e+00 3.512175798416137695e+00 2.631118297576904297e+00 5.240752220153808594e+00 3.197373151779174805e+00 1.958779573440551758e+00 6.514432907104492188e+00 7.093623161315917969e+00
5.015455245971679688e+00 2.053874969482421875e+00 4.814519882202148438e+00 5.593988418579101562e+00 7.474637508392333984e+00 3.762194871902465820e+00 2.518390417098999023e+00 2.941894292831420898e+00 3.564348697662353516e+00 1.972330808639526367e+00 3.503687381744384766e+00 3.045828342437744141e+00 1.940048336982727051e+00 3.867037534713745117e+00 3.812088251113891602e+00 3.691550731658935547e+00 5.106954574584960938e+00 2.365191221237182617e+00 4.751793861389160156e+00 3.385972499847412109e+00
2.603348970413208008e+00 4.204520225524902344e+00 6.019447803497314453e+00 4.718562126159667969e+00 3.298565149307250977e+00 3.463459730148315430e+00 3.750736474990844727e+00 4.067843914031982422e+00 2.419119358062744141e+00 2.848762989044189453e+00 2.636540651321411133e+00 2.405748367309570312e+00 4.871554374694824219e+00 6.947740554809570312e+00 3.217853069305419922e+00 3.427098751068115234e+00 7.167684555053710938e+00 2.548048019409179688e+00 2.142763614654541016e+00 2.071499824523925781e+00
3.402823209762573242e+00 5.183323860168457031e+00 3.401402950286865234e+00 3.339073657989501953e+00 3.812337636947631836e+00 3.256328105926513672e+00 2.547313690185546875e+00 2.972264051437377930e+00 6.711176395416259766e+00 3.295218467712402344e+00 6.036487102508544922e+00 9.434748649597167969e+00 6.694455146789550781e+00 3.218127250671386719e+00 3.384281158447265625e+00 2.649097919464111328e+00 5.597406387329101562e+00 2.204442501068115234e+00 3.352722644805908203e+00 3.063871383666992188e+00
2.546017646789550781e+00 2.501579284667968750e+00 2.421238422393798828e+00 3.609867095947265625e+00 2.676375865936279297e+00 3.401155948638916016e+00 4.310261726379394531e+00 2.730587959289550781e+00 3.126166820526123047e+00 2.308919429779052734e+00 3.532799243927001953e+00 6.496761322021484375e+00 6.108402252197265625e+00 1.014832878112792969e+01 3.561794757843017578e+00 2.608492851257324219e+00 3.786885261535644531e+00 3.619509220123291016e+00 3.157775402069091797e+00 4.280152320861816406e+00
4.012723445892333984e+00 3.683823585510253906e+00 2.494652986526489258e+00 2.721759319305419922e+00 3.800301074981689453e+00 4.187107086181640625e+00 3.967263221740722656e+00 3.429639101028442383e+00 4.289737224578857422e+00 3.363029003143310547e+00 2.963242530822753906e+00 2.935526371002197266e+00 2.660420894622802734e+00 3.182771682739257812e+00 4.357542514801025391e+00 4.920298099517822266e+00 3.787829875946044922e+00 4.554775714874267578e+00 3.693473577499389648e+00 3.446200370788574219e+00
1.965348958969116211e+00 3.557154655456542969e+00 3.508872032165527344e+00 3.706632137298583984e+00 3.604932308197021484e+00 1.694646358489990234e+00 2.996195316314697266e+00 3.577685117721557617e+00 3.783364772796630859e+00 2.794755458831787109e+00 3.088065624237060547e+00 2.698913812637329102e+00 3.278618812561035156e+00 2.596291542053222656e+00 3.162131547927856445e+00 2.740842342376708984e+00 3.012680530548095703e+00 3.072768211364746094e+00 2.603323936462402344e+00 2.859498500823974609e+00
2.788525342941284180e+00 2.829465389251708984e+00 4.513937950134277344e+00 3.363550901412963867e+00 2.870043754577636719e+00 2.273427009582519531e+00 2.793722152709960938e+00 4.165977478027343750e+00 3.371132850646972656e+00 2.457915306091308594e+00 3.959044456481933594e+00 3.650283813476562500e+00 4.010534286499023438e+00 2.283768415451049805e+00 2.021082162857055664e+00 2.409501075744628906e+00 2.857653617858886719e+00 3.696539163589477539e+00 3.600817203521728516e+00 2.568655490875244141e+00
2.848420858383178711e+00 3.585901975631713867e+00 3.831389188766479492e+00 2.521596431732177734e+00 1.949551820755004883e+00 2.138385772705078125e+00 4.039480209350585938e+00 3.239465713500976562e+00 3.105438232421875000e+00 2.348487138748168945e+00 3.266922473907470703e+00 2.350488901138305664e+00 3.478040933609008789e+00 3.119317293167114258e+00 3.248206377029418945e+00 3.304152727127075195e+00 2.483917713165283203e+00 1.621856212615966797e+00 1.789343953132629395e+00 7.073123931884765625e+00
1.447675824165344238e+00 3.764502048492431641e+00 3.014591693878173828e+00 4.101919174194335938e+00 3.801567077636718750e+00 3.221504688262939453e+00 4.206409454345703125e+00 2.440392971038818359e+00 2.782687187194824219e+00 1.480394721031188965e+00 3.402608394622802734e+00 2.422067165374755859e+00 3.274607658386230469e+00 3.152925968170166016e+00 3.936158180236816406e+00 3.325061321258544922e+00 2.512831449508666992e+00 3.083315372467041016e+00 1.794933080673217773e+00 5.005081653594970703e+00
4.056171894073486328e+00 4.003441810607910156e+00 4.200121879577636719e+00 2.634284973144531250e+00 6.138752460479736328e+00 3.095610618591308594e+00 1.947344422340393066e+00 3.523330211639404297e+00 3.446697235107421875e+00 3.468617916107177734e+00 2.238244533538818359e+00 1.849778652191162109e+00 2.619581460952758789e+00 3.742193698883056641e+00 2.232174396514892578e+00 3.459400653839111328e+00 2.350476264953613281e+00 2.448865652084350586e+00 2.876179218292236328e+00 5.800742149353027344e+00
1.597374916076660156e+00 2.769928455352783203e+00 2.654314279556274414e+00 2.692945003509521484e+00 3.390075206756591797e+00 3.250284433364868164e+00 2.806825876235961914e+00 3.445569515228271484e+00 3.991991043090820312e+00 4.271444320678710938e+00 5.208967685699462891e+00 2.169652938842773438e+00 3.578414916992187500e+00 1.957944154739379883e+00 2.612405776977539062e+00 3.187936305999755859e+00 4.132779121398925781e+00 3.398225307464599609e+00 3.351899147033691406e+00 2.716199398040771484e+00
2.096609354019165039e+00 2.008133649826049805e+00 2.098623514175415039e+00 2.508640289306640625e+00 3.554888010025024414e+00 2.711230039596557617e+00 3.798674821853637695e+00 2.177229404449462891e+00 3.649141311645507812e+00 6.163678169250488281e+00 5.809267044067382812e+00 6.154346466064453125e+00 3.364467620849609375e+00 2.007852077484130859e+00 4.284719944000244141e+00 2.845801353454589844e+00 2.599155902862548828e+00 3.520645380020141602e+00 2.941056251525878906e+00 3.593102455139160156e+00
3.947829246520996094e+00 4.299520969390869141e+00 2.280459403991699219e+00 2.450360774993896484e+00 3.960102558135986328e+00 1.738271474838256836e+00 2.473428726196289062e+00 3.922490358352661133e+00 4.242055892944335938e+00 8.616212844848632812e+00 4.812704563140869141e+00 3.627009868621826172e+00 4.311117649078369141e+00 2.539419174194335938e+00 3.273527383804321289e+00 2.989759445190429688e+00 2.797830104827880859e+00 3.986255884170532227e+00 3.969750404357910156e+00 2.982827901840209961e+00
