2019-07-23 11:00:00
3.938113451004028320e+00 7.366788387298583984e+00 7.225859642028808594e+00 4.296186447143554688e+00 2.980307579040527344e+00 3.886632680892944336e+00 3.584383249282836914e+00 3.203143596649169922e+00 8.433105468750000000e+00 4.848741531372070312e+00 4.754134654998779297e+00 2.848433494567871094e+00 8.709310531616210938e+00 3.059530735015869141e+00 2.707430839538574219e+00 4.209168434143066406e+00 7.001591682434082031e+00 3.621456623077392578e+00 3.121450901031494141e+00 3.238633155822753906e+00
5.605630874633789062e+00 8.110216140747070312e+00 6.745933532714843750e+00 5.599284648895263672e+00 5.420774936676025391e+00 2.205572128295898438e+00 2.858157396316528320e+00 2.794458389282226562e+00 2.771442890167236328e+00 2.117333889007568359e+00 3.504652023315429688e+00 3.970076084136962891e+00 2.739906787872314453e+00 6.400249958038330078e+00 3.222104787826538086e+00 4.031320571899414062e+00 5.567998886108398438e+00 6.516145706176757812e+00 2.083242416381835938e+00 2.598463535308837891e+00
7.071574211120605469e+00 6.274387836456298828e+00 5.115362644195556641e+00 6.054701805114746094e+00 8.093089103698730469e+00 4.911620616912841797e+00 2.969835281372070312e+00 2.561123371124267578e+00 3.401863813400268555e+00 3.525097131729125977e+00 7.048269271850585938e+00 3.608363389968872070e+00 3.226154327392578125e+00 4.698483467102050781e+00 5.987560272216796875e+00 3.467774868011474609e+00 6.144950866699218750e+00 4.919278621673583984e+00 3.397985458374023438e+00 3.232023477554321289e+00
3.169280529022216797e+00 5.978611946105957031e+00 7.597665309906005859e+00 6.667434215545654297e+00 4.765544891357421875e+00 3.764937877655029297e+00 2.577320098876953125e+00 4.056100368499755859e+00 3.704193830490112305e+00 2.785958290100097656e+00 4.047626495361328125e+00 4.696279048919677734e+00 4.953474044799804688e+00 3.529921531677246094e+00 7.651173114776611328e+00 2.726257324218750000e+00 4.056510925292968750e+00 7.485355854034423828e+00 2.165665626525878906e+00 4.561880588531494141e+00
2.872174024581909180e+00 3.131425857543945312e+00 3.732227802276611328e+00 3.282289981842041016e+00 3.034525632858276367e+00 5.619071006774902344e+00 3.527701377868652344e+00 4.137490272521972656e+00 6.691869735717773438e+00 7.700138092041015625e+00 4.990607261657714844e+00 6.822456359863281250e+00 5.099506378173828125e+00 3.925205230712890625e+00 5.486903190612792969e+00 2.756313323974609375e+00 4.212650775909423828e+00 2.908246994018554688e+00 6.697217941284179688e+00 4.465495109558105469e+00
6.256474018096923828e+00 4.773630619049072266e+00 3.488673210144042969e+00 7.592581272125244141e+00 3.771511316299438477e+00 6.291308879852294922e+00 2.818401336669921875e+00 5.933355808258056641e+00 5.314046859741210938e+00 4.571866035461425781e+00 3.036336183547973633e+00 6.535424232482910156e+00 4.846037387847900391e+00 3.829002857208251953e+00 3.862982273101806641e+00 4.733240127563476562e+00 3.367716312408447266e+00 7.837996959686279297e+00 4.407857894897460938e+00 2.150076389312744141e+00
4.651537895202636719e+00 4.805571556091308594e+00 5.902416229248046875e+00 6.564054489135742188e+00 4.076015472412109375e+00 3.598445892333984375e+00 2.498456478118896484e+00 7.019344329833984375e+00 4.010949134826660156e+00 3.635260581970214844e+00 3.261054039001464844e+00 3.431940317153930664e+00 6.611880779266357422e+00 3.430803298950195312e+00 2.511571407318115234e+00 5.043552398681640625e+00 3.095343589782714844e+00 3.199161529541015625e+00 6.507451057434082031e+00 6.933586120605468750e+00
8.416643142700195312e+00 4.135877132415771484e+00 3.391431331634521484e+00 2.806278467178344727e+00 9.229152679443359375e+00 4.249492168426513672e+00 3.555988073348999023e+00 5.944586277008056641e+00 3.135855197906494141e+00 2.721574783325195312e+00 3.267519474029541016e+00 2.194313526153564453e+00 5.014728546142578125e+00 5.901866436004638672e+00 4.628207206726074219e+00 5.034093856811523438e+00 7.333395004272460938e+00 3.052121639251708984e+00 5.113646507263183594e+00 3.764702320098876953e+00
3.637000083923339844e+00 4.862777709960937500e+00 3.998291969299316406e+00 4.182654380798339844e+00 7.798364162445068359e+00 5.183094978332519531e+00 2.810076713562011719e+00 2.470316410064697266e+00 2.837371587753295898e+00 3.208060264587402344e+00 3.070910215377807617e+00 2.650203466415405273e+00 5.213071823120117188e+00 4.218847274780273438e+00 6.039631843566894531e+00 3.331870794296264648e+00 5.524427413940429688e+00 2.669476985931396484e+00 2.928256511688232422e+00 3.347914218902587891e+00
6.092502117156982422e+00 4.866457939147949219e+00 3.423722505569458008e+00 4.312629699707031250e+00 3.642022609710693359e+00 2.525341510772705078e+00 3.414585113525390625e+00 3.584378480911254883e+00 4.032944202423095703e+00 5.934169292449951172e+00 3.895955085754394531e+00 4.137533664703369141e+00 7.075968742370605469e+00 2.609934091567993164e+00 2.605295658111572266e+00 4.123793601989746094e+00 8.634971618652343750e+00 3.260990619659423828e+00 3.387517213821411133e+00 2.305291175842285156e+00
4.132628440856933594e+00 3.022986412048339844e+00 2.987924098968505859e+00 4.199475765228271484e+00 2.857973575592041016e+00 1.972819924354553223e+00 3.141331195831298828e+00 2.565858840942382812e+00 4.250529289245605469e+00 4.105433940887451172e+00 2.406358480453491211e+00 4.822325706481933594e+00 3.179822444915771484e+00 5.729173183441162109e+00 3.907090425491333008e+00 3.600465059280395508e+00 4.133952617645263672e+00 3.595920801162719727e+00 3.463815450668334961e+00 3.072655677795410156e+00
2.369088172912597656e+00 3.827129840850830078e+00 4.011385917663574219e+00 2.378705263137817383e+00 3.887859106063842773e+00 3.300176858901977539e+00 4.285718441009521484e+00 4.959955215454101562e+00 2.495498180389404297e+00 2.319265842437744141e+00 3.478918075561523438e+00 3.564345836639404297e+00 3.210281372070312500e+00 3.209687709808349609e+00 2.068976402282714844e+00 3.787745714187622070e+00 5.429319858551025391e+00 3.599847555160522461e+00 3.329631567001342773e+00 3.762405395507812500e+00
3.917822837829589844e+00 2.701778888702392578e+00 2.480141162872314453e+00 3.381883144378662109e+00 2.991921901702880859e+00 2.837663650512695312e+00 4.100048542022705078e+00 2.426976680755615234e+00 3.844316482543945312e+00 2.628864765167236328e+00 3.913704872131347656e+00 2.364988327026367188e+00 2.609807491302490234e+00 3.934963226318359375e+00 2.174444913864135742e+00 3.470254898071289062e+00 3.604899406433105469e+00 1.656925201416015625e+00 3.503173351287841797e+00 3.785184860229492188e+00
3.336067914962768555e+00 3.960299253463745117e+00 5.444063663482666016e+00 1.772181272506713867e+00 2.888437986373901367e+00 3.542559385299682617e+00 3.184506177902221680e+00 3.401947736740112305e+00 2.374889850616455078e+00 3.390636444091796875e+00 3.629722595214843750e+00 3.971583604812622070e+00 2.548682689666748047e+00 1.916546940803527832e+00 4.099579811096191406e+00 3.383367776870727539e+00 4.837141513824462891e+00 3.520669460296630859e+00 2.994841575622558594e+00 3.418657302856445312e+00
3.611153602600097656e+00 4.027173042297363281e+00 4.502861022949218750e+00 4.107941150665283203e+00 4.410489559173583984e+00 3.212931632995605469e+00 3.433189392089843750e+00 3.881078004837036133e+00 4.867826461791992188e+00 3.874227046966552734e+00 3.199265480041503906e+00 2.220462560653686523e+00 3.929845333099365234e+00 1.524782776832580566e+00 4.150932312011718750e+00 3.623135089874267578e+00 2.556630849838256836e+00 3.282533645629882812e+00 2.139604568481445312e+00 5.557511329650878906e+00
2.837121009826660156e+00 4.040232181549072266e+00 2.791359901428222656e+00 5.900978088378906250e+00 3.966881275177001953e+00 1.753381347656250000e+01 3.622965335845947266e+00 3.006483793258666992e+00 3.072822093963623047e+00 3.762155771255493164e+00 3.086589813232421875e+00 3.245384216308593750e+00 2.769679546356201172e+00 2.718710660934448242e+00 2.315845966339111328e+00 4.162604331970214844e+00 3.009119749069213867e+00 4.016922473907470703e+00 3.581111669540405273e+00 4.988196372985839844e+00
3.846683263778686523e+00 3.395736694335937500e+00 5.693266868591308594e+00 3.139620780944824219e+00 6.204765319824218750e+00 2.219552040100097656e+00 3.726392507553100586e+00 3.044157028198242188e+00 3.851446628570556641e+00 4.710368633270263672e+00 3.058441162109375000e+00 3.711176872253417969e+00 3.357800722122192383e+00 2.398133754730224609e+00 3.806386232376098633e+00 4.496174335479736328e+00 2.514999389648437500e+00 2.542333602905273438e+00 2.688070297241210938e+00 6.485622406005859375e+00
4.046492576599121094e+00 3.555608510971069336e+00 2.684801578521728516e+00 3.366913795471191406e+00 4.263229370117187500e+00 3.110632658004760742e+00 5.459568500518798828e+00 2.896158218383789062e+00 6.181534767150878906e+00 4.997002124786376953e+00 4.254124641418457031e+00 1.937050580978393555e+00 2.711528539657592773e+00 3.430788755416870117e+00 2.836889266967773438e+00 4.428837299346923828e+00 4.698356151580810547e+00 4.469723224639892578e+00 2.181079864501953125e+00 3.310235977172851562e+00
1.761826038360595703e+00 2.879887342453002930e+00 2.978839159011840820e+00 2.221753358840942383e+00 4.119565486907958984e+00 5.537161350250244141e+00 3.793506145477294922e+00 3.362044334411621094e+00 4.030776977539062500e+00 7.623302459716796875e+00 3.907066345214843750e+00 4.573951721191406250e+00 2.259398937225341797e+00 2.849244117736816406e+00 3.297964572906494141e+00 1.989087462425231934e+00 2.377683639526367188e+00 2.120568990707397461e+00 3.133993625640869141e+00 2.978111028671264648e+00
4.267212867736816406e+00 3.530601024627685547e+00 3.514591217041015625e+00 1.477127313613891602e+00 5.189485549926757812e+00 2.576126337051391602e+00 2.984499454498291016e+00 3.359666824340820312e+00 5.261410236358642578e+00 7.336718082427978516e+00 5.474696636199951172e+00 6.392877578735351562e+00 8.025438308715820312e+00 1.762089252471923828e+00 4.064425468444824219e+00 2.391672611236572266e+00 1.961015462875366211e+00 4.574250221252441406e+00 4.104268074035644531e+00 3.462809085845947266e+00
