2019-07-23 11:15:00
6.354707717895507812e+00 5.111826896667480469e+00 4.121482849121093750e+00 3.099595785140991211e+00 2.649205684661865234e+00 2.788172245025634766e+00 2.394064426422119141e+00 3.297486305236816406e+00 7.596442699432373047e+00 4.946660041809082031e+00 3.758812427520751953e+00 2.376276969909667969e+00 8.229263305664062500e+00 2.957964897155761719e+00 3.342847108840942383e+00 4.835263729095458984e+00 3.807991504669189453e+00 2.494504690170288086e+00 2.840351581573486328e+00 2.692460536956787109e+00
6.140645027160644531e+00 2.060423374176025391e+00 9.756894111633300781e+00 6.454049110412597656e+00 4.137630939483642578e+00 1.654586434364318848e+00 3.129448413848876953e+00 3.476526498794555664e+00 3.725432872772216797e+00 2.603696823120117188e+00 2.869467973709106445e+00 3.714463949203491211e+00 3.074406623840332031e+00 5.200302124023437500e+00 3.161563873291015625e+00 3.221213340759277344e+00 4.223389625549316406e+00 5.386031150817871094e+00 3.185707569122314453e+00 4.234341621398925781e+00
6.481896400451660156e+00 5.834331512451171875e+00 7.907795429229736328e+00 5.212465763092041016e+00 3.391459465026855469e+00 2.640502214431762695e+00 4.612232208251953125e+00 2.693076610565185547e+00 2.308111667633056641e+00 2.925806522369384766e+00 4.034005165100097656e+00 2.762753963470458984e+00 3.326322078704833984e+00 6.828087806701660156e+00 7.478456497192382812e+00 2.435278177261352539e+00 1.305497765541076660e+00 6.284185409545898438e+00 2.415190219879150391e+00 2.173478603363037109e+00
3.422336578369140625e+00 6.891818523406982422e+00 5.797719478607177734e+00 4.238368034362792969e+00 2.635924339294433594e+00 3.118738412857055664e+00 4.062823772430419922e+00 3.462394952774047852e+00 3.541323184967041016e+00 3.517306089401245117e+00 2.789081096649169922e+00 4.796504974365234375e+00 3.037248611450195312e+00 1.841193675994873047e+00 6.265030384063720703e+00 2.377789020538330078e+00 2.702862739562988281e+00 6.467115402221679688e+00 2.022455692291259766e+00 3.088055133819580078e+00
2.783662557601928711e+00 2.430968523025512695e+00 2.416239738464355469e+00 4.266455650329589844e+00 3.978943109512329102e+00 4.419939517974853516e+00 3.320149183273315430e+00 2.691413640975952148e+00 6.121951103210449219e+00 4.150340080261230469e+00 6.149121761322021484e+00 6.452379226684570312e+00 2.030917167663574219e+00 2.683143615722656250e+00 4.617102622985839844e+00 5.163838386535644531e+00 3.079556226730346680e+00 3.850294351577758789e+00 3.954767465591430664e+00 2.822494745254516602e+00
7.928865432739257812e+00 3.322301864624023438e+00 2.079329967498779297e+00 4.164156913757324219e+00 6.158431053161621094e+00 5.012979507446289062e+00 3.742480754852294922e+00 5.152631759643554688e+00 4.677042007446289062e+00 5.677529335021972656e+00 4.996527671813964844e+00 4.027917385101318359e+00 3.883399724960327148e+00 5.235770702362060547e+00 1.408666014671325684e+00 3.909695148468017578e+00 3.391606807708740234e+00 5.284633159637451172e+00 6.014793395996093750e+00 3.327968120574951172e+00
6.603289604187011719e+00 6.437754631042480469e+00 5.082966327667236328e+00 6.038767814636230469e+00 5.192905426025390625e+00 6.197373390197753906e+00 4.205884933471679688e+00 5.996797561645507812e+00 2.345982789993286133e+00 3.162489175796508789e+00 2.570338249206542969e+00 3.216968059539794922e+00 7.442807674407958984e+00 3.013746500015258789e+00 2.947882890701293945e+00 5.287179946899414062e+00 2.611697196960449219e+00 2.842022180557250977e+00 4.791532039642333984e+00 4.109097480773925781e+00
5.091061592102050781e+00 3.124787330627441406e+00 4.130451202392578125e+00 6.171360969543457031e+00 4.736770629882812500e+00 4.995619773864746094e+00 3.388373374938964844e+00 2.453872442245483398e+00 3.261339426040649414e+00 4.336200714111328125e+00 2.898680210113525391e+00 3.887137413024902344e+00 4.431524276733398438e+00 3.974892139434814453e+00 5.003557682037353516e+00 1.819799661636352539e+00 3.267646074295043945e+00 2.901047229766845703e+00 6.629077434539794922e+00 3.548125743865966797e+00
1.793458700180053711e+00 3.013504981994628906e+00 2.873258829116821289e+00 4.319583415985107422e+00 5.695470333099365234e+00 3.425618171691894531e+00 3.758914947509765625e+00 2.731502056121826172e+00 3.607716560363769531e+00 3.834852695465087891e+00 3.006562709808349609e+00 3.633238554000854492e+00 3.393624067306518555e+00 5.971730709075927734e+00 4.189955711364746094e+00 2.917786836624145508e+00 4.373835086822509766e+00 2.616950511932373047e+00 2.438811540603637695e+00 2.275069952011108398e+00
3.555635452270507812e+00 3.417575359344482422e+00 3.645683288574218750e+00 2.359822273254394531e+00 2.374905347824096680e+00 4.127338409423828125e+00 3.572126865386962891e+00 3.514200925827026367e+00 5.695176601409912109e+00 5.067648887634277344e+00 3.279582500457763672e+00 6.562741756439208984e+00 3.389749765396118164e+00 2.963473081588745117e+00 2.676995038986206055e+00 2.815863132476806641e+00 1.085848045349121094e+01 3.227931499481201172e+00 3.389988422393798828e+00 2.748587608337402344e+00
3.590337038040161133e+00 4.379977226257324219e+00 3.329396963119506836e+00 3.541205406188964844e+00 3.840525150299072266e+00 2.972361564636230469e+00 3.179056167602539062e+00 2.902387142181396484e+00 2.874083042144775391e+00 3.367036819458007812e+00 1.617894530296325684e+00 4.567392349243164062e+00 4.889226913452148438e+00 4.013396739959716797e+00 2.605801105499267578e+00 3.175563335418701172e+00 3.748758077621459961e+00 2.939556837081909180e+00 2.436714649200439453e+00 3.126948833465576172e+00
1.389008760452270508e+00 2.120796442031860352e+00 2.981951713562011719e+00 3.237484455108642578e+00 1.726366281509399414e+00 2.137046813964843750e+00 2.978272914886474609e+00 2.719536781311035156e+00 2.422129631042480469e+00 3.033964157104492188e+00 3.529545545578002930e+00 2.748183727264404297e+00 2.241493701934814453e+00 3.004195690155029297e+00 2.763148307800292969e+00 5.782249450683593750e+00 4.604619026184082031e+00 2.979434967041015625e+00 3.317248344421386719e+00 2.079773426055908203e+00
2.969749450683593750e+00 2.160999298095703125e+00 2.155443429946899414e+00 2.824903011322021484e+00 3.170245647430419922e+00 3.937951087951660156e+00 3.053456306457519531e+00 2.705077648162841797e+00 3.219991207122802734e+00 2.523639440536499023e+00 2.207876205444335938e+00 3.488416671752929688e+00 3.981575727462768555e+00 3.493780851364135742e+00 3.572699785232543945e+00 4.292166709899902344e+00 4.250142574310302734e+00 2.628744125366210938e+00 2.138903141021728516e+00 2.393025398254394531e+00
2.651197910308837891e+00 2.345148563385009766e+00 2.390690565109252930e+00 4.340473175048828125e+00 3.341529369354248047e+00 3.912193059921264648e+00 2.601791381835937500e+00 3.183775186538696289e+00 3.487843275070190430e+00 2.871316432952880859e+00 3.178366184234619141e+00 2.926143169403076172e+00 3.960272312164306641e+00 3.978366136550903320e+00 2.629469871520996094e+00 3.143990516662597656e+00 3.212684631347656250e+00 2.967905044555664062e+00 3.803823471069335938e+00 2.319174289703369141e+00
3.323327779769897461e+00 3.821170806884765625e+00 1.839998245239257812e+00 3.554706096649169922e+00 2.134073019027709961e+00 2.955915689468383789e+00 3.126625061035156250e+00 3.177077293395996094e+00 3.624916076660156250e+00 2.761914253234863281e+00 3.202823400497436523e+00 2.095484733581542969e+00 2.605000257492065430e+00 3.589665651321411133e+00 2.191157817840576172e+00 4.307963371276855469e+00 3.216917991638183594e+00 3.064821481704711914e+00 2.138893842697143555e+00 3.581137180328369141e+00
3.937554836273193359e+00 3.394835948944091797e+00 2.176603078842163086e+00 2.290833950042724609e+00 2.661803722381591797e+00 3.697443008422851562e+00 3.668595790863037109e+00 2.594773292541503906e+00 2.703626632690429688e+00 2.777205944061279297e+00 2.848046541213989258e+00 2.687970161437988281e+00 2.848301887512207031e+00 3.209168434143066406e+00 2.622102737426757812e+00 2.555924654006958008e+00 3.295997858047485352e+00 3.616211652755737305e+00 2.481610059738159180e+00 2.797190666198730469e+00
3.338096380233764648e+00 3.436436891555786133e+00 3.012362957000732422e+00 3.024015903472900391e+00 5.399562358856201172e+00 3.389869689941406250e+00 1.948407530784606934e+00 3.346430778503417969e+00 3.313163995742797852e+00 2.956528186798095703e+00 2.444153785705566406e+00 2.655438423156738281e+00 3.462869644165039062e+00 3.149844169616699219e+00 3.538325548171997070e+00 2.614898204803466797e+00 3.428205013275146484e+00 1.958503484725952148e+00 3.273021936416625977e+00 4.782399177551269531e+00
3.063429832458496094e+00 3.208684682846069336e+00 2.848189115524291992e+00 4.346003532409667969e+00 5.541672706604003906e+00 3.104485034942626953e+00 3.528931617736816406e+00 2.774338722229003906e+00 4.758279800415039062e+00 4.902021408081054688e+00 3.937101602554321289e+00 3.071488380432128906e+00 3.382517099380493164e+00 2.819711685180664062e+00 3.280235767364501953e+00 1.749438762664794922e+00 4.229099750518798828e+00 4.905985832214355469e+00 2.244276762008666992e+00 2.134230613708496094e+00
3.727759361267089844e+00 3.321962118148803711e+00 3.307159423828125000e+00 2.759467363357543945e+00 3.023877382278442383e+00 3.896332263946533203e+00 3.786783933639526367e+00 2.550290107727050781e+00 3.764200448989868164e+00 3.942228794097900391e+00 4.167759895324707031e+00 6.555490493774414062e+00 2.347125530242919922e+00 1.353971004486083984e+00 2.974386453628540039e+00 3.875811815261840820e+00 2.836989402770996094e+00 2.311106204986572266e+00 5.060616493225097656e+00 2.612514972686767578e+00
3.692535877227783203e+00 2.544703960418701172e+00 2.837442398071289062e+00 2.738633632659912109e+00 5.568845748901367188e+00 4.160365104675292969e+00 3.578908920288085938e+00 3.851212978363037109e+00 6.060073852539062500e+00 8.909614562988281250e+00 6.306671142578125000e+00 4.115906238555908203e+00 7.597133159637451172e+00 2.985038042068481445e+00 3.315731525421142578e+00 3.809572935104370117e+00 2.150119543075561523e+00 1.932907342910766602e+00 4.526376247406005859e+00 3.677673816680908203e+00
