2019-07-23 11:45:00
2.503612518310546875e+00 3.888086795806884766e+00 4.493371963500976562e+00 2.780661582946777344e+00 3.863387823104858398e+00 2.175463199615478516e+00 3.973640680313110352e+00 3.248423576354980469e+00 3.603934764862060547e+00 3.788337230682373047e+00 3.210367679595947266e+00 1.721474409103393555e+00 4.331781387329101562e+00 2.548244953155517578e+00 2.525250434875488281e+00 4.143080711364746094e+00 5.178740501403808594e+00 4.217383861541748047e+00 1.949600458145141602e+00 2.628600120544433594e+00
4.682648181915283203e+00 3.060343265533447266e+00 2.964812517166137695e+00 4.851252555847167969e+00 2.693123817443847656e+00 4.028140068054199219e+00 2.150175809860229492e+00 2.816158294677734375e+00 4.450844764709472656e+00 3.102836132049560547e+00 3.660284996032714844e+00 3.962172746658325195e+00 3.046730518341064453e+00 2.905418872833251953e+00 1.892436981201171875e+00 2.539858341217041016e+00 3.280884981155395508e+00 5.856661319732666016e+00 2.924813508987426758e+00 2.082509279251098633e+00
6.469105720520019531e+00 4.510649681091308594e+00 7.010988235473632812e+00 4.584994792938232422e+00 4.278485298156738281e+00 3.147141695022583008e+00 2.048876523971557617e+00 2.403470993041992188e+00 2.020932197570800781e+00 3.264080047607421875e+00 1.766048550605773926e+00 4.294974803924560547e+00 4.034391880035400391e+00 5.629380702972412109e+00 6.006661415100097656e+00 2.824438571929931641e+00 2.372719764709472656e+00 4.378639221191406250e+00 2.779450893402099609e+00 3.320448637008666992e+00
2.796604156494140625e+00 3.824414253234863281e+00 5.367812156677246094e+00 3.436930418014526367e+00 4.093929290771484375e+00 3.605601072311401367e+00 3.002248764038085938e+00 3.970571279525756836e+00 3.043179035186767578e+00 2.736174106597900391e+00 2.400523424148559570e+00 3.814137220382690430e+00 4.162933349609375000e+00 2.757581710815429688e+00 4.483103752136230469e+00 2.699378252029418945e+00 1.973130941390991211e+00 5.821065425872802734e+00 1.455548048019409180e+00 2.903706073760986328e+00
2.892969846725463867e+00 4.078373908996582031e+00 2.627623796463012695e+00 5.288558006286621094e+00 3.867295265197753906e+00 2.825226306915283203e+00 2.128959655761718750e+00 2.592671155929565430e+00 2.866981983184814453e+00 3.162310600280761719e+00 2.272886991500854492e+00 3.510094404220581055e+00 2.577826976776123047e+00 2.235835552215576172e+00 4.575232028961181641e+00 3.660168647766113281e+00 2.460872650146484375e+00 4.458930492401123047e+00 4.170211791992187500e+00 3.260030269622802734e+00
4.926738739013671875e+00 2.564028978347778320e+00 5.175517082214355469e+00 3.835048913955688477e+00 1.300103068351745605e+00 2.390562295913696289e+00 3.094305992126464844e+00 4.175087451934814453e+00 4.856698036193847656e+00 4.942632675170898438e+00 3.309508800506591797e+00 3.874197006225585938e+00 6.065648078918457031e+00 4.606576442718505859e+00 3.418940067291259766e+00 4.238299369812011719e+00 2.614839076995849609e+00 4.117139816284179688e+00 2.667472362518310547e+00 1.815365552902221680e+00
5.533235549926757812e+00 2.241248130798339844e+00 2.356215476989746094e+00 4.574261188507080078e+00 4.368304252624511719e+00 2.179219245910644531e+00 3.168739557266235352e+00 7.409000873565673828e+00 2.840296268463134766e+00 3.602979421615600586e+00 2.700473785400390625e+00 3.037404298782348633e+00 3.308040142059326172e+00 1.895790934562683105e+00 3.036586284637451172e+00 4.224522113800048828e+00 2.738165378570556641e+00 2.816200733184814453e+00 2.291334152221679688e+00 5.160012722015380859e+00
4.925381183624267578e+00 2.311568737030029297e+00 2.254488945007324219e+00 6.623884201049804688e+00 4.133000850677490234e+00 2.352671861648559570e+00 2.300564527511596680e+00 2.582067489624023438e+00 3.383944034576416016e+00 3.034465789794921875e+00 2.275216102600097656e+00 3.174191236495971680e+00 1.744178533554077148e+00 4.603058815002441406e+00 2.854671001434326172e+00 2.409445762634277344e+00 5.285665512084960938e+00 2.312068462371826172e+00 3.811947345733642578e+00 2.743974924087524414e+00
2.984102249145507812e+00 3.286929368972778320e+00 2.541195392608642578e+00 1.756961822509765625e+00 3.674381732940673828e+00 2.989829301834106445e+00 2.980137109756469727e+00 2.667316436767578125e+00 3.443127632141113281e+00 2.065180301666259766e+00 2.765236854553222656e+00 3.264516830444335938e+00 1.074295520782470703e+00 3.542915821075439453e+00 4.960965633392333984e+00 3.078757762908935547e+00 7.162923812866210938e+00 2.574284553527832031e+00 3.734062671661376953e+00 2.818948268890380859e+00
3.515456199645996094e+00 3.635366678237915039e+00 2.382166385650634766e+00 2.501960277557373047e+00 2.919984340667724609e+00 2.671653270721435547e+00 3.505646467208862305e+00 1.801560640335083008e+00 4.932281494140625000e+00 2.625090599060058594e+00 5.533634662628173828e+00 4.983380317687988281e+00 5.038879394531250000e+00 2.068629026412963867e+00 2.759274721145629883e+00 1.939334273338317871e+00 3.204864501953125000e+00 1.820637464523315430e+00 4.351605415344238281e+00 2.867014169692993164e+00
2.336062908172607422e+00 2.659306526184082031e+00 2.477111816406250000e+00 2.716048240661621094e+00 3.384185314178466797e+00 4.121294975280761719e+00 3.680941104888916016e+00 3.161861419677734375e+00 2.460854053497314453e+00 1.761744618415832520e+00 2.574013233184814453e+00 4.771634578704833984e+00 3.443789958953857422e+00 3.908166170120239258e+00 2.095617055892944336e+00 3.479471206665039062e+00 2.860775947570800781e+00 2.737861156463623047e+00 2.539715290069580078e+00 2.505497455596923828e+00
3.312922954559326172e+00 2.727063179016113281e+00 2.382807254791259766e+00 2.603697299957275391e+00 4.351323127746582031e+00 3.323976993560791016e+00 2.778047561645507812e+00 3.398615121841430664e+00 2.821527004241943359e+00 4.172967433929443359e+00 2.510111808776855469e+00 2.773740291595458984e+00 2.723602771759033203e+00 3.101191043853759766e+00 3.703241348266601562e+00 4.536067008972167969e+00 3.283533096313476562e+00 2.758239269256591797e+00 2.352773904800415039e+00 3.075846195220947266e+00
4.274012565612792969e+00 2.482787847518920898e+00 1.567336082458496094e+00 3.947876214981079102e+00 3.863671541213989258e+00 2.174568891525268555e+00 1.996289849281311035e+00 2.529408931732177734e+00 3.016193389892578125e+00 2.489697456359863281e+00 2.772561550140380859e+00 2.524585008621215820e+00 1.912127494812011719e+00 3.330327033996582031e+00 2.962153911590576172e+00 3.320060729980468750e+00 3.365055799484252930e+00 2.447669982910156250e+00 3.980175971984863281e+00 3.047413349151611328e+00
2.244400024414062500e+00 2.691420555114746094e+00 2.707795619964599609e+00 2.504916667938232422e+00 3.299155712127685547e+00 2.521720886230468750e+00 2.298264026641845703e+00 2.948407173156738281e+00 2.694389581680297852e+00 3.614664077758789062e+00 1.676015615463256836e+00 3.593248367309570312e+00 2.479119300842285156e+00 3.534236192703247070e+00 2.453725814819335938e+00 3.026408672332763672e+00 4.139827251434326172e+00 2.687357187271118164e+00 1.951066613197326660e+00 2.068541765213012695e+00
4.045131683349609375e+00 2.330473899841308594e+00 3.392760276794433594e+00 3.618540763854980469e+00 2.847960472106933594e+00 2.742830753326416016e+00 2.513018846511840820e+00 3.731731653213500977e+00 2.427896976470947266e+00 3.067885398864746094e+00 2.382680892944335938e+00 2.999180793762207031e+00 2.874114751815795898e+00 2.960875511169433594e+00 2.822872638702392578e+00 2.956764698028564453e+00 3.389098644256591797e+00 3.603605747222900391e+00 1.759471654891967773e+00 5.843225479125976562e+00
3.035499572753906250e+00 2.746577501296997070e+00 3.612537622451782227e+00 3.309812068939208984e+00 3.381174802780151367e+00 3.783142566680908203e+00 3.510560274124145508e+00 3.370741844177246094e+00 3.469561100006103516e+00 4.016000270843505859e+00 3.857395648956298828e+00 2.067977428436279297e+00 3.146240234375000000e+00 2.925513505935668945e+00 2.610917568206787109e+00 2.579555034637451172e+00 2.509482383728027344e+00 3.014741182327270508e+00 2.194954395294189453e+00 1.796088814735412598e+00
1.715523958206176758e+00 3.253414869308471680e+00 5.274802207946777344e+00 2.377593994140625000e+00 2.354861497879028320e+00 1.590198993682861328e+00 1.628968000411987305e+00 3.134194374084472656e+00 2.728243350982666016e+00 3.258220195770263672e+00 3.109709739685058594e+00 2.377383232116699219e+00 1.902666926383972168e+00 3.632195949554443359e+00 3.453144311904907227e+00 2.606879711151123047e+00 2.725071907043457031e+00 1.799712657928466797e+00 2.419110298156738281e+00 3.994563579559326172e+00
3.969382047653198242e+00 1.700408697128295898e+00 2.530822277069091797e+00 2.878719568252563477e+00 2.072635650634765625e+00 3.446567296981811523e+00 2.588113069534301758e+00 2.704396724700927734e+00 3.193316698074340820e+00 2.813982963562011719e+00 4.303266048431396484e+00 2.196287393569946289e+00 2.571885108947753906e+00 2.365818023681640625e+00 2.927468776702880859e+00 1.846894502639770508e+00 2.759037017822265625e+00 2.239530563354492188e+00 2.031083583831787109e+00 2.631208658218383789e+00
2.944865226745605469e+00 1.955152988433837891e+00 2.302111148834228516e+00 2.907862663269042969e+00 4.135250091552734375e+00 2.451110363006591797e+00 4.112469196319580078e+00 3.325120925903320312e+00 3.735773086547851562e+00 2.305419921875000000e+00 3.410284996032714844e+00 2.895609378814697266e+00 2.606366157531738281e+00 3.818784236907958984e+00 2.961977481842041016e+00 3.120431423187255859e+00 2.586327075958251953e+00 2.287379980087280273e+00 2.427623033523559570e+00 2.884567737579345703e+00
2.443285465240478516e+00 2.639846801757812500e+00 3.033340454101562500e+00 2.087622404098510742e+00 2.606157064437866211e+00 2.407016754150390625e+00 3.158750295639038086e+00 2.386233329772949219e+00 3.187341213226318359e+00 3.152786254882812500e+00 3.994047641754150391e+00 1.616694331169128418e+00 6.581296920776367188e+00 3.758915901184082031e+00 4.222635746002197266e+00 2.753839969635009766e+00 2.927839040756225586e+00 2.391473293304443359e+00 1.739890813827514648e+00 3.084102630615234375e+00
