2019-07-23 12:15:00
2.433022975921630859e+00 1.821776986122131348e+00 1.304248332977294922e+00 2.512447595596313477e+00 2.222318887710571289e+00 2.495989322662353516e+00 1.759498834609985352e+00 1.630176663398742676e+00 1.825783133506774902e+00 1.562019586563110352e+00 1.764944672584533691e+00 1.837876439094543457e+00 2.843668460845947266e+00 1.159832239151000977e+00 1.534441471099853516e+00 2.960654258728027344e+00 1.969641923904418945e+00 2.728717803955078125e+00 2.033574104309082031e+00 1.966961860656738281e+00
1.631906270980834961e+00 1.842640876770019531e+00 1.368675708770751953e+00 1.723188400268554688e+00 2.262403488159179688e+00 1.871757388114929199e+00 2.515347003936767578e+00 2.018073081970214844e+00 1.408638358116149902e+00 1.919240117073059082e+00 1.676982641220092773e+00 1.572860836982727051e+00 1.525986433029174805e+00 1.539691686630249023e+00 1.112847685813903809e+00 1.172468781471252441e+00 1.931294202804565430e+00 2.422237634658813477e+00 1.998022079467773438e+00 1.679605603218078613e+00
1.962335109710693359e+00 1.583978056907653809e+00 1.837855100631713867e+00 2.024829864501953125e+00 1.511614918708801270e+00 2.005450248718261719e+00 2.646838665008544922e+00 1.897431612014770508e+00 1.407748222351074219e+00 1.850199103355407715e+00 1.424820423126220703e+00 1.615179538726806641e+00 1.815576791763305664e+00 2.314414978027343750e+00 1.287106275558471680e+00 1.352573752403259277e+00 1.313771486282348633e+00 1.720410823822021484e+00 2.028254508972167969e+00 2.765117645263671875e+00
2.683037757873535156e+00 2.482966184616088867e+00 2.129312992095947266e+00 1.276161789894104004e+00 1.307524681091308594e+00 1.928433656692504883e+00 9.619108438491821289e-01 1.889202475547790527e+00 1.795106649398803711e+00 1.479567408561706543e+00 1.845774173736572266e+00 2.363881111145019531e+00 2.569886207580566406e+00 1.450934886932373047e+00 1.230750083923339844e+00 7.719087600708007812e-01 1.140424370765686035e+00 1.813274264335632324e+00 1.964138746261596680e+00 1.603461265563964844e+00
1.882799983024597168e+00 1.513391733169555664e+00 2.625375032424926758e+00 2.911197423934936523e+00 1.576928734779357910e+00 1.475191354751586914e+00 2.467014312744140625e+00 2.461811065673828125e+00 3.260698795318603516e+00 1.788477897644042969e+00 1.603313922882080078e+00 1.496858835220336914e+00 1.971240282058715820e+00 9.705694913864135742e-01 2.003092765808105469e+00 1.921299815177917480e+00 1.082063913345336914e+00 2.216125965118408203e+00 1.088887691497802734e+00 1.105671048164367676e+00
2.169237613677978516e+00 2.603227615356445312e+00 1.539721250534057617e+00 1.589758515357971191e+00 2.022555828094482422e+00 1.383523344993591309e+00 3.127609729766845703e+00 1.318194866180419922e+00 1.625454902648925781e+00 2.119196891784667969e+00 1.009651899337768555e+00 1.409097433090209961e+00 2.475229978561401367e+00 1.211953878402709961e+00 1.331700801849365234e+00 2.208300590515136719e+00 1.478131055831909180e+00 2.468979835510253906e+00 1.556102752685546875e+00 1.416352987289428711e+00
2.355869293212890625e+00 1.941980600357055664e+00 1.509126901626586914e+00 1.724951982498168945e+00 1.516847372055053711e+00 1.638516902923583984e+00 3.647390842437744141e+00 1.229831218719482422e+00 2.747300148010253906e+00 2.002855777740478516e+00 2.933212757110595703e+00 1.858617305755615234e+00 2.020917892456054688e+00 1.519787192344665527e+00 2.090636730194091797e+00 2.236331462860107422e+00 1.509475946426391602e+00 1.294761300086975098e+00 2.294091701507568359e+00 2.255578517913818359e+00
1.450948834419250488e+00 2.221776247024536133e+00 2.336634635925292969e+00 2.880768775939941406e+00 1.740324378013610840e+00 1.644950151443481445e+00 2.702884912490844727e+00 2.430005550384521484e+00 2.751658916473388672e+00 2.312219142913818359e+00 2.213787317276000977e+00 2.809500694274902344e+00 1.310425519943237305e+00 1.686429977416992188e+00 2.521108150482177734e+00 2.662263154983520508e+00 1.042462825775146484e+00 2.056368350982666016e+00 1.227597475051879883e+00 2.626478195190429688e+00
1.745289444923400879e+00 2.374624729156494141e+00 2.219494819641113281e+00 2.702023029327392578e+00 2.925947904586791992e+00 2.709086418151855469e+00 2.580235004425048828e+00 1.730528950691223145e+00 3.869963884353637695e+00 4.927613735198974609e+00 3.060573577880859375e+00 2.821443557739257812e+00 1.363331913948059082e+00 1.894434571266174316e+00 2.239230632781982422e+00 1.834562540054321289e+00 1.927149176597595215e+00 2.036558151245117188e+00 1.953002929687500000e+00 2.688013076782226562e+00
1.867133975028991699e+00 2.473849773406982422e+00 2.456839799880981445e+00 2.626690864562988281e+00 2.736268997192382812e+00 2.860384464263916016e+00 2.242221355438232422e+00 1.653665065765380859e+00 2.360874414443969727e+00 7.324215173721313477e-01 1.158322691917419434e+00 1.439403772354125977e+00 2.389372825622558594e+00 1.417586565017700195e+00 2.502183437347412109e+00 1.356126904487609863e+00 1.370283365249633789e+00 1.562610387802124023e+00 2.215271472930908203e+00 3.589373111724853516e+00
3.226865530014038086e+00 2.807334184646606445e+00 2.458351612091064453e+00 3.397993087768554688e+00 3.737213373184204102e+00 2.234479904174804688e+00 2.460195541381835938e+00 2.580143690109252930e+00 2.753815889358520508e+00 2.852831363677978516e+00 2.799408435821533203e+00 2.218640804290771484e+00 2.401006460189819336e+00 2.106204986572265625e+00 2.341133117675781250e+00 2.095017433166503906e+00 2.440892219543457031e+00 1.882898807525634766e+00 1.296677350997924805e+00 2.056649923324584961e+00
2.894547939300537109e+00 3.422390460968017578e+00 2.572932481765747070e+00 2.965206384658813477e+00 1.540283560752868652e+00 2.496459484100341797e+00 2.119005203247070312e+00 3.702982902526855469e+00 2.091167926788330078e+00 2.014714717864990234e+00 3.926869869232177734e+00 2.975752353668212891e+00 9.573622345924377441e-01 2.950971603393554688e+00 2.657005786895751953e+00 1.697848677635192871e+00 1.679672002792358398e+00 2.645534276962280273e+00 1.616619110107421875e+00 1.209016561508178711e+00
2.798141479492187500e+00 1.935023307800292969e+00 3.477410793304443359e+00 2.301009654998779297e+00 2.139250755310058594e+00 2.874883890151977539e+00 2.360378742218017578e+00 2.776330471038818359e+00 2.495435476303100586e+00 3.621863842010498047e+00 2.123494625091552734e+00 1.958700776100158691e+00 2.680652141571044922e+00 2.282252311706542969e+00 3.177717208862304688e+00 1.410256862640380859e+00 1.607349634170532227e+00 2.033809423446655273e+00 2.863161563873291016e+00 1.312487959861755371e+00
4.094626426696777344e+00 1.467784881591796875e+00 3.251188755035400391e+00 2.177687168121337891e+00 1.948986411094665527e+00 2.823459863662719727e+00 3.287456750869750977e+00 2.119481563568115234e+00 3.318566799163818359e+00 2.751331329345703125e+00 1.572442770004272461e+00 2.510434150695800781e+00 2.397640466690063477e+00 1.882792830467224121e+00 1.792559504508972168e+00 2.336879968643188477e+00 3.171274423599243164e+00 2.634513854980468750e+00 2.722752809524536133e+00 1.234809160232543945e+00
3.340095996856689453e+00 2.163016080856323242e+00 1.993734478950500488e+00 2.202913761138916016e+00 1.577546119689941406e+00 2.618283271789550781e+00 1.880120754241943359e+00 3.274271011352539062e+00 2.750433444976806641e+00 3.430465221405029297e+00 1.650887131690979004e+00 2.774940967559814453e+00 2.435365438461303711e+00 2.157083272933959961e+00 1.638664722442626953e+00 2.765715599060058594e+00 2.319795131683349609e+00 2.675339221954345703e+00 1.621732592582702637e+00 2.267233848571777344e+00
3.025309324264526367e+00 2.267414093017578125e+00 2.952319383621215820e+00 2.359730958938598633e+00 2.038332939147949219e+00 1.684469461441040039e+00 1.975470662117004395e+00 3.529604911804199219e+00 2.184473037719726562e+00 1.937728404998779297e+00 2.844471931457519531e+00 3.200517654418945312e+00 2.254168510437011719e+00 2.585770130157470703e+00 2.700901985168457031e+00 3.102634429931640625e+00 2.081519126892089844e+00 1.911242723464965820e+00 1.109548330307006836e+00 8.648254871368408203e-01
1.853920698165893555e+00 2.173078298568725586e+00 2.543051958084106445e+00 3.318600416183471680e+00 2.131924390792846680e+00 3.892410278320312500e+00 2.393667697906494141e+00 2.899445056915283203e+00 2.404374837875366211e+00 2.239866256713867188e+00 2.182908535003662109e+00 1.732521772384643555e+00 3.420351028442382812e+00 2.018737792968750000e+00 1.471240162849426270e+00 2.446129560470581055e+00 3.105176925659179688e+00 1.818908929824829102e+00 8.270038366317749023e-01 1.236284613609313965e+00
2.886954307556152344e+00 1.729482650756835938e+00 1.648338556289672852e+00 1.364799022674560547e+00 2.022572755813598633e+00 2.762372970581054688e+00 2.154391288757324219e+00 2.518715620040893555e+00 2.531848192214965820e+00 2.372379302978515625e+00 2.375109672546386719e+00 1.109923601150512695e+00 2.369889020919799805e+00 1.892304539680480957e+00 2.418667316436767578e+00 3.054884672164916992e+00 2.025074958801269531e+00 2.614611625671386719e+00 1.203256607055664062e+00 1.508640527725219727e+00
2.911556720733642578e+00 3.249671936035156250e+00 1.946483850479125977e+00 2.452787399291992188e+00 1.708406686782836914e+00 1.390748858451843262e+00 2.135243892669677734e+00 2.125164270401000977e+00 1.597533941268920898e+00 5.102024078369140625e-01 2.426353454589843750e+00 2.005625963211059570e+00 1.781654715538024902e+00 1.510934829711914062e+00 1.888277649879455566e+00 2.463484287261962891e+00 2.187229394912719727e+00 1.750950694084167480e+00 2.446253299713134766e+00 1.836139202117919922e+00
1.759650111198425293e+00 1.801496982574462891e+00 2.275518417358398438e+00 2.985810518264770508e+00 1.917482614517211914e+00 1.739258289337158203e+00 2.166928291320800781e+00 1.707611083984375000e+00 1.794896364212036133e+00 2.464776754379272461e+00 1.857910513877868652e+00 2.613947868347167969e+00 1.526370286941528320e+00 2.661598443984985352e+00 2.432302474975585938e+00 3.199185848236083984e+00 3.187108278274536133e+00 1.659332513809204102e+00 2.390192031860351562e+00 1.763365983963012695e+00
