2019-07-23 01:15:00
3.789555311203002930e+00 4.751994132995605469e+00 7.936453819274902344e+00 8.804636001586914062e+00 4.445610523223876953e+00 8.145515441894531250e+00 6.615095138549804688e+00 4.821629524230957031e+00 6.444991111755371094e+00 9.257520675659179688e+00 5.945538520812988281e+00 6.556441307067871094e+00 6.465072154998779297e+00 1.039071655273437500e+01 1.026912689208984375e+01 5.622525215148925781e+00 5.663549423217773438e+00 8.654257774353027344e+00 7.907248020172119141e+00 5.208548545837402344e+00
5.048318386077880859e+00 1.223141288757324219e+01 1.303436946868896484e+01 7.919240474700927734e+00 5.699884891510009766e+00 1.005797576904296875e+01 3.979557752609252930e+00 6.639194488525390625e+00 2.371426582336425781e+00 5.257021903991699219e+00 4.802818775177001953e+00 4.136931419372558594e+00 4.635620117187500000e+00 6.555939674377441406e+00 7.010952949523925781e+00 7.974600791931152344e+00 1.323184108734130859e+01 6.721398353576660156e+00 6.420096397399902344e+00 4.706653594970703125e+00
9.334645271301269531e+00 8.257594108581542969e+00 5.608184814453125000e+00 7.180189132690429688e+00 1.085030555725097656e+01 8.564439773559570312e+00 1.153639411926269531e+01 4.981233119964599609e+00 4.329047203063964844e+00 5.444067955017089844e+00 1.047951030731201172e+01 9.278869628906250000e+00 2.447979927062988281e+00 8.738456726074218750e+00 7.249653339385986328e+00 6.282119750976562500e+00 9.118766784667968750e+00 6.162008285522460938e+00 5.115784168243408203e+00 5.157985687255859375e+00
8.069392204284667969e+00 1.107992362976074219e+01 8.078268051147460938e+00 5.937269210815429688e+00 6.233316898345947266e+00 4.868477821350097656e+00 5.764687538146972656e+00 4.290397167205810547e+00 4.885944843292236328e+00 1.029213523864746094e+01 7.642645835876464844e+00 1.111631298065185547e+01 6.218240737915039062e+00 4.527298927307128906e+00 5.457946777343750000e+00 8.747587203979492188e+00 7.407067775726318359e+00 7.182425498962402344e+00 7.600466728210449219e+00 6.591212749481201172e+00
5.083201408386230469e+00 6.937317371368408203e+00 5.678899288177490234e+00 6.860050678253173828e+00 4.048194408416748047e+00 9.598815917968750000e+00 6.249545097351074219e+00 5.618004322052001953e+00 6.358817100524902344e+00 6.106324195861816406e+00 8.996442794799804688e+00 7.948563575744628906e+00 9.304364204406738281e+00 5.013894081115722656e+00 3.412180423736572266e+00 6.973319053649902344e+00 6.707221984863281250e+00 8.820560455322265625e+00 6.718795776367187500e+00 5.211420536041259766e+00
1.029681968688964844e+01 9.337272644042968750e+00 6.825896739959716797e+00 1.001854515075683594e+01 4.415108680725097656e+00 7.272372245788574219e+00 9.787558555603027344e+00 9.655166625976562500e+00 5.823985099792480469e+00 8.424803733825683594e+00 7.825043678283691406e+00 7.775035858154296875e+00 9.838726043701171875e+00 5.204812049865722656e+00 6.895864963531494141e+00 6.309823036193847656e+00 6.796335220336914062e+00 6.007125854492187500e+00 7.155003070831298828e+00 6.009261608123779297e+00
8.642910003662109375e+00 7.058296203613281250e+00 6.627913951873779297e+00 6.170440196990966797e+00 4.661561965942382812e+00 8.584506034851074219e+00 6.897649288177490234e+00 7.275372028350830078e+00 5.322458267211914062e+00 5.637837886810302734e+00 6.894683837890625000e+00 5.895134449005126953e+00 9.349497795104980469e+00 9.764981269836425781e+00 5.768260478973388672e+00 9.048711776733398438e+00 8.988187789916992188e+00 7.758992671966552734e+00 8.871404647827148438e+00 6.896254539489746094e+00
8.348008155822753906e+00 4.576017379760742188e+00 1.063964843750000000e+01 7.972565650939941406e+00 9.135398864746093750e+00 8.470438957214355469e+00 7.279368400573730469e+00 7.513948440551757812e+00 5.359017372131347656e+00 9.066862106323242188e+00 9.196386337280273438e+00 5.082248687744140625e+00 9.584431648254394531e+00 4.697919845581054688e+00 5.067973613739013672e+00 6.015630245208740234e+00 5.915862083435058594e+00 7.887229919433593750e+00 5.410864830017089844e+00 7.687592506408691406e+00
7.008633613586425781e+00 5.282610893249511719e+00 1.042448806762695312e+01 6.400897979736328125e+00 1.193416690826416016e+01 1.074716377258300781e+01 9.561869621276855469e+00 7.470433235168457031e+00 6.978144645690917969e+00 4.646986484527587891e+00 9.790418624877929688e+00 8.386921882629394531e+00 1.264467620849609375e+01 4.487318038940429688e+00 3.130621433258056641e+00 4.346610069274902344e+00 8.222944259643554688e+00 8.033241271972656250e+00 7.247664928436279297e+00 8.481978416442871094e+00
1.223777008056640625e+01 1.245634746551513672e+01 8.675031661987304688e+00 7.604039192199707031e+00 6.635987281799316406e+00 9.870829582214355469e+00 1.013742637634277344e+01 4.330720901489257812e+00 5.420894145965576172e+00 6.892515182495117188e+00 6.985074996948242188e+00 3.714209794998168945e+00 5.496571540832519531e+00 8.440483093261718750e+00 6.598149299621582031e+00 5.298573493957519531e+00 6.420562744140625000e+00 8.499469757080078125e+00 8.782922744750976562e+00 4.816583156585693359e+00
7.612347126007080078e+00 8.113122940063476562e+00 8.206365585327148438e+00 1.253842067718505859e+01 7.000704765319824219e+00 9.208335876464843750e+00 8.449508666992187500e+00 9.903503417968750000e+00 6.748790740966796875e+00 7.316907405853271484e+00 7.752384185791015625e+00 1.093465328216552734e+01 6.278637409210205078e+00 5.552155494689941406e+00 4.304798126220703125e+00 6.641861438751220703e+00 6.011132717132568359e+00 1.150046157836914062e+01 4.621925830841064453e+00 6.735196113586425781e+00
6.552699565887451172e+00 8.243158340454101562e+00 8.973377227783203125e+00 8.323318481445312500e+00 1.059344196319580078e+01 8.681772232055664062e+00 1.034501266479492188e+01 8.871091842651367188e+00 6.122787475585937500e+00 7.810947418212890625e+00 8.567155838012695312e+00 8.490127563476562500e+00 1.210084247589111328e+01 6.317968368530273438e+00 7.055505752563476562e+00 4.190782546997070312e+00 5.189229011535644531e+00 7.570351600646972656e+00 7.081723213195800781e+00 7.290208816528320312e+00
8.848512649536132812e+00 5.436276435852050781e+00 7.099741458892822266e+00 7.853386878967285156e+00 7.115126609802246094e+00 9.305957794189453125e+00 9.346622467041015625e+00 1.000636291503906250e+01 6.777049541473388672e+00 6.017266273498535156e+00 6.252240180969238281e+00 6.758771419525146484e+00 3.741380691528320312e+00 5.901096343994140625e+00 8.221670150756835938e+00 6.728501319885253906e+00 4.103947162628173828e+00 5.306810855865478516e+00 5.877229690551757812e+00 1.152853775024414062e+01
6.220662117004394531e+00 8.187475204467773438e+00 8.980380058288574219e+00 8.842555999755859375e+00 6.083559513092041016e+00 9.891403198242187500e+00 9.094058036804199219e+00 6.662788391113281250e+00 1.078247737884521484e+01 7.858621597290039062e+00 7.400976657867431641e+00 9.029024124145507812e+00 8.342789649963378906e+00 7.045750617980957031e+00 8.333148002624511719e+00 8.862071990966796875e+00 4.804890632629394531e+00 7.336732387542724609e+00 1.110760211944580078e+01 4.664951801300048828e+00
8.010357856750488281e+00 8.240484237670898438e+00 4.312434673309326172e+00 1.012899780273437500e+01 7.923274993896484375e+00 8.137578964233398438e+00 9.179109573364257812e+00 6.183737754821777344e+00 4.781847000122070312e+00 1.052545928955078125e+01 8.534252166748046875e+00 5.119318962097167969e+00 5.797687530517578125e+00 8.312277793884277344e+00 6.186623573303222656e+00 7.189484119415283203e+00 6.760743141174316406e+00 7.593201637268066406e+00 7.347056388854980469e+00 6.659584999084472656e+00
8.695068359375000000e+00 3.801363945007324219e+00 7.652892112731933594e+00 1.029783248901367188e+01 8.888631820678710938e+00 9.706369400024414062e+00 7.110321998596191406e+00 8.091281890869140625e+00 9.091465950012207031e+00 8.420791625976562500e+00 4.488052845001220703e+00 9.469053268432617188e+00 1.012177181243896484e+01 8.059435844421386719e+00 5.838003635406494141e+00 7.503081321716308594e+00 4.711933135986328125e+00 8.491697311401367188e+00 3.646425485610961914e+00 1.167097377777099609e+01
5.371563911437988281e+00 6.289597511291503906e+00 7.389163970947265625e+00 5.097080230712890625e+00 8.374744415283203125e+00 7.699984073638916016e+00 7.817768096923828125e+00 1.125776290893554688e+01 9.234315872192382812e+00 6.346244812011718750e+00 9.269710540771484375e+00 1.123277378082275391e+01 5.305716991424560547e+00 1.182935237884521484e+01 4.633664131164550781e+00 5.502925872802734375e+00 4.723334312438964844e+00 5.980113506317138672e+00 8.853538513183593750e+00 7.366394996643066406e+00
4.747520923614501953e+00 6.030423641204833984e+00 3.905623912811279297e+00 8.619695663452148438e+00 8.501199722290039062e+00 8.174361228942871094e+00 5.068870544433593750e+00 6.493140220642089844e+00 7.869771003723144531e+00 7.820736885070800781e+00 5.279954433441162109e+00 8.129062652587890625e+00 9.307885169982910156e+00 9.447529792785644531e+00 7.242885589599609375e+00 9.575363159179687500e+00 8.954668998718261719e+00 7.280135154724121094e+00 9.114652633666992188e+00 7.703030586242675781e+00
8.150268554687500000e+00 1.082111167907714844e+01 6.157314300537109375e+00 6.976094245910644531e+00 6.516992568969726562e+00 6.723320960998535156e+00 7.738399505615234375e+00 7.775308132171630859e+00 6.463574409484863281e+00 6.909875392913818359e+00 6.880794525146484375e+00 4.940402030944824219e+00 5.434037685394287109e+00 9.210165023803710938e+00 9.721965789794921875e+00 9.366003036499023438e+00 5.604819297790527344e+00 7.871480464935302734e+00 5.373943328857421875e+00 7.575540542602539062e+00
7.967257499694824219e+00 9.947547912597656250e+00 4.646417617797851562e+00 1.021050930023193359e+01 7.355771541595458984e+00 6.194674491882324219e+00 8.082464218139648438e+00 1.186453819274902344e+01 8.353551864624023438e+00 1.036162757873535156e+01 8.202700614929199219e+00 6.734991550445556641e+00 6.423223972320556641e+00 6.101076126098632812e+00 8.614374160766601562e+00 7.530335903167724609e+00 6.648181438446044922e+00 8.207616806030273438e+00 1.000209045410156250e+01 6.202208518981933594e+00
