2019-07-23 12:30:00
2.161725997924804688e+00 2.199748754501342773e+00 2.636444568634033203e+00 3.146110534667968750e+00 2.130957603454589844e+00 2.396964550018310547e+00 2.448567867279052734e+00 1.305106878280639648e+00 1.820965051651000977e+00 1.484198212623596191e+00 2.447451114654541016e+00 1.465056419372558594e+00 3.381671905517578125e+00 1.753196358680725098e+00 1.977671504020690918e+00 2.225109100341796875e+00 1.893375873565673828e+00 2.001604795455932617e+00 2.009943485260009766e+00 8.567287325859069824e-01
9.611970186233520508e-01 1.372462272644042969e+00 2.077088356018066406e+00 1.813040733337402344e+00 1.997846126556396484e+00 3.401964187622070312e+00 2.977007865905761719e+00 1.742094397544860840e+00 1.868154287338256836e+00 1.466912269592285156e+00 1.557947754859924316e+00 9.714490175247192383e-01 1.440743803977966309e+00 1.810331940650939941e+00 1.264259099960327148e+00 1.589750051498413086e+00 3.183219909667968750e+00 8.352344036102294922e-01 2.392032146453857422e+00 1.816256165504455566e+00
1.963009357452392578e+00 2.362407445907592773e+00 2.110059261322021484e+00 1.556941270828247070e+00 1.577646255493164062e+00 1.832604527473449707e+00 1.679386258125305176e+00 1.546078681945800781e+00 1.376612424850463867e+00 1.820736646652221680e+00 2.273847579956054688e+00 1.904021501541137695e+00 1.684347152709960938e+00 1.930846333503723145e+00 1.296808481216430664e+00 1.267858505249023438e+00 1.356536626815795898e+00 1.411127567291259766e+00 1.695672035217285156e+00 2.513855457305908203e+00
3.349603176116943359e+00 1.838814973831176758e+00 1.475431919097900391e+00 2.455053806304931641e+00 2.073745250701904297e+00 1.968949079513549805e+00 2.103702545166015625e+00 1.419856429100036621e+00 2.479798793792724609e+00 2.672186136245727539e+00 9.487600326538085938e-01 2.048789978027343750e+00 1.508290410041809082e+00 1.481862187385559082e+00 9.901213645935058594e-01 1.782515525817871094e+00 1.072987794876098633e+00 1.495708465576171875e+00 2.145146846771240234e+00 1.791496276855468750e+00
1.225595474243164062e+00 2.119269132614135742e+00 2.244812011718750000e+00 2.297904968261718750e+00 1.739032387733459473e+00 1.789391756057739258e+00 3.528559207916259766e+00 2.733421087265014648e+00 1.086737394332885742e+00 1.839041709899902344e+00 1.634289503097534180e+00 1.773803949356079102e+00 1.668467283248901367e+00 1.366707086563110352e+00 1.057086467742919922e+00 1.759744167327880859e+00 1.550031900405883789e+00 1.405706167221069336e+00 1.150877952575683594e+00 1.994263410568237305e+00
1.454905271530151367e+00 1.994754314422607422e+00 1.138206720352172852e+00 2.332656383514404297e+00 1.597386121749877930e+00 1.613318324089050293e+00 2.436780691146850586e+00 1.690134048461914062e+00 1.357898473739624023e+00 1.366934657096862793e+00 2.870237827301025391e+00 1.214490890502929688e+00 1.385760068893432617e+00 1.580886840820312500e+00 1.796454429626464844e+00 3.506983757019042969e+00 1.729789018630981445e+00 1.580323934555053711e+00 1.567862033843994141e+00 1.797533512115478516e+00
1.758464574813842773e+00 1.735332489013671875e+00 1.027154684066772461e+00 1.522887110710144043e+00 2.145373821258544922e+00 1.282555580139160156e+00 2.559789896011352539e+00 1.719439864158630371e+00 2.119092464447021484e+00 2.509983062744140625e+00 3.695657730102539062e+00 1.941915869712829590e+00 2.051524162292480469e+00 1.424598217010498047e+00 2.473376750946044922e+00 1.525491952896118164e+00 1.333720088005065918e+00 1.022334814071655273e+00 1.663715243339538574e+00 2.048938989639282227e+00
1.646456480026245117e+00 2.369719028472900391e+00 2.584557533264160156e+00 2.466622352600097656e+00 2.016149997711181641e+00 2.046824455261230469e+00 3.185243129730224609e+00 2.240713119506835938e+00 2.359223604202270508e+00 2.546240806579589844e+00 3.212801933288574219e+00 2.571443080902099609e+00 2.321365118026733398e+00 2.425208806991577148e+00 2.563062667846679688e+00 1.724748611450195312e+00 2.461176872253417969e+00 1.507075428962707520e+00 1.289476037025451660e+00 2.251004219055175781e+00
1.979197144508361816e+00 2.804063320159912109e+00 1.943964481353759766e+00 2.146474123001098633e+00 2.074955463409423828e+00 2.318675279617309570e+00 2.545013427734375000e+00 2.423274993896484375e+00 2.609093189239501953e+00 2.601471424102783203e+00 2.374642372131347656e+00 3.132307529449462891e+00 2.432822227478027344e+00 2.487560987472534180e+00 1.588690042495727539e+00 1.711353540420532227e+00 1.376657485961914062e+00 1.647262454032897949e+00 2.908933162689208984e+00 2.438222169876098633e+00
2.288517951965332031e+00 3.433272123336791992e+00 2.034256458282470703e+00 1.643279314041137695e+00 1.588871479034423828e+00 2.532667636871337891e+00 2.181701421737670898e+00 2.120876550674438477e+00 1.683565020561218262e+00 2.310210943222045898e+00 3.245445251464843750e+00 1.309999942779541016e+00 2.502655029296875000e+00 9.957106709480285645e-01 2.093030691146850586e+00 1.364789962768554688e+00 2.432739257812500000e+00 1.069458842277526855e+00 2.602188587188720703e+00 2.469918251037597656e+00
2.961674690246582031e+00 4.007876396179199219e+00 1.889262437820434570e+00 3.076246738433837891e+00 2.343472003936767578e+00 2.866795778274536133e+00 3.289556503295898438e+00 2.878093004226684570e+00 1.642472743988037109e+00 2.314385890960693359e+00 2.970690250396728516e+00 1.235095381736755371e+00 2.575593948364257812e+00 1.052438020706176758e+00 2.140056133270263672e+00 2.063378810882568359e+00 2.429366111755371094e+00 1.400512933731079102e+00 1.345588922500610352e+00 2.652334213256835938e+00
3.264550685882568359e+00 2.931031465530395508e+00 2.375332832336425781e+00 2.847306251525878906e+00 1.357563495635986328e+00 2.218521833419799805e+00 2.612426280975341797e+00 2.648401737213134766e+00 1.890946507453918457e+00 3.198866128921508789e+00 3.251473188400268555e+00 2.303591728210449219e+00 1.830832600593566895e+00 2.637691497802734375e+00 1.948061704635620117e+00 3.203883409500122070e+00 1.884533762931823730e+00 2.361297369003295898e+00 2.276031494140625000e+00 2.027766227722167969e+00
2.761103153228759766e+00 2.337921380996704102e+00 1.888903975486755371e+00 4.522836685180664062e+00 2.065108537673950195e+00 2.498149633407592773e+00 2.246743679046630859e+00 3.059793472290039062e+00 3.194691181182861328e+00 2.916752338409423828e+00 2.863827466964721680e+00 2.401059150695800781e+00 3.254773616790771484e+00 1.939623355865478516e+00 2.809301614761352539e+00 3.380817890167236328e+00 2.078490257263183594e+00 1.746013998985290527e+00 2.185506343841552734e+00 9.900865554809570312e-01
2.396512746810913086e+00 3.567285299301147461e+00 2.733850479125976562e+00 2.477714300155639648e+00 2.617378950119018555e+00 1.528944730758666992e+00 2.794738769531250000e+00 2.470043897628784180e+00 2.518578767776489258e+00 2.619318962097167969e+00 4.454776763916015625e+00 1.972345352172851562e+00 1.730713367462158203e+00 2.330377578735351562e+00 2.731268405914306641e+00 3.080857515335083008e+00 1.768926620483398438e+00 1.977344751358032227e+00 3.535160303115844727e+00 1.916872024536132812e+00
2.287975311279296875e+00 1.959265947341918945e+00 3.325272560119628906e+00 2.993445873260498047e+00 2.830724477767944336e+00 1.588287353515625000e+00 3.390657424926757812e+00 3.192699432373046875e+00 2.331468105316162109e+00 1.370186090469360352e+00 2.743781566619873047e+00 2.951247692108154297e+00 3.058673381805419922e+00 2.735834121704101562e+00 2.548007011413574219e+00 1.796579837799072266e+00 2.455221176147460938e+00 2.590932130813598633e+00 2.143124103546142578e+00 2.197107315063476562e+00
3.210200786590576172e+00 1.280314683914184570e+00 2.769028663635253906e+00 2.352461338043212891e+00 2.358525276184082031e+00 2.663962364196777344e+00 2.235121726989746094e+00 3.171906948089599609e+00 1.867806434631347656e+00 3.041548252105712891e+00 3.502875804901123047e+00 1.734365940093994141e+00 2.078299045562744141e+00 3.199454784393310547e+00 1.615522384643554688e+00 2.536221504211425781e+00 2.866993904113769531e+00 2.165948867797851562e+00 1.255003094673156738e+00 2.238079786300659180e+00
1.655875444412231445e+00 1.594180583953857422e+00 1.947136640548706055e+00 2.343163967132568359e+00 2.543704986572265625e+00 2.209017276763916016e+00 2.905834674835205078e+00 3.274881601333618164e+00 2.035409212112426758e+00 2.028893947601318359e+00 1.650279045104980469e+00 1.348430156707763672e+00 2.385715007781982422e+00 1.921858549118041992e+00 2.342115879058837891e+00 2.830177307128906250e+00 2.179097890853881836e+00 1.955226063728332520e+00 1.092549324035644531e+00 1.433405518531799316e+00
2.078320503234863281e+00 2.839042425155639648e+00 2.219495773315429688e+00 1.541699767112731934e+00 1.770339488983154297e+00 3.233721733093261719e+00 1.637340784072875977e+00 1.172731757164001465e+00 3.169847965240478516e+00 2.438685178756713867e+00 1.627778768539428711e+00 1.830523729324340820e+00 2.563228607177734375e+00 3.257669925689697266e+00 2.160979032516479492e+00 3.024565696716308594e+00 1.834638714790344238e+00 2.011816501617431641e+00 1.694474935531616211e+00 1.854427814483642578e+00
2.869589328765869141e+00 1.807537317276000977e+00 1.691477417945861816e+00 2.476175069808959961e+00 1.638350486755371094e+00 1.973701238632202148e+00 1.753557562828063965e+00 2.165231943130493164e+00 2.418206691741943359e+00 1.683693647384643555e+00 1.308085918426513672e+00 1.526339411735534668e+00 2.694264411926269531e+00 1.779204130172729492e+00 1.681318521499633789e+00 2.121320009231567383e+00 2.230980634689331055e+00 3.028737545013427734e+00 1.775556206703186035e+00 2.415932893753051758e+00
2.756115913391113281e+00 2.102967262268066406e+00 2.091105699539184570e+00 2.103816986083984375e+00 2.310769081115722656e+00 1.952392101287841797e+00 1.777558207511901855e+00 2.029586315155029297e+00 1.556366324424743652e+00 2.426115989685058594e+00 1.591610074043273926e+00 1.551214694976806641e+00 1.363781571388244629e+00 1.676286697387695312e+00 1.991058349609375000e+00 3.147909164428710938e+00 2.091478824615478516e+00 1.862130522727966309e+00 1.641495585441589355e+00 2.018965721130371094e+00
