2019-07-23 13:00:00
2.428248882293701172e+00 1.423608064651489258e+00 1.575524806976318359e+00 3.118279457092285156e+00 1.579455733299255371e+00 2.232409954071044922e+00 2.869034767150878906e+00 1.931968450546264648e+00 2.949587345123291016e+00 3.431410789489746094e+00 3.231087207794189453e+00 2.138094902038574219e+00 4.885755062103271484e+00 2.358910560607910156e+00 2.137687921524047852e+00 2.126941919326782227e+00 3.864104986190795898e+00 2.812873601913452148e+00 3.802577018737792969e+00 2.716701030731201172e+00
1.410792350769042969e+00 2.427721977233886719e+00 2.817437648773193359e+00 2.009668588638305664e+00 9.241057038307189941e-01 2.558599233627319336e+00 2.521756172180175781e+00 2.265058755874633789e+00 2.529143333435058594e+00 1.707397937774658203e+00 3.113527297973632812e+00 3.315395832061767578e+00 3.591574192047119141e+00 4.197443962097167969e+00 1.910172700881958008e+00 2.419824123382568359e+00 5.464731216430664062e+00 5.117820739746093750e+00 2.595110893249511719e+00 2.290884494781494141e+00
1.537267446517944336e+00 1.169284701347351074e+00 2.035637140274047852e+00 1.836023807525634766e+00 2.624722480773925781e+00 1.400470256805419922e+00 3.119305610656738281e+00 2.198200225830078125e+00 1.304395079612731934e+00 3.180283546447753906e+00 1.693069815635681152e+00 2.520499229431152344e+00 1.521035671234130859e+00 5.545683860778808594e+00 1.171179533004760742e+00 2.227286338806152344e+00 2.193453550338745117e+00 7.502072811126708984e+00 3.504050254821777344e+00 2.206930637359619141e+00
1.879920125007629395e+00 2.315357923507690430e+00 1.885345220565795898e+00 1.997258067131042480e+00 1.700841426849365234e+00 1.280538320541381836e+00 2.039308309555053711e+00 1.776481628417968750e+00 1.891185522079467773e+00 2.077960014343261719e+00 1.261171340942382812e+00 1.559495329856872559e+00 4.265432357788085938e+00 1.751726984977722168e+00 1.871729135513305664e+00 4.835816383361816406e+00 3.665981769561767578e+00 3.397780895233154297e+00 1.436067819595336914e+00 2.566807270050048828e+00
1.800346136093139648e+00 2.396782159805297852e+00 2.431676864624023438e+00 1.585898160934448242e+00 1.649234294891357422e+00 1.568996191024780273e+00 1.842558741569519043e+00 1.407216787338256836e+00 3.203313827514648438e+00 1.220405817031860352e+00 2.066154718399047852e+00 6.720660209655761719e+00 3.178426265716552734e+00 3.006745100021362305e+00 1.953071236610412598e+00 5.006488800048828125e+00 1.608775615692138672e+00 4.528723716735839844e+00 7.943471431732177734e+00 4.177221298217773438e+00
1.656188964843750000e+00 2.023463964462280273e+00 2.480776309967041016e+00 1.959650754928588867e+00 1.894899487495422363e+00 1.597141265869140625e+00 2.571944475173950195e+00 1.372173905372619629e+00 1.876818656921386719e+00 2.209019184112548828e+00 3.135956287384033203e+00 6.103994369506835938e+00 3.805337190628051758e+00 3.220197677612304688e+00 1.548161029815673828e+00 3.798561573028564453e+00 2.621244430541992188e+00 1.497448205947875977e+00 3.230225324630737305e+00 3.516931533813476562e+00
1.826703071594238281e+00 2.169825553894042969e+00 1.428434371948242188e+00 1.823120832443237305e+00 1.546963214874267578e+00 2.421045303344726562e+00 2.895707845687866211e+00 3.052219390869140625e+00 2.483850479125976562e+00 2.565415382385253906e+00 2.624416828155517578e+00 2.136328220367431641e+00 6.394615173339843750e+00 3.679088354110717773e+00 4.406164646148681641e+00 6.524720668792724609e+00 1.002867698669433594e+00 2.366081237792968750e+00 3.559225320816040039e+00 3.977978467941284180e+00
1.474217891693115234e+00 1.640455245971679688e+00 1.853268265724182129e+00 1.038537979125976562e+00 1.654685258865356445e+00 1.517594456672668457e+00 2.838253259658813477e+00 2.914562225341796875e+00 2.063040018081665039e+00 2.333712339401245117e+00 3.094088554382324219e+00 2.220986604690551758e+00 2.932498931884765625e+00 1.258785724639892578e+00 3.518983125686645508e+00 3.759018182754516602e+00 3.996784210205078125e+00 2.515933036804199219e+00 5.234287738800048828e+00 3.351385354995727539e+00
2.875358581542968750e+00 2.076514959335327148e+00 2.273114919662475586e+00 2.016189336776733398e+00 1.039065122604370117e+00 2.922228813171386719e+00 2.402982711791992188e+00 3.181190490722656250e+00 3.612178325653076172e+00 3.255991935729980469e+00 3.225326061248779297e+00 2.786269187927246094e+00 1.952561736106872559e+00 4.663999557495117188e+00 3.686691761016845703e+00 3.191840171813964844e+00 5.926867485046386719e+00 1.433704018592834473e+00 2.184414386749267578e+00 2.996931076049804688e+00
2.240784168243408203e+00 2.021028518676757812e+00 3.015707492828369141e+00 2.458444118499755859e+00 3.278834342956542969e+00 2.577047109603881836e+00 3.224837541580200195e+00 1.839904904365539551e+00 1.800323247909545898e+00 1.596085309982299805e+00 3.194516420364379883e+00 2.095419406890869141e+00 3.874063014984130859e+00 1.109052538871765137e+00 2.852756500244140625e+00 1.600744724273681641e+00 1.788676500320434570e+00 2.162203788757324219e+00 3.621907234191894531e+00 2.536051273345947266e+00
2.594933748245239258e+00 2.170704603195190430e+00 1.741843819618225098e+00 2.369333982467651367e+00 1.689290642738342285e+00 2.709256172180175781e+00 1.460440754890441895e+00 2.154404640197753906e+00 1.943731784820556641e+00 1.550875782966613770e+00 2.682892084121704102e+00 2.366032123565673828e+00 2.970763206481933594e+00 4.390152931213378906e+00 1.969327092170715332e+00 2.047352313995361328e+00 1.876683115959167480e+00 5.504736900329589844e+00 2.318426370620727539e+00 2.498029708862304688e+00
3.266508102416992188e+00 2.251863241195678711e+00 2.512635707855224609e+00 2.013508081436157227e+00 4.155034542083740234e+00 2.165263175964355469e+00 1.729171991348266602e+00 3.275586843490600586e+00 1.904962539672851562e+00 2.256127357482910156e+00 1.873479366302490234e+00 1.961985349655151367e+00 2.931474208831787109e+00 2.146224498748779297e+00 2.506769657135009766e+00 2.413922786712646484e+00 3.844636201858520508e+00 2.559789180755615234e+00 2.538248062133789062e+00 2.135022163391113281e+00
3.028819561004638672e+00 3.129287004470825195e+00 2.508894205093383789e+00 2.304031372070312500e+00 1.954765200614929199e+00 1.283959031105041504e+00 2.281770229339599609e+00 1.290668725967407227e+00 2.140325784683227539e+00 2.972520828247070312e+00 2.261359214782714844e+00 1.668007969856262207e+00 2.802624702453613281e+00 1.776154279708862305e+00 2.307208776473999023e+00 2.114964962005615234e+00 1.578600406646728516e+00 1.948155879974365234e+00 3.476880550384521484e+00 1.416232824325561523e+00
2.463004589080810547e+00 3.208826065063476562e+00 1.707054018974304199e+00 1.753097057342529297e+00 1.879347920417785645e+00 3.751416206359863281e+00 2.691622734069824219e+00 2.221129655838012695e+00 1.719013452529907227e+00 1.363966345787048340e+00 2.762783765792846680e+00 2.429679155349731445e+00 1.519936203956604004e+00 2.484948158264160156e+00 2.215296268463134766e+00 2.441174507141113281e+00 3.171383857727050781e+00 1.825709223747253418e+00 3.101472139358520508e+00 1.960001945495605469e+00
1.704335212707519531e+00 1.781022906303405762e+00 2.196273565292358398e+00 2.006687164306640625e+00 2.062331676483154297e+00 1.966239094734191895e+00 1.644679665565490723e+00 3.229072570800781250e+00 3.242524623870849609e+00 1.862662196159362793e+00 2.047796487808227539e+00 3.533064603805541992e+00 2.157517194747924805e+00 2.507141828536987305e+00 2.715414524078369141e+00 2.723623275756835938e+00 3.086439132690429688e+00 1.932390093803405762e+00 2.734280586242675781e+00 3.226728916168212891e+00
1.561309337615966797e+00 1.746336340904235840e+00 1.773652315139770508e+00 1.233235597610473633e+00 1.475330591201782227e+00 1.960738420486450195e+00 1.607310533523559570e+00 1.968796014785766602e+00 2.774150133132934570e+00 1.890698194503784180e+00 2.285566806793212891e+00 2.112257480621337891e+00 2.249528169631958008e+00 3.574723720550537109e+00 1.969400763511657715e+00 2.445755958557128906e+00 2.603259801864624023e+00 2.066290855407714844e+00 7.585943937301635742e-01 1.257468461990356445e+00
1.563805580139160156e+00 1.866142511367797852e+00 2.193639278411865234e+00 1.267370223999023438e+00 8.507434129714965820e-01 1.613492250442504883e+00 1.844017744064331055e+00 1.838846206665039062e+00 1.759849786758422852e+00 1.714702844619750977e+00 1.473750829696655273e+00 5.930447578430175781e-01 1.656893014907836914e+00 1.502292037010192871e+00 1.580806851387023926e+00 2.609154224395751953e+00 1.881978034973144531e+00 1.998054027557373047e+00 1.426707983016967773e+00 2.869219779968261719e+00
1.927267789840698242e+00 1.071303844451904297e+00 1.653015613555908203e+00 1.424955844879150391e+00 1.985037326812744141e+00 1.355841398239135742e+00 1.431415557861328125e+00 1.873013019561767578e+00 2.310923099517822266e+00 1.646944522857666016e+00 1.516463279724121094e+00 2.040525436401367188e+00 2.491450786590576172e+00 2.114252090454101562e+00 2.151140928268432617e+00 2.076998710632324219e+00 2.375724792480468750e+00 2.102264404296875000e+00 1.730418443679809570e+00 1.742510318756103516e+00
2.429813385009765625e+00 2.178110361099243164e+00 1.700004339218139648e+00 2.975103378295898438e+00 1.466256380081176758e+00 1.932120203971862793e+00 1.805555224418640137e+00 1.635660648345947266e+00 1.689371585845947266e+00 1.458472251892089844e+00 1.754852175712585449e+00 1.179529905319213867e+00 1.549849271774291992e+00 2.769815444946289062e+00 2.056065797805786133e+00 2.947008609771728516e+00 1.469401001930236816e+00 2.607233047485351562e+00 2.013475418090820312e+00 1.315095901489257812e+00
2.938738822937011719e+00 1.882502555847167969e+00 1.575170516967773438e+00 1.102501273155212402e+00 1.455671310424804688e+00 2.038733005523681641e+00 2.694880723953247070e+00 1.868639469146728516e+00 1.374777197837829590e+00 2.190287828445434570e+00 1.649753808975219727e+00 1.310181260108947754e+00 1.214283466339111328e+00 2.126898050308227539e+00 1.642264246940612793e+00 3.102990150451660156e+00 1.921097040176391602e+00 9.667429924011230469e-01 2.784376621246337891e+00 1.407921791076660156e+00
