2019-07-23 13:15:00
6.362586498260498047e+00 4.281709671020507812e+00 5.353015422821044922e+00 3.384803533554077148e+00 3.290409088134765625e+00 2.291296720504760742e+00 4.687137603759765625e+00 1.860236167907714844e+00 4.088431358337402344e+00 5.500305175781250000e+00 3.953580856323242188e+00 3.653732538223266602e+00 6.697853565216064453e+00 2.962583065032958984e+00 3.408973455429077148e+00 7.392468929290771484e+00 7.150896072387695312e+00 3.289260149002075195e+00 3.683912038803100586e+00 4.484498023986816406e+00
3.903899431228637695e+00 9.598318099975585938e+00 9.333265304565429688e+00 6.355479717254638672e+00 8.537681579589843750e+00 2.234861612319946289e+00 3.247944831848144531e+00 5.127895832061767578e+00 3.503512382507324219e+00 4.042323589324951172e+00 4.026631355285644531e+00 5.181630611419677734e+00 2.713690280914306641e+00 3.586540699005126953e+00 3.467343568801879883e+00 3.689006328582763672e+00 4.782062053680419922e+00 6.556702136993408203e+00 3.204528808593750000e+00 3.200263500213623047e+00
6.399131774902343750e+00 4.622837066650390625e+00 7.128776550292968750e+00 7.164414405822753906e+00 5.933989524841308594e+00 6.759394168853759766e+00 7.486081123352050781e+00 2.136930465698242188e+00 3.359351158142089844e+00 3.991066694259643555e+00 5.012179374694824219e+00 8.947938919067382812e+00 2.783608913421630859e+00 5.395797252655029297e+00 5.887557506561279297e+00 2.968811273574829102e+00 7.457121849060058594e+00 4.189737319946289062e+00 2.882782936096191406e+00 3.687188148498535156e+00
3.606070041656494141e+00 6.259543418884277344e+00 5.404667377471923828e+00 5.497752189636230469e+00 3.021014928817749023e+00 4.611658096313476562e+00 3.572012901306152344e+00 3.656991243362426758e+00 2.743615627288818359e+00 6.236876010894775391e+00 6.985966205596923828e+00 5.843615055084228516e+00 4.778356075286865234e+00 4.651772022247314453e+00 8.412828445434570312e+00 2.001276254653930664e+00 4.347563743591308594e+00 6.099977493286132812e+00 3.345045566558837891e+00 2.896377563476562500e+00
2.835831165313720703e+00 4.968225479125976562e+00 2.803260087966918945e+00 4.259576320648193359e+00 2.605712413787841797e+00 5.645710945129394531e+00 2.671272277832031250e+00 2.091152667999267578e+00 5.736532688140869141e+00 4.246982574462890625e+00 4.726791381835937500e+00 4.189851284027099609e+00 1.182607746124267578e+01 2.177248954772949219e+00 6.631602287292480469e+00 6.859415054321289062e+00 2.872746467590332031e+00 3.671306133270263672e+00 7.166505813598632812e+00 4.351891517639160156e+00
5.040023803710937500e+00 3.652999401092529297e+00 6.592349052429199219e+00 7.427051544189453125e+00 5.051245689392089844e+00 5.420873165130615234e+00 5.492139339447021484e+00 3.138547182083129883e+00 5.992743492126464844e+00 3.289714813232421875e+00 7.826964378356933594e+00 7.007095813751220703e+00 4.417330741882324219e+00 4.081750392913818359e+00 2.857063293457031250e+00 5.757783889770507812e+00 4.765502929687500000e+00 8.583218574523925781e+00 1.055691909790039062e+01 4.196711540222167969e+00
5.054929733276367188e+00 5.275927066802978516e+00 8.402930259704589844e+00 7.168063163757324219e+00 6.056436538696289062e+00 8.928678512573242188e+00 3.876244306564331055e+00 6.093169212341308594e+00 2.780505657196044922e+00 4.133729934692382812e+00 2.938256263732910156e+00 2.029130935668945312e+00 7.257835388183593750e+00 6.184660911560058594e+00 4.321154594421386719e+00 3.938066482543945312e+00 3.374900817871093750e+00 3.239549636840820312e+00 6.560077667236328125e+00 6.583034515380859375e+00
6.372029304504394531e+00 6.647832393646240234e+00 4.319899559020996094e+00 5.099894046783447266e+00 7.183306217193603516e+00 5.508713722229003906e+00 3.174861431121826172e+00 2.853654623031616211e+00 4.091823577880859375e+00 2.804675340652465820e+00 2.963266372680664062e+00 3.665752887725830078e+00 6.062705516815185547e+00 5.514031887054443359e+00 4.129055976867675781e+00 2.028452873229980469e+00 6.573804855346679688e+00 3.086065769195556641e+00 6.332592964172363281e+00 4.265453338623046875e+00
5.421577930450439453e+00 5.023018836975097656e+00 4.817122459411621094e+00 6.064981937408447266e+00 1.955899000167846680e+00 4.428570747375488281e+00 2.694831609725952148e+00 3.239015340805053711e+00 2.963341712951660156e+00 1.855993270874023438e+00 3.377507209777832031e+00 3.288177013397216797e+00 5.372068405151367188e+00 4.265366077423095703e+00 4.646685123443603516e+00 5.619508743286132812e+00 6.234226226806640625e+00 3.054952144622802734e+00 3.590934753417968750e+00 3.244072914123535156e+00
4.865999221801757812e+00 7.326871871948242188e+00 2.993809700012207031e+00 2.656376361846923828e+00 5.711894035339355469e+00 4.586525917053222656e+00 3.907426834106445312e+00 1.984624266624450684e+00 6.236951351165771484e-01 2.874072551727294922e+00 5.817698478698730469e+00 3.975593090057373047e+00 5.380040168762207031e+00 4.076514244079589844e+00 5.176108360290527344e+00 3.251377344131469727e+00 4.811786174774169922e+00 3.750371456146240234e+00 4.660011291503906250e+00 3.221373558044433594e+00
5.098358631134033203e+00 1.720635771751403809e+00 2.719717264175415039e+00 1.820045948028564453e+00 3.931173324584960938e+00 3.597049236297607422e+00 2.286650657653808594e+00 3.405320167541503906e+00 3.622913599014282227e+00 3.567565679550170898e+00 5.681413650512695312e+00 4.476142883300781250e+00 4.945219516754150391e+00 4.092366695404052734e+00 3.134639501571655273e+00 2.617026805877685547e+00 3.726513862609863281e+00 3.460171222686767578e+00 4.373241901397705078e+00 4.718101501464843750e+00
3.101306438446044922e+00 2.853388309478759766e+00 4.141171455383300781e+00 3.299986362457275391e+00 6.364016056060791016e+00 2.055404090881347656e+01 3.097394227981567383e+00 3.732381343841552734e+00 3.123596906661987305e+00 2.886327266693115234e+00 3.524960041046142578e+00 4.598220825195312500e+00 1.966273784637451172e+00 2.727667093276977539e+00 4.134828567504882812e+00 6.141715049743652344e+00 3.175820350646972656e+00 2.902087211608886719e+00 3.660668373107910156e+00 2.909492969512939453e+00
3.945355415344238281e+00 2.693728923797607422e+00 2.411281108856201172e+00 2.986198425292968750e+00 4.416730403900146484e+00 3.591575145721435547e+00 3.762943267822265625e+00 8.022804260253906250e+00 1.412671566009521484e+00 2.713841915130615234e+00 5.190734863281250000e+00 4.133044242858886719e+00 2.763902664184570312e+00 2.195209503173828125e+00 3.263195037841796875e+00 4.119421482086181641e+00 4.418219566345214844e+00 3.062798500061035156e+00 3.636952877044677734e+00 4.280174255371093750e+00
3.267022609710693359e+00 3.368159770965576172e+00 3.434151172637939453e+00 2.930694818496704102e+00 4.001404762268066406e+00 2.041376590728759766e+00 3.230597972869873047e+00 3.340807199478149414e+00 3.457206249237060547e+00 4.591066360473632812e+00 3.298616409301757812e+00 3.514387130737304688e+00 2.807593822479248047e+00 3.584417581558227539e+00 3.634473085403442383e+00 2.959597587585449219e+00 4.083226680755615234e+00 5.528948307037353516e+00 2.216059684753417969e+00 3.637831687927246094e+00
2.445070981979370117e+00 3.335780858993530273e+00 3.687485218048095703e+00 3.072083711624145508e+00 2.201907157897949219e+00 3.240294218063354492e+00 3.141077756881713867e+00 3.467423677444458008e+00 3.039438247680664062e+00 3.126666069030761719e+00 2.113878726959228516e+00 4.245725631713867188e+00 2.916157722473144531e+00 4.114024162292480469e+00 2.837564706802368164e+00 4.127355575561523438e+00 4.547288894653320312e+00 5.299350738525390625e+00 2.233413696289062500e+00 6.925432205200195312e+00
4.668471813201904297e+00 3.713787078857421875e+00 3.282174825668334961e+00 3.090537786483764648e+00 4.348983764648437500e+00 3.696071863174438477e+00 2.446254014968872070e+00 3.444429874420166016e+00 4.574807167053222656e+00 3.027898311614990234e+00 3.923081398010253906e+00 2.166053533554077148e+00 3.603821754455566406e+00 3.420767784118652344e+00 3.154771804809570312e+00 2.862817525863647461e+00 4.158170223236083984e+00 3.235517263412475586e+00 4.237259864807128906e+00 4.503670215606689453e+00
2.422318696975708008e+00 5.077896118164062500e+00 5.610247611999511719e+00 4.106603145599365234e+00 5.461220264434814453e+00 2.619039535522460938e+00 4.173311233520507812e+00 3.509491205215454102e+00 4.480863094329833984e+00 2.665225982666015625e+00 2.974013328552246094e+00 1.312991261482238770e+00 4.753459453582763672e+00 4.495966911315917969e+00 3.739929199218750000e+00 2.453217983245849609e+00 3.467704772949218750e+00 4.069371223449707031e+00 3.196075916290283203e+00 4.551735877990722656e+00
4.342957496643066406e+00 3.393554687500000000e+00 3.170529842376708984e+00 5.893548488616943359e+00 6.807864665985107422e+00 3.528264760971069336e+00 4.489225387573242188e+00 3.366202831268310547e+00 6.418270111083984375e+00 3.777788400650024414e+00 6.435215950012207031e+00 2.064631462097167969e+00 3.729256153106689453e+00 3.560191631317138672e+00 2.436372280120849609e+00 4.198173522949218750e+00 6.450821399688720703e+00 5.729011535644531250e+00 3.198509693145751953e+00 3.484907388687133789e+00
3.713781595230102539e+00 4.257667541503906250e+00 3.911134004592895508e+00 2.491740226745605469e+00 5.136013031005859375e+00 6.260383129119873047e+00 4.171741962432861328e+00 3.907495498657226562e+00 5.590744018554687500e+00 6.958512306213378906e+00 8.242765426635742188e+00 4.724320888519287109e+00 1.533230900764465332e+00 4.759578704833984375e+00 3.922832489013671875e+00 3.444136142730712891e+00 4.291268348693847656e+00 3.419679641723632812e+00 4.583084106445312500e+00 2.550855636596679688e+00
3.805147409439086914e+00 4.531284332275390625e+00 3.804104328155517578e+00 2.022053956985473633e+00 4.183084011077880859e+00 3.655529022216796875e+00 5.133294105529785156e+00 7.378044605255126953e+00 6.861053466796875000e+00 3.902902841567993164e+00 6.072154998779296875e+00 6.847380638122558594e+00 6.739828586578369141e+00 3.406822681427001953e+00 5.296129226684570312e+00 3.097870826721191406e+00 4.057074546813964844e+00 4.412245750427246094e+00 6.196638584136962891e+00 3.110514879226684570e+00
