2019-07-23 13:30:00
9.971466064453125000e+00 4.609864234924316406e+00 6.678354263305664062e+00 3.185665130615234375e+00 3.368965148925781250e+00 4.637238025665283203e+00 2.653177261352539062e+00 4.152066230773925781e+00 5.324864864349365234e+00 6.255769252777099609e+00 5.044356346130371094e+00 2.775202989578247070e+00 7.152835369110107422e+00 3.499738454818725586e+00 2.959665536880493164e+00 9.890470504760742188e+00 6.312073707580566406e+00 2.645609378814697266e+00 3.049193620681762695e+00 3.696824789047241211e+00
1.144887351989746094e+01 9.135879516601562500e+00 5.558232307434082031e+00 4.063423156738281250e+00 7.416178703308105469e+00 3.957047939300537109e+00 5.184922218322753906e+00 2.357292413711547852e+00 3.865067958831787109e+00 3.803213119506835938e+00 2.951862096786499023e+00 6.429182052612304688e+00 4.347549438476562500e+00 5.800545692443847656e+00 4.682820796966552734e+00 4.967277050018310547e+00 4.988961696624755859e+00 9.005451202392578125e+00 3.814698696136474609e+00 4.885987281799316406e+00
5.891398906707763672e+00 5.181915283203125000e+00 5.049551010131835938e+00 1.109592437744140625e+01 1.060019302368164062e+01 6.349850654602050781e+00 1.010184764862060547e+01 3.525931596755981445e+00 3.540278911590576172e+00 4.420850753784179688e+00 6.936895847320556641e+00 3.415985584259033203e+00 4.177333831787109375e+00 4.615889549255371094e+00 3.982066154479980469e+00 2.709148168563842773e+00 4.835584640502929688e+00 4.164418220520019531e+00 3.697738647460937500e+00 3.574110984802246094e+00
5.154784202575683594e+00 7.474286079406738281e+00 8.749973297119140625e+00 6.627351760864257812e+00 3.926812171936035156e+00 3.714934587478637695e+00 4.989783287048339844e+00 2.337767839431762695e+00 4.605801582336425781e+00 9.698044776916503906e+00 8.415000915527343750e+00 8.309900283813476562e+00 2.961447238922119141e+00 3.961744546890258789e+00 3.806176185607910156e+00 5.853545188903808594e+00 2.407621860504150391e+00 5.482086181640625000e+00 3.791715860366821289e+00 2.409955263137817383e+00
3.998430728912353516e+00 4.333754539489746094e+00 5.315447807312011719e+00 5.513309478759765625e+00 3.876936435699462891e+00 6.963219165802001953e+00 5.812290191650390625e+00 1.615555763244628906e+00 9.775944709777832031e+00 7.346814155578613281e+00 8.403255462646484375e+00 7.083878040313720703e+00 6.913385391235351562e+00 3.734625101089477539e+00 1.071759510040283203e+01 8.995470046997070312e+00 5.408952713012695312e+00 6.695112705230712891e+00 6.057559013366699219e+00 2.915688991546630859e+00
5.623693466186523438e+00 3.618153810501098633e+00 8.276014328002929688e+00 7.078710556030273438e+00 7.460274219512939453e+00 7.243924617767333984e+00 4.493400573730468750e+00 3.933135032653808594e+00 5.126993179321289062e+00 3.416713237762451172e+00 5.309518814086914062e+00 8.318330764770507812e+00 6.073159694671630859e+00 4.592096328735351562e+00 3.428511381149291992e+00 5.199773311614990234e+00 5.035681724548339844e+00 7.433401107788085938e+00 5.727437496185302734e+00 2.424171447753906250e+00
6.349747657775878906e+00 1.083537673950195312e+01 9.346702575683593750e+00 4.258900165557861328e+00 4.812068939208984375e+00 5.268474102020263672e+00 3.497177124023437500e+00 6.013000488281250000e+00 2.373086929321289062e+00 2.748850584030151367e+00 4.474204540252685547e+00 3.070195913314819336e+00 9.221363067626953125e+00 6.498721122741699219e+00 5.089962959289550781e+00 4.732502937316894531e+00 3.756775856018066406e+00 3.274934291839599609e+00 8.318246841430664062e+00 9.113220214843750000e+00
5.573242187500000000e+00 5.497702598571777344e+00 4.353657722473144531e+00 5.163772106170654297e+00 1.151722526550292969e+01 2.243484497070312500e+00 2.593571186065673828e+00 3.105581283569335938e+00 3.872627973556518555e+00 4.757077217102050781e+00 4.097428798675537109e+00 2.152697563171386719e+00 8.902832984924316406e+00 8.726812362670898438e+00 4.928267478942871094e+00 2.596657991409301758e+00 3.833725929260253906e+00 3.907894849777221680e+00 9.497182846069335938e+00 3.098727226257324219e+00
5.895407676696777344e+00 5.867432117462158203e+00 5.353477478027343750e+00 8.270856857299804688e+00 2.252444267272949219e+00 2.652062654495239258e+00 2.834635496139526367e+00 6.028185844421386719e+00 3.134069442749023438e+00 3.066392898559570312e+00 2.333381652832031250e+00 3.046788692474365234e+00 8.076355934143066406e+00 3.732442378997802734e+00 3.479177951812744141e+00 4.974139213562011719e+00 5.072236061096191406e+00 4.356403350830078125e+00 4.753978729248046875e+00 3.294110536575317383e+00
6.681589126586914062e+00 7.140090465545654297e+00 5.137437820434570312e+00 4.324037551879882812e+00 2.997578144073486328e+00 3.148255586624145508e+00 4.690865039825439453e+00 5.894327163696289062e+00 4.455512046813964844e+00 7.081258296966552734e+00 4.483983516693115234e+00 3.199769735336303711e+00 5.371289253234863281e+00 4.241280078887939453e+00 4.236685752868652344e+00 3.578125476837158203e+00 6.004559516906738281e+00 3.938940048217773438e+00 2.922922849655151367e+00 4.595460891723632812e+00
4.884658336639404297e+00 3.025220870971679688e+00 5.177557945251464844e+00 3.147294998168945312e+00 3.933120250701904297e+00 4.283078193664550781e+00 3.270138025283813477e+00 8.292644500732421875e+00 4.403529167175292969e+00 4.323776721954345703e+00 5.164308071136474609e+00 8.763734817504882812e+00 1.872357559204101562e+01 3.327270984649658203e+00 3.983355045318603516e+00 3.518085956573486328e+00 1.933171868324279785e+00 6.745125770568847656e+00 3.175024986267089844e+00 5.221538066864013672e+00
4.064881324768066406e+00 3.905252695083618164e+00 4.364934444427490234e+00 2.720181465148925781e+00 1.868910551071166992e+00 3.702848911285400391e+00 1.790904998779296875e+00 2.511369705200195312e+00 1.512888312339782715e+00 2.891865730285644531e+00 1.434505367279052734e+01 8.037083625793457031e+00 2.057093381881713867e+00 3.804865121841430664e+00 4.518464088439941406e+00 6.859373092651367188e+00 5.125654220581054688e+00 4.382670402526855469e+00 4.561083793640136719e+00 3.685193777084350586e+00
2.860114812850952148e+00 3.704101800918579102e+00 3.681082725524902344e+00 2.558601379394531250e+00 4.075600624084472656e+00 3.953081130981445312e+00 2.583687782287597656e+00 2.929335117340087891e+00 7.506320476531982422e+00 9.323091506958007812e+00 3.778296709060668945e+00 3.526898384094238281e+00 5.255377292633056641e+00 3.222297191619873047e+00 3.460240364074707031e+00 3.985952615737915039e+00 2.435617208480834961e+00 5.217216491699218750e+00 6.433605194091796875e+00 3.471345901489257812e+00
2.678954601287841797e+00 2.803838253021240234e+00 2.679105520248413086e+00 3.801281929016113281e+00 4.536904335021972656e+00 2.702842235565185547e+00 2.026213407516479492e+00 3.150909900665283203e+00 4.577211856842041016e+00 4.747685909271240234e+00 4.881804943084716797e+00 4.091885566711425781e+00 3.795761108398437500e+00 2.979265928268432617e+00 2.792151689529418945e+00 3.427846431732177734e+00 2.817547559738159180e+00 3.653804302215576172e+00 4.146058082580566406e+00 4.345188140869140625e+00
4.303078651428222656e+00 4.192637920379638672e+00 3.370563507080078125e+00 2.110320091247558594e+00 6.026921749114990234e+00 2.873129606246948242e+00 4.478681087493896484e+00 5.551726341247558594e+00 4.354717254638671875e+00 2.962364673614501953e+00 5.011194705963134766e+00 3.054066896438598633e+00 3.233470916748046875e+00 3.316879510879516602e+00 3.449018955230712891e+00 4.702120780944824219e+00 1.954545021057128906e+00 4.186066627502441406e+00 3.057626008987426758e+00 5.853506088256835938e+00
3.932461261749267578e+00 3.971450328826904297e+00 4.170563697814941406e+00 4.202062606811523438e+00 3.151876926422119141e+00 2.612794160842895508e+00 3.787024974822998047e+00 4.546339988708496094e+00 3.913326740264892578e+00 3.858874559402465820e+00 2.641341686248779297e+00 3.735826492309570312e+00 3.536475658416748047e+00 4.170343399047851562e+00 2.862255334854125977e+00 3.299890279769897461e+00 2.724643707275390625e+00 3.288664579391479492e+00 4.163295745849609375e+00 5.871077537536621094e+00
3.885321855545043945e+00 4.700348854064941406e+00 4.345444679260253906e+00 3.151953458786010742e+00 7.632601737976074219e+00 3.531684398651123047e+00 3.413630962371826172e+00 2.123165607452392578e+00 3.445296287536621094e+00 3.684489011764526367e+00 4.433108329772949219e+00 1.165587425231933594e+00 3.613111257553100586e+00 4.382615089416503906e+00 3.024825096130371094e+00 4.810905456542968750e+00 5.076913833618164062e+00 3.441885471343994141e+00 4.552317142486572266e+00 7.191691398620605469e+00
3.236940383911132812e+00 3.901790618896484375e+00 3.676919460296630859e+00 6.340188980102539062e+00 6.522490501403808594e+00 5.125218868255615234e+00 4.974505424499511719e+00 2.515114307403564453e+00 5.511245250701904297e+00 5.863032341003417969e+00 4.480692863464355469e+00 4.772533416748046875e+00 5.523697376251220703e+00 3.140837669372558594e+00 4.774048805236816406e+00 3.809687376022338867e+00 3.965007543563842773e+00 6.318717002868652344e+00 2.276647567749023438e+00 5.401449203491210938e+00
3.648247957229614258e+00 2.203483104705810547e+00 4.330292701721191406e+00 3.084803819656372070e+00 4.237015247344970703e+00 7.176168918609619141e+00 4.993301391601562500e+00 4.966875076293945312e+00 3.374370336532592773e+00 5.425806045532226562e+00 9.732149124145507812e+00 6.990489482879638672e+00 1.522103309631347656e+00 3.658107519149780273e+00 6.497096061706542969e+00 3.250304937362670898e+00 4.561498641967773438e+00 3.552952289581298828e+00 4.983867645263671875e+00 4.782673358917236328e+00
5.842258930206298828e+00 5.600850105285644531e+00 3.815147399902343750e+00 1.225172281265258789e+00 5.041879653930664062e+00 3.222630023956298828e+00 3.068271398544311523e+00 6.193634986877441406e+00 6.864830493927001953e+00 9.777132034301757812e+00 3.994116783142089844e+00 1.145031929016113281e+01 7.479585647583007812e+00 4.703017711639404297e+00 4.866616249084472656e+00 3.799215078353881836e+00 3.459685325622558594e+00 6.865811347961425781e+00 6.987183570861816406e+00 4.313792228698730469e+00
