2019-07-23 13:45:00
1.762946248054504395e+00 1.136072278022766113e+00 1.372331142425537109e+00 2.837607383728027344e+00 3.599093437194824219e+00 3.230874538421630859e+00 2.830056190490722656e+00 1.363888740539550781e+00 5.788183689117431641e+00 4.079531669616699219e+00 3.441909313201904297e+00 3.462363243103027344e+00 4.417528152465820312e+00 2.204196929931640625e+00 3.193198919296264648e+00 3.025249958038330078e+00 4.225921630859375000e+00 3.045299530029296875e+00 1.875396490097045898e+00 3.477050304412841797e+00
2.465523242950439453e+00 2.056715965270996094e+00 9.281771183013916016e-01 2.794744253158569336e+00 2.006142139434814453e+00 3.994792103767395020e-01 3.074501037597656250e+00 4.528339385986328125e+00 3.491189002990722656e+00 1.812016487121582031e+00 4.543467998504638672e+00 2.898060321807861328e+00 3.460525989532470703e+00 4.790338516235351562e+00 2.722526788711547852e+00 2.173970222473144531e+00 3.428956508636474609e+00 2.702283382415771484e+00 2.422227859497070312e+00 3.544479846954345703e+00
1.249166011810302734e+00 1.442965030670166016e+00 1.177516698837280273e+00 3.707257747650146484e+00 3.891095161437988281e+00 5.564785003662109375e+00 8.049201965332031250e+00 4.031131267547607422e+00 3.963292837142944336e+00 2.767713069915771484e+00 2.199669837951660156e+00 5.812378406524658203e+00 3.158131122589111328e+00 4.389900684356689453e+00 2.825385808944702148e+00 2.972148418426513672e+00 2.804439067840576172e+00 5.025349617004394531e+00 1.810532569885253906e+00 2.661131858825683594e+00
2.822520017623901367e+00 1.842773437500000000e+00 3.499345779418945312e+00 4.386262893676757812e+00 3.488368749618530273e+00 3.311180591583251953e+00 5.383871078491210938e+00 6.860007286071777344e+00 3.792705535888671875e+00 4.080955505371093750e+00 3.490112304687500000e+00 3.871017932891845703e+00 4.405852317810058594e+00 3.419806718826293945e+00 4.425413131713867188e+00 2.017245769500732422e+00 2.675044059753417969e+00 4.149425983428955078e+00 2.489210844039916992e+00 4.133804798126220703e+00
2.241877317428588867e+00 3.021365642547607422e+00 2.721088409423828125e+00 1.680673837661743164e+00 5.347790718078613281e+00 3.156090736389160156e+00 3.636027812957763672e+00 1.515949010848999023e+00 4.194025516510009766e+00 2.826010465621948242e+00 3.787741661071777344e+00 4.283415794372558594e+00 2.074825286865234375e+00 3.822557449340820312e+00 3.434537410736083984e+00 2.642887592315673828e+00 2.438756942749023438e+00 2.407785177230834961e+00 3.954904317855834961e+00 2.243340730667114258e+00
5.614765644073486328e+00 4.288223266601562500e+00 4.569009304046630859e+00 3.728172540664672852e+00 4.319183826446533203e+00 2.551984548568725586e+00 3.269775152206420898e+00 1.062260150909423828e+00 1.434082031250000000e+00 2.660237789154052734e+00 5.169467926025390625e+00 3.123577117919921875e+00 2.584565162658691406e+00 3.650411128997802734e+00 3.858106613159179688e+00 3.131675720214843750e+00 3.313958883285522461e+00 4.073210716247558594e+00 3.792390584945678711e+00 3.756174564361572266e+00
1.415441870689392090e+00 4.016208171844482422e+00 4.250152587890625000e+00 4.722170352935791016e+00 4.598561286926269531e+00 4.332796096801757812e+00 2.401651859283447266e+00 3.048647642135620117e+00 2.282124996185302734e+00 2.740733623504638672e+00 2.441518306732177734e+00 2.023928880691528320e+00 2.230525493621826172e+00 4.478248596191406250e+00 2.607807159423828125e+00 3.644032955169677734e+00 1.677543044090270996e+00 2.780188798904418945e+00 1.755636692047119141e+00 3.882894277572631836e+00
4.486448764801025391e+00 3.177651405334472656e+00 3.292769908905029297e+00 5.947468757629394531e+00 4.336978435516357422e+00 2.472192287445068359e+00 2.738128662109375000e+00 2.553011417388916016e+00 3.034194469451904297e+00 3.824706315994262695e+00 3.462090492248535156e+00 2.871101140975952148e+00 2.232168674468994141e+00 3.283750057220458984e+00 3.697360277175903320e+00 5.306737422943115234e+00 4.845832824707031250e+00 2.877799749374389648e+00 5.774717330932617188e+00 2.994795322418212891e+00
3.221079587936401367e+00 3.245869398117065430e+00 2.169509410858154297e+00 2.804923057556152344e+00 2.780402183532714844e+00 3.476535320281982422e+00 1.543299436569213867e+00 2.251756668090820312e+00 3.456020832061767578e+00 1.556256055831909180e+00 2.562374591827392578e+00 2.490760803222656250e+00 1.818804979324340820e+00 4.823716163635253906e+00 4.714693069458007812e+00 3.049553155899047852e+00 4.794358730316162109e+00 1.481701493263244629e+00 3.034015178680419922e+00 2.926383018493652344e+00
2.846125364303588867e+00 3.105168819427490234e+00 3.063589096069335938e+00 2.564804553985595703e+00 2.240076303482055664e+00 3.647579669952392578e+00 2.433675765991210938e+00 1.744140625000000000e+00 5.840350627899169922e+00 4.645870685577392578e+00 4.320981025695800781e+00 5.968017578125000000e+00 3.670842647552490234e+00 3.136987209320068359e+00 2.487813949584960938e+00 2.681943893432617188e+00 3.474326372146606445e+00 1.978554248809814453e+00 2.909772634506225586e+00 2.675071954727172852e+00
3.469809293746948242e+00 3.293408393859863281e+00 2.002790927886962891e+00 5.783930301666259766e+00 1.945936679840087891e+00 3.545534133911132812e+00 3.142001628875732422e+00 2.430381059646606445e+00 3.133931398391723633e+00 2.939674615859985352e+00 3.025187969207763672e+00 3.878048419952392578e+00 2.716024875640869141e+00 1.365430355072021484e+00 1.832813143730163574e+00 1.257720112800598145e+00 3.256973981857299805e+00 2.557030677795410156e+00 1.879525899887084961e+00 2.028925418853759766e+00
3.956434249877929688e+00 3.167248725891113281e+00 3.658640861511230469e+00 7.648185253143310547e+00 3.380537986755371094e+00 4.058302402496337891e+00 3.095792293548583984e+00 5.795784473419189453e+00 6.862063884735107422e+00 5.422857284545898438e+00 4.226959228515625000e+00 3.364922761917114258e+00 3.157862663269042969e+00 3.081834077835083008e+00 2.305933475494384766e+00 2.905783176422119141e+00 3.204070568084716797e+00 2.327631711959838867e+00 2.378798007965087891e+00 2.401959419250488281e+00
3.306394577026367188e+00 3.406789779663085938e+00 2.803527832031250000e+00 1.799728989601135254e+00 3.062643527984619141e+00 4.504054069519042969e+00 8.089733123779296875e+00 5.795815944671630859e+00 1.223911857604980469e+01 9.951644897460937500e+00 3.526651620864868164e+00 2.675065994262695312e+00 2.032223224639892578e+00 3.000715255737304688e+00 2.043441772460937500e+00 3.295464515686035156e+00 2.491515874862670898e+00 2.816232204437255859e+00 4.446950912475585938e+00 1.891500473022460938e+00
3.000259876251220703e+00 2.525489091873168945e+00 4.095129966735839844e+00 2.789872169494628906e+00 2.072810888290405273e+00 4.154007911682128906e+00 3.853505134582519531e+00 7.946019649505615234e+00 9.416079521179199219e+00 6.443887710571289062e+00 3.512906312942504883e+00 1.262009620666503906e+00 2.581564426422119141e+00 2.520464658737182617e+00 3.956649065017700195e+00 3.877934455871582031e+00 2.395812988281250000e+00 2.017515182495117188e+00 4.090999126434326172e+00 1.653430581092834473e+00
2.481659412384033203e+00 3.030783176422119141e+00 2.292469739913940430e+00 2.692991495132446289e+00 3.047284126281738281e+00 2.521496295928955078e+00 2.511662483215332031e+00 3.685256004333496094e+00 3.705677509307861328e+00 4.354241371154785156e+00 4.440595626831054688e+00 2.353312730789184570e+00 3.762216091156005859e+00 2.455872297286987305e+00 3.071378231048583984e+00 3.887481689453125000e+00 2.586576223373413086e+00 2.937756061553955078e+00 2.968408107757568359e+00 5.739413738250732422e+00
1.905953526496887207e+00 1.656300544738769531e+00 2.661008358001708984e+00 3.590112209320068359e+00 1.739456772804260254e+00 2.196023464202880859e+00 3.275765657424926758e+00 2.098273754119873047e+00 3.035885810852050781e+00 1.983966827392578125e+00 2.039021730422973633e+00 3.152751445770263672e+00 2.333054304122924805e+00 4.318486213684082031e+00 2.525758266448974609e+00 3.025082588195800781e+00 3.015315532684326172e+00 1.958351492881774902e+00 3.029389858245849609e+00 2.616132259368896484e+00
2.248533964157104492e+00 2.481989860534667969e+00 3.096777915954589844e+00 2.528459072113037109e+00 3.434316396713256836e+00 2.524029016494750977e+00 3.336741924285888672e+00 2.342216014862060547e+00 2.245615005493164062e+00 2.614204406738281250e+00 3.388647317886352539e+00 2.572048187255859375e+00 2.977734565734863281e+00 1.954556226730346680e+00 2.731198072433471680e+00 2.242519378662109375e+00 2.997639656066894531e+00 1.477320432662963867e+00 2.146863460540771484e+00 5.779800415039062500e+00
2.473987102508544922e+00 1.855225205421447754e+00 1.956113576889038086e+00 2.428761482238769531e+00 1.794291019439697266e+00 2.177437543869018555e+00 1.991065502166748047e+00 2.797294855117797852e+00 3.821414232254028320e+00 2.604596614837646484e+00 2.240983963012695312e+00 1.503084063529968262e+00 2.157454490661621094e+00 1.930561065673828125e+00 3.729790449142456055e+00 1.803937792778015137e+00 2.819042205810546875e+00 3.050505399703979492e+00 2.590428829193115234e+00 3.404274225234985352e+00
3.858017683029174805e+00 4.303217887878417969e+00 3.404349803924560547e+00 3.004545688629150391e+00 2.256873607635498047e+00 2.828886032104492188e+00 2.542546749114990234e+00 2.199268102645874023e+00 2.597471952438354492e+00 3.210050582885742188e+00 1.062325716018676758e+00 1.442650794982910156e+00 1.438335657119750977e+00 3.281327486038208008e+00 3.768583297729492188e+00 2.104601860046386719e+00 2.263630151748657227e+00 2.940247058868408203e+00 2.691937923431396484e+00 1.809645771980285645e+00
1.387540459632873535e+00 4.044309616088867188e+00 2.691455364227294922e+00 2.224233865737915039e+00 2.092468738555908203e+00 2.588681936264038086e+00 3.250333309173583984e+00 2.574654102325439453e+00 3.567299365997314453e+00 5.848283767700195312e+00 3.383679628372192383e+00 2.913527965545654297e+00 1.919953703880310059e+00 2.453120708465576172e+00 3.437865495681762695e+00 2.825443506240844727e+00 2.468514442443847656e+00 3.031104564666748047e+00 2.818240642547607422e+00 1.859316945075988770e+00
