2019-07-23 14:00:00
1.284850835800170898e+00 7.608008384704589844e-01 1.866697549819946289e+00 2.313245773315429688e+00 3.105377674102783203e+00 2.102306842803955078e+00 1.891398429870605469e+00 1.469223737716674805e+00 2.030269384384155273e+00 1.276056766510009766e+00 2.332796335220336914e+00 2.141630649566650391e+00 3.221979618072509766e+00 2.517879009246826172e+00 1.754843473434448242e+00 1.534325599670410156e+00 2.215769290924072266e+00 2.826050519943237305e+00 2.327951908111572266e+00 3.172030448913574219e+00
1.642786979675292969e+00 1.033773899078369141e+00 2.000975131988525391e+00 1.133667111396789551e+00 1.453174471855163574e+00 2.459647893905639648e+00 1.806691884994506836e+00 1.356236100196838379e+00 2.039700984954833984e+00 2.278989076614379883e+00 1.914161562919616699e+00 3.049373149871826172e+00 3.252463340759277344e+00 4.523871421813964844e+00 1.887225151062011719e+00 1.909786462783813477e+00 2.826239347457885742e+00 3.047834396362304688e+00 3.035725831985473633e+00 2.472125530242919922e+00
9.989661574363708496e-01 9.704531431198120117e-01 9.155699610710144043e-01 1.856836557388305664e+00 1.857977867126464844e+00 7.572124004364013672e-01 1.616796970367431641e+00 1.770519018173217773e+00 1.507563591003417969e+00 2.433148622512817383e+00 1.642484426498413086e+00 2.555512666702270508e+00 2.409073352813720703e+00 4.713268280029296875e+00 7.456781864166259766e+00 2.016145229339599609e+00 3.450732469558715820e+00 3.488572597503662109e+00 3.136220455169677734e+00 2.627588748931884766e+00
9.186540246009826660e-01 4.448932409286499023e-01 1.160787105560302734e+00 6.562972664833068848e-01 1.158547639846801758e+00 1.564627885818481445e+00 1.308718919754028320e+00 1.988127470016479492e+00 2.284245967864990234e+00 1.996810674667358398e+00 1.038682222366333008e+00 3.187399148941040039e+00 3.482667446136474609e+00 3.442103862762451172e+00 3.150380611419677734e+00 2.323919773101806641e+00 2.245106220245361328e+00 3.911663293838500977e+00 1.692420005798339844e+00 2.325305461883544922e+00
-1.324518471956253052e-01 1.034274935722351074e+00 1.751223325729370117e+00 8.563148975372314453e-01 6.136990785598754883e-01 1.951435565948486328e+00 3.254984617233276367e+00 1.356434702873229980e+00 5.564490795135498047e+00 3.128821134567260742e+00 2.108324050903320312e+00 3.029935359954833984e+00 3.622946023941040039e+00 2.500025749206542969e+00 3.038560390472412109e+00 3.615003347396850586e+00 1.429270029067993164e+00 3.416485309600830078e+00 2.316411972045898438e+00 2.748767852783203125e+00
3.491840362548828125e-01 3.996392488479614258e-01 6.702805757522583008e-01 1.947341322898864746e+00 2.331146717071533203e+00 4.294585704803466797e+00 2.357804775238037109e+00 2.419428825378417969e+00 2.786032438278198242e+00 2.154071807861328125e+00 3.318710565567016602e+00 4.060392379760742188e+00 2.548580169677734375e+00 2.381819248199462891e+00 3.810161352157592773e+00 3.134788513183593750e+00 2.556094646453857422e+00 2.289839982986450195e+00 3.076534271240234375e+00 1.941069602966308594e+00
9.854412078857421875e-01 1.392507433891296387e+00 1.976031661033630371e+00 2.584025859832763672e+00 1.346450805664062500e+00 9.520107507705688477e-01 2.357776165008544922e+00 6.355095386505126953e+00 2.730793952941894531e+00 2.678644180297851562e+00 3.330935478210449219e+00 3.073991298675537109e+00 3.637512683868408203e+00 2.782162427902221680e+00 2.592893600463867188e+00 4.994320869445800781e+00 2.181657314300537109e+00 1.346562027931213379e+00 2.878832817077636719e+00 2.758534908294677734e+00
1.853991985321044922e+00 1.440363645553588867e+00 2.317932605743408203e+00 1.821268558502197266e+00 8.308629989624023438e+00 1.598932981491088867e+00 2.763054847717285156e+00 1.248019456863403320e+00 2.479298114776611328e+00 2.661714792251586914e+00 3.814702987670898438e+00 2.541560649871826172e+00 2.034593343734741211e+00 2.023537635803222656e+00 2.312332153320312500e+00 2.361141920089721680e+00 3.972923278808593750e+00 2.820172309875488281e+00 2.097418308258056641e+00 2.577160835266113281e+00
2.374174594879150391e+00 1.849834203720092773e+00 2.205342292785644531e+00 2.942866086959838867e+00 3.293143272399902344e+00 1.626788854598999023e+00 2.737695693969726562e+00 2.561732292175292969e+00 3.262447357177734375e+00 4.699137210845947266e+00 4.025615215301513672e+00 3.499483108520507812e+00 1.566724538803100586e+00 4.244538307189941406e+00 3.502205848693847656e+00 3.630993127822875977e+00 4.556571960449218750e+00 2.409117937088012695e+00 2.716996192932128906e+00 2.828770160675048828e+00
1.796623229980468750e+00 2.388737678527832031e+00 1.125874042510986328e+00 1.912842869758605957e+00 2.021094083786010742e+00 2.933863162994384766e+00 2.639853954315185547e+00 3.763073921203613281e+00 6.371834754943847656e+00 4.242177009582519531e+00 4.662759780883789062e+00 3.894033908843994141e+00 4.583036422729492188e+00 2.489182949066162109e+00 1.683600425720214844e+00 2.437164783477783203e+00 1.755596756935119629e+00 1.610990047454833984e+00 2.757654428482055664e+00 1.974666833877563477e+00
2.249505996704101562e+00 3.044277667999267578e+00 2.467467308044433594e+00 2.763532638549804688e+00 2.448260307312011719e+00 2.460932254791259766e+00 1.668798923492431641e+00 3.266942024230957031e+00 2.592368841171264648e+00 1.892147779464721680e+00 2.575973510742187500e+00 3.769924640655517578e+00 4.669376850128173828e+00 3.290364265441894531e+00 2.195590972900390625e+00 2.674869060516357422e+00 2.510606765747070312e+00 2.600258111953735352e+00 1.887318968772888184e+00 2.595590591430664062e+00
2.851254463195800781e+00 8.293057441711425781e+00 3.451815843582153320e+00 3.685963392257690430e+00 2.994348526000976562e+00 3.410309791564941406e+00 2.857221603393554688e+00 2.509326696395874023e+00 2.517771244049072266e+00 2.950715303421020508e+00 2.898405551910400391e+00 2.516287565231323242e+00 2.998980045318603516e+00 2.328604698181152344e+00 2.916537761688232422e+00 3.674229145050048828e+00 5.175809383392333984e+00 2.363953113555908203e+00 2.744755268096923828e+00 1.599545001983642578e+00
2.689313888549804688e+00 3.224999427795410156e+00 2.921706676483154297e+00 6.341713428497314453e+00 2.791611194610595703e+00 3.143478155136108398e+00 3.850366592407226562e+00 3.819227218627929688e+00 3.513858556747436523e+00 3.229795932769775391e+00 3.797549009323120117e+00 5.305566787719726562e+00 2.256089687347412109e+00 3.281457901000976562e+00 2.209800243377685547e+00 2.531678915023803711e+00 2.864984750747680664e+00 2.403313398361206055e+00 3.193982839584350586e+00 1.385559082031250000e+00
2.059730768203735352e+00 3.330522537231445312e+00 2.706581592559814453e+00 4.254664897918701172e+00 3.637290239334106445e+00 4.284873008728027344e+00 3.855883121490478516e+00 3.768802165985107422e+00 2.637233495712280273e+00 2.962181568145751953e+00 1.099101901054382324e+00 2.889395236968994141e+00 2.519643783569335938e+00 2.213436603546142578e+00 4.059013366699218750e+00 1.838225007057189941e+00 2.835104465484619141e+00 1.477306842803955078e+00 2.241787433624267578e+00 2.051950693130493164e+00
3.435804367065429688e+00 3.993548154830932617e+00 3.286092996597290039e+00 3.162304639816284180e+00 2.944369316101074219e+00 2.357526302337646484e+00 4.024133205413818359e+00 4.229973793029785156e+00 2.123184204101562500e+00 3.467782735824584961e+00 3.278906345367431641e+00 2.696365594863891602e+00 1.642158389091491699e+00 2.881047725677490234e+00 3.288015127182006836e+00 3.641836166381835938e+00 3.078025579452514648e+00 1.944378137588500977e+00 1.960648536682128906e+00 2.455000638961791992e+00
2.963869094848632812e+00 4.835132598876953125e+00 3.097886562347412109e+00 4.453620910644531250e+00 2.882533073425292969e+00 3.852373600006103516e+00 2.787950277328491211e+00 2.600555419921875000e+00 3.263233423233032227e+00 2.582550048828125000e+00 3.180436849594116211e+00 3.558544158935546875e+00 3.770401954650878906e+00 3.284314870834350586e+00 2.157199621200561523e+00 1.516557693481445312e+00 1.503594160079956055e+00 1.701309323310852051e+00 1.320724248886108398e+00 3.167234897613525391e+00
4.006769180297851562e+00 5.214574813842773438e+00 6.135418891906738281e+00 4.262541294097900391e+00 7.017710208892822266e+00 5.107115745544433594e+00 4.319016933441162109e+00 2.406288146972656250e+00 4.145365238189697266e+00 2.701762199401855469e+00 2.205872297286987305e+00 1.708311557769775391e+00 3.025523900985717773e+00 2.620181560516357422e+00 2.441258430480957031e+00 1.815945863723754883e+00 2.107464313507080078e+00 1.929284095764160156e+00 1.641162037849426270e+00 3.331122875213623047e+00
3.909847259521484375e+00 4.046462535858154297e+00 9.130771636962890625e+00 4.436460018157958984e+00 5.838365554809570312e+00 2.567066669464111328e+00 2.489318847656250000e+00 2.111281633377075195e+00 3.775608062744140625e+00 2.699704647064208984e+00 2.507090091705322266e+00 1.623522043228149414e+00 2.079283714294433594e+00 2.927318096160888672e+00 2.591428995132446289e+00 2.959602355957031250e+00 1.670198559761047363e+00 2.525991916656494141e+00 2.033993482589721680e+00 2.403525829315185547e+00
3.953740596771240234e+00 4.344444274902343750e+00 2.978248834609985352e+00 3.534584522247314453e+00 4.320343971252441406e+00 5.767014503479003906e+00 4.688124179840087891e+00 3.365762233734130859e+00 2.174638032913208008e+00 3.536277532577514648e+00 2.492942571640014648e+00 4.425844192504882812e+00 2.248820781707763672e+00 3.151306629180908203e+00 1.345109820365905762e+00 2.162067890167236328e+00 2.498880386352539062e+00 1.450044274330139160e+00 2.069911241531372070e+00 2.696186542510986328e+00
5.619973659515380859e+00 3.267906188964843750e+00 3.404835224151611328e+00 2.464847326278686523e+00 1.749555110931396484e+00 3.071906566619873047e+00 2.625822067260742188e+00 3.166173219680786133e+00 4.150128364562988281e+00 2.528098344802856445e+00 4.108915328979492188e+00 1.629241228103637695e+00 1.963777661323547363e+00 3.308761596679687500e+00 1.979520559310913086e+00 2.997454404830932617e+00 2.552205324172973633e+00 2.664991855621337891e+00 2.880655765533447266e+00 1.359314680099487305e+00
