2019-07-23 14:30:00
2.741694450378417969e+00 2.329386711120605469e+00 2.333536624908447266e+00 2.552012443542480469e+00 2.517200469970703125e+00 2.078524112701416016e+00 2.452220201492309570e+00 1.883896827697753906e+00 2.563826322555541992e+00 1.782206058502197266e+00 1.464715123176574707e+00 1.128794908523559570e+00 1.933221936225891113e+00 1.579110383987426758e+00 1.072419404983520508e+00 1.993561744689941406e+00 1.561540722846984863e+00 3.477447032928466797e+00 2.251302242279052734e+00 2.291646003723144531e+00
1.961984634399414062e+00 1.662130355834960938e+00 1.502750396728515625e+00 1.685675382614135742e+00 2.833631753921508789e+00 3.679092407226562500e+00 2.093834400177001953e+00 1.693315505981445312e+00 1.400155305862426758e+00 1.999229073524475098e+00 1.406151771545410156e+00 1.206280469894409180e+00 1.028188824653625488e+00 1.453203201293945312e+00 1.459861755371093750e+00 1.221253395080566406e+00 1.659401535987854004e+00 2.024370193481445312e+00 2.977158069610595703e+00 2.233989715576171875e+00
3.103669643402099609e+00 2.103847742080688477e+00 2.036113739013671875e+00 2.558697462081909180e+00 2.256175994873046875e+00 1.373809695243835449e+00 1.682819724082946777e+00 1.932431221008300781e+00 2.000719070434570312e+00 2.076140880584716797e+00 1.404583454132080078e+00 1.333435893058776855e+00 1.522489309310913086e+00 2.073518276214599609e+00 1.469415426254272461e+00 1.126043915748596191e+00 1.594778060913085938e+00 1.817417502403259277e+00 1.719401001930236816e+00 2.505866527557373047e+00
2.126487731933593750e+00 2.525909185409545898e+00 1.350805282592773438e+00 1.817100167274475098e+00 1.739531755447387695e+00 2.694547176361083984e+00 2.047304868698120117e+00 2.054340600967407227e+00 1.871320605278015137e+00 2.727169513702392578e+00 2.416998863220214844e+00 1.801459789276123047e+00 1.641605615615844727e+00 1.536900520324707031e+00 2.354416370391845703e+00 8.398119211196899414e-01 1.473073482513427734e+00 2.122239589691162109e+00 1.800385117530822754e+00 1.680653214454650879e+00
1.870777130126953125e+00 1.785222887992858887e+00 2.247376441955566406e+00 2.344253063201904297e+00 1.713244438171386719e+00 2.412144184112548828e+00 2.424947977066040039e+00 2.335133552551269531e+00 1.485715985298156738e+00 2.217194795608520508e+00 1.779465436935424805e+00 2.239624500274658203e+00 7.337118387222290039e-01 1.942363858222961426e+00 1.022581219673156738e+00 1.903138279914855957e+00 1.481969594955444336e+00 1.445347309112548828e+00 1.532059669494628906e+00 2.510545253753662109e+00
1.857247352600097656e+00 1.896961212158203125e+00 1.707700014114379883e+00 1.454219579696655273e+00 1.995020866394042969e+00 1.847537517547607422e+00 1.478268384933471680e+00 1.617303609848022461e+00 2.505909204483032227e+00 2.405078649520874023e+00 3.444332838058471680e+00 2.581303596496582031e+00 2.041286945343017578e+00 1.328836560249328613e+00 2.011018276214599609e+00 1.657759189605712891e+00 8.854361772537231445e-01 2.836272478103637695e+00 8.266170024871826172e-01 1.457394838333129883e+00
1.923629760742187500e+00 2.266509056091308594e+00 1.937642693519592285e+00 1.568596839904785156e+00 1.661612391471862793e+00 1.935386896133422852e+00 3.022385835647583008e+00 2.958632230758666992e+00 2.839043617248535156e+00 2.913367033004760742e+00 1.711747288703918457e+00 2.681636810302734375e+00 1.340987920761108398e+00 2.949490785598754883e+00 2.995374679565429688e+00 1.928961515426635742e+00 8.446229696273803711e-01 1.242405176162719727e+00 2.574373722076416016e+00 1.987068891525268555e+00
1.372889041900634766e+00 2.318965911865234375e+00 1.684673666954040527e+00 1.561347007751464844e+00 1.999012351036071777e+00 2.220623016357421875e+00 2.125511169433593750e+00 2.843057632446289062e+00 1.891866207122802734e+00 2.858773231506347656e+00 1.721077442169189453e+00 3.966640949249267578e+00 1.693483829498291016e+00 2.215064764022827148e+00 1.810332059860229492e+00 1.865961074829101562e+00 1.759233593940734863e+00 1.526747226715087891e+00 1.185516834259033203e+00 2.479624271392822266e+00
2.073876857757568359e+00 2.442118406295776367e+00 2.739126205444335938e+00 2.760364055633544922e+00 2.486570358276367188e+00 3.279349803924560547e+00 2.512998580932617188e+00 2.434061050415039062e+00 2.172486782073974609e+00 2.251962900161743164e+00 3.118089914321899414e+00 3.571842193603515625e+00 2.037878274917602539e+00 1.946899890899658203e+00 9.974855184555053711e-01 1.729662179946899414e+00 1.689330101013183594e+00 1.717593908309936523e+00 2.428396701812744141e+00 1.835270762443542480e+00
3.016250371932983398e+00 1.475675582885742188e+00 2.704545974731445312e+00 1.654268503189086914e+00 2.944068431854248047e+00 2.605190277099609375e+00 3.035718917846679688e+00 1.411810159683227539e+00 4.398571968078613281e+00 4.234210968017578125e+00 5.812741279602050781e+00 4.543415069580078125e+00 1.705250024795532227e+00 1.018553018569946289e+00 2.097258806228637695e+00 2.078811883926391602e+00 3.244348526000976562e+00 6.428125500679016113e-01 1.825009346008300781e+00 2.668054580688476562e+00
2.266607999801635742e+00 2.031752347946166992e+00 3.447112560272216797e+00 1.716694355010986328e+00 2.853428125381469727e+00 3.177591800689697266e+00 1.896218419075012207e+00 2.193058967590332031e+00 2.339335203170776367e+00 2.598278045654296875e+00 2.638569593429565430e+00 2.534471988677978516e+00 1.625890493392944336e+00 1.552847623825073242e+00 1.190329670906066895e+00 1.934572219848632812e+00 1.919320344924926758e+00 6.180717945098876953e-01 9.562987089157104492e-01 2.342998504638671875e+00
1.998773813247680664e+00 1.959615230560302734e+00 3.301743745803833008e+00 3.973015308380126953e+00 1.614531636238098145e+00 1.629529953002929688e+00 2.238539695739746094e+00 1.847929716110229492e+00 2.237405776977539062e+00 2.817629575729370117e+00 2.818395614624023438e+00 2.054401874542236328e+00 2.904906749725341797e+00 2.940461635589599609e+00 2.121350288391113281e+00 1.779121160507202148e+00 2.613803386688232422e+00 2.033978939056396484e+00 1.874961972236633301e+00 1.647455453872680664e+00
3.440740346908569336e+00 2.622012853622436523e+00 2.960798978805541992e+00 2.846035003662109375e+00 2.842329978942871094e+00 3.624228239059448242e+00 4.251287937164306641e+00 2.464483261108398438e+00 2.577697515487670898e+00 2.743914604187011719e+00 1.342940092086791992e+00 2.180785655975341797e+00 1.924080252647399902e+00 2.740234613418579102e+00 2.319210052490234375e+00 2.126384735107421875e+00 1.501783013343811035e+00 2.030243873596191406e+00 2.729240417480468750e+00 1.449609041213989258e+00
2.779617309570312500e+00 3.992430210113525391e+00 3.153607606887817383e+00 3.436900138854980469e+00 4.228702068328857422e+00 3.165833950042724609e+00 4.137824058532714844e+00 3.169584035873413086e+00 2.514600276947021484e+00 3.529977560043334961e+00 2.931822776794433594e+00 2.422312498092651367e+00 2.023626327514648438e+00 2.910346984863281250e+00 1.863554716110229492e+00 2.676169395446777344e+00 2.657203674316406250e+00 2.147352933883666992e+00 3.078341484069824219e+00 1.702445268630981445e+00
2.327799797058105469e+00 2.098623037338256836e+00 3.450946331024169922e+00 2.490116357803344727e+00 6.467662334442138672e+00 3.922291278839111328e+00 3.629894256591796875e+00 3.524150609970092773e+00 2.079930543899536133e+00 2.295856475830078125e+00 3.010011911392211914e+00 1.745801210403442383e+00 1.694404125213623047e+00 1.465532183647155762e+00 1.861641526222229004e+00 2.416967868804931641e+00 2.127575397491455078e+00 2.178707599639892578e+00 2.272229909896850586e+00 2.340255022048950195e+00
2.859661817550659180e+00 2.711205720901489258e+00 3.334500312805175781e+00 3.706058979034423828e+00 4.888751983642578125e+00 4.290066719055175781e+00 4.547474861145019531e+00 4.024978160858154297e+00 2.542877674102783203e+00 2.179984092712402344e+00 7.460505962371826172e-01 2.047596931457519531e+00 1.765972733497619629e+00 3.297159194946289062e+00 2.438872575759887695e+00 2.746044874191284180e+00 2.530300140380859375e+00 3.021383762359619141e+00 1.284450769424438477e+00 2.893882513046264648e+00
2.027871608734130859e+00 1.873588681221008301e+00 1.193920373916625977e+00 2.169940233230590820e+00 3.694327831268310547e+00 3.685084581375122070e+00 2.140171527862548828e+00 1.548193216323852539e+00 1.197787284851074219e+00 8.083797991275787354e-02 2.177439033985137939e-01 1.461019158363342285e+00 2.335645675659179688e+00 2.320233821868896484e+00 3.009775161743164062e+00 2.077867031097412109e+00 2.094299316406250000e+00 1.603907346725463867e+00 7.916162014007568359e-01 2.375921487808227539e+00
1.877538084983825684e+00 1.907417297363281250e+00 1.504970312118530273e+00 1.772826194763183594e+00 1.393932104110717773e+00 2.397742986679077148e+00 2.048601150512695312e+00 1.834635972976684570e+00 1.289494037628173828e+00 1.649611949920654297e+00 1.664399266242980957e+00 1.040508866310119629e+00 1.976050496101379395e+00 2.235918283462524414e+00 1.383385419845581055e+00 3.084425449371337891e+00 2.488988161087036133e+00 2.282546520233154297e+00 1.995374441146850586e+00 2.085075855255126953e+00
2.858004093170166016e+00 3.095302104949951172e+00 1.580572247505187988e+00 1.719056248664855957e+00 9.582625031471252441e-01 1.798085451126098633e+00 2.381113529205322266e+00 1.560025334358215332e+00 2.311283588409423828e+00 1.338784694671630859e+00 1.404430866241455078e+00 1.063543796539306641e+00 1.598015785217285156e+00 1.705193042755126953e+00 2.231096267700195312e+00 3.133242845535278320e+00 3.404639482498168945e+00 3.216621875762939453e+00 1.501139998435974121e+00 1.898629665374755859e+00
1.999022722244262695e+00 1.344159960746765137e+00 1.667573690414428711e+00 1.989523172378540039e+00 1.836115598678588867e+00 1.873290538787841797e+00 1.371966242790222168e+00 2.331095457077026367e+00 1.016531944274902344e+00 1.368961930274963379e+00 1.530236721038818359e+00 2.892817020416259766e+00 9.287953376770019531e-01 2.624565362930297852e+00 1.861023783683776855e+00 3.116468429565429688e+00 2.319855213165283203e+00 2.799010038375854492e+00 2.221685886383056641e+00 1.886366724967956543e+00
