2019-07-23 14:45:00
3.507725954055786133e+00 3.313421726226806641e+00 2.889858245849609375e+00 3.279681682586669922e+00 2.670739412307739258e+00 2.685178279876708984e+00 2.732938289642333984e+00 2.828191280364990234e+00 4.191085815429687500e+00 5.094368934631347656e+00 4.096289634704589844e+00 1.647989511489868164e+00 3.550973415374755859e+00 2.403759717941284180e+00 2.434517621994018555e+00 2.752445220947265625e+00 3.148428440093994141e+00 3.148578405380249023e+00 3.758331060409545898e+00 3.671614885330200195e+00
4.531286239624023438e+00 2.517489433288574219e+00 2.721271038055419922e+00 1.636964082717895508e+00 2.246579408645629883e+00 2.063419818878173828e+00 1.910995006561279297e+00 3.020314216613769531e+00 3.730560779571533203e+00 2.098573446273803711e+00 2.625018596649169922e+00 4.433477878570556641e+00 3.714222192764282227e+00 9.724517822265625000e+00 1.950414180755615234e+00 2.261071205139160156e+00 4.700330734252929688e+00 2.152606964111328125e+00 1.626713991165161133e+00 2.939941644668579102e+00
4.049904823303222656e+00 3.665412902832031250e+00 5.709291458129882812e+00 1.782686948776245117e+00 1.902788400650024414e+00 3.592992782592773438e+00 2.359452247619628906e+00 1.188832283020019531e+00 9.960416555404663086e-01 1.982335805892944336e+00 2.900248765945434570e+00 3.877645254135131836e+00 1.941289663314819336e+00 4.447948455810546875e+00 4.359662055969238281e+00 2.492671012878417969e+00 5.097060680389404297e+00 4.286044120788574219e+00 1.920123577117919922e+00 3.310656070709228516e+00
2.626932859420776367e+00 6.596726417541503906e+00 3.740059852600097656e+00 3.379712581634521484e+00 2.446466922760009766e+00 2.740561246871948242e+00 1.770668983459472656e+00 1.583600759506225586e+00 1.125110387802124023e+00 3.230036735534667969e+00 2.323528528213500977e+00 2.539613962173461914e+00 3.228227376937866211e+00 3.442318439483642578e+00 5.309312820434570312e+00 1.394751191139221191e+00 2.838767051696777344e+00 5.049006462097167969e+00 2.520375251770019531e+00 2.606943845748901367e+00
2.704211473464965820e+00 3.692594051361083984e+00 2.608198165893554688e+00 4.459418296813964844e+00 2.145492076873779297e+00 1.813766956329345703e+00 3.228624820709228516e+00 1.598887205123901367e+00 1.237798213958740234e+00 2.404566287994384766e+00 2.048427581787109375e+00 2.352940082550048828e+00 3.037004470825195312e+00 3.265787601470947266e+00 3.658964633941650391e+00 5.877097129821777344e+00 2.386089324951171875e+00 3.772720336914062500e+00 4.359498500823974609e+00 2.627102851867675781e+00
6.653578281402587891e+00 3.018137931823730469e+00 4.445887565612792969e+00 2.469749450683593750e+00 1.661139845848083496e+00 2.618655920028686523e+00 2.205264568328857422e+00 1.361530303955078125e+00 2.177962303161621094e+00 2.677522897720336914e+00 4.347585201263427734e+00 3.141016006469726562e+00 4.318401336669921875e+00 4.093915462493896484e+00 2.515727996826171875e+00 3.921661853790283203e+00 2.083744049072265625e+00 4.519440650939941406e+00 3.920832872390747070e+00 4.666044712066650391e+00
3.005946159362792969e+00 3.665315151214599609e+00 3.436189889907836914e+00 5.508303642272949219e+00 3.761491298675537109e+00 3.023122310638427734e+00 2.390956640243530273e+00 4.310327529907226562e+00 1.976417779922485352e+00 2.787508487701416016e+00 3.956095218658447266e+00 3.289877891540527344e+00 2.941655635833740234e+00 2.747441768646240234e+00 2.753088474273681641e+00 5.438998222351074219e+00 2.251888275146484375e+00 1.750574827194213867e+00 4.637390613555908203e+00 3.862369537353515625e+00
2.290025472640991211e+00 2.904010772705078125e+00 2.185324907302856445e+00 3.530876636505126953e+00 4.424208641052246094e+00 3.361191749572753906e+00 3.210110664367675781e+00 1.651722073554992676e+00 3.772690296173095703e+00 3.701944828033447266e+00 2.484774351119995117e+00 2.779835224151611328e+00 2.832753419876098633e+00 2.821574926376342773e+00 2.450433731079101562e+00 3.921626567840576172e+00 5.932895660400390625e+00 1.980902433395385742e+00 3.810601711273193359e+00 3.081418991088867188e+00
3.768529891967773438e+00 3.541100502014160156e+00 3.948689699172973633e+00 2.891289234161376953e+00 1.304578065872192383e+00 2.251499652862548828e+00 3.190183877944946289e+00 3.069701671600341797e+00 3.426143646240234375e+00 3.559369802474975586e+00 3.482401371002197266e+00 3.958438634872436523e+00 3.359387397766113281e+00 5.363709926605224609e+00 4.619298934936523438e+00 3.404977321624755859e+00 4.007451057434082031e+00 2.278842210769653320e+00 2.016477584838867188e+00 2.195563554763793945e+00
2.729553699493408203e+00 3.061112403869628906e+00 2.834180355072021484e+00 2.518233776092529297e+00 3.597383260726928711e+00 2.113142490386962891e+00 2.965167522430419922e+00 2.004453659057617188e+00 5.023127555847167969e+00 2.242074728012084961e+00 5.485207557678222656e+00 6.161276817321777344e+00 3.306904792785644531e+00 2.519275665283203125e+00 2.010088443756103516e+00 2.623993873596191406e+00 3.777963638305664062e+00 2.265400648117065430e+00 3.286703824996948242e+00 2.670114278793334961e+00
1.970208883285522461e+00 2.164101600646972656e+00 4.321830272674560547e+00 2.783599853515625000e+00 2.412827253341674805e+00 2.180422067642211914e+00 1.791183471679687500e+00 3.124271392822265625e+00 2.703670501708984375e+00 2.128945589065551758e+00 2.358705997467041016e+00 2.615079402923583984e+00 1.614487409591674805e+00 1.723239183425903320e+00 2.758290052413940430e+00 2.116348743438720703e+00 2.391667366027832031e+00 5.092473506927490234e+00 3.707736253738403320e+00 1.850078344345092773e+00
2.460907936096191406e+00 2.975655078887939453e+00 2.794422626495361328e+00 2.105961799621582031e+00 3.040623664855957031e+00 2.672788143157958984e+00 2.121608018875122070e+00 1.570576429367065430e+00 3.389009952545166016e+00 2.536139726638793945e+00 2.510614395141601562e+00 1.890392780303955078e+00 2.110720634460449219e+00 2.895160198211669922e+00 1.670724868774414062e+00 4.122954368591308594e+00 3.310544967651367188e+00 2.087844848632812500e+00 2.883800506591796875e+00 2.798741817474365234e+00
1.165438413619995117e+00 2.084102392196655273e+00 3.494194030761718750e+00 3.037650585174560547e+00 2.943043231964111328e+00 4.181243419647216797e+00 2.421658277511596680e+00 3.230701923370361328e+00 2.027936935424804688e+00 3.471361160278320312e+00 2.729807138442993164e+00 3.187016725540161133e+00 2.759265661239624023e+00 1.367501139640808105e+00 2.909251451492309570e+00 2.950990915298461914e+00 3.886878490447998047e+00 2.552772998809814453e+00 2.161472320556640625e+00 1.662320971488952637e+00
2.999175548553466797e+00 1.826238989830017090e+00 1.839065670967102051e+00 4.001780986785888672e+00 4.456915378570556641e+00 8.062741279602050781e+00 7.066688537597656250e+00 3.057580947875976562e+00 2.681303501129150391e+00 2.453336238861083984e+00 2.555947303771972656e+00 1.994828104972839355e+00 3.489757061004638672e+00 1.984195590019226074e+00 2.580867290496826172e+00 3.332595348358154297e+00 4.292652130126953125e+00 3.564572811126708984e+00 2.400156021118164062e+00 2.320674896240234375e+00
3.561471223831176758e+00 2.588616371154785156e+00 3.665349483489990234e+00 7.999330997467041016e+00 7.890075206756591797e+00 8.332260131835937500e+00 5.682587623596191406e+00 6.018383979797363281e+00 2.494768619537353516e+00 3.559381008148193359e+00 3.583162784576416016e+00 2.504577398300170898e+00 2.706237792968750000e+00 2.545132160186767578e+00 2.295800447463989258e+00 2.287554979324340820e+00 2.693108320236206055e+00 3.308535575866699219e+00 2.221081256866455078e+00 6.913964271545410156e+00
3.460850954055786133e+00 3.134902954101562500e+00 4.493181228637695312e+00 6.659758090972900391e+00 8.128702163696289062e+00 1.586777114868164062e+01 1.171766567230224609e+01 5.398715019226074219e+00 3.627100229263305664e+00 2.809420108795166016e+00 2.089464902877807617e+00 3.507558822631835938e+00 2.892897129058837891e+00 3.075500011444091797e+00 2.025712490081787109e+00 2.289207935333251953e+00 3.115143775939941406e+00 3.795072793960571289e+00 1.576467990875244141e+00 2.368512153625488281e+00
2.712030172348022461e+00 2.917848587036132812e+00 3.525979995727539062e+00 5.459229946136474609e+00 1.090212059020996094e+01 1.043928241729736328e+01 8.390709877014160156e+00 5.411901473999023438e+00 3.555930137634277344e+00 2.237382411956787109e+00 1.527696609497070312e+00 2.523396730422973633e+00 2.382120609283447266e+00 2.483803987503051758e+00 2.302204370498657227e+00 2.513154983520507812e+00 4.835402011871337891e+00 3.079176664352416992e+00 2.870155811309814453e+00 7.421334266662597656e+00
2.223122596740722656e+00 2.811782836914062500e+00 2.152018070220947266e+00 5.616871356964111328e+00 7.674664497375488281e+00 8.714746475219726562e+00 9.236470222473144531e+00 4.368248939514160156e+00 3.500363111495971680e+00 2.367482662200927734e+00 2.134332895278930664e+00 1.662715435028076172e+00 2.174429178237915039e+00 3.371366024017333984e+00 2.837090015411376953e+00 3.279493570327758789e+00 2.924066543579101562e+00 3.012603998184204102e+00 2.017724275588989258e+00 2.157546281814575195e+00
2.995314121246337891e+00 2.641405820846557617e+00 2.306097507476806641e+00 2.470142602920532227e+00 2.579453945159912109e+00 4.614767551422119141e+00 4.061921596527099609e+00 2.511908531188964844e+00 2.680473566055297852e+00 2.897284746170043945e+00 1.667507290840148926e+00 1.364962935447692871e+00 3.054594516754150391e+00 2.192978858947753906e+00 2.155215501785278320e+00 1.870909214019775391e+00 3.200953722000122070e+00 2.189241886138916016e+00 2.514935493469238281e+00 2.136037826538085938e+00
2.807675838470458984e+00 2.471046686172485352e+00 1.697152376174926758e+00 2.033411741256713867e+00 1.977524995803833008e+00 4.736510276794433594e+00 2.677496433258056641e+00 2.720066070556640625e+00 5.955767631530761719e+00 1.293215870857238770e+00 2.367938041687011719e+00 2.570095300674438477e+00 2.277387619018554688e+00 3.037410974502563477e+00 2.097763299942016602e+00 2.791464567184448242e+00 2.403993606567382812e+00 3.410118818283081055e+00 1.998490333557128906e+00 2.990018844604492188e+00
