2019-07-23 01:30:00
6.383613109588623047e+00 7.880981445312500000e+00 7.478574752807617188e+00 1.032355308532714844e+01 6.356671333312988281e+00 6.624621391296386719e+00 6.819513320922851562e+00 6.891461372375488281e+00 7.267812728881835938e+00 4.871752738952636719e+00 6.115150928497314453e+00 4.997832298278808594e+00 5.966466426849365234e+00 8.417931556701660156e+00 4.363025188446044922e+00 6.607038497924804688e+00 8.292474746704101562e+00 5.196742057800292969e+00 6.646519660949707031e+00 5.677446365356445312e+00
7.827860832214355469e+00 9.495349884033203125e+00 6.022620201110839844e+00 7.975742816925048828e+00 9.488929748535156250e+00 9.161828994750976562e+00 5.559373855590820312e+00 5.074034214019775391e+00 7.099492073059082031e+00 6.565827369689941406e+00 5.512211799621582031e+00 6.119016647338867188e+00 5.633226394653320312e+00 6.988304615020751953e+00 9.224294662475585938e+00 6.565791130065917969e+00 6.506453990936279297e+00 1.187566089630126953e+01 7.072352409362792969e+00 4.995475769042968750e+00
5.406782150268554688e+00 8.219052314758300781e+00 6.773499965667724609e+00 7.108733654022216797e+00 7.073374748229980469e+00 6.737132072448730469e+00 1.317304611206054688e+01 4.618905067443847656e+00 5.285668373107910156e+00 3.891208887100219727e+00 9.729632377624511719e+00 1.110479164123535156e+01 5.104263305664062500e+00 6.319028854370117188e+00 3.758187055587768555e+00 7.694370269775390625e+00 6.760115146636962891e+00 3.177348613739013672e+00 6.211681365966796875e+00 5.850878715515136719e+00
7.273177146911621094e+00 7.010789394378662109e+00 1.239234256744384766e+01 4.517238140106201172e+00 4.747669696807861328e+00 6.390470504760742188e+00 6.310972690582275391e+00 4.624004364013671875e+00 6.024343490600585938e+00 8.190813064575195312e+00 9.173773765563964844e+00 1.245388031005859375e+01 5.308053016662597656e+00 5.330977439880371094e+00 9.157211303710937500e+00 7.597514629364013672e+00 4.104984283447265625e+00 1.060460662841796875e+01 7.041097640991210938e+00 3.765420436859130859e+00
5.714452743530273438e+00 3.992130756378173828e+00 5.418570518493652344e+00 4.865193367004394531e+00 4.222475051879882812e+00 6.469057083129882812e+00 5.017601013183593750e+00 9.949537277221679688e+00 6.531255722045898438e+00 7.189907073974609375e+00 6.960515022277832031e+00 4.681826591491699219e+00 8.033299446105957031e+00 4.522741317749023438e+00 4.216276645660400391e+00 8.064523696899414062e+00 5.479091167449951172e+00 5.991822242736816406e+00 7.796440601348876953e+00 4.449624061584472656e+00
8.218845367431640625e+00 6.797494888305664062e+00 7.627553939819335938e+00 1.111449146270751953e+01 1.203676891326904297e+01 6.735337257385253906e+00 7.204724311828613281e+00 8.563011169433593750e+00 1.003660678863525391e+01 8.635138511657714844e+00 1.803416490554809570e+00 9.873598098754882812e+00 6.430993080139160156e+00 4.346464157104492188e+00 6.638545989990234375e+00 9.609817504882812500e+00 7.915585517883300781e+00 5.568397998809814453e+00 8.263191223144531250e+00 6.517372131347656250e+00
7.093539714813232422e+00 4.774998188018798828e+00 1.107619857788085938e+01 1.082695579528808594e+01 7.205251216888427734e+00 1.279231548309326172e+01 8.190999984741210938e+00 5.162374019622802734e+00 6.994440078735351562e+00 5.872977256774902344e+00 6.809530258178710938e+00 4.939756393432617188e+00 5.542043685913085938e+00 6.624412059783935547e+00 5.684844017028808594e+00 6.490556716918945312e+00 5.556844711303710938e+00 6.587560653686523438e+00 1.304789161682128906e+01 3.293378353118896484e+00
6.775306701660156250e+00 8.029419898986816406e+00 7.863048553466796875e+00 6.828358173370361328e+00 1.316853141784667969e+01 1.168515682220458984e+01 5.242079734802246094e+00 5.035964965820312500e+00 7.485161781311035156e+00 9.793586730957031250e+00 6.882721900939941406e+00 6.081350326538085938e+00 7.401178359985351562e+00 7.970705509185791016e+00 4.846019744873046875e+00 4.071180343627929688e+00 5.160450935363769531e+00 7.686624526977539062e+00 6.822917938232421875e+00 5.535154342651367188e+00
6.409895420074462891e+00 9.782905578613281250e+00 9.192333221435546875e+00 8.818228721618652344e+00 8.816117286682128906e+00 6.994728088378906250e+00 6.039438724517822266e+00 5.140786170959472656e+00 8.020315170288085938e+00 3.423992872238159180e+00 8.454843521118164062e+00 8.287464141845703125e+00 1.030662918090820312e+01 7.599516391754150391e+00 7.861593246459960938e+00 4.245215415954589844e+00 7.140861034393310547e+00 8.784664154052734375e+00 4.491038322448730469e+00 7.249657630920410156e+00
4.629564285278320312e+00 9.649053573608398438e+00 5.858283042907714844e+00 6.591160297393798828e+00 5.794652938842773438e+00 1.019773483276367188e+01 4.204133510589599609e+00 8.123076438903808594e+00 7.441620349884033203e+00 9.261025428771972656e+00 6.077644348144531250e+00 8.438798904418945312e+00 5.939070701599121094e+00 5.335542678833007812e+00 6.763031005859375000e+00 6.328595161437988281e+00 4.521936416625976562e+00 7.795275688171386719e+00 6.773483276367187500e+00 7.035840034484863281e+00
7.067566871643066406e+00 1.025321769714355469e+01 7.165054321289062500e+00 9.410762786865234375e+00 9.096876144409179688e+00 9.431598663330078125e+00 1.107108020782470703e+01 7.105712890625000000e+00 7.533269405364990234e+00 5.127041339874267578e+00 4.854417324066162109e+00 4.998415946960449219e+00 8.241155624389648438e+00 5.775002479553222656e+00 5.131246566772460938e+00 4.976684570312500000e+00 4.638232231140136719e+00 7.409964561462402344e+00 5.920568466186523438e+00 7.965727329254150391e+00
6.140374183654785156e+00 8.581376075744628906e+00 1.153730010986328125e+01 9.679824829101562500e+00 1.237604713439941406e+01 6.900664329528808594e+00 9.569276809692382812e+00 5.421172142028808594e+00 6.541121959686279297e+00 7.750422477722167969e+00 7.237559318542480469e+00 5.740218162536621094e+00 8.372341156005859375e+00 1.280267906188964844e+01 8.496913909912109375e+00 9.746903419494628906e+00 5.652361869812011719e+00 9.111660003662109375e+00 4.084876060485839844e+00 8.649426460266113281e+00
9.186011314392089844e+00 6.920184135437011719e+00 1.076451110839843750e+01 9.571101188659667969e+00 4.739367961883544922e+00 7.447922706604003906e+00 8.457963943481445312e+00 9.912052154541015625e+00 7.775232315063476562e+00 7.918038368225097656e+00 8.644941329956054688e+00 9.090480804443359375e+00 6.101406097412109375e+00 6.958580970764160156e+00 1.022728633880615234e+01 5.815227508544921875e+00 8.938203811645507812e+00 4.886541366577148438e+00 6.518740177154541016e+00 9.131109237670898438e+00
7.670304298400878906e+00 5.555776596069335938e+00 1.152251052856445312e+01 6.309132575988769531e+00 8.114811897277832031e+00 1.096274375915527344e+01 1.137359619140625000e+01 7.442553520202636719e+00 7.654885292053222656e+00 9.627424240112304688e+00 5.308239936828613281e+00 7.118006706237792969e+00 6.528575420379638672e+00 6.866673946380615234e+00 7.870275020599365234e+00 5.239556312561035156e+00 1.127227973937988281e+01 7.348233699798583984e+00 7.467343330383300781e+00 5.947368621826171875e+00
5.443299770355224609e+00 7.449824810028076172e+00 5.919223785400390625e+00 1.000708961486816406e+01 7.979361534118652344e+00 9.468121528625488281e+00 1.100583267211914062e+01 9.584863662719726562e+00 9.552953720092773438e+00 6.257757663726806641e+00 1.014480018615722656e+01 1.031188869476318359e+01 6.720885276794433594e+00 9.070985794067382812e+00 6.521169185638427734e+00 8.412605285644531250e+00 7.202391147613525391e+00 6.321031570434570312e+00 6.576466560363769531e+00 7.759940624237060547e+00
6.598442554473876953e+00 5.003949165344238281e+00 4.535925865173339844e+00 8.039672851562500000e+00 6.878000259399414062e+00 6.692115783691406250e+00 9.436925888061523438e+00 7.852922916412353516e+00 4.231220245361328125e+00 8.418591499328613281e+00 5.418102264404296875e+00 9.942886352539062500e+00 7.645977973937988281e+00 8.316347122192382812e+00 6.770833969116210938e+00 1.058683586120605469e+01 8.875501632690429688e+00 6.808510780334472656e+00 5.560838699340820312e+00 8.001110076904296875e+00
3.941765546798706055e+00 6.572531700134277344e+00 6.108850479125976562e+00 4.662129402160644531e+00 7.499383449554443359e+00 7.780681133270263672e+00 6.708701133728027344e+00 8.153452873229980469e+00 9.580814361572265625e+00 6.316720485687255859e+00 5.777598857879638672e+00 7.811872482299804688e+00 4.222828388214111328e+00 5.574215888977050781e+00 6.057755470275878906e+00 9.247789382934570312e+00 8.246559143066406250e+00 6.906310081481933594e+00 6.040029525756835938e+00 5.759662628173828125e+00
4.750785350799560547e+00 4.220543384552001953e+00 4.756101608276367188e+00 7.674856185913085938e+00 5.205115318298339844e+00 6.430938720703125000e+00 6.763672828674316406e+00 6.598432540893554688e+00 8.815877914428710938e+00 8.583265304565429688e+00 1.232232666015625000e+01 6.011963844299316406e+00 6.222040176391601562e+00 7.630731582641601562e+00 7.737254142761230469e+00 1.111717033386230469e+01 8.143318176269531250e+00 7.098287582397460938e+00 7.155477046966552734e+00 1.128268337249755859e+01
6.657386779785156250e+00 6.949058055877685547e+00 5.034010887145996094e+00 6.925448417663574219e+00 7.520172595977783203e+00 9.736919403076171875e+00 1.045482635498046875e+01 6.681167125701904297e+00 5.939703464508056641e+00 7.908809661865234375e+00 1.152267265319824219e+01 4.899140357971191406e+00 7.569923400878906250e+00 5.977858543395996094e+00 5.508744239807128906e+00 4.523332595825195312e+00 5.921255111694335938e+00 7.302200317382812500e+00 1.052799415588378906e+01 7.798482894897460938e+00
5.016144752502441406e+00 6.989097595214843750e+00 3.804080486297607422e+00 1.165330410003662109e+01 8.341485023498535156e+00 1.272817993164062500e+01 6.827273368835449219e+00 6.350225925445556641e+00 8.629405021667480469e+00 8.088071823120117188e+00 7.535433292388916016e+00 1.293132591247558594e+01 7.237429141998291016e+00 5.349010467529296875e+00 6.117059230804443359e+00 8.838049888610839844e+00 5.225182056427001953e+00 5.931560039520263672e+00 9.996059417724609375e+00 5.171610832214355469e+00
