2019-07-23 15:00:00
2.225453853607177734e+00 1.730835795402526855e+00 2.525893688201904297e+00 3.617753267288208008e+00 4.454982757568359375e+00 2.477821588516235352e+00 1.833532929420471191e+00 2.069113731384277344e+00 1.182972192764282227e+00 3.175641059875488281e+00 1.620106339454650879e+00 1.222737550735473633e+00 1.729703903198242188e+00 1.101252317428588867e+00 1.577609777450561523e+00 2.423965692520141602e+00 1.834139347076416016e+00 2.692247390747070312e+00 2.642709732055664062e+00 1.672144412994384766e+00
1.747797489166259766e+00 2.535712718963623047e+00 1.506447315216064453e+00 1.441974401473999023e+00 2.107386827468872070e+00 1.558174371719360352e+00 2.592937946319580078e+00 1.542745828628540039e+00 2.110486984252929688e+00 1.415828227996826172e+00 1.356189727783203125e+00 2.194389820098876953e+00 2.161876201629638672e+00 2.186624050140380859e+00 1.390269756317138672e+00 1.786709666252136230e+00 1.431874394416809082e+00 1.825920581817626953e+00 2.933576822280883789e+00 1.363064169883728027e+00
1.705889105796813965e+00 2.001413345336914062e+00 9.495956301689147949e-01 1.318928241729736328e+00 1.728311777114868164e+00 1.346854209899902344e+00 1.910687685012817383e+00 1.320560932159423828e+00 2.260183334350585938e+00 1.343384504318237305e+00 3.070404052734375000e+00 1.536244630813598633e+00 2.045986652374267578e+00 1.286963582038879395e+00 1.537654876708984375e+00 9.988285303115844727e-01 6.917079687118530273e-01 2.621511459350585938e+00 2.515943527221679688e+00 2.810118436813354492e+00
2.342785835266113281e+00 1.983244657516479492e+00 2.674307823181152344e+00 3.093142509460449219e+00 1.890285730361938477e+00 1.345847368240356445e+00 1.307160854339599609e+00 1.581321716308593750e+00 1.149333000183105469e+00 2.127908229827880859e+00 1.461921215057373047e+00 1.331634759902954102e+00 1.306940317153930664e+00 2.086363315582275391e+00 1.708130359649658203e+00 1.175140023231506348e+00 1.365546226501464844e+00 1.097515344619750977e+00 1.667515516281127930e+00 1.516578555107116699e+00
1.836899280548095703e+00 1.981476902961730957e+00 2.332050323486328125e+00 2.020485162734985352e+00 1.915014386177062988e+00 2.201867341995239258e+00 2.701585769653320312e+00 1.592011213302612305e+00 2.557801723480224609e+00 1.268464326858520508e+00 8.585157394409179688e-01 1.504601597785949707e+00 1.867669701576232910e+00 1.316104292869567871e+00 1.171841859817504883e+00 1.644851803779602051e+00 1.389927387237548828e+00 3.537106990814208984e+00 1.996050357818603516e+00 1.506862759590148926e+00
1.750442385673522949e+00 2.255172252655029297e+00 3.294089555740356445e+00 1.663252472877502441e+00 8.534967899322509766e-01 9.576441049575805664e-01 2.573066473007202148e+00 2.130022287368774414e+00 1.303765773773193359e+00 1.934077978134155273e+00 1.283326387405395508e+00 2.481588840484619141e+00 1.333844065666198730e+00 1.970124959945678711e+00 1.190472602844238281e+00 1.356555581092834473e+00 1.362139463424682617e+00 2.219177961349487305e+00 1.946197509765625000e+00 9.284552335739135742e-01
1.037062764167785645e+00 1.416915535926818848e+00 1.517953634262084961e+00 2.076042652130126953e+00 3.223376035690307617e+00 1.175489306449890137e+00 2.231932163238525391e+00 1.224683761596679688e+00 1.668154954910278320e+00 1.835537672042846680e+00 3.138773441314697266e+00 1.751215696334838867e+00 1.972774147987365723e+00 1.210495948791503906e+00 1.567913651466369629e+00 1.783021926879882812e+00 1.281213760375976562e+00 1.281965374946594238e+00 1.905563473701477051e+00 2.439920425415039062e+00
2.401640415191650391e+00 2.365717887878417969e+00 2.743348360061645508e+00 9.170057773590087891e-01 3.219968080520629883e+00 2.451782464981079102e+00 2.806121349334716797e+00 2.257526397705078125e+00 2.792761325836181641e+00 2.859452724456787109e+00 2.794508457183837891e+00 2.185210704803466797e+00 1.173703193664550781e+00 3.128232717514038086e+00 1.335609912872314453e+00 1.940360069274902344e+00 1.634133338928222656e+00 1.601177453994750977e+00 2.456083774566650391e+00 2.797156810760498047e+00
2.020342826843261719e+00 1.234464645385742188e+00 3.249172210693359375e+00 2.704577922821044922e+00 2.114657878875732422e+00 2.171498775482177734e+00 2.619298219680786133e+00 1.867674469947814941e+00 1.811864733695983887e+00 2.372607946395874023e+00 2.341290473937988281e+00 2.979467868804931641e+00 2.310402154922485352e+00 1.351537704467773438e+00 2.016052246093750000e+00 1.585596919059753418e+00 1.659549474716186523e+00 1.945238113403320312e+00 2.350263118743896484e+00 2.019330978393554688e+00
1.427464008331298828e+00 2.147251129150390625e+00 2.890935420989990234e+00 2.409404754638671875e+00 2.216139078140258789e+00 1.736690640449523926e+00 2.611414909362792969e+00 2.871590137481689453e+00 2.057162761688232422e+00 2.506136894226074219e+00 2.256865501403808594e+00 1.633674502372741699e+00 1.229871034622192383e+00 2.033668279647827148e+00 1.734527230262756348e+00 1.174726009368896484e+00 1.408486127853393555e+00 1.068404793739318848e+00 2.000332355499267578e+00 1.696719288825988770e+00
2.069902181625366211e+00 1.870358943939208984e+00 3.007177352905273438e+00 3.873045921325683594e+00 3.216995239257812500e+00 2.166059494018554688e+00 2.683634519577026367e+00 2.590114116668701172e+00 2.412442684173583984e+00 1.988527774810791016e+00 2.042138099670410156e+00 1.555618047714233398e+00 2.519530773162841797e+00 1.375739097595214844e+00 1.632001399993896484e+00 1.807444572448730469e+00 1.493152618408203125e+00 2.836905002593994141e+00 1.307446599006652832e+00 1.723286032676696777e+00
2.770300865173339844e+00 2.309771537780761719e+00 2.551270723342895508e+00 2.771814823150634766e+00 1.649600505828857422e+00 2.541742801666259766e+00 2.383544921875000000e+00 1.035027623176574707e+00 2.706641674041748047e+00 2.938484668731689453e+00 4.090070247650146484e+00 1.923308610916137695e+00 3.380065679550170898e+00 2.364536762237548828e+00 2.554541110992431641e+00 8.525464534759521484e-01 1.640753507614135742e+00 2.168132781982421875e+00 2.418316125869750977e+00 1.724895238876342773e+00
2.953026771545410156e+00 2.638075351715087891e+00 2.370711565017700195e+00 2.068192958831787109e+00 2.706081628799438477e+00 2.918037891387939453e+00 2.822513580322265625e+00 3.336160898208618164e+00 3.150321006774902344e+00 2.725125789642333984e+00 2.248491525650024414e+00 2.259803771972656250e+00 2.864833831787109375e+00 2.186388492584228516e+00 3.234667778015136719e+00 2.203253269195556641e+00 1.873513340950012207e+00 1.329340815544128418e+00 1.158988356590270996e+00 8.853020071983337402e-01
2.678695201873779297e+00 2.225188732147216797e+00 3.674405336380004883e+00 2.807979106903076172e+00 2.732009887695312500e+00 3.267062664031982422e+00 3.912505626678466797e+00 3.070028781890869141e+00 3.842595815658569336e+00 2.209767818450927734e+00 2.687335968017578125e+00 2.122448921203613281e+00 2.101924419403076172e+00 2.967183113098144531e+00 2.830774545669555664e+00 3.437187671661376953e+00 3.302886962890625000e+00 2.326242923736572266e+00 2.846826076507568359e+00 2.660368442535400391e+00
2.151698112487792969e+00 2.499754428863525391e+00 2.332504749298095703e+00 3.071598529815673828e+00 1.721223115921020508e+00 2.926227331161499023e+00 2.499806880950927734e+00 2.678740978240966797e+00 2.486485958099365234e+00 1.662641763687133789e+00 2.102512359619140625e+00 2.851909160614013672e+00 2.359417676925659180e+00 2.690067768096923828e+00 2.970056056976318359e+00 2.044091463088989258e+00 3.229617357254028320e+00 1.414186477661132812e+00 1.774241685867309570e+00 1.058356523513793945e+00
2.498178720474243164e+00 2.635203361511230469e+00 2.243332386016845703e+00 1.287383198738098145e+00 2.276825904846191406e+00 2.279034137725830078e+00 1.525513768196105957e+00 1.759877920150756836e+00 2.994277477264404297e+00 1.524555444717407227e+00 2.205753087997436523e+00 2.576921463012695312e+00 2.113520622253417969e+00 3.083643913269042969e+00 3.258738756179809570e+00 1.631504297256469727e+00 2.676028013229370117e+00 2.834463119506835938e+00 1.389017701148986816e+00 2.827386379241943359e+00
2.268173456192016602e+00 3.147738218307495117e+00 2.000989437103271484e+00 2.934341430664062500e+00 1.479141473770141602e+00 2.626599788665771484e+00 1.574314713478088379e+00 3.440546035766601562e+00 2.886204242706298828e+00 2.359306812286376953e+00 2.454578876495361328e+00 1.699131250381469727e+00 2.294637918472290039e+00 2.181144237518310547e+00 2.184447288513183594e+00 2.741843700408935547e+00 2.398076295852661133e+00 1.288506627082824707e+00 1.220333576202392578e+00 2.487646102905273438e+00
2.196777582168579102e+00 2.343884468078613281e+00 1.726887941360473633e+00 2.236002922058105469e+00 2.591220378875732422e+00 2.622387886047363281e+00 2.513734340667724609e+00 2.750798463821411133e+00 2.246519088745117188e+00 2.567700147628784180e+00 1.777134895324707031e+00 2.164214134216308594e+00 1.878678679466247559e+00 1.200096368789672852e+00 1.876173734664916992e+00 3.296398639678955078e+00 2.138804435729980469e+00 2.111286640167236328e+00 2.395205020904541016e+00 2.173857212066650391e+00
2.431133270263671875e+00 4.161318778991699219e+00 1.137038469314575195e+00 1.275206804275512695e+00 1.250156998634338379e+00 2.265736579895019531e+00 2.481239557266235352e+00 2.730093717575073242e+00 1.791707515716552734e+00 1.352909326553344727e+00 1.300793051719665527e+00 1.708559036254882812e+00 2.220714807510375977e+00 2.402305841445922852e+00 2.007685899734497070e+00 1.586698055267333984e+00 2.118939876556396484e+00 2.138289928436279297e+00 1.447654724121093750e+00 1.579900979995727539e+00
1.873016357421875000e+00 1.742980241775512695e+00 1.507655143737792969e+00 1.800264000892639160e+00 2.153219699859619141e+00 1.905578851699829102e+00 2.866102695465087891e+00 1.879096388816833496e+00 2.045924186706542969e+00 1.194886684417724609e+00 1.682521343231201172e+00 1.402933835983276367e+00 2.331851959228515625e+00 2.071268320083618164e+00 1.359420061111450195e+00 1.942333698272705078e+00 2.414635896682739258e+00 1.952011823654174805e+00 2.140276670455932617e+00 1.562069654464721680e+00
