2019-07-23 15:15:00
1.844293832778930664e+00 2.366150856018066406e+00 1.131005644798278809e+00 3.411357402801513672e+00 1.674021720886230469e+00 2.832358598709106445e+00 3.147851943969726562e+00 1.551598548889160156e+00 2.062396049499511719e+00 1.807427048683166504e+00 1.252728939056396484e+00 1.705999374389648438e+00 2.089741945266723633e+00 9.584751129150390625e-01 1.261300444602966309e+00 1.457309246063232422e+00 1.459898710250854492e+00 3.162051200866699219e+00 1.764412879943847656e+00 1.861992597579956055e+00
1.099316358566284180e+00 1.593950510025024414e+00 2.750337123870849609e+00 2.423554897308349609e+00 1.960018634796142578e+00 2.086252689361572266e+00 1.908014893531799316e+00 1.323887348175048828e+00 1.528809070587158203e+00 1.783918261528015137e+00 1.247183918952941895e+00 1.354065656661987305e+00 1.780400276184082031e+00 1.590089678764343262e+00 1.210901737213134766e+00 9.779148101806640625e-01 1.747759580612182617e+00 1.861562371253967285e+00 2.262265443801879883e+00 1.164085984230041504e+00
1.897122621536254883e+00 2.144836902618408203e+00 2.309074163436889648e+00 9.735330343246459961e-01 2.716619014739990234e+00 8.997027873992919922e-01 1.188484668731689453e+00 2.119883775711059570e+00 1.968513607978820801e+00 1.363222002983093262e+00 1.324314236640930176e+00 2.082249164581298828e+00 1.800237894058227539e+00 1.234716296195983887e+00 2.392889499664306641e+00 1.252552747726440430e+00 1.582743406295776367e+00 1.551088809967041016e+00 2.526588916778564453e+00 2.317760944366455078e+00
2.560087680816650391e+00 7.864094376564025879e-01 2.472890377044677734e+00 1.988424062728881836e+00 1.419359922409057617e+00 1.429129838943481445e+00 1.164784193038940430e+00 1.851796388626098633e+00 1.263425350189208984e+00 1.493373751640319824e+00 1.764047622680664062e+00 1.361038208007812500e+00 1.358050584793090820e+00 1.930214643478393555e+00 1.619628548622131348e+00 1.283348560333251953e+00 1.580248236656188965e+00 1.286235332489013672e+00 1.439592838287353516e+00 1.343733668327331543e+00
1.745723724365234375e+00 1.359968900680541992e+00 2.329368114471435547e+00 1.646274328231811523e+00 2.016195297241210938e+00 1.611184597015380859e+00 2.004074573516845703e+00 1.412046670913696289e+00 2.891697883605957031e+00 1.216540098190307617e+00 1.798402190208435059e+00 2.209128141403198242e+00 1.475900888442993164e+00 1.285917520523071289e+00 1.562851667404174805e+00 1.365002870559692383e+00 1.126383185386657715e+00 2.257800102233886719e+00 7.680422067642211914e-01 1.770863890647888184e+00
1.697500944137573242e+00 1.795884609222412109e+00 1.317531347274780273e+00 2.015965700149536133e+00 1.991441249847412109e+00 1.934853076934814453e+00 3.049886465072631836e+00 1.916852593421936035e+00 1.285491704940795898e+00 1.097320675849914551e+00 1.542726993560791016e+00 1.442160606384277344e+00 1.792444229125976562e+00 1.762158632278442383e+00 2.244486808776855469e+00 1.753910064697265625e+00 1.284379243850708008e+00 1.684584856033325195e+00 6.864371299743652344e-01 1.087532877922058105e+00
1.661295890808105469e+00 1.084327459335327148e+00 2.632977485656738281e+00 2.123995304107666016e+00 1.810802102088928223e+00 2.853057861328125000e+00 3.167947292327880859e+00 1.229513406753540039e+00 2.566236019134521484e+00 2.334818601608276367e+00 1.823081016540527344e+00 1.642069816589355469e+00 9.706588983535766602e-01 1.226963281631469727e+00 1.700191497802734375e+00 1.107349514961242676e+00 1.015444993972778320e+00 1.137849569320678711e+00 1.999072194099426270e+00 1.440533638000488281e+00
1.730813741683959961e+00 1.695928931236267090e+00 1.392973423004150391e+00 1.233153700828552246e+00 1.962235927581787109e+00 2.284577846527099609e+00 1.883920431137084961e+00 3.011506080627441406e+00 2.272593259811401367e+00 1.111288547515869141e+00 3.967555522918701172e+00 2.180334091186523438e+00 1.602194666862487793e+00 1.354444026947021484e+00 2.630643367767333984e+00 1.223769426345825195e+00 2.061345815658569336e+00 1.864018201828002930e+00 8.580480217933654785e-01 2.632275581359863281e+00
1.847949624061584473e+00 1.483288526535034180e+00 3.668746948242187500e+00 1.476015567779541016e+00 2.304274797439575195e+00 2.944769620895385742e+00 2.010025501251220703e+00 2.644950866699218750e+00 2.133863449096679688e+00 2.671871662139892578e+00 2.833495140075683594e+00 2.783023834228515625e+00 2.590343713760375977e+00 1.999275922775268555e+00 1.959804296493530273e+00 8.729181289672851562e-01 1.640675187110900879e+00 1.705035209655761719e+00 1.937700629234313965e+00 2.461572170257568359e+00
2.590525627136230469e+00 2.743933439254760742e+00 2.299211978912353516e+00 2.590722799301147461e+00 2.610062837600708008e+00 1.863542079925537109e+00 2.078068256378173828e+00 2.577586889266967773e+00 1.475739240646362305e+00 2.068239688873291016e+00 9.395737648010253906e-01 1.442674636840820312e+00 2.296972274780273438e+00 2.490215063095092773e+00 1.326692700386047363e+00 1.774215340614318848e+00 1.229132056236267090e+00 1.220980882644653320e+00 1.455938696861267090e+00 2.174001216888427734e+00
2.593964576721191406e+00 2.198273181915283203e+00 2.700372219085693359e+00 2.690165996551513672e+00 3.249732494354248047e+00 2.592111587524414062e+00 2.414344310760498047e+00 2.683941364288330078e+00 3.022358417510986328e+00 1.778831958770751953e+00 2.186194419860839844e+00 1.482092261314392090e+00 1.558429360389709473e+00 8.216092586517333984e-01 1.648724317550659180e+00 2.212761402130126953e+00 1.641483306884765625e+00 1.328409194946289062e+00 1.338646650314331055e+00 1.687060117721557617e+00
1.786580443382263184e+00 2.786018848419189453e+00 1.344558119773864746e+00 3.784142017364501953e+00 2.264364242553710938e+00 4.042721748352050781e+00 1.678497314453125000e+00 1.755590200424194336e+00 2.934857130050659180e+00 3.672359466552734375e+00 3.727763652801513672e+00 2.563006877899169922e+00 2.613605022430419922e+00 2.572748661041259766e+00 3.205303192138671875e+00 1.886709451675415039e+00 1.462433576583862305e+00 2.531508922576904297e+00 2.727829456329345703e+00 2.484429359436035156e+00
2.573708295822143555e+00 2.455065727233886719e+00 1.237877488136291504e+00 2.614219903945922852e+00 2.357304573059082031e+00 2.941668987274169922e+00 2.375820636749267578e+00 2.299201488494873047e+00 3.209021091461181641e+00 3.326923370361328125e+00 3.956988334655761719e+00 2.643658161163330078e+00 2.564047813415527344e+00 2.686037540435791016e+00 1.458562850952148438e+00 2.369670391082763672e+00 1.317403793334960938e+00 1.522623538970947266e+00 1.573748826980590820e+00 1.307950258255004883e+00
2.359790325164794922e+00 2.890087127685546875e+00 2.389190912246704102e+00 2.670302629470825195e+00 1.591204404830932617e+00 2.152758598327636719e+00 1.595941781997680664e+00 2.535005092620849609e+00 2.498392581939697266e+00 3.093596935272216797e+00 4.390851974487304688e+00 2.554098844528198242e+00 3.179511547088623047e+00 2.713026046752929688e+00 2.020334720611572266e+00 2.609973192214965820e+00 3.266331195831298828e+00 2.735116004943847656e+00 2.603696584701538086e+00 2.289600133895874023e+00
2.014874935150146484e+00 2.448272943496704102e+00 2.220920801162719727e+00 2.897363662719726562e+00 2.272764444351196289e+00 3.197919845581054688e+00 2.191290140151977539e+00 2.754594326019287109e+00 2.729244947433471680e+00 3.959425210952758789e+00 3.028053760528564453e+00 2.190168142318725586e+00 1.519256472587585449e+00 1.769637823104858398e+00 2.961423873901367188e+00 2.096474647521972656e+00 2.074328899383544922e+00 2.649441242218017578e+00 1.636084675788879395e+00 1.346312642097473145e+00
2.015833377838134766e+00 2.406364917755126953e+00 1.323831081390380859e+00 2.029391050338745117e+00 2.673186540603637695e+00 1.663854122161865234e+00 2.140196084976196289e+00 2.000471353530883789e+00 2.782451629638671875e+00 2.103991508483886719e+00 1.531785726547241211e+00 2.458498954772949219e+00 2.517109870910644531e+00 2.112653493881225586e+00 2.410017490386962891e+00 1.894662618637084961e+00 2.329091310501098633e+00 2.274792909622192383e+00 1.071407794952392578e+00 1.970628976821899414e+00
2.234534025192260742e+00 2.320683240890502930e+00 1.619646072387695312e+00 2.250185251235961914e+00 1.965151429176330566e+00 2.194630861282348633e+00 1.823107719421386719e+00 2.946939468383789062e+00 1.588816285133361816e+00 2.000314950942993164e+00 2.490348815917968750e+00 2.785443544387817383e+00 2.185950756072998047e+00 1.988585472106933594e+00 1.393096208572387695e+00 2.421016931533813477e+00 3.104831695556640625e+00 2.272855520248413086e+00 1.336853861808776855e+00 1.633306026458740234e+00
2.596890926361083984e+00 1.455836534500122070e+00 1.704618096351623535e+00 1.955801844596862793e+00 1.521032571792602539e+00 2.531100749969482422e+00 2.292671442031860352e+00 3.466454982757568359e+00 1.453087210655212402e+00 1.575173974037170410e+00 2.222873926162719727e+00 1.547775983810424805e+00 1.980376958847045898e+00 2.058441877365112305e+00 2.361114978790283203e+00 3.044794559478759766e+00 1.784965038299560547e+00 2.071856498718261719e+00 1.692973017692565918e+00 2.007874965667724609e+00
1.128274440765380859e+00 3.528893470764160156e+00 1.487248301506042480e+00 2.595118522644042969e+00 1.783288955688476562e+00 1.837443828582763672e+00 1.681733608245849609e+00 2.137643814086914062e+00 2.325757503509521484e+00 1.018045902252197266e+00 3.313762187957763672e+00 1.996510982513427734e+00 2.146711111068725586e+00 1.740538358688354492e+00 1.439742565155029297e+00 2.152120351791381836e+00 2.900563001632690430e+00 3.028334856033325195e+00 1.939579725265502930e+00 2.030306816101074219e+00
2.773236513137817383e+00 1.959769010543823242e+00 1.233774304389953613e+00 2.586202383041381836e+00 2.183985233306884766e+00 3.348662853240966797e+00 1.638474822044372559e+00 2.339205503463745117e+00 2.061314344406127930e+00 2.390150547027587891e+00 1.566562891006469727e+00 2.820204734802246094e+00 2.096917629241943359e+00 2.720685005187988281e+00 1.959406137466430664e+00 2.677581787109375000e+00 1.113137960433959961e+00 2.108490705490112305e+00 1.774112582206726074e+00 2.677299261093139648e+00
