2019-07-23 16:00:00
1.838624715805053711e+00 2.286379814147949219e+00 2.222399711608886719e+00 2.833600521087646484e+00 3.410176277160644531e+00 2.427783012390136719e+00 2.771775245666503906e+00 2.383826255798339844e+00 1.858698129653930664e+00 1.251451849937438965e+00 9.740456342697143555e-01 2.458492755889892578e+00 1.665331602096557617e+00 1.330083966255187988e+00 7.345492839813232422e-01 2.368575096130371094e+00 2.311834812164306641e+00 2.845417022705078125e+00 3.349618196487426758e+00 1.222883939743041992e+00
1.320071578025817871e+00 9.252758622169494629e-01 1.262244939804077148e+00 2.560803413391113281e+00 2.005184173583984375e+00 1.780854225158691406e+00 3.268851757049560547e+00 1.755427837371826172e+00 2.589744329452514648e+00 2.035886287689208984e+00 2.421327829360961914e+00 2.963018894195556641e+00 1.278243064880371094e+00 2.371863842010498047e+00 1.390144348144531250e+00 1.551155328750610352e+00 1.665001988410949707e+00 2.011702060699462891e+00 2.962294578552246094e+00 2.009557723999023438e+00
1.577775716781616211e+00 2.651684999465942383e+00 1.627251863479614258e+00 4.400616645812988281e+00 2.355027198791503906e+00 1.309220790863037109e+00 1.399455308914184570e+00 2.242146968841552734e+00 1.325811147689819336e+00 2.332929611206054688e+00 1.720873475074768066e+00 1.508839488029479980e+00 2.178845882415771484e+00 3.251508235931396484e+00 1.789900302886962891e+00 1.618233919143676758e+00 2.100495100021362305e+00 1.479594588279724121e+00 1.246213197708129883e+00 2.009286403656005859e+00
2.792132139205932617e+00 2.175321102142333984e+00 1.584217786788940430e+00 2.054081439971923828e+00 2.228520393371582031e+00 1.464107394218444824e+00 1.196505546569824219e+00 1.526910901069641113e+00 1.657822370529174805e+00 3.209942340850830078e+00 1.493469595909118652e+00 1.881661653518676758e+00 2.417999505996704102e+00 3.693861722946166992e+00 1.883792996406555176e+00 1.245988965034484863e+00 1.433845043182373047e+00 2.279061555862426758e+00 2.585062026977539062e+00 2.430732488632202148e+00
1.631288051605224609e+00 1.808103799819946289e+00 2.265530586242675781e+00 2.270361661911010742e+00 1.767994403839111328e+00 1.742591619491577148e+00 3.000350475311279297e+00 1.491147160530090332e+00 1.359219908714294434e+00 3.326406955718994141e+00 2.282479524612426758e+00 2.694844007492065430e+00 3.160877466201782227e+00 1.292146801948547363e+00 2.916108846664428711e+00 1.718393206596374512e+00 1.532347202301025391e+00 3.336008071899414062e+00 2.211175441741943359e+00 2.345333814620971680e+00
3.223892450332641602e+00 2.716364622116088867e+00 3.570560455322265625e+00 1.444937944412231445e+00 1.863919734954833984e+00 2.106358528137207031e+00 2.286684513092041016e+00 1.432524204254150391e+00 1.316266775131225586e+00 1.773229718208312988e+00 2.853749752044677734e+00 2.411044597625732422e+00 3.019672632217407227e+00 3.146554231643676758e+00 2.461808681488037109e+00 1.625985503196716309e+00 1.179958224296569824e+00 3.137468814849853516e+00 2.455343723297119141e+00 1.722092509269714355e+00
5.220346450805664062e-01 1.862444639205932617e+00 1.791008710861206055e+00 2.079619169235229492e+00 3.574489593505859375e+00 1.250452995300292969e+00 3.558530807495117188e+00 2.344414234161376953e+00 2.475582361221313477e+00 3.379048824310302734e+00 3.330353736877441406e+00 3.069551944732666016e+00 1.211709260940551758e+00 3.418963909149169922e+00 1.795997619628906250e+00 2.646502494812011719e+00 1.094556808471679688e+00 8.623362779617309570e-01 1.667027711868286133e+00 3.201867103576660156e+00
2.057904243469238281e+00 1.813583493232727051e+00 2.226377725601196289e+00 1.385158777236938477e+00 1.952755808830261230e+00 2.424471855163574219e+00 1.635920643806457520e+00 2.047803878784179688e+00 3.597615718841552734e+00 4.086546421051025391e+00 3.793277502059936523e+00 3.413083791732788086e+00 2.098480463027954102e+00 1.778373360633850098e+00 2.172348260879516602e+00 1.296628952026367188e+00 2.424302577972412109e+00 1.530837297439575195e+00 1.510382771492004395e+00 2.645059585571289062e+00
2.520025968551635742e+00 2.032184362411499023e+00 1.666519761085510254e+00 1.901823759078979492e+00 2.654390811920166016e+00 1.757030248641967773e+00 2.464280128479003906e+00 2.720652103424072266e+00 2.258422374725341797e+00 3.826127052307128906e+00 2.520584344863891602e+00 2.399992465972900391e+00 1.864495992660522461e+00 2.908685207366943359e+00 2.137274742126464844e+00 1.988590598106384277e+00 1.468914985656738281e+00 1.533720493316650391e+00 2.136299610137939453e+00 1.936527132987976074e+00
1.659358143806457520e+00 2.416251420974731445e+00 2.022293090820312500e+00 2.650967121124267578e+00 3.526011466979980469e+00 2.460691213607788086e+00 2.515420675277709961e+00 2.292415618896484375e+00 3.717472076416015625e+00 4.331487655639648438e+00 8.844680786132812500e+00 2.242912769317626953e+00 2.799459457397460938e+00 2.314956665039062500e+00 1.536748409271240234e+00 2.146114110946655273e+00 2.708948612213134766e+00 9.491970539093017578e-01 3.112374782562255859e+00 2.603593826293945312e+00
2.515901088714599609e+00 3.208369255065917969e+00 2.086551189422607422e+00 2.205753326416015625e+00 2.030046463012695312e+00 2.502413749694824219e+00 1.935893297195434570e+00 2.821703195571899414e+00 2.863064765930175781e+00 3.278388977050781250e+00 3.420275688171386719e+00 1.989140629768371582e+00 1.554601669311523438e+00 2.070458412170410156e+00 2.392419576644897461e+00 1.727878451347351074e+00 1.739700317382812500e+00 1.678474664688110352e+00 1.544006943702697754e+00 1.733882665634155273e+00
2.465333461761474609e+00 2.667640209197998047e+00 2.165148973464965820e+00 3.753022432327270508e+00 1.778980731964111328e+00 2.646656513214111328e+00 2.629281520843505859e+00 2.525420188903808594e+00 3.140013217926025391e+00 2.371361255645751953e+00 2.554893016815185547e+00 2.783615589141845703e+00 2.769800186157226562e+00 2.298148632049560547e+00 2.009857177734375000e+00 1.758199810981750488e+00 1.719602108001708984e+00 3.376697063446044922e+00 1.912583827972412109e+00 2.221963405609130859e+00
2.416485548019409180e+00 2.411190748214721680e+00 1.600192785263061523e+00 3.573657751083374023e+00 2.505974292755126953e+00 4.229727745056152344e+00 3.343448638916015625e+00 2.678752660751342773e+00 2.184283733367919922e+00 2.198949575424194336e+00 3.498749971389770508e+00 2.822957038879394531e+00 2.811027050018310547e+00 2.418381214141845703e+00 2.220886230468750000e+00 1.936309099197387695e+00 1.394009709358215332e+00 1.537787556648254395e+00 2.044116973876953125e+00 1.161916732788085938e+00
1.880995750427246094e+00 2.882380962371826172e+00 2.197520494461059570e+00 2.227592468261718750e+00 2.634458541870117188e+00 3.407829999923706055e+00 2.874969482421875000e+00 2.872055053710937500e+00 3.596539020538330078e+00 2.195153236389160156e+00 2.658316850662231445e+00 2.673242092132568359e+00 3.051316261291503906e+00 3.251757144927978516e+00 2.491489648818969727e+00 2.572680473327636719e+00 2.329867839813232422e+00 1.805982708930969238e+00 2.926708698272705078e+00 1.744716167449951172e+00
1.817222356796264648e+00 1.364620685577392578e+00 2.485971927642822266e+00 2.264101982116699219e+00 3.019834041595458984e+00 2.391379117965698242e+00 2.668217182159423828e+00 3.049005270004272461e+00 3.285736560821533203e+00 2.681513786315917969e+00 3.096823215484619141e+00 3.025362491607666016e+00 1.859298944473266602e+00 2.963109731674194336e+00 1.620824337005615234e+00 2.820155620574951172e+00 2.353399276733398438e+00 2.426111936569213867e+00 1.492480754852294922e+00 2.826878309249877930e+00
2.624902486801147461e+00 2.599014520645141602e+00 1.920341730117797852e+00 1.717100858688354492e+00 2.896585702896118164e+00 1.468713879585266113e+00 2.587210655212402344e+00 2.467903614044189453e+00 2.702627182006835938e+00 2.425562381744384766e+00 2.552748203277587891e+00 1.873851656913757324e+00 2.484767675399780273e+00 2.960744380950927734e+00 1.523021459579467773e+00 2.790501356124877930e+00 2.648017406463623047e+00 2.378355979919433594e+00 1.289686679840087891e+00 2.677605628967285156e+00
2.004266977310180664e+00 2.589053630828857422e+00 1.438775658607482910e+00 1.868757963180541992e+00 2.327294826507568359e+00 2.630553722381591797e+00 3.218172550201416016e+00 2.447285890579223633e+00 2.982878923416137695e+00 1.683260321617126465e+00 2.606493473052978516e+00 1.734992504119873047e+00 1.346733927726745605e+00 1.589634656906127930e+00 2.417817354202270508e+00 3.071092128753662109e+00 1.737427949905395508e+00 1.934804916381835938e+00 1.572434425354003906e+00 3.863206386566162109e+00
3.223168849945068359e+00 2.172029256820678711e+00 2.147982120513916016e+00 1.725716471672058105e+00 2.042907714843750000e+00 1.678198814392089844e+00 1.963239192962646484e+00 2.807950973510742188e+00 2.517744064331054688e+00 2.683073759078979492e+00 1.948121905326843262e+00 1.206238269805908203e+00 2.188592910766601562e+00 2.098503828048706055e+00 1.610697388648986816e+00 1.525493025779724121e+00 2.909453630447387695e+00 1.766679406166076660e+00 1.918744683265686035e+00 1.375282764434814453e+00
2.277607202529907227e+00 3.265100717544555664e+00 1.859576463699340820e+00 2.977655172348022461e+00 1.846681118011474609e+00 1.625243186950683594e+00 2.137295961380004883e+00 3.742004871368408203e+00 2.826678514480590820e+00 2.930000722408294678e-01 1.289198160171508789e+00 1.865719318389892578e+00 2.687845945358276367e+00 2.301108121871948242e+00 1.799953222274780273e+00 2.295385360717773438e+00 1.996770024299621582e+00 3.304359912872314453e+00 2.411052942276000977e+00 2.002068519592285156e+00
1.970416188240051270e+00 2.207081317901611328e+00 1.621343612670898438e+00 1.727338790893554688e+00 2.677482128143310547e+00 2.995880126953125000e+00 2.398504257202148438e+00 2.339655399322509766e+00 2.664978981018066406e+00 2.475668668746948242e+00 2.890523910522460938e+00 1.340757131576538086e+00 6.972555518150329590e-01 2.309649705886840820e+00 2.411838531494140625e+00 2.219355583190917969e+00 2.135847568511962891e+00 2.449077606201171875e+00 1.829011797904968262e+00 2.511611461639404297e+00
