2019-07-23 17:00:00
2.173282623291015625e+00 1.634567737579345703e+00 2.967267036437988281e+00 3.273744106292724609e+00 2.283880233764648438e+00 3.077205181121826172e+00 2.034057617187500000e+00 1.982419013977050781e+00 1.950582504272460938e+00 1.437407016754150391e+00 1.982588291168212891e+00 1.703799724578857422e+00 2.372961521148681641e+00 1.029877543449401855e+00 1.366751432418823242e+00 2.670915603637695312e+00 2.778465986251831055e+00 2.569027900695800781e+00 2.531327247619628906e+00 2.519945144653320312e+00
1.682944893836975098e+00 2.293973922729492188e+00 1.951833367347717285e+00 2.666041135787963867e+00 1.512500047683715820e+00 2.151886701583862305e+00 2.326881408691406250e+00 1.995330810546875000e+00 1.512999653816223145e+00 1.898563861846923828e+00 2.263006925582885742e+00 2.175103187561035156e+00 1.623201131820678711e+00 1.656231880187988281e+00 1.794239521026611328e+00 1.407958388328552246e+00 1.628171682357788086e+00 6.038014888763427734e-01 1.959944605827331543e+00 1.603536605834960938e+00
2.606309413909912109e+00 1.666339039802551270e+00 1.136694192886352539e+00 2.227556467056274414e+00 1.309286355972290039e+00 1.814073801040649414e+00 1.994906663894653320e+00 1.477789282798767090e+00 1.778016328811645508e+00 1.955793619155883789e+00 2.171194553375244141e+00 2.321989059448242188e+00 1.943058967590332031e+00 2.566891670227050781e+00 1.980936169624328613e+00 1.169959783554077148e+00 2.397538423538208008e+00 1.959146022796630859e+00 2.113004207611083984e+00 1.887016296386718750e+00
2.235822439193725586e+00 1.647789597511291504e+00 1.284981131553649902e+00 1.804368734359741211e+00 1.787294626235961914e+00 1.641621828079223633e+00 1.604674577713012695e+00 1.857841849327087402e+00 1.225621700286865234e+00 9.963935613632202148e-01 2.185125350952148438e+00 1.292789697647094727e+00 2.356422185897827148e+00 2.737687110900878906e+00 1.844055056571960449e+00 1.374120712280273438e+00 9.984385967254638672e-01 2.116183280944824219e+00 1.209176182746887207e+00 1.485627412796020508e+00
2.368568420410156250e+00 1.088822841644287109e+00 1.880612611770629883e+00 1.116763949394226074e+00 8.439208269119262695e-01 2.052526712417602539e+00 2.862050056457519531e+00 2.217876911163330078e+00 1.516240835189819336e+00 2.106334209442138672e+00 2.545480251312255859e+00 1.382764577865600586e+00 3.331604003906250000e+00 1.922564268112182617e+00 1.408278703689575195e+00 1.081260442733764648e+00 1.125577330589294434e+00 2.078103303909301758e+00 1.952861428260803223e+00 1.932598710060119629e+00
1.639106392860412598e+00 2.785263299942016602e+00 1.552384972572326660e+00 2.166548490524291992e+00 2.890282630920410156e+00 2.803625106811523438e+00 2.625448465347290039e+00 1.782960414886474609e+00 1.649993896484375000e+00 1.889915823936462402e+00 2.016428709030151367e+00 2.719748020172119141e+00 1.798861861228942871e+00 2.327952861785888672e+00 1.004017353057861328e+00 1.512927651405334473e+00 1.425813794136047363e+00 1.505608797073364258e+00 1.658770322799682617e+00 2.098468303680419922e+00
1.287828207015991211e+00 1.489246845245361328e+00 2.189669847488403320e+00 1.579798221588134766e+00 1.531696796417236328e+00 2.425648212432861328e+00 2.803352355957031250e+00 2.512959718704223633e+00 3.216074705123901367e+00 1.962700605392456055e+00 2.716026306152343750e+00 2.818708181381225586e+00 2.798239469528198242e+00 2.932666778564453125e+00 2.155430793762207031e+00 1.417269706726074219e+00 1.279482364654541016e+00 9.368247389793395996e-01 1.342919349670410156e+00 2.631323575973510742e+00
1.479735970497131348e+00 2.193597316741943359e+00 1.808093905448913574e+00 1.651141643524169922e+00 1.919591188430786133e+00 2.480840921401977539e+00 2.140861034393310547e+00 2.493661880493164062e+00 2.607577323913574219e+00 3.310570001602172852e+00 1.894867420196533203e+00 1.911490917205810547e+00 1.563146710395812988e+00 1.923904776573181152e+00 2.273094654083251953e+00 1.812079548835754395e+00 2.819709777832031250e+00 1.548631072044372559e+00 1.481457352638244629e+00 1.641728401184082031e+00
2.245889663696289062e+00 2.795406103134155273e+00 2.336071729660034180e+00 1.834012508392333984e+00 2.969012498855590820e+00 2.234941959381103516e+00 2.201049327850341797e+00 2.489159584045410156e+00 2.627855777740478516e+00 4.293133735656738281e+00 1.775792837142944336e+00 2.432317018508911133e+00 2.275196075439453125e+00 1.399423122406005859e+00 1.811791777610778809e+00 2.944118499755859375e+00 1.536742925643920898e+00 1.647581338882446289e+00 1.921640396118164062e+00 1.676495790481567383e+00
1.946039438247680664e+00 3.346134185791015625e+00 2.558844566345214844e+00 2.985689163208007812e+00 1.807355523109436035e+00 2.441629409790039062e+00 3.128414869308471680e+00 2.628833293914794922e+00 2.548007726669311523e+00 1.521504878997802734e+00 1.482664585113525391e+00 1.496728181838989258e+00 2.301605463027954102e+00 2.076925277709960938e+00 1.976811289787292480e+00 2.114244222640991211e+00 2.799483060836791992e+00 1.145788192749023438e+00 2.219102859497070312e+00 2.240900516510009766e+00
2.554430723190307617e+00 1.713996767997741699e+00 2.866522312164306641e+00 3.629414081573486328e+00 2.323027133941650391e+00 2.326961278915405273e+00 2.667089223861694336e+00 2.634698867797851562e+00 2.838588953018188477e+00 2.411830663681030273e+00 1.593967795372009277e+00 2.046421051025390625e+00 1.027290701866149902e+00 2.078921794891357422e+00 1.049653291702270508e+00 1.929559946060180664e+00 1.633545637130737305e+00 3.484738826751708984e+00 1.460576176643371582e+00 3.046383142471313477e+00
2.680987834930419922e+00 3.255605220794677734e+00 3.356462478637695312e+00 3.174810886383056641e+00 4.125558853149414062e+00 2.999003887176513672e+00 2.525330543518066406e+00 2.004042625427246094e+00 3.169283866882324219e+00 2.075282573699951172e+00 2.451744079589843750e+00 2.298534870147705078e+00 2.152057647705078125e+00 3.544131755828857422e+00 2.253072261810302734e+00 1.811960220336914062e+00 1.710192441940307617e+00 2.216526508331298828e+00 2.440094470977783203e+00 1.818372249603271484e+00
3.281178236007690430e+00 2.579926490783691406e+00 2.736480712890625000e+00 2.025374174118041992e+00 3.296337604522705078e+00 4.108183383941650391e+00 2.732814788818359375e+00 2.851310729980468750e+00 3.388204097747802734e+00 3.119088172912597656e+00 2.137913703918457031e+00 3.991153001785278320e+00 2.885104179382324219e+00 2.713655233383178711e+00 3.494679689407348633e+00 2.436673641204833984e+00 1.478515863418579102e+00 2.082799673080444336e+00 1.995197176933288574e+00 1.151559352874755859e+00
3.088596582412719727e+00 2.314980268478393555e+00 2.352881908416748047e+00 3.022084712982177734e+00 4.059853553771972656e+00 2.106447935104370117e+00 2.482866048812866211e+00 2.594104766845703125e+00 3.856540679931640625e+00 2.412821769714355469e+00 2.283971548080444336e+00 3.678989410400390625e+00 2.292287349700927734e+00 2.182530403137207031e+00 2.001986265182495117e+00 2.409318447113037109e+00 2.091508388519287109e+00 1.882153868675231934e+00 3.047070503234863281e+00 1.643235683441162109e+00
2.536061763763427734e+00 2.607929229736328125e+00 2.469892501831054688e+00 2.810858249664306641e+00 3.017426490783691406e+00 1.558387398719787598e+00 1.925582885742187500e+00 3.679727315902709961e+00 2.255398511886596680e+00 2.038014650344848633e+00 2.982928276062011719e+00 2.652988910675048828e+00 2.779245376586914062e+00 2.717736005783081055e+00 2.006965637207031250e+00 3.186139106750488281e+00 2.775880336761474609e+00 2.738798618316650391e+00 1.841848134994506836e+00 2.018276214599609375e+00
2.229590654373168945e+00 2.902588367462158203e+00 2.841337680816650391e+00 1.995960712432861328e+00 2.186045169830322266e+00 2.602499961853027344e+00 2.905093669891357422e+00 2.765845060348510742e+00 1.692820072174072266e+00 1.882080793380737305e+00 2.506300210952758789e+00 3.131464958190917969e+00 3.343046188354492188e+00 2.790205717086791992e+00 2.094743967056274414e+00 2.630776882171630859e+00 1.886401414871215820e+00 2.695270299911499023e+00 9.227256774902343750e-01 2.918320417404174805e+00
2.205038309097290039e+00 9.025660753250122070e-01 1.787025690078735352e+00 2.301028728485107422e+00 3.039448499679565430e+00 3.031206846237182617e+00 2.218361377716064453e+00 1.811897039413452148e+00 1.935526013374328613e+00 2.055890798568725586e+00 1.980792284011840820e+00 2.112138986587524414e+00 2.294801473617553711e+00 2.262831211090087891e+00 2.267045497894287109e+00 2.466998100280761719e+00 2.553296327590942383e+00 1.346217989921569824e+00 1.190043926239013672e+00 1.670245409011840820e+00
1.881440401077270508e+00 1.284649133682250977e+00 1.416592597961425781e+00 1.795194864273071289e+00 1.950144767761230469e+00 2.717525243759155273e+00 3.330579757690429688e+00 2.305675029754638672e+00 1.789960861206054688e+00 1.785755276679992676e+00 2.233876705169677734e+00 1.869061708450317383e+00 2.105452060699462891e+00 2.455672025680541992e+00 1.507693052291870117e+00 2.005899429321289062e+00 1.593894481658935547e+00 2.193798303604125977e+00 1.880608558654785156e+00 1.630386114120483398e+00
2.521311759948730469e+00 3.380472898483276367e+00 1.809182405471801758e+00 2.998898983001708984e+00 2.196732759475708008e+00 1.670376896858215332e+00 2.281424045562744141e+00 2.154696226119995117e+00 1.871260166168212891e+00 1.256653547286987305e+00 2.446466445922851562e+00 1.867127299308776855e+00 2.561272144317626953e+00 3.247218608856201172e+00 1.516165256500244141e+00 1.602066278457641602e+00 3.196276426315307617e+00 2.473402500152587891e+00 2.276914596557617188e+00 1.658888339996337891e+00
1.007529377937316895e+00 1.887920379638671875e+00 1.903956055641174316e+00 1.924947738647460938e+00 2.260998249053955078e+00 4.099230766296386719e+00 2.246515989303588867e+00 1.841102600097656250e+00 1.567637681961059570e+00 1.044098973274230957e+00 2.234909057617187500e+00 2.424705266952514648e+00 1.841608405113220215e+00 2.226975440979003906e+00 2.378054857254028320e+00 2.909091711044311523e+00 2.037291288375854492e+00 2.073684930801391602e+00 2.023372650146484375e+00 1.295403718948364258e+00
