2019-07-23 17:15:00
4.018190383911132812e+00 5.842827796936035156e+00 1.857040405273437500e+00 3.652251720428466797e+00 1.808466553688049316e+00 2.972620964050292969e+00 3.702152013778686523e+00 3.110681772232055664e+00 5.033205986022949219e+00 4.859141349792480469e+00 4.784521102905273438e+00 3.039459228515625000e+00 3.311728715896606445e+00 3.218774318695068359e+00 3.104555606842041016e+00 3.819408416748046875e+00 2.868588209152221680e+00 2.937934637069702148e+00 3.478909730911254883e+00 3.989237308502197266e+00
2.945545196533203125e+00 4.293285369873046875e+00 6.729865074157714844e+00 1.939035534858703613e+00 3.732897758483886719e+00 2.631851196289062500e+00 2.225870370864868164e+00 3.476145505905151367e+00 1.859017372131347656e+00 3.144450902938842773e+00 3.248354196548461914e+00 4.348803520202636719e+00 2.639080524444580078e+00 4.852351665496826172e+00 1.793016195297241211e+00 2.637090682983398438e+00 2.414011240005493164e+00 3.755483150482177734e+00 2.305254220962524414e+00 1.255688428878784180e+00
4.126050472259521484e+00 2.336004734039306641e+00 2.095422744750976562e+00 2.976888179779052734e+00 3.234791517257690430e+00 6.085409164428710938e+00 5.327260017395019531e+00 1.988880395889282227e+00 2.349626541137695312e+00 3.139008760452270508e+00 4.150271415710449219e+00 3.636920452117919922e+00 2.120732784271240234e+00 5.557739257812500000e+00 4.986159324645996094e+00 2.218750000000000000e+00 5.259535789489746094e+00 3.624511480331420898e+00 2.442497253417968750e+00 2.709021568298339844e+00
2.777226924896240234e+00 2.371897220611572266e+00 3.978146076202392578e+00 2.607278823852539062e+00 4.200765609741210938e+00 2.391223907470703125e+00 2.842133045196533203e+00 3.280552387237548828e+00 2.803146362304687500e+00 3.161318302154541016e+00 4.145975112915039062e+00 2.304454803466796875e+00 4.723180770874023438e+00 3.939671516418457031e+00 2.437837123870849609e+00 1.849260210990905762e+00 2.619705200195312500e+00 6.622270584106445312e+00 2.891161203384399414e+00 3.769812583923339844e+00
1.855398654937744141e+00 4.307370185852050781e+00 1.154953718185424805e+00 2.267696857452392578e+00 2.453096866607666016e+00 3.033191680908203125e+00 2.446001052856445312e+00 1.935927748680114746e+00 3.082242012023925781e+00 5.064405918121337891e+00 3.308015346527099609e+00 5.276581764221191406e+00 5.378187656402587891e+00 3.258994340896606445e+00 4.136392116546630859e+00 7.224411010742187500e+00 2.429463863372802734e+00 2.285640239715576172e+00 3.839103221893310547e+00 4.649318695068359375e+00
5.334965229034423828e+00 2.926003456115722656e+00 3.246790409088134766e+00 4.837324142456054688e+00 4.578594684600830078e+00 3.653847694396972656e+00 3.103266239166259766e+00 3.617931365966796875e+00 3.433574676513671875e+00 6.475391387939453125e+00 4.469640731811523438e+00 4.060176849365234375e+00 2.175258398056030273e+00 3.498775482177734375e+00 3.610116958618164062e+00 5.352702617645263672e+00 1.796505689620971680e+00 3.652523994445800781e+00 4.704033851623535156e+00 2.248599767684936523e+00
5.733002662658691406e+00 2.067428827285766602e+00 4.345743656158447266e+00 2.147997856140136719e+00 3.009794235229492188e+00 3.154003143310546875e+00 2.202671289443969727e+00 2.780928134918212891e+00 2.346036672592163086e+00 2.558809995651245117e+00 3.249528884887695312e+00 1.838396430015563965e+00 4.561337947845458984e+00 4.484360694885253906e+00 2.939693450927734375e+00 4.798029422760009766e+00 2.712185382843017578e+00 2.796175479888916016e+00 2.755657672882080078e+00 3.160988569259643555e+00
5.983190536499023438e+00 2.222022056579589844e+00 3.322351217269897461e+00 3.140800952911376953e+00 4.890759944915771484e+00 2.988951683044433594e+00 3.480847358703613281e+00 3.132852554321289062e+00 2.795870304107666016e+00 2.435568809509277344e+00 2.724225759506225586e+00 2.270541191101074219e+00 2.378724575042724609e+00 3.411564350128173828e+00 3.091340303421020508e+00 4.757176399230957031e+00 2.781626939773559570e+00 1.844608664512634277e+00 5.431315422058105469e+00 1.382986664772033691e+00
1.792064905166625977e+00 3.859382390975952148e+00 3.198409795761108398e+00 2.360366344451904297e+00 2.640193700790405273e+00 3.171651363372802734e+00 3.916029453277587891e+00 2.415320634841918945e+00 2.315551280975341797e+00 2.347733974456787109e+00 2.383974075317382812e+00 1.979111433029174805e+00 2.341452121734619141e+00 4.588541030883789062e+00 4.630023002624511719e+00 3.896644353866577148e+00 3.619282484054565430e+00 2.402714014053344727e+00 2.348194122314453125e+00 2.346237182617187500e+00
4.464542388916015625e+00 3.007951259613037109e+00 2.424725055694580078e+00 2.792890310287475586e+00 2.628487825393676758e+00 3.287653923034667969e+00 3.434843063354492188e+00 2.304786205291748047e+00 4.245998859405517578e+00 5.787893295288085938e+00 3.068209886550903320e+00 3.650325536727905273e+00 6.445837020874023438e+00 1.626230239868164062e+00 2.434963226318359375e+00 2.088651895523071289e+00 3.121686697006225586e+00 1.903823614120483398e+00 3.209412097930908203e+00 2.709214210510253906e+00
2.629798412322998047e+00 3.411704063415527344e+00 3.145645141601562500e+00 2.081111907958984375e+00 3.312494516372680664e+00 3.828590869903564453e+00 3.152730703353881836e+00 3.126408815383911133e+00 3.326285600662231445e+00 2.106817245483398438e+00 3.719213962554931641e+00 5.348738670349121094e+00 5.705344200134277344e+00 4.358569145202636719e+00 2.053939580917358398e+00 2.741103410720825195e+00 2.655331134796142578e+00 1.962226390838623047e+00 1.983249545097351074e+00 2.651682853698730469e+00
2.775162220001220703e+00 2.404915809631347656e+00 1.237832665443420410e+00 2.941986560821533203e+00 2.272610902786254883e+00 3.090428829193115234e+00 2.185751199722290039e+00 3.646115303039550781e+00 3.237806797027587891e+00 3.346019029617309570e+00 3.950004577636718750e+00 3.104962825775146484e+00 3.123343229293823242e+00 2.991253852844238281e+00 3.704868316650390625e+00 2.292747974395751953e+00 3.484973907470703125e+00 2.277535438537597656e+00 3.297937631607055664e+00 2.478209495544433594e+00
3.917390823364257812e+00 3.824347019195556641e+00 3.236330509185791016e+00 3.828903436660766602e+00 4.501946449279785156e+00 2.004236459732055664e+00 3.197434663772583008e+00 3.926695346832275391e+00 3.479227066040039062e+00 3.193723440170288086e+00 3.256678342819213867e+00 3.564899444580078125e+00 2.687882661819458008e+00 2.409490108489990234e+00 2.376706123352050781e+00 3.009714126586914062e+00 5.340112686157226562e+00 2.401033401489257812e+00 3.444788455963134766e+00 3.487522602081298828e+00
3.227339267730712891e+00 4.244168758392333984e+00 3.239480972290039062e+00 3.611918449401855469e+00 2.450175046920776367e+00 2.917009830474853516e+00 3.529783725738525391e+00 2.744824886322021484e+00 1.605674743652343750e+00 3.097680091857910156e+00 2.886293888092041016e+00 2.838650941848754883e+00 2.681961059570312500e+00 2.827478885650634766e+00 2.290444374084472656e+00 3.178383350372314453e+00 2.863613128662109375e+00 3.554290056228637695e+00 2.697291374206542969e+00 2.867125272750854492e+00
2.793312788009643555e+00 2.286262750625610352e+00 2.229328155517578125e+00 2.629888772964477539e+00 1.774236679077148438e+00 1.729156255722045898e+00 2.714606285095214844e+00 3.825295925140380859e+00 5.112816333770751953e+00 3.303353786468505859e+00 3.802623748779296875e+00 2.307982444763183594e+00 2.477695941925048828e+00 2.604132175445556641e+00 3.433640718460083008e+00 2.554614543914794922e+00 3.261450767517089844e+00 3.569572448730468750e+00 2.056168794631958008e+00 5.182434082031250000e+00
3.659437179565429688e+00 2.451265811920166016e+00 2.577235698699951172e+00 3.187725543975830078e+00 6.420362472534179688e+00 1.036132621765136719e+01 3.292074680328369141e+00 1.822773218154907227e+00 2.832107543945312500e+00 2.017226696014404297e+00 3.947892904281616211e+00 2.521901607513427734e+00 3.029489755630493164e+00 3.387994289398193359e+00 1.773392677307128906e+00 2.957019329071044922e+00 1.572748303413391113e+00 2.898670196533203125e+00 2.643984317779541016e+00 5.383359909057617188e+00
3.161875724792480469e+00 3.644799947738647461e+00 2.776686191558837891e+00 2.017975807189941406e+00 5.045832633972167969e+00 3.098257541656494141e+00 6.350995302200317383e-01 2.496006965637207031e+00 2.338109731674194336e+00 3.303707599639892578e+00 2.151853084564208984e+00 1.817213654518127441e+00 2.900414943695068359e+00 2.106721401214599609e+00 2.977037668228149414e+00 2.844406604766845703e+00 3.113166332244873047e+00 2.436589956283569336e+00 3.004307031631469727e+00 3.488475084304809570e+00
2.865548372268676758e+00 2.570835113525390625e+00 2.395516872406005859e+00 2.493879079818725586e+00 2.658479213714599609e+00 2.243607997894287109e+00 2.527248144149780273e+00 3.036440372467041016e+00 2.909483909606933594e+00 2.266329050064086914e+00 4.538904190063476562e+00 2.732056856155395508e+00 2.226194858551025391e+00 3.617589950561523438e+00 2.286381721496582031e+00 4.131011009216308594e+00 3.643313884735107422e+00 3.417808532714843750e+00 2.582304954528808594e+00 2.559138774871826172e+00
2.970663785934448242e+00 2.914818286895751953e+00 2.363323450088500977e+00 3.356256008148193359e+00 2.784851074218750000e+00 2.806655645370483398e+00 2.923749923706054688e+00 3.553163051605224609e+00 2.041148185729980469e+00 3.479091167449951172e+00 2.140579462051391602e+00 3.685386419296264648e+00 2.297156095504760742e+00 2.044618368148803711e+00 2.464318513870239258e+00 1.993950605392456055e+00 1.890166044235229492e+00 1.896598100662231445e+00 3.785572767257690430e+00 2.217252254486083984e+00
2.737526416778564453e+00 3.502218246459960938e+00 2.832209110260009766e+00 1.472551107406616211e+00 2.444895267486572266e+00 2.480086803436279297e+00 2.757784128189086914e+00 2.900553703308105469e+00 3.378945827484130859e+00 2.977159738540649414e+00 3.147651672363281250e+00 1.621982216835021973e+00 3.203965902328491211e+00 3.793102502822875977e+00 3.160204410552978516e+00 2.650812625885009766e+00 2.091634273529052734e+00 2.781506538391113281e+00 1.925996065139770508e+00 2.970492362976074219e+00
