2019-07-23 18:15:00
3.333053112030029297e+00 4.391971588134765625e+00 2.217333316802978516e+00 2.063236474990844727e+00 3.291436672210693359e+00 2.697319507598876953e+00 3.444123029708862305e+00 3.437931060791015625e+00 4.163659095764160156e+00 3.770392894744873047e+00 2.059252977371215820e+00 2.413515090942382812e+00 2.232867956161499023e+00 1.441979169845581055e+00 1.584412336349487305e+00 2.896616458892822266e+00 3.754294395446777344e+00 2.475553035736083984e+00 2.934025764465332031e+00 2.682874917984008789e+00
2.433732509613037109e+00 3.369911909103393555e+00 4.971341133117675781e+00 3.102944850921630859e+00 2.055467844009399414e+00 2.684998035430908203e+00 3.532260656356811523e+00 3.178409814834594727e+00 2.540189743041992188e+00 1.881250381469726562e+00 3.356806278228759766e+00 2.853991508483886719e+00 1.551958560943603516e+00 2.438610076904296875e+00 1.898901939392089844e+00 1.682474374771118164e+00 3.564500331878662109e+00 3.823758125305175781e+00 3.265152454376220703e+00 2.458388805389404297e+00
4.008944511413574219e+00 4.843564987182617188e+00 3.427661895751953125e+00 2.658535718917846680e+00 3.100291728973388672e+00 3.189774513244628906e+00 2.939889430999755859e+00 1.928011417388916016e+00 1.985990524291992188e+00 1.311617136001586914e+00 1.175769090652465820e+00 1.589914321899414062e+00 2.170908451080322266e+00 3.282806396484375000e+00 2.191390275955200195e+00 2.595777034759521484e+00 4.035165309906005859e+00 5.347838878631591797e+00 2.231897115707397461e+00 3.153405904769897461e+00
2.886704683303833008e+00 5.590142726898193359e+00 6.405357360839843750e+00 3.463472604751586914e+00 4.706924438476562500e+00 3.185969114303588867e+00 3.118157386779785156e+00 4.052282333374023438e+00 3.042791366577148438e+00 8.885613679885864258e-01 2.356102466583251953e+00 1.638483762741088867e+00 1.812815666198730469e+00 1.828083872795104980e+00 2.728983402252197266e+00 2.112151384353637695e+00 1.303569197654724121e+00 2.011386871337890625e+00 1.707969427108764648e+00 2.194439411163330078e+00
2.819903373718261719e+00 3.633079051971435547e+00 3.924256324768066406e+00 3.927904129028320312e+00 4.820562362670898438e+00 3.444748163223266602e+00 2.831575870513916016e+00 2.078734636306762695e+00 5.231990814208984375e+00 2.237863540649414062e+00 3.090968847274780273e+00 2.695152521133422852e+00 1.610453724861145020e+00 2.377873182296752930e+00 2.732323169708251953e+00 2.077105283737182617e+00 1.351962208747863770e+00 3.861936092376708984e+00 2.642020225524902344e+00 3.772998332977294922e+00
5.775374889373779297e+00 3.235745429992675781e+00 6.933962821960449219e+00 3.492131710052490234e+00 3.417402267456054688e+00 5.155828475952148438e+00 2.333396911621093750e+00 3.660399913787841797e+00 5.064352989196777344e+00 3.416616916656494141e+00 5.236848831176757812e+00 5.389022350311279297e+00 3.568085432052612305e+00 2.313351631164550781e+00 2.643416404724121094e+00 2.560176849365234375e+00 1.885911703109741211e+00 3.218046665191650391e+00 2.769850492477416992e+00 3.649550437927246094e+00
5.616141319274902344e+00 5.247179031372070312e+00 5.890604496002197266e+00 7.704706668853759766e+00 3.298042535781860352e+00 3.493889808654785156e+00 2.785357952117919922e+00 3.562014341354370117e+00 2.469080686569213867e+00 1.527617216110229492e+00 3.071364641189575195e+00 2.999103784561157227e+00 3.160171508789062500e+00 1.695422887802124023e+00 1.905952692031860352e+00 2.732500076293945312e+00 1.984233379364013672e+00 2.066782951354980469e+00 3.721531629562377930e+00 4.576929092407226562e+00
8.528435707092285156e+00 3.035369396209716797e+00 4.276235580444335938e+00 4.857173919677734375e+00 6.171687126159667969e+00 3.020020008087158203e+00 3.284167289733886719e+00 3.291543960571289062e+00 2.469479560852050781e+00 2.713399887084960938e+00 2.358586788177490234e+00 2.008632183074951172e+00 2.501368999481201172e+00 3.672947168350219727e+00 4.458250999450683594e+00 3.763696670532226562e+00 3.111726045608520508e+00 1.479174733161926270e+00 2.675964832305908203e+00 1.929725885391235352e+00
3.088818073272705078e+00 2.832024574279785156e+00 3.653493404388427734e+00 3.995319604873657227e+00 3.762190818786621094e+00 4.248504638671875000e+00 3.547315835952758789e+00 3.688392639160156250e+00 2.890290975570678711e+00 2.722559928894042969e+00 2.929871082305908203e+00 3.174139261245727539e+00 3.298024654388427734e+00 2.560298919677734375e+00 5.346667289733886719e+00 3.852524280548095703e+00 3.082318067550659180e+00 1.776637315750122070e+00 4.303987503051757812e+00 4.291390419006347656e+00
3.713420391082763672e+00 4.329186916351318359e+00 3.384359359741210938e+00 2.750206708908081055e+00 2.817806243896484375e+00 3.423176765441894531e+00 3.066125392913818359e+00 3.232826709747314453e+00 3.555305004119873047e+00 6.990027904510498047e+00 4.134856224060058594e+00 6.690381050109863281e+00 5.367703914642333984e+00 1.296887636184692383e+00 1.710941791534423828e+00 2.496332645416259766e+00 3.640976905822753906e+00 1.345618009567260742e+00 3.205609321594238281e+00 3.250259876251220703e+00
1.722078323364257812e+00 2.730564594268798828e+00 5.309066295623779297e+00 2.454603195190429688e+00 3.517707586288452148e+00 2.711369991302490234e+00 3.732710838317871094e+00 1.801138401031494141e+00 1.977036952972412109e+00 2.842798948287963867e+00 2.948793649673461914e+00 6.038857460021972656e+00 3.690352916717529297e+00 4.323215961456298828e+00 2.716681241989135742e+00 1.785822153091430664e+00 3.979078292846679688e+00 1.380902767181396484e+00 1.667354464530944824e+00 2.188936710357666016e+00
3.442218065261840820e+00 3.320308685302734375e+00 2.707743406295776367e+00 4.636683464050292969e+00 2.163811922073364258e+00 2.210201978683471680e+00 3.417938709259033203e+00 2.657696485519409180e+00 3.461931705474853516e+00 3.485825777053833008e+00 3.057080984115600586e+00 2.944956541061401367e+00 3.566511154174804688e+00 2.330627679824829102e+00 3.976245880126953125e+00 2.531414270401000977e+00 3.530349969863891602e+00 2.515609741210937500e+00 3.749846696853637695e+00 2.688431978225708008e+00
3.044509649276733398e+00 2.498471260070800781e+00 3.041856765747070312e+00 4.366306781768798828e+00 8.307958602905273438e+00 3.023939371109008789e+00 3.197017431259155273e+00 2.041529178619384766e+00 3.501221656799316406e+00 4.289243698120117188e+00 3.490281105041503906e+00 2.866404056549072266e+00 3.047588348388671875e+00 3.845472812652587891e+00 2.891447544097900391e+00 1.978976130485534668e+00 3.322279691696166992e+00 2.246526718139648438e+00 3.165808200836181641e+00 2.365093469619750977e+00
3.207218408584594727e+00 3.548820972442626953e+00 4.182828903198242188e+00 2.707882404327392578e+00 3.197232961654663086e+00 3.306615352630615234e+00 3.828154563903808594e+00 3.212205171585083008e+00 3.102948188781738281e+00 2.063997268676757812e+00 3.204588413238525391e+00 2.991116523742675781e+00 3.806728839874267578e+00 3.584601640701293945e+00 2.330670595169067383e+00 3.178469896316528320e+00 2.753254890441894531e+00 3.991431951522827148e+00 2.012424707412719727e+00 1.350786924362182617e+00
2.970289468765258789e+00 4.053517341613769531e+00 5.762434005737304688e+00 4.244982719421386719e+00 4.393236160278320312e+00 2.172353982925415039e+00 4.236471176147460938e+00 3.023720264434814453e+00 2.971060514450073242e+00 4.096084594726562500e+00 1.969056129455566406e+00 2.609668731689453125e+00 3.352400302886962891e+00 5.194346904754638672e+00 2.485109567642211914e+00 2.726570844650268555e+00 2.997530221939086914e+00 2.941195487976074219e+00 2.488483667373657227e+00 6.418591022491455078e+00
3.095953941345214844e+00 3.948520183563232422e+00 6.697499275207519531e+00 4.014635562896728516e+00 3.719118595123291016e+00 3.460081815719604492e+00 3.806365013122558594e+00 5.091351509094238281e+00 3.550297737121582031e+00 2.595611572265625000e+00 2.640727043151855469e+00 4.205513954162597656e+00 4.780591964721679688e+00 2.628099203109741211e+00 3.682442188262939453e+00 2.922549247741699219e+00 2.280780315399169922e+00 3.297974824905395508e+00 3.333630561828613281e+00 1.006736993789672852e+00
4.098799228668212891e+00 3.554723262786865234e+00 6.308003902435302734e+00 4.161496162414550781e+00 6.655934333801269531e+00 3.937605381011962891e+00 3.011006593704223633e+00 3.335159063339233398e+00 3.628006458282470703e+00 2.862872362136840820e+00 3.160473346710205078e+00 3.027785778045654297e+00 3.622725248336791992e+00 4.490654945373535156e+00 3.802471637725830078e+00 2.726916551589965820e+00 3.168502807617187500e+00 1.864814400672912598e+00 3.547847509384155273e+00 1.951430439949035645e+00
3.231279850006103516e+00 4.102715492248535156e+00 6.394217491149902344e+00 4.809023857116699219e+00 4.476634025573730469e+00 3.985257387161254883e+00 5.370879173278808594e+00 2.960348606109619141e+00 4.893704891204833984e+00 3.246951580047607422e+00 3.851335287094116211e+00 2.344410181045532227e+00 6.681875228881835938e+00 3.596030950546264648e+00 4.211958885192871094e+00 3.926115989685058594e+00 3.045222759246826172e+00 3.117520332336425781e+00 2.253894090652465820e+00 2.640741348266601562e+00
2.193583965301513672e+00 3.139080524444580078e+00 3.573517322540283203e+00 1.715443849563598633e+00 3.901067972183227539e+00 4.898838996887207031e+00 3.260355949401855469e+00 4.517356872558593750e+00 7.322579860687255859e+00 7.817266464233398438e+00 5.717619895935058594e+00 3.709061145782470703e+00 1.964182734489440918e+00 2.436792612075805664e+00 4.643427848815917969e+00 3.319768428802490234e+00 3.083327293395996094e+00 1.924902796745300293e+00 4.317530155181884766e+00 2.843781471252441406e+00
5.529839515686035156e+00 2.813662528991699219e+00 2.331068754196166992e+00 2.066294193267822266e+00 4.604821205139160156e+00 3.697214603424072266e+00 5.026860713958740234e+00 2.755535602569580078e+00 8.948726654052734375e+00 1.071308898925781250e+01 1.116258049011230469e+01 9.511265754699707031e-01 6.704545974731445312e+00 2.338567733764648438e+00 2.071282386779785156e+00 4.023041725158691406e+00 3.382902622222900391e+00 3.849903106689453125e+00 2.958687782287597656e+00 2.587857484817504883e+00
