2019-07-23 19:00:00
2.496040582656860352e+00 1.520990252494812012e+00 2.278973102569580078e+00 2.533595323562622070e+00 2.534255027770996094e+00 2.069128990173339844e+00 2.408871889114379883e+00 1.486051797866821289e+00 2.277549028396606445e+00 3.243069171905517578e+00 2.412728309631347656e+00 1.567649364471435547e+00 1.979444861412048340e+00 1.284162402153015137e+00 1.277591824531555176e+00 1.457452058792114258e+00 1.947015404701232910e+00 2.442630290985107422e+00 2.086819410324096680e+00 2.622797966003417969e+00
1.410489320755004883e+00 1.452577471733093262e+00 1.969940185546875000e+00 2.322983980178833008e+00 1.820097208023071289e+00 2.389416217803955078e+00 3.193522930145263672e+00 2.121596574783325195e+00 2.165124416351318359e+00 1.848127126693725586e+00 2.344765424728393555e+00 1.131979942321777344e+00 2.304305076599121094e+00 2.576870441436767578e+00 1.038786768913269043e+00 1.584812045097351074e+00 1.469328403472900391e+00 1.048569321632385254e+00 3.232080221176147461e+00 2.016557216644287109e+00
1.546294093132019043e+00 1.614281415939331055e+00 2.036792516708374023e+00 1.246550083160400391e+00 1.061421155929565430e+00 2.838459730148315430e+00 2.349904060363769531e+00 1.602551460266113281e+00 1.773156642913818359e+00 1.988446831703186035e+00 2.530900716781616211e+00 2.417200088500976562e+00 1.430683851242065430e+00 3.101042747497558594e+00 1.454288005828857422e+00 1.590129971504211426e+00 1.937011480331420898e+00 2.554341793060302734e+00 2.574029922485351562e+00 2.877634525299072266e+00
2.965266227722167969e+00 1.911366581916809082e+00 1.518265008926391602e+00 2.526089906692504883e+00 1.135155200958251953e+00 3.461146354675292969e+00 2.178692817687988281e+00 1.276037335395812988e+00 2.132951259613037109e+00 4.266324043273925781e+00 2.178758144378662109e+00 2.513309240341186523e+00 2.042019128799438477e+00 1.645571112632751465e+00 1.383790016174316406e+00 1.092439174652099609e+00 1.117980480194091797e+00 2.130656242370605469e+00 1.687147140502929688e+00 2.489527463912963867e+00
1.648972153663635254e+00 1.710287094116210938e+00 2.650626182556152344e+00 2.279861450195312500e+00 2.134615659713745117e+00 1.771476268768310547e+00 3.581448554992675781e+00 1.381654262542724609e+00 2.178365468978881836e+00 3.432147026062011719e+00 3.923423051834106445e+00 1.754765272140502930e+00 2.224282264709472656e+00 1.601895093917846680e+00 1.131799578666687012e+00 1.115053415298461914e+00 1.149711370468139648e+00 1.766727209091186523e+00 3.090517997741699219e+00 2.199448585510253906e+00
2.403934240341186523e+00 2.600559234619140625e+00 1.741276860237121582e+00 1.631928920745849609e+00 2.499388217926025391e+00 1.835921525955200195e+00 2.322728633880615234e+00 2.035223960876464844e+00 2.367120504379272461e+00 1.568172693252563477e+00 1.822037220001220703e+00 1.534218072891235352e+00 2.658109188079833984e+00 2.343550443649291992e+00 1.650115609169006348e+00 3.017584085464477539e+00 1.528878450393676758e+00 1.578598022460937500e+00 1.672427773475646973e+00 1.746985316276550293e+00
2.518434286117553711e+00 2.224923610687255859e+00 1.175576686859130859e+00 8.860861063003540039e-01 1.563849210739135742e+00 2.117996692657470703e+00 2.128888845443725586e+00 2.592026710510253906e+00 2.694760560989379883e+00 2.160858154296875000e+00 2.697864294052124023e+00 2.151747703552246094e+00 1.837536454200744629e+00 1.764979600906372070e+00 2.741877079010009766e+00 1.772415399551391602e+00 1.103689432144165039e+00 1.299085378646850586e+00 2.420603275299072266e+00 1.645120859146118164e+00
2.536369800567626953e+00 2.893057346343994141e+00 2.046574354171752930e+00 2.690306663513183594e+00 1.834691286087036133e+00 2.077368021011352539e+00 2.291056871414184570e+00 2.720401287078857422e+00 3.043994665145874023e+00 2.825983047485351562e+00 3.193480968475341797e+00 2.325022459030151367e+00 3.144719123840332031e+00 2.254318714141845703e+00 2.829976797103881836e+00 1.851804971694946289e+00 1.770942687988281250e+00 2.369669914245605469e+00 2.222516059875488281e+00 2.951205253601074219e+00
2.632534980773925781e+00 2.106468200683593750e+00 1.893910646438598633e+00 2.298269987106323242e+00 2.518124580383300781e+00 2.607208490371704102e+00 3.486833333969116211e+00 2.386298894882202148e+00 2.188356876373291016e+00 3.795305013656616211e+00 2.225927114486694336e+00 2.161795616149902344e+00 1.477495908737182617e+00 2.556938648223876953e+00 2.669869661331176758e+00 1.150079011917114258e+00 2.773739337921142578e+00 1.798880338668823242e+00 2.488726139068603516e+00 2.321238517761230469e+00
2.396850824356079102e+00 1.937543869018554688e+00 3.038887262344360352e+00 1.986178159713745117e+00 2.595170497894287109e+00 1.797593712806701660e+00 2.836339950561523438e+00 3.256113767623901367e+00 3.706161975860595703e+00 2.278915643692016602e+00 2.829996824264526367e+00 3.286918401718139648e+00 5.475724220275878906e+00 1.719274044036865234e+00 2.219112396240234375e+00 3.109604358673095703e+00 3.585472345352172852e+00 1.899395585060119629e+00 1.677254796028137207e+00 3.130259037017822266e+00
4.172168254852294922e+00 2.538606882095336914e+00 3.313771963119506836e+00 2.108060121536254883e+00 2.657403469085693359e+00 1.922724246978759766e+00 4.028189659118652344e+00 2.426003932952880859e+00 8.924125432968139648e-01 1.852009534835815430e+00 2.054459810256958008e+00 3.261644840240478516e+00 2.984803676605224609e+00 1.671462178230285645e+00 1.695876240730285645e+00 1.370155334472656250e+00 1.729570627212524414e+00 3.383420467376708984e+00 1.957512021064758301e+00 2.094929695129394531e+00
3.602336406707763672e+00 2.744920253753662109e+00 2.988636255264282227e+00 3.522565364837646484e+00 1.758933305740356445e+00 2.420054197311401367e+00 2.946880817413330078e+00 1.143822431564331055e+00 2.029888153076171875e+00 2.118081331253051758e+00 2.802990198135375977e+00 2.900453090667724609e+00 2.497494697570800781e+00 2.451706409454345703e+00 1.749293446540832520e+00 3.030870914459228516e+00 2.307357788085937500e+00 2.604736566543579102e+00 1.845085859298706055e+00 1.830634832382202148e+00
2.523902893066406250e+00 2.792499303817749023e+00 3.220493078231811523e+00 2.127022266387939453e+00 2.447986125946044922e+00 1.831874370574951172e+00 2.649429798126220703e+00 2.900744915008544922e+00 2.713933229446411133e+00 2.483831882476806641e+00 1.929879426956176758e+00 3.084513187408447266e+00 2.837320327758789062e+00 1.842514514923095703e+00 3.001584291458129883e+00 2.624250411987304688e+00 1.969231724739074707e+00 2.181323528289794922e+00 3.001714706420898438e+00 1.232788562774658203e+00
2.964898824691772461e+00 3.954719781875610352e+00 3.639027595520019531e+00 3.564687967300415039e+00 2.811004161834716797e+00 2.778765201568603516e+00 1.876349091529846191e+00 2.328356027603149414e+00 4.302986145019531250e+00 2.716437101364135742e+00 3.595438003540039062e+00 2.958430290222167969e+00 2.791207313537597656e+00 2.381050586700439453e+00 3.095586299896240234e+00 2.550237178802490234e+00 3.095221042633056641e+00 2.103709936141967773e+00 3.074653625488281250e+00 1.724498987197875977e+00
2.658015251159667969e+00 2.726963520050048828e+00 1.733404159545898438e+00 2.197689056396484375e+00 2.661252975463867188e+00 2.105401039123535156e+00 2.683964490890502930e+00 3.361694812774658203e+00 2.029343843460083008e+00 2.863961696624755859e+00 2.864345073699951172e+00 2.523283481597900391e+00 2.472566843032836914e+00 3.086599588394165039e+00 2.850930690765380859e+00 2.370716094970703125e+00 2.214794874191284180e+00 2.926573753356933594e+00 1.698732376098632812e+00 2.218436717987060547e+00
2.577186584472656250e+00 2.944637537002563477e+00 2.854073524475097656e+00 3.111343145370483398e+00 1.936838388442993164e+00 2.566294431686401367e+00 2.811803817749023438e+00 2.042806386947631836e+00 2.733727931976318359e+00 3.553940296173095703e+00 2.370425701141357422e+00 2.166610240936279297e+00 4.016823291778564453e+00 2.014067173004150391e+00 2.078259468078613281e+00 3.157975673675537109e+00 2.600450515747070312e+00 1.563809156417846680e+00 9.894340038299560547e-01 1.721733570098876953e+00
1.374374628067016602e+00 3.571018218994140625e+00 2.033687591552734375e+00 2.695578575134277344e+00 2.413289308547973633e+00 3.084941387176513672e+00 1.691394209861755371e+00 3.015035629272460938e+00 2.261075973510742188e+00 3.006715297698974609e+00 3.607398509979248047e+00 2.294652462005615234e+00 3.101421117782592773e+00 2.634869575500488281e+00 3.359704732894897461e+00 2.420734167098999023e+00 2.449282884597778320e+00 1.271007180213928223e+00 1.028090715408325195e+00 3.032492876052856445e+00
1.978978872299194336e+00 1.700384974479675293e+00 2.161077976226806641e+00 2.710361957550048828e+00 2.720567703247070312e+00 2.567460536956787109e+00 2.982763290405273438e+00 2.613860607147216797e+00 2.056727647781372070e+00 1.453293800354003906e+00 2.373647212982177734e+00 1.868548631668090820e+00 2.119624137878417969e+00 2.758102893829345703e+00 2.228275060653686523e+00 2.858368396759033203e+00 1.839099407196044922e+00 1.762977480888366699e+00 2.175117254257202148e+00 1.226632356643676758e+00
3.886355876922607422e+00 2.545871734619140625e+00 1.619787931442260742e+00 3.036999702453613281e+00 1.397640109062194824e+00 1.718892335891723633e+00 1.560192823410034180e+00 2.469600200653076172e+00 2.728833675384521484e+00 1.933796882629394531e+00 2.375827789306640625e+00 1.867211341857910156e+00 2.165466070175170898e+00 4.019513607025146484e+00 2.086324691772460938e+00 2.971389770507812500e+00 1.977669715881347656e+00 1.787652492523193359e+00 1.171403408050537109e+00 1.714746832847595215e+00
1.858539819717407227e+00 2.544321060180664062e+00 2.708277463912963867e+00 1.864337205886840820e+00 2.501653671264648438e+00 3.059831142425537109e+00 2.266024589538574219e+00 2.061683416366577148e+00 2.571373939514160156e+00 2.423541545867919922e+00 1.455263972282409668e+00 2.411067962646484375e+00 3.656005859375000000e+00 3.565865516662597656e+00 3.204590320587158203e+00 2.537142753601074219e+00 1.222293019294738770e+00 2.425601959228515625e+00 2.032435894012451172e+00 1.863425016403198242e+00
