2019-07-23 19:15:00
2.923582077026367188e+00 1.679172754287719727e+00 2.183085441589355469e+00 2.160584926605224609e+00 2.227668762207031250e+00 1.995949506759643555e+00 2.488696098327636719e+00 1.627922058105468750e+00 2.439057588577270508e+00 1.905131340026855469e+00 1.680516004562377930e+00 1.849404096603393555e+00 2.389220237731933594e+00 1.149992704391479492e+00 1.811873435974121094e+00 1.243184685707092285e+00 1.544425725936889648e+00 2.238250732421875000e+00 2.595358371734619141e+00 1.643501043319702148e+00
2.728463411331176758e+00 2.342207431793212891e+00 1.744649529457092285e+00 1.526085853576660156e+00 8.664471507072448730e-01 4.222315788269042969e+00 2.909750223159790039e+00 2.152417182922363281e+00 1.707669258117675781e+00 2.070164918899536133e+00 1.213667631149291992e+00 1.703293681144714355e+00 2.749125480651855469e+00 2.012044191360473633e+00 1.635733962059020996e+00 1.615899324417114258e+00 2.281969547271728516e+00 1.808501362800598145e+00 1.707896709442138672e+00 1.442138671875000000e+00
1.666956424713134766e+00 1.318133711814880371e+00 2.539947032928466797e+00 2.887550115585327148e+00 2.353305578231811523e+00 1.433663964271545410e+00 1.870669126510620117e+00 1.925420999526977539e+00 1.421932578086853027e+00 8.518279790878295898e-01 1.459989786148071289e+00 1.069624662399291992e+00 1.771439075469970703e+00 1.825763463973999023e+00 1.719403624534606934e+00 1.793339371681213379e+00 2.223035097122192383e+00 2.228415489196777344e+00 1.601765155792236328e+00 2.668288707733154297e+00
2.117188453674316406e+00 1.584438204765319824e+00 2.493204832077026367e+00 1.566308975219726562e+00 1.799562096595764160e+00 1.384665846824645996e+00 2.250931024551391602e+00 1.278107285499572754e+00 1.681085944175720215e+00 2.278653144836425781e+00 1.162517786026000977e+00 3.264283418655395508e+00 9.164687395095825195e-01 8.952144384384155273e-01 2.034776449203491211e+00 1.234096765518188477e+00 8.358349800109863281e-01 1.696972370147705078e+00 1.389672040939331055e+00 1.582858800888061523e+00
2.001666784286499023e+00 1.189409494400024414e+00 1.991611480712890625e+00 2.592263221740722656e+00 1.966269373893737793e+00 2.495739221572875977e+00 2.648143529891967773e+00 1.243449449539184570e+00 1.532382726669311523e+00 1.914356708526611328e+00 1.055279970169067383e+00 2.041875123977661133e+00 2.658556938171386719e+00 1.927451610565185547e+00 2.432236671447753906e+00 1.609205365180969238e+00 1.806158185005187988e+00 1.414048433303833008e+00 2.029570817947387695e+00 3.098887920379638672e+00
2.041453838348388672e+00 3.212173461914062500e+00 2.165667533874511719e+00 1.822073578834533691e+00 2.023029327392578125e+00 9.805793762207031250e-01 3.003485202789306641e+00 1.225050210952758789e+00 2.185235977172851562e+00 3.611264705657958984e+00 1.535637855529785156e+00 2.020243406295776367e+00 1.410074234008789062e+00 2.379545211791992188e+00 1.394129514694213867e+00 1.114544153213500977e+00 2.231385231018066406e+00 1.926429867744445801e+00 2.274383306503295898e+00 1.443572998046875000e+00
2.308006763458251953e+00 7.155624628067016602e-01 1.188354492187500000e+00 1.029111146926879883e+00 1.153520941734313965e+00 2.120298147201538086e+00 3.216731309890747070e+00 1.843048691749572754e+00 2.658122539520263672e+00 3.117135524749755859e+00 1.935996055603027344e+00 1.983580470085144043e+00 1.520651578903198242e+00 2.198759794235229492e+00 1.903542518615722656e+00 1.219063520431518555e+00 1.194369435310363770e+00 1.374475359916687012e+00 1.947962403297424316e+00 1.145791888236999512e+00
1.183450460433959961e+00 2.298933982849121094e+00 1.953475713729858398e+00 2.078620433807373047e+00 1.826229095458984375e+00 1.709434270858764648e+00 2.232521057128906250e+00 2.559057474136352539e+00 3.244654178619384766e+00 2.328975439071655273e+00 2.459771156311035156e+00 2.204159736633300781e+00 2.167782306671142578e+00 1.384058952331542969e+00 1.829569578170776367e+00 1.671433210372924805e+00 2.584046840667724609e+00 1.508929610252380371e+00 1.793746471405029297e+00 2.412199735641479492e+00
1.827208518981933594e+00 2.045451402664184570e+00 1.654199600219726562e+00 2.256413459777832031e+00 1.475395083427429199e+00 3.343762397766113281e+00 1.741465091705322266e+00 2.877658367156982422e+00 2.969392299652099609e+00 3.340430974960327148e+00 2.615370273590087891e+00 3.001298666000366211e+00 1.640213370323181152e+00 1.757869958877563477e+00 1.217042922973632812e+00 1.542459964752197266e+00 1.993445277214050293e+00 1.881680965423583984e+00 2.450650691986083984e+00 2.369536399841308594e+00
2.815240383148193359e+00 2.208259820938110352e+00 3.145798206329345703e+00 2.551442146301269531e+00 3.577311277389526367e+00 1.754420280456542969e+00 2.668413639068603516e+00 2.290005922317504883e+00 2.479695320129394531e+00 3.055708408355712891e+00 1.401152610778808594e+00 1.782482385635375977e+00 1.886259555816650391e+00 1.821141123771667480e+00 1.602676391601562500e+00 2.081507682800292969e+00 2.128290653228759766e+00 1.136121034622192383e+00 3.284016609191894531e+00 2.056490182876586914e+00
3.276186227798461914e+00 2.145511388778686523e+00 2.864167928695678711e+00 2.779532670974731445e+00 2.989003419876098633e+00 1.966295957565307617e+00 3.253763437271118164e+00 3.000443935394287109e+00 1.431594848632812500e+00 2.086050748825073242e+00 3.090287208557128906e+00 1.705186367034912109e+00 2.854517936706542969e+00 1.364767074584960938e+00 2.101541042327880859e+00 1.851897358894348145e+00 1.552911162376403809e+00 8.360183238983154297e-01 1.426279187202453613e+00 2.513388633728027344e+00
2.355366230010986328e+00 1.897687792778015137e+00 1.977449893951416016e+00 2.482892274856567383e+00 3.516694307327270508e+00 1.982991933822631836e+00 3.324115753173828125e+00 2.543967247009277344e+00 2.553227901458740234e+00 2.320793628692626953e+00 3.144913196563720703e+00 2.314552068710327148e+00 2.963543415069580078e+00 2.784635305404663086e+00 2.254870653152465820e+00 1.582576751708984375e+00 1.402520060539245605e+00 2.157894134521484375e+00 2.622402429580688477e+00 1.621881246566772461e+00
2.777639150619506836e+00 2.292293548583984375e+00 2.150557994842529297e+00 2.296536684036254883e+00 3.170125007629394531e+00 1.816310286521911621e+00 3.330268859863281250e+00 2.025627851486206055e+00 1.371609568595886230e+00 2.636511802673339844e+00 3.435624122619628906e+00 3.178304195404052734e+00 2.137046098709106445e+00 2.945453166961669922e+00 3.533844470977783203e+00 2.942806243896484375e+00 1.620739340782165527e+00 1.458272218704223633e+00 1.552534699440002441e+00 1.405272722244262695e+00
2.815285921096801758e+00 2.277847528457641602e+00 2.912497043609619141e+00 2.764829158782958984e+00 3.104131698608398438e+00 2.686015367507934570e+00 2.781255722045898438e+00 3.306402921676635742e+00 3.033977746963500977e+00 3.121717929840087891e+00 1.773075222969055176e+00 2.540289878845214844e+00 3.189110755920410156e+00 3.477989673614501953e+00 2.521198749542236328e+00 3.044813394546508789e+00 2.346932888031005859e+00 1.921770334243774414e+00 2.403230667114257812e+00 2.297509670257568359e+00
1.430791497230529785e+00 2.449387073516845703e+00 1.298310041427612305e+00 3.264273643493652344e+00 2.154034376144409180e+00 2.487370252609252930e+00 3.018841266632080078e+00 2.439508438110351562e+00 1.634417057037353516e+00 2.984431982040405273e+00 1.950488448143005371e+00 3.323574542999267578e+00 2.676918029785156250e+00 2.828951835632324219e+00 1.872675418853759766e+00 2.119435071945190430e+00 2.268941402435302734e+00 2.425342082977294922e+00 1.593082427978515625e+00 1.885555744171142578e+00
2.847830533981323242e+00 2.318571329116821289e+00 2.092667102813720703e+00 1.630038976669311523e+00 2.253839015960693359e+00 2.626698970794677734e+00 2.370099782943725586e+00 2.334729194641113281e+00 1.883112192153930664e+00 2.625701904296875000e+00 2.951980113983154297e+00 2.259914636611938477e+00 3.379927873611450195e+00 2.106646537780761719e+00 2.960192918777465820e+00 2.029475927352905273e+00 2.652221202850341797e+00 2.590177536010742188e+00 1.260479688644409180e+00 1.591958999633789062e+00
2.542782783508300781e+00 2.499879121780395508e+00 1.448404788970947266e+00 3.021671772003173828e+00 1.851350545883178711e+00 3.051002502441406250e+00 2.260558843612670898e+00 2.076804637908935547e+00 2.320931196212768555e+00 1.644976854324340820e+00 2.393619537353515625e+00 2.009849309921264648e+00 2.362688302993774414e+00 2.124561786651611328e+00 2.288391113281250000e+00 2.171851396560668945e+00 1.535564064979553223e+00 2.008319854736328125e+00 9.409934282302856445e-01 1.875425457954406738e+00
2.030501842498779297e+00 2.165152311325073242e+00 1.999191761016845703e+00 1.620561599731445312e+00 1.419521093368530273e+00 2.340646982192993164e+00 3.061485528945922852e+00 3.170491218566894531e+00 1.357983112335205078e+00 2.430825471878051758e+00 1.652878403663635254e+00 1.462031602859497070e+00 2.873820304870605469e+00 2.454516172409057617e+00 1.990620851516723633e+00 3.121015071868896484e+00 1.657736301422119141e+00 1.400838732719421387e+00 1.818343639373779297e+00 1.362282633781433105e+00
2.988336801528930664e+00 3.135657548904418945e+00 1.028711318969726562e+00 1.830409049987792969e+00 2.748504161834716797e+00 2.104200363159179688e+00 3.469815492630004883e+00 3.519734859466552734e+00 2.373708248138427734e+00 1.291774511337280273e+00 1.958335757255554199e+00 1.643281698226928711e+00 1.760942578315734863e+00 1.952465891838073730e+00 2.808840751647949219e+00 2.225511074066162109e+00 2.409038066864013672e+00 2.282607555389404297e+00 2.387736082077026367e+00 2.435472011566162109e+00
1.653937220573425293e+00 2.619304418563842773e+00 1.586573958396911621e+00 2.295742034912109375e+00 1.509813547134399414e+00 3.409188747406005859e+00 2.302955389022827148e+00 1.834987163543701172e+00 1.781700968742370605e+00 2.178402900695800781e+00 1.191582441329956055e+00 2.116423606872558594e+00 1.429342150688171387e+00 2.168678998947143555e+00 2.453213691711425781e+00 2.677207231521606445e+00 1.972073316574096680e+00 2.062604904174804688e+00 2.257756710052490234e+00 2.129842758178710938e+00
