2019-07-23 19:30:00
1.922475576400756836e+00 1.599579215049743652e+00 2.424372196197509766e+00 2.309310436248779297e+00 3.470673799514770508e+00 2.251529693603515625e+00 1.581756353378295898e+00 1.493041992187500000e+00 1.362318277359008789e+00 3.046487331390380859e+00 1.314125657081604004e+00 1.175184011459350586e+00 1.641080856323242188e+00 1.176063060760498047e+00 1.146420598030090332e+00 1.907429337501525879e+00 7.763657569885253906e-01 2.714384317398071289e+00 1.039640069007873535e+00 1.777732849121093750e+00
1.618530511856079102e+00 2.732636928558349609e+00 2.539599657058715820e+00 1.866303682327270508e+00 9.556510448455810547e-01 3.276464462280273438e+00 2.841079473495483398e+00 1.171551942825317383e+00 2.497553825378417969e+00 1.644426345825195312e+00 1.745659828186035156e+00 2.255804538726806641e+00 2.149474859237670898e+00 2.398524522781372070e+00 8.779824376106262207e-01 2.457417726516723633e+00 2.061009645462036133e+00 1.872104287147521973e+00 2.991065025329589844e+00 2.104044437408447266e+00
1.946358919143676758e+00 2.211620569229125977e+00 2.352201461791992188e+00 2.521780490875244141e+00 1.778975248336791992e+00 1.841693401336669922e+00 2.623532295227050781e+00 2.655344486236572266e+00 1.641669392585754395e+00 3.304968118667602539e+00 2.377107381820678711e+00 2.746845722198486328e+00 1.697367787361145020e+00 3.030370235443115234e+00 2.362242937088012695e+00 1.299032449722290039e+00 2.544085502624511719e+00 2.045751094818115234e+00 1.406002521514892578e+00 3.038462638854980469e+00
3.015400409698486328e+00 1.911696314811706543e+00 1.583983421325683594e+00 1.482133626937866211e+00 1.958564996719360352e+00 1.827960133552551270e+00 2.489049911499023438e+00 1.914384126663208008e+00 2.120886087417602539e+00 1.312807083129882812e+00 2.197901248931884766e+00 1.725668549537658691e+00 1.378974199295043945e+00 1.750405192375183105e+00 1.742506265640258789e+00 9.870052337646484375e-01 1.707197546958923340e+00 1.827296733856201172e+00 1.777531385421752930e+00 2.315389633178710938e+00
2.076786041259765625e+00 1.909369230270385742e+00 1.503989458084106445e+00 2.145451068878173828e+00 1.420149683952331543e+00 2.154439449310302734e+00 2.392440319061279297e+00 6.929669976234436035e-01 1.932024002075195312e+00 1.266115665435791016e+00 1.396299123764038086e+00 1.472084522247314453e+00 1.192612409591674805e+00 1.949592828750610352e+00 2.697688102722167969e+00 1.235963344573974609e+00 6.303077936172485352e-01 2.912028312683105469e+00 1.729330062866210938e+00 1.461360931396484375e+00
3.028581619262695312e+00 2.824270248413085938e+00 2.003869533538818359e+00 1.915193319320678711e+00 2.652148485183715820e+00 2.108182907104492188e+00 2.706769227981567383e+00 2.120783090591430664e+00 2.508752107620239258e+00 2.592857837677001953e+00 2.353397369384765625e+00 2.031602382659912109e+00 1.728516340255737305e+00 1.513603925704956055e+00 2.019881248474121094e+00 1.865673422813415527e+00 1.978556513786315918e+00 1.127268791198730469e+00 2.167675495147705078e+00 2.286113500595092773e+00
2.894822120666503906e+00 1.852647304534912109e+00 9.921231269836425781e-01 1.629835844039916992e+00 2.366788864135742188e+00 1.617261409759521484e+00 2.985115051269531250e+00 1.919677972793579102e+00 2.585311889648437500e+00 2.034388303756713867e+00 2.853720188140869141e+00 1.763581871986389160e+00 1.636390686035156250e+00 1.675966024398803711e+00 1.985476374626159668e+00 1.657998561859130859e+00 9.980138540267944336e-01 1.380205631256103516e+00 1.065464496612548828e+00 8.933396339416503906e-01
1.333905935287475586e+00 1.617099523544311523e+00 2.255106925964355469e+00 1.974850177764892578e+00 1.183920025825500488e+00 2.450996875762939453e+00 2.995407581329345703e+00 2.142244815826416016e+00 2.353419303894042969e+00 2.146610498428344727e+00 3.531144380569458008e+00 2.077826738357543945e+00 2.055380582809448242e+00 2.020120143890380859e+00 2.163131713867187500e+00 2.652525424957275391e+00 1.954319834709167480e+00 2.032414436340332031e+00 2.335853815078735352e+00 1.809071779251098633e+00
1.696036934852600098e+00 1.813357114791870117e+00 1.913009643554687500e+00 1.435651540756225586e+00 1.884530782699584961e+00 3.229778766632080078e+00 2.654085636138916016e+00 2.621379852294921875e+00 2.438456773757934570e+00 3.465261459350585938e+00 2.960497379302978516e+00 2.178801774978637695e+00 1.997230291366577148e+00 1.676294088363647461e+00 2.393832206726074219e+00 2.143500328063964844e+00 1.797388195991516113e+00 1.948725342750549316e+00 1.866119146347045898e+00 1.586989641189575195e+00
2.003108978271484375e+00 1.828846693038940430e+00 2.672427415847778320e+00 2.734892845153808594e+00 2.401412010192871094e+00 2.714391469955444336e+00 2.810391426086425781e+00 2.253453254699707031e+00 1.941067337989807129e+00 1.289074897766113281e+00 1.219247221946716309e+00 2.591752052307128906e+00 2.529852151870727539e+00 1.806928396224975586e+00 1.484303474426269531e+00 2.115496635437011719e+00 1.166822671890258789e+00 1.268592596054077148e+00 1.557275295257568359e+00 1.550758123397827148e+00
2.613347291946411133e+00 3.360951423645019531e+00 3.016061067581176758e+00 2.943754673004150391e+00 3.755495548248291016e+00 2.476994037628173828e+00 3.374398231506347656e+00 2.381855964660644531e+00 2.923607349395751953e+00 1.690498113632202148e+00 1.252075433731079102e+00 2.829654216766357422e+00 2.506455898284912109e+00 2.756223440170288086e+00 2.223999977111816406e+00 2.160108566284179688e+00 1.678850412368774414e+00 2.108777523040771484e+00 1.071727752685546875e+00 2.234053373336791992e+00
2.751037120819091797e+00 3.289318084716796875e+00 3.288619041442871094e+00 1.606041908264160156e+00 3.105907440185546875e+00 3.626465320587158203e+00 2.723029136657714844e+00 2.633995056152343750e+00 2.094633579254150391e+00 3.409899234771728516e+00 1.882601857185363770e+00 2.919494390487670898e+00 3.371202707290649414e+00 2.811979770660400391e+00 3.596946239471435547e+00 2.405201435089111328e+00 1.880331993103027344e+00 2.168786287307739258e+00 2.468900442123413086e+00 2.322702884674072266e+00
3.156576633453369141e+00 2.847427845001220703e+00 1.697296500205993652e+00 3.605687141418457031e+00 2.704896450042724609e+00 2.651783704757690430e+00 2.848360776901245117e+00 3.629869937896728516e+00 2.374142646789550781e+00 2.111497402191162109e+00 2.208744049072265625e+00 3.131979465484619141e+00 3.001595973968505859e+00 4.016289234161376953e+00 2.606630802154541016e+00 2.616896390914916992e+00 1.877512812614440918e+00 2.256939411163330078e+00 2.082757472991943359e+00 1.386632800102233887e+00
2.937288999557495117e+00 2.679233074188232422e+00 1.947199344635009766e+00 2.327867507934570312e+00 2.962332725524902344e+00 3.108742713928222656e+00 2.342687606811523438e+00 2.667253017425537109e+00 1.918985009193420410e+00 3.307635784149169922e+00 3.468980550765991211e+00 3.037811279296875000e+00 3.156345367431640625e+00 2.689189434051513672e+00 1.894250035285949707e+00 2.511163234710693359e+00 2.466516971588134766e+00 2.441394805908203125e+00 2.448889970779418945e+00 2.085924148559570312e+00
2.495921850204467773e+00 1.807525277137756348e+00 2.309972763061523438e+00 2.380737543106079102e+00 2.607932090759277344e+00 2.637569427490234375e+00 3.121372938156127930e+00 2.867348194122314453e+00 2.292467594146728516e+00 1.973903656005859375e+00 1.772585630416870117e+00 3.148112773895263672e+00 2.162228107452392578e+00 3.304193973541259766e+00 2.280378341674804688e+00 2.916521787643432617e+00 2.987858295440673828e+00 1.714119434356689453e+00 2.058118820190429688e+00 1.714842557907104492e+00
3.512591361999511719e+00 1.894748449325561523e+00 2.383140325546264648e+00 1.494418621063232422e+00 1.978364706039428711e+00 2.722075939178466797e+00 2.089541912078857422e+00 2.674502372741699219e+00 2.120493173599243164e+00 3.199268102645874023e+00 2.378731727600097656e+00 2.180259704589843750e+00 3.715642929077148438e+00 2.913389205932617188e+00 2.098926067352294922e+00 2.639992237091064453e+00 2.079890727996826172e+00 1.584668874740600586e+00 1.425764322280883789e+00 2.220120191574096680e+00
2.246574878692626953e+00 2.299727439880371094e+00 2.304087638854980469e+00 2.713039398193359375e+00 1.651888132095336914e+00 1.776553988456726074e+00 3.085993289947509766e+00 2.436975479125976562e+00 2.703444719314575195e+00 1.510038375854492188e+00 3.099836826324462891e+00 2.335318088531494141e+00 2.739410638809204102e+00 1.750336170196533203e+00 2.597119808197021484e+00 2.875976085662841797e+00 1.747853755950927734e+00 2.157802581787109375e+00 1.558485984802246094e+00 2.969940662384033203e+00
3.508026599884033203e+00 2.491825103759765625e+00 2.372935056686401367e+00 1.003990769386291504e+00 1.887088418006896973e+00 3.559288501739501953e+00 2.074834108352661133e+00 1.785341262817382812e+00 2.824425458908081055e+00 2.241268157958984375e+00 2.241843461990356445e+00 2.167059898376464844e+00 3.077895164489746094e+00 2.367776155471801758e+00 1.889297366142272949e+00 2.535597085952758789e+00 1.013181924819946289e+00 2.085694789886474609e+00 1.791690587997436523e+00 1.857584595680236816e+00
2.809095859527587891e+00 2.779325962066650391e+00 2.696953773498535156e+00 3.258245468139648438e+00 2.185003757476806641e+00 2.273896694183349609e+00 1.838338851928710938e+00 3.135450363159179688e+00 2.151429176330566406e+00 2.665974617004394531e+00 2.698513031005859375e+00 2.190877437591552734e+00 3.210377693176269531e+00 2.457977533340454102e+00 2.225708961486816406e+00 2.682588577270507812e+00 1.844258785247802734e+00 2.491099596023559570e+00 2.350211381912231445e+00 1.212012529373168945e+00
2.644772291183471680e+00 1.947363615036010742e+00 1.629347205162048340e+00 2.229980468750000000e+00 2.037295818328857422e+00 2.745459318161010742e+00 2.554094791412353516e+00 2.007466793060302734e+00 1.692091226577758789e+00 1.333880305290222168e+00 1.658406138420104980e+00 1.766307830810546875e+00 1.782314538955688477e+00 2.498079299926757812e+00 2.325942277908325195e+00 3.545056819915771484e+00 3.180596351623535156e+00 1.850078225135803223e+00 2.256920576095581055e+00 2.320178031921386719e+00
