2019-07-23 19:45:00
2.700598239898681641e+00 2.637562036514282227e+00 2.345030784606933594e+00 3.231295585632324219e+00 2.742821216583251953e+00 1.994364023208618164e+00 2.428258180618286133e+00 2.054534196853637695e+00 3.055120944976806641e+00 1.524231672286987305e+00 2.384636878967285156e+00 1.763135910034179688e+00 1.924103617668151855e+00 1.562949419021606445e+00 1.176002979278564453e+00 1.321687221527099609e+00 1.495532512664794922e+00 2.031901121139526367e+00 2.307724237442016602e+00 3.015328407287597656e+00
9.131580591201782227e-01 1.922458291053771973e+00 2.094543695449829102e+00 2.172157764434814453e+00 3.209625720977783203e+00 2.465393066406250000e+00 3.169539451599121094e+00 1.919339179992675781e+00 1.613482475280761719e+00 2.270504951477050781e+00 2.730533361434936523e+00 1.631261706352233887e+00 2.216182231903076172e+00 2.934795141220092773e+00 1.773681282997131348e+00 2.547136783599853516e+00 2.158308506011962891e+00 2.557345628738403320e+00 3.174933910369873047e+00 2.271033763885498047e+00
2.139683723449707031e+00 1.316787481307983398e+00 2.274323940277099609e+00 2.511127233505249023e+00 1.917179822921752930e+00 2.699883937835693359e+00 1.828061819076538086e+00 1.804486513137817383e+00 1.792446732521057129e+00 1.900155544281005859e+00 1.621978044509887695e+00 2.393203258514404297e+00 3.034477472305297852e+00 2.130095958709716797e+00 2.263422489166259766e+00 1.814844608306884766e+00 2.868573427200317383e+00 2.519646167755126953e+00 2.354481697082519531e+00 2.326322555541992188e+00
3.267350673675537109e+00 3.583030939102172852e+00 2.111336708068847656e+00 3.081425189971923828e+00 2.756394624710083008e+00 2.612081527709960938e+00 3.198989391326904297e+00 2.355261802673339844e+00 2.540531396865844727e+00 2.535717487335205078e+00 2.373033285140991211e+00 1.334506273269653320e+00 2.356372356414794922e+00 2.610419750213623047e+00 4.055740356445312500e+00 1.676455974578857422e+00 1.421740293502807617e+00 1.895922660827636719e+00 2.218891143798828125e+00 3.083388566970825195e+00
2.477634668350219727e+00 1.402163624763488770e+00 1.961225390434265137e+00 2.891625165939331055e+00 2.051734447479248047e+00 2.332054376602172852e+00 2.023736953735351562e+00 1.824412584304809570e+00 2.371754884719848633e+00 1.675463080406188965e+00 1.448533773422241211e+00 2.973967552185058594e+00 2.044906854629516602e+00 1.916333794593811035e+00 1.496836423873901367e+00 2.778330564498901367e+00 1.192007541656494141e+00 2.233120918273925781e+00 1.322080135345458984e+00 2.803467273712158203e+00
3.886810064315795898e+00 3.385972023010253906e+00 1.393425941467285156e+00 2.168974637985229492e+00 1.288295149803161621e+00 2.532748699188232422e+00 2.863754987716674805e+00 8.105240464210510254e-01 1.277510881423950195e+00 3.510668039321899414e+00 3.568580627441406250e+00 2.702917575836181641e+00 3.438907861709594727e+00 1.449331045150756836e+00 2.595132350921630859e+00 2.023486137390136719e+00 1.658313035964965820e+00 2.697170495986938477e+00 1.767833709716796875e+00 2.241862297058105469e+00
2.073052406311035156e+00 3.504171371459960938e+00 2.154336690902709961e+00 1.839890599250793457e+00 2.330533504486083984e+00 2.989139795303344727e+00 2.138688802719116211e+00 1.662908911705017090e+00 2.103662490844726562e+00 1.612469553947448730e+00 4.038482189178466797e+00 1.740483760833740234e+00 2.294569015502929688e+00 2.937036275863647461e+00 2.932950973510742188e+00 3.581634044647216797e+00 2.127576112747192383e+00 2.007846117019653320e+00 2.217832326889038086e+00 1.937450051307678223e+00
2.184174299240112305e+00 2.523960590362548828e+00 1.798075556755065918e+00 3.823384284973144531e+00 3.692812681198120117e+00 1.935703992843627930e+00 2.854168415069580078e+00 2.530242443084716797e+00 3.022984027862548828e+00 1.934635400772094727e+00 2.597435474395751953e+00 3.123730897903442383e+00 1.009721755981445312e+00 1.952417850494384766e+00 2.712625741958618164e+00 3.075821638107299805e+00 3.524940967559814453e+00 1.161731004714965820e+00 1.862767696380615234e+00 3.735610485076904297e+00
1.916291356086730957e+00 2.104002475738525391e+00 1.605737924575805664e+00 3.586590290069580078e+00 2.607426404953002930e+00 2.411997795104980469e+00 3.473742008209228516e+00 2.615547895431518555e+00 2.010608673095703125e+00 2.787324428558349609e+00 2.112914800643920898e+00 2.657805442810058594e+00 2.735501050949096680e+00 3.670845985412597656e+00 2.360032081604003906e+00 1.825024127960205078e+00 2.232039690017700195e+00 2.813663721084594727e+00 2.871169090270996094e+00 2.491714000701904297e+00
2.508838653564453125e+00 2.075245380401611328e+00 3.223649024963378906e+00 2.440305233001708984e+00 2.881591081619262695e+00 3.111795902252197266e+00 2.523096084594726562e+00 2.581404685974121094e+00 3.022452831268310547e+00 2.668408632278442383e+00 1.733050346374511719e+00 4.099417686462402344e+00 2.306336641311645508e+00 1.472824454307556152e+00 1.384063601493835449e+00 1.379944562911987305e+00 2.080276966094970703e+00 2.601164817810058594e+00 1.950092315673828125e+00 2.738473892211914062e+00
3.011080026626586914e+00 1.762151002883911133e+00 2.816596269607543945e+00 2.905151367187500000e+00 2.892750740051269531e+00 2.834966182708740234e+00 2.605516672134399414e+00 3.257004737854003906e+00 2.159232616424560547e+00 2.632605075836181641e+00 2.341549634933471680e+00 2.716398477554321289e+00 1.782776951789855957e+00 2.629805088043212891e+00 2.806177377700805664e+00 2.181945085525512695e+00 1.865174651145935059e+00 1.613873720169067383e+00 2.455555915832519531e+00 2.262050867080688477e+00
2.720590353012084961e+00 3.857878446578979492e+00 3.145538091659545898e+00 4.787418365478515625e+00 2.124352455139160156e+00 3.419030666351318359e+00 2.463613986968994141e+00 2.521512031555175781e+00 2.488982439041137695e+00 3.077538013458251953e+00 3.273686885833740234e+00 2.084044456481933594e+00 2.331367015838623047e+00 2.045299530029296875e+00 3.928246974945068359e+00 1.625399351119995117e+00 2.631163120269775391e+00 3.167857646942138672e+00 3.633237361907958984e+00 2.761294841766357422e+00
3.265229701995849609e+00 3.145538806915283203e+00 3.093019485473632812e+00 2.826676845550537109e+00 2.633756160736083984e+00 2.129627943038940430e+00 2.851270198822021484e+00 2.378394365310668945e+00 2.414319992065429688e+00 2.903240203857421875e+00 2.359168529510498047e+00 2.733769416809082031e+00 2.763956069946289062e+00 2.299695491790771484e+00 2.569092750549316406e+00 2.316957473754882812e+00 2.318331003189086914e+00 1.858756661415100098e+00 2.174891233444213867e+00 1.867911934852600098e+00
3.038373947143554688e+00 2.441482067108154297e+00 2.785450935363769531e+00 3.671771049499511719e+00 2.181817531585693359e+00 2.879619121551513672e+00 2.739538192749023438e+00 2.574952602386474609e+00 2.643927097320556641e+00 2.694316864013671875e+00 2.371263742446899414e+00 2.388597488403320312e+00 2.891580820083618164e+00 1.972348451614379883e+00 3.036924362182617188e+00 2.956406354904174805e+00 2.993115663528442383e+00 1.777320861816406250e+00 2.029858589172363281e+00 2.129664421081542969e+00
2.233291149139404297e+00 2.546147346496582031e+00 2.123398780822753906e+00 2.973295688629150391e+00 2.408251285552978516e+00 2.133481502532958984e+00 3.014442920684814453e+00 1.933891177177429199e+00 3.003356695175170898e+00 3.264862537384033203e+00 3.282783031463623047e+00 2.178776741027832031e+00 3.124593257904052734e+00 2.762597560882568359e+00 2.520673751831054688e+00 2.582115411758422852e+00 2.729963064193725586e+00 3.093765020370483398e+00 1.318678379058837891e+00 3.180041790008544922e+00
2.104843616485595703e+00 2.421228408813476562e+00 2.194589614868164062e+00 3.188536167144775391e+00 1.994550466537475586e+00 2.367335319519042969e+00 2.967222690582275391e+00 2.044020891189575195e+00 2.570212841033935547e+00 3.415431022644042969e+00 3.003054141998291016e+00 2.571315050125122070e+00 2.291001796722412109e+00 3.704966545104980469e+00 2.168507575988769531e+00 2.877350807189941406e+00 2.086636543273925781e+00 1.760555744171142578e+00 1.079653263092041016e+00 1.780138254165649414e+00
2.308514833450317383e+00 1.850672483444213867e+00 1.952644586563110352e+00 1.951964378356933594e+00 2.089488506317138672e+00 2.069148063659667969e+00 2.683063983917236328e+00 2.116350650787353516e+00 3.494724512100219727e+00 2.957711696624755859e+00 2.430026054382324219e+00 2.513837337493896484e+00 1.613694310188293457e+00 2.392432212829589844e+00 3.219065904617309570e+00 1.856077432632446289e+00 1.855335712432861328e+00 2.103141546249389648e+00 1.484778761863708496e+00 1.782329559326171875e+00
2.140421390533447266e+00 2.008312940597534180e+00 2.037134170532226562e+00 2.063459396362304688e+00 1.900254726409912109e+00 2.467518806457519531e+00 2.063854694366455078e+00 1.827597141265869141e+00 2.206852674484252930e+00 3.134424448013305664e+00 2.491610050201416016e+00 2.093914031982421875e+00 3.560221195220947266e+00 2.731074094772338867e+00 2.184093952178955078e+00 2.641203403472900391e+00 1.420851826667785645e+00 2.038028717041015625e+00 1.736606121063232422e+00 2.582005023956298828e+00
2.317765951156616211e+00 2.898779392242431641e+00 1.782733559608459473e+00 3.301140069961547852e+00 1.413858890533447266e+00 1.440262436866760254e+00 2.921348094940185547e+00 3.409333467483520508e+00 1.768193006515502930e+00 3.257523775100708008e+00 2.480151653289794922e+00 1.669329404830932617e+00 1.924048781394958496e+00 1.770198702812194824e+00 2.129870653152465820e+00 2.463940143585205078e+00 2.214218616485595703e+00 2.837394237518310547e+00 1.151543736457824707e+00 1.980309486389160156e+00
2.782720327377319336e+00 1.274535775184631348e+00 2.354610681533813477e+00 2.808013439178466797e+00 2.701286315917968750e+00 3.340883731842041016e+00 1.971207261085510254e+00 2.109432220458984375e+00 1.597842931747436523e+00 2.242929458618164062e+00 2.874097585678100586e+00 3.697370290756225586e-01 1.354075193405151367e+00 2.628677845001220703e+00 3.026727914810180664e+00 3.820060729980468750e+00 3.208204030990600586e+00 1.355496883392333984e+00 2.251376152038574219e+00 1.774469375610351562e+00
