2019-07-23 20:15:00
3.918983936309814453e+00 2.768584251403808594e+00 2.358150243759155273e+00 2.213826179504394531e+00 2.596485137939453125e+00 2.532396554946899414e+00 3.184668064117431641e+00 2.608865261077880859e+00 3.772243738174438477e+00 3.490008115768432617e+00 3.351185321807861328e+00 2.425095081329345703e+00 2.965915679931640625e+00 1.809294462203979492e+00 1.050971627235412598e+00 2.223889827728271484e+00 3.385304450988769531e+00 3.050973892211914062e+00 1.139899730682373047e+00 4.002677917480468750e+00
2.804535865783691406e+00 2.246617555618286133e+00 3.239695072174072266e+00 1.549932003021240234e+00 4.253889560699462891e+00 2.366953849792480469e+00 2.322061061859130859e+00 1.800725936889648438e+00 3.304535627365112305e+00 2.868087768554687500e+00 4.340350627899169922e+00 3.171317577362060547e+00 2.991816043853759766e+00 4.049646377563476562e+00 2.815543651580810547e+00 2.099316120147705078e+00 2.663722991943359375e+00 2.617123603820800781e+00 2.992995977401733398e+00 3.023098230361938477e+00
2.423952579498291016e+00 3.345614910125732422e+00 2.710772037506103516e+00 2.219288587570190430e+00 2.197974681854248047e+00 2.641442298889160156e+00 4.976850509643554688e+00 1.982219934463500977e+00 1.710440397262573242e+00 3.090570211410522461e+00 1.972228884696960449e+00 3.660999774932861328e+00 1.857325315475463867e+00 4.465756416320800781e+00 2.177371025085449219e+00 1.592816948890686035e+00 1.950803518295288086e+00 4.581589698791503906e+00 2.481503248214721680e+00 2.131684541702270508e+00
2.427016496658325195e+00 1.858685255050659180e+00 3.324076890945434570e+00 2.956460952758789062e+00 2.933393001556396484e+00 2.375286579132080078e+00 2.676049232482910156e+00 2.336136579513549805e+00 2.225048065185546875e+00 2.006078720092773438e+00 2.068321228027343750e+00 2.692393779754638672e+00 3.284997701644897461e+00 4.308911323547363281e+00 2.128949403762817383e+00 2.293696880340576172e+00 1.685114622116088867e+00 2.406891107559204102e+00 1.546289920806884766e+00 3.067611217498779297e+00
1.372378110885620117e+00 3.016417980194091797e+00 3.595349311828613281e+00 4.046871185302734375e+00 3.409490108489990234e+00 3.790858745574951172e+00 3.715799808502197266e+00 3.305783748626708984e+00 2.003681659698486328e+00 1.554113626480102539e+00 1.984696507453918457e+00 3.688873291015625000e+00 1.067232966423034668e+00 1.495889425277709961e+00 3.532457351684570312e+00 3.011718511581420898e+00 1.824944496154785156e+00 3.130674839019775391e+00 2.968268156051635742e+00 3.785949468612670898e+00
3.881270885467529297e+00 2.311742067337036133e+00 2.375721216201782227e+00 6.257520675659179688e+00 1.956659793853759766e+00 1.730459451675415039e+00 2.900758504867553711e+00 1.072942137718200684e+00 3.358193159103393555e+00 3.909929037094116211e+00 4.159647941589355469e+00 3.243674755096435547e+00 3.560290098190307617e+00 4.635848045349121094e+00 3.019175529479980469e+00 2.384035110473632812e+00 2.187134504318237305e+00 4.554474353790283203e+00 4.608197212219238281e+00 3.450207710266113281e+00
3.059290647506713867e+00 2.814943313598632812e+00 2.454371213912963867e+00 2.596567153930664062e+00 1.236460447311401367e+00 2.172404289245605469e+00 2.929809093475341797e+00 3.139097929000854492e+00 2.155079841613769531e+00 1.771550893783569336e+00 2.526248216629028320e+00 3.100934982299804688e+00 3.813204765319824219e+00 2.799274444580078125e+00 2.410957098007202148e+00 3.437521934509277344e+00 2.186624288558959961e+00 1.635455250740051270e+00 2.897690296173095703e+00 3.541491746902465820e+00
1.433738231658935547e+00 2.604164123535156250e+00 2.657632350921630859e+00 2.737020969390869141e+00 1.837542533874511719e+00 2.215815067291259766e+00 2.583076953887939453e+00 2.628740787506103516e+00 2.643403530120849609e+00 2.000124216079711914e+00 2.986430644989013672e+00 2.972639083862304688e+00 4.931355476379394531e+00 3.184319257736206055e+00 3.082243680953979492e+00 2.762897014617919922e+00 3.237724304199218750e+00 1.881349325180053711e+00 2.433151245117187500e+00 2.472149848937988281e+00
2.326009273529052734e+00 2.773861408233642578e+00 1.866223096847534180e+00 3.130634069442749023e+00 2.644680500030517578e+00 3.239155769348144531e+00 3.441978931427001953e+00 2.748175144195556641e+00 3.827003002166748047e+00 2.023168325424194336e+00 2.254333019256591797e+00 2.763774394989013672e+00 4.311097621917724609e+00 3.916399717330932617e+00 3.728193998336791992e+00 4.129914283752441406e+00 6.210573673248291016e+00 3.515356779098510742e+00 2.378808736801147461e+00 2.718290328979492188e+00
3.410923242568969727e+00 3.427898645401000977e+00 2.622165679931640625e+00 3.376484394073486328e+00 2.460413455963134766e+00 3.649547338485717773e+00 2.315784454345703125e+00 2.559492111206054688e+00 2.581995964050292969e+00 2.319210290908813477e+00 6.106026649475097656e+00 3.228429317474365234e+00 3.985874176025390625e+00 1.835220575332641602e+00 2.036685943603515625e+00 3.036758422851562500e+00 2.498502969741821289e+00 1.682070493698120117e+00 2.190253734588623047e+00 2.770370960235595703e+00
2.809391498565673828e+00 3.018549442291259766e+00 2.553126811981201172e+00 3.424644470214843750e+00 2.519874095916748047e+00 2.100075244903564453e+00 3.119229316711425781e+00 3.004266262054443359e+00 2.412182807922363281e+00 2.658219337463378906e+00 2.020688056945800781e+00 4.679422378540039062e+00 2.977363348007202148e+00 3.294141769409179688e+00 2.154182910919189453e+00 2.275402307510375977e+00 2.853363990783691406e+00 2.977935791015625000e+00 3.161589622497558594e+00 2.808894395828247070e+00
3.848237991333007812e+00 4.066481113433837891e+00 2.076951742172241211e+00 2.410851001739501953e+00 2.742225408554077148e+00 3.651701211929321289e+00 3.547163724899291992e+00 3.637873411178588867e+00 3.661073684692382812e+00 1.813785195350646973e+00 2.510004520416259766e+00 2.355977773666381836e+00 3.165214538574218750e+00 3.936691999435424805e+00 3.299966573715209961e+00 2.994597434997558594e+00 3.290647029876708984e+00 3.273754119873046875e+00 2.464572429656982422e+00 2.678736686706542969e+00
3.573313236236572266e+00 3.079443216323852539e+00 2.221580028533935547e+00 2.912650108337402344e+00 3.110090255737304688e+00 3.016310691833496094e+00 2.124659061431884766e+00 3.584898233413696289e+00 2.819170951843261719e+00 1.843789339065551758e+00 1.976703763008117676e+00 2.248163700103759766e+00 2.836127042770385742e+00 3.527874946594238281e+00 2.991701126098632812e+00 2.990173816680908203e+00 3.566207885742187500e+00 2.868324518203735352e+00 2.821073055267333984e+00 1.781829833984375000e+00
2.814603328704833984e+00 2.180994272232055664e+00 2.984615325927734375e+00 2.459231853485107422e+00 2.092936992645263672e+00 1.872825026512145996e+00 1.816582202911376953e+00 2.490747928619384766e+00 2.762860298156738281e+00 3.702203273773193359e+00 3.916405200958251953e+00 2.490159749984741211e+00 2.282758474349975586e+00 2.378433704376220703e+00 3.555303335189819336e+00 1.662703871726989746e+00 4.057886600494384766e+00 2.153533458709716797e+00 2.796972274780273438e+00 2.354584932327270508e+00
1.823407411575317383e+00 3.471569538116455078e+00 2.392367839813232422e+00 2.012981891632080078e+00 1.873453497886657715e+00 2.202494621276855469e+00 2.910806655883789062e+00 2.424282073974609375e+00 2.484610080718994141e+00 3.128298759460449219e+00 3.551407337188720703e+00 3.849411487579345703e+00 3.347444057464599609e+00 2.985113143920898438e+00 3.208042144775390625e+00 2.909491062164306641e+00 1.998579263687133789e+00 3.928011417388916016e+00 2.937053918838500977e+00 4.020704746246337891e+00
3.369229316711425781e+00 2.358233928680419922e+00 2.949276447296142578e+00 5.268884658813476562e+00 3.174665451049804688e+00 2.834525585174560547e+00 3.330277919769287109e+00 1.832088232040405273e+00 3.071806430816650391e+00 2.313711881637573242e+00 2.936873912811279297e+00 2.011215686798095703e+00 2.600468158721923828e+00 3.619837045669555664e+00 1.963837742805480957e+00 3.297577381134033203e+00 2.067507982254028320e+00 2.902910709381103516e+00 2.026833534240722656e+00 3.293149709701538086e+00
2.287345170974731445e+00 2.477073669433593750e+00 2.695440769195556641e+00 2.805552482604980469e+00 2.609856605529785156e+00 2.542895317077636719e+00 2.612997531890869141e+00 3.058312892913818359e+00 2.615429162979125977e+00 2.889188766479492188e+00 4.216410636901855469e+00 2.194021224975585938e+00 2.501835107803344727e+00 3.605536937713623047e+00 2.844729900360107422e+00 3.504102706909179688e+00 2.025526523590087891e+00 2.212242364883422852e+00 1.427701115608215332e+00 3.863874912261962891e+00
1.941360116004943848e+00 1.873431205749511719e+00 1.924247622489929199e+00 2.347039222717285156e+00 2.865895271301269531e+00 2.816687345504760742e+00 3.337204694747924805e+00 3.163779258728027344e+00 2.603864431381225586e+00 3.852654218673706055e+00 2.038127422332763672e+00 2.518518447875976562e+00 3.352583408355712891e+00 2.552622556686401367e+00 3.164691448211669922e+00 2.761383056640625000e+00 2.875923633575439453e+00 2.216600418090820312e+00 2.444772958755493164e+00 1.755480170249938965e+00
3.418406248092651367e+00 3.212697744369506836e+00 2.001040935516357422e+00 2.066199064254760742e+00 3.875024795532226562e+00 2.640088081359863281e+00 2.003065109252929688e+00 1.578584432601928711e+00 3.331735134124755859e+00 2.486212015151977539e+00 2.214628219604492188e+00 2.851840496063232422e+00 1.214026689529418945e+00 2.277180671691894531e+00 2.848046779632568359e+00 2.449065446853637695e+00 2.721261978149414062e+00 2.799769639968872070e+00 3.083514451980590820e+00 2.351506233215332031e+00
3.208519458770751953e+00 2.343824625015258789e+00 2.271456480026245117e+00 2.502640008926391602e+00 2.283654212951660156e+00 2.664809942245483398e+00 1.743909835815429688e+00 1.762077212333679199e+00 1.182147145271301270e+00 2.699492692947387695e+00 3.091082811355590820e+00 4.461857795715332031e+00 2.802782535552978516e+00 2.947339057922363281e+00 2.321798801422119141e+00 2.170139789581298828e+00 2.154775381088256836e+00 2.261748313903808594e+00 2.579423427581787109e+00 1.736257314682006836e+00
