2019-07-23 21:00:00
7.583590030670166016e+00 4.937319278717041016e+00 5.747446537017822266e+00 4.681481361389160156e+00 4.580418109893798828e+00 6.147794723510742188e+00 3.409946918487548828e+00 4.613841056823730469e+00 4.032452583312988281e+00 8.231115341186523438e+00 3.836361646652221680e+00 3.133200645446777344e+00 7.522634506225585938e+00 4.113098621368408203e+00 3.519187688827514648e+00 3.939908027648925781e+00 7.370463848114013672e+00 5.173408985137939453e+00 3.860754489898681641e+00 2.767933130264282227e+00
6.428324699401855469e+00 4.491085529327392578e+00 9.731581687927246094e+00 7.476410865783691406e+00 6.313581466674804688e+00 1.979722976684570312e+00 2.585109233856201172e+00 3.191766262054443359e+00 3.789742708206176758e+00 4.217447280883789062e+00 4.935297966003417969e+00 3.716117858886718750e+00 2.395389556884765625e+00 5.506824493408203125e+00 2.407421112060546875e+00 3.936057329177856445e+00 4.187260150909423828e+00 6.689599037170410156e+00 4.689174652099609375e+00 2.900692462921142578e+00
7.203889369964599609e+00 6.800863742828369141e+00 1.363714790344238281e+01 6.550768852233886719e+00 6.222406387329101562e+00 3.985524892807006836e+00 4.425166130065917969e+00 4.772775650024414062e+00 3.940988063812255859e+00 2.426377058029174805e+00 8.550462722778320312e+00 7.543754577636718750e+00 3.351768493652343750e+00 5.966686248779296875e+00 7.494180679321289062e+00 5.418736457824707031e+00 8.445386886596679688e+00 6.500275135040283203e+00 5.079176902770996094e+00 4.221177577972412109e+00
2.765357732772827148e+00 6.665768623352050781e+00 8.233610153198242188e+00 1.061036682128906250e+01 3.614554405212402344e+00 2.924906492233276367e+00 3.502669334411621094e+00 4.733594417572021484e+00 3.409303665161132812e+00 8.724279403686523438e+00 5.205777168273925781e+00 8.091735839843750000e+00 3.324584960937500000e+00 4.843771934509277344e+00 7.879270553588867188e+00 4.323429107666015625e+00 3.799263000488281250e+00 4.741580009460449219e+00 5.307224750518798828e+00 3.365694046020507812e+00
3.997309207916259766e+00 5.115011692047119141e+00 4.807145118713378906e+00 3.396779060363769531e+00 3.880110740661621094e+00 3.210657119750976562e+00 4.438959121704101562e+00 7.379882335662841797e+00 5.452037811279296875e+00 5.404564857482910156e+00 6.656820774078369141e+00 5.505382537841796875e+00 9.734287261962890625e+00 3.678711414337158203e+00 7.633922100067138672e+00 9.283589363098144531e+00 3.080131053924560547e+00 1.099594593048095703e+01 7.008745193481445312e+00 3.048450708389282227e+00
3.271678447723388672e+00 4.229732513427734375e+00 6.500025749206542969e+00 8.538627624511718750e+00 6.776745319366455078e+00 1.112156772613525391e+01 3.615952014923095703e+00 5.798409461975097656e+00 8.310173034667968750e+00 4.773952484130859375e+00 4.988175392150878906e+00 5.450912475585937500e+00 3.806886672973632812e+00 4.443704605102539062e+00 3.494356632232666016e+00 6.761634826660156250e+00 3.484601259231567383e+00 8.964929580688476562e+00 8.120744705200195312e+00 5.044616222381591797e+00
3.742109298706054688e+00 4.284290313720703125e+00 5.760952949523925781e+00 7.457797050476074219e+00 7.636912822723388672e+00 1.205751705169677734e+01 4.631964683532714844e+00 4.412303924560546875e+00 3.399668693542480469e+00 3.693325281143188477e+00 3.813953876495361328e+00 2.270635604858398438e+00 8.033802986145019531e+00 6.523173332214355469e+00 5.024208068847656250e+00 4.430548191070556641e+00 3.377188920974731445e+00 3.246990680694580078e+00 8.479773521423339844e+00 7.110105037689208984e+00
7.540825366973876953e+00 6.145125389099121094e+00 6.286685943603515625e+00 9.399138450622558594e+00 7.286390304565429688e+00 4.314592838287353516e+00 4.078452587127685547e+00 4.585042953491210938e+00 3.351212024688720703e+00 4.056175708770751953e+00 2.678221940994262695e+00 5.410964965820312500e+00 9.405217170715332031e+00 6.093218326568603516e+00 5.473934650421142578e+00 2.945838451385498047e+00 5.836946487426757812e+00 4.086163997650146484e+00 9.763277053833007812e+00 3.316792011260986328e+00
7.185239791870117188e+00 1.972058057785034180e+00 5.621617317199707031e+00 6.301672935485839844e+00 8.423801422119140625e+00 4.590538501739501953e+00 5.355189323425292969e+00 4.289276123046875000e+00 4.050432682037353516e+00 7.726737022399902344e+00 3.764904499053955078e+00 3.549507856369018555e+00 8.910048484802246094e+00 5.527552604675292969e+00 4.638324737548828125e+00 2.885431289672851562e+00 4.014091491699218750e+00 4.125840187072753906e+00 4.004308700561523438e+00 2.307208538055419922e+00
5.400744915008544922e+00 5.377692222595214844e+00 3.430371761322021484e+00 4.404840469360351562e+00 3.075811147689819336e+00 4.192714214324951172e+00 4.757108688354492188e+00 3.302049636840820312e+00 6.269000530242919922e+00 6.089792251586914062e+00 5.862469673156738281e+00 4.429739475250244141e+00 4.512922286987304688e+00 5.021523475646972656e+00 4.576169967651367188e+00 3.363011121749877930e+00 5.937901020050048828e+00 5.018209457397460938e+00 2.898167133331298828e+00 3.313021183013916016e+00
3.129977464675903320e+00 5.425331115722656250e+00 4.741138458251953125e+00 3.096360206604003906e+00 2.814389705657958984e+00 3.735256195068359375e+00 2.947751998901367188e+00 3.101676940917968750e+00 5.017845153808593750e+00 4.433692932128906250e+00 3.427407979965209961e+00 7.139792919158935547e+00 5.624978065490722656e+00 5.714201450347900391e+00 4.743878364562988281e+00 3.632730484008789062e+00 4.101595878601074219e+00 1.012112617492675781e+01 4.141000270843505859e+00 3.776069879531860352e+00
3.504442214965820312e+00 4.682174682617187500e+00 3.437489032745361328e+00 2.016050815582275391e+00 4.125639438629150391e+00 4.669787406921386719e+00 3.220707178115844727e+00 3.956571578979492188e+00 3.035135269165039062e+00 2.810361385345458984e+00 3.092463016510009766e+00 3.224889278411865234e+00 5.649029254913330078e+00 3.928718328475952148e+00 3.639586925506591797e+00 1.128502655029296875e+01 3.402552127838134766e+00 5.156140804290771484e+00 3.484357833862304688e+00 4.336255073547363281e+00
5.204033374786376953e+00 2.632141351699829102e+00 4.002480506896972656e+00 3.252570629119873047e+00 3.418678760528564453e+00 3.266303062438964844e+00 4.673492431640625000e+00 3.376646280288696289e+00 3.389457702636718750e+00 3.590929508209228516e+00 3.313328027725219727e+00 2.705836772918701172e+00 2.395166397094726562e+00 4.567293167114257812e+00 4.418089389801025391e+00 5.019712924957275391e+00 2.941308259963989258e+00 4.458855152130126953e+00 7.888405799865722656e+00 4.828004360198974609e+00
3.549740791320800781e+00 3.626694202423095703e+00 4.914506435394287109e+00 4.058416843414306641e+00 3.178057432174682617e+00 3.199322938919067383e+00 2.619733572006225586e+00 5.698530197143554688e+00 1.978366613388061523e+00 3.249732017517089844e+00 3.887667417526245117e+00 2.473933219909667969e+00 4.534108161926269531e+00 5.140988826751708984e+00 3.770482540130615234e+00 3.703515768051147461e+00 4.580371856689453125e+00 5.078604221343994141e+00 2.617973327636718750e+00 4.587110996246337891e+00
3.985468387603759766e+00 4.608455657958984375e+00 2.708597660064697266e+00 3.479785442352294922e+00 2.772568702697753906e+00 2.943201780319213867e+00 2.896496295928955078e+00 4.514968395233154297e+00 4.332604408264160156e+00 3.563985824584960938e+00 3.077304840087890625e+00 4.144026756286621094e+00 5.134502410888671875e+00 3.659699440002441406e+00 2.745775938034057617e+00 3.931562900543212891e+00 3.865878820419311523e+00 2.605801820755004883e+00 4.081645011901855469e+00 5.467367172241210938e+00
4.617902755737304688e+00 1.649921894073486328e+00 3.477750301361083984e+00 4.261322975158691406e+00 4.659039974212646484e+00 3.547205448150634766e+00 4.803525924682617188e+00 3.443955421447753906e+00 4.371127128601074219e+00 3.942808866500854492e+00 3.932884216308593750e+00 5.453344345092773438e+00 4.840075492858886719e+00 3.686494350433349609e+00 3.468518257141113281e+00 4.398559093475341797e+00 2.946662187576293945e+00 1.771328330039978027e+00 4.002862453460693359e+00 4.386622428894042969e+00
4.126976490020751953e+00 3.893070936203002930e+00 2.996212482452392578e+00 3.462102174758911133e+00 6.214220046997070312e+00 4.754229545593261719e+00 4.350866317749023438e+00 3.315446376800537109e+00 3.913489818572998047e+00 2.784742355346679688e+00 3.094565868377685547e+00 3.806708097457885742e+00 2.573221921920776367e+00 5.235787868499755859e+00 3.735866546630859375e+00 3.219010114669799805e+00 3.938154935836791992e+00 5.373095035552978516e+00 2.956620693206787109e+00 4.459179401397705078e+00
4.590559005737304688e+00 2.753518581390380859e+00 3.713377475738525391e+00 3.253975868225097656e+00 5.970365047454833984e+00 3.642507553100585938e+00 8.493762969970703125e+00 4.873095512390136719e+00 3.845245361328125000e+00 6.048156738281250000e+00 6.826577663421630859e+00 4.138249397277832031e+00 7.669723033905029297e+00 2.696808099746704102e+00 4.030759811401367188e+00 5.304090023040771484e+00 6.022097110748291016e+00 6.386047840118408203e+00 3.519474506378173828e+00 3.445065259933471680e+00
2.311606884002685547e+00 5.338149070739746094e+00 4.259618282318115234e+00 4.550841808319091797e+00 7.160936355590820312e+00 4.752093315124511719e+00 8.419356346130371094e+00 4.154068946838378906e+00 5.054964065551757812e+00 8.591447830200195312e+00 8.519860267639160156e+00 9.163429260253906250e+00 1.818914890289306641e+00 3.584177732467651367e+00 3.003020048141479492e+00 2.278847217559814453e+00 4.695362091064453125e+00 4.649293899536132812e+00 7.435034751892089844e+00 3.630316495895385742e+00
5.679903507232666016e+00 4.080102920532226562e+00 3.230250835418701172e+00 4.975221157073974609e+00 3.651305437088012695e+00 3.684906482696533203e+00 6.406744003295898438e+00 6.974878311157226562e+00 9.892400741577148438e+00 7.932623863220214844e+00 9.028481483459472656e+00 6.190000057220458984e+00 6.961346149444580078e+00 5.965071678161621094e+00 6.184241771697998047e+00 4.489449501037597656e+00 4.533174514770507812e+00 7.201565742492675781e+00 6.000616073608398438e+00 4.640225410461425781e+00
