2019-07-23 21:15:00
1.045494556427001953e+01 6.795382976531982422e+00 5.594003200531005859e+00 3.935750722885131836e+00 5.414838314056396484e+00 8.545066833496093750e+00 3.249690294265747070e+00 4.943396568298339844e+00 6.969551086425781250e+00 6.076704025268554688e+00 4.248061180114746094e+00 3.999071121215820312e+00 6.983544349670410156e+00 4.747837066650390625e+00 6.512604236602783203e+00 6.979074478149414062e+00 1.136462116241455078e+01 5.209607601165771484e+00 3.925226449966430664e+00 5.578981399536132812e+00
2.831537723541259766e+00 1.211336708068847656e+01 8.302698135375976562e+00 1.110669898986816406e+01 8.133875846862792969e+00 5.348067283630371094e+00 6.988736152648925781e+00 4.076354026794433594e+00 4.619034290313720703e+00 4.785087585449218750e+00 5.087150573730468750e+00 4.246391773223876953e+00 2.816193103790283203e+00 8.273097991943359375e+00 3.791242122650146484e+00 5.613223075866699219e+00 5.822733879089355469e+00 6.648892402648925781e+00 6.512422561645507812e+00 4.007182121276855469e+00
9.558133125305175781e+00 6.388134956359863281e+00 7.109530448913574219e+00 8.724769592285156250e+00 7.417966842651367188e+00 6.700935363769531250e+00 9.745611190795898438e+00 3.248807430267333984e+00 3.170572519302368164e+00 3.507659912109375000e+00 1.098278999328613281e+01 6.649465560913085938e+00 3.444552898406982422e+00 8.351225852966308594e+00 7.011507987976074219e+00 5.659797668457031250e+00 9.931048393249511719e+00 4.752749443054199219e+00 6.455344200134277344e+00 3.557560443878173828e+00
4.819973468780517578e+00 1.065879249572753906e+01 7.158744335174560547e+00 3.704420089721679688e+00 3.874777078628540039e+00 5.130081176757812500e+00 4.451302528381347656e+00 5.646606445312500000e+00 3.741498947143554688e+00 1.123115444183349609e+01 1.088129043579101562e+01 7.819874763488769531e+00 4.215525150299072266e+00 3.838473320007324219e+00 4.658818244934082031e+00 4.196110248565673828e+00 5.330751419067382812e+00 4.650645732879638672e+00 4.538863658905029297e+00 3.352689027786254883e+00
4.746773242950439453e+00 4.607435226440429688e+00 5.005989551544189453e+00 3.621860980987548828e+00 4.780966758728027344e+00 1.080685997009277344e+01 6.983936786651611328e+00 8.682910919189453125e+00 1.158234977722167969e+01 7.433152675628662109e+00 8.660605430603027344e+00 6.427392959594726562e+00 1.055063247680664062e+01 4.056178092956542969e+00 4.929420471191406250e+00 8.427771568298339844e+00 4.620513439178466797e+00 9.503681182861328125e+00 8.631278038024902344e+00 4.717645645141601562e+00
5.194554328918457031e+00 5.223209381103515625e+00 7.125427722930908203e+00 6.543341159820556641e+00 7.528604507446289062e+00 7.095234394073486328e+00 5.946789264678955078e+00 7.420716285705566406e+00 4.156600952148437500e+00 4.282670021057128906e+00 5.866060256958007812e+00 4.125027656555175781e+00 7.862740516662597656e+00 4.934157848358154297e+00 3.750417947769165039e+00 4.380731582641601562e+00 3.130523681640625000e+00 6.606453418731689453e+00 8.551733016967773438e+00 3.903317928314208984e+00
6.671121597290039062e+00 8.387195587158203125e+00 8.471019744873046875e+00 5.219799518585205078e+00 3.248501062393188477e+00 1.244981765747070312e+01 5.828605651855468750e+00 5.212262153625488281e+00 3.766942501068115234e+00 4.757827758789062500e+00 5.176643848419189453e+00 5.226153850555419922e+00 6.824203491210937500e+00 8.343138694763183594e+00 4.339870452880859375e+00 3.946655511856079102e+00 6.250152111053466797e+00 4.985415458679199219e+00 6.159590721130371094e+00 6.248687744140625000e+00
6.818205356597900391e+00 7.783443927764892578e+00 6.850491523742675781e+00 1.162314987182617188e+01 8.116504669189453125e+00 6.603649139404296875e+00 5.364343643188476562e+00 2.965613842010498047e+00 2.251139402389526367e+00 3.783934831619262695e+00 5.956143379211425781e+00 6.456299781799316406e+00 1.077859020233154297e+01 1.360650062561035156e+01 6.675906658172607422e+00 3.733884811401367188e+00 6.369068145751953125e+00 5.656392574310302734e+00 6.156997203826904297e+00 4.582854270935058594e+00
5.736990928649902344e+00 8.240303039550781250e+00 6.508643150329589844e+00 9.040095329284667969e+00 8.703969955444335938e+00 5.024184703826904297e+00 5.061303615570068359e+00 4.071418285369873047e+00 4.270048141479492188e+00 8.979339599609375000e+00 6.570408821105957031e+00 4.948814868927001953e+00 7.257722854614257812e+00 8.367529869079589844e+00 5.765926837921142578e+00 5.777847290039062500e+00 5.496504783630371094e+00 4.855212211608886719e+00 7.532362937927246094e+00 4.451386451721191406e+00
7.539143562316894531e+00 8.807109832763671875e+00 4.142225265502929688e+00 6.196394920349121094e+00 3.943012952804565430e+00 5.819016456604003906e+00 5.606008052825927734e+00 4.880720615386962891e+00 6.126793861389160156e+00 6.394091606140136719e+00 5.075560569763183594e+00 5.509753227233886719e+00 6.481113910675048828e+00 4.631346702575683594e+00 4.167201042175292969e+00 4.987025737762451172e+00 6.162887573242187500e+00 3.379528284072875977e+00 3.398656368255615234e+00 4.017680168151855469e+00
5.513484001159667969e+00 5.679911613464355469e+00 6.248714447021484375e+00 8.736072540283203125e+00 5.208098411560058594e+00 5.444709777832031250e+00 5.613836288452148438e+00 4.941330909729003906e+00 4.582662582397460938e+00 6.293581008911132812e+00 6.279068946838378906e+00 5.094115734100341797e+00 6.805510044097900391e+00 5.922748565673828125e+00 5.223601341247558594e+00 5.285698890686035156e+00 5.708230018615722656e+00 7.580742835998535156e+00 4.963380813598632812e+00 5.933595657348632812e+00
6.497918605804443359e+00 5.498356819152832031e+00 6.839500427246093750e+00 7.811342239379882812e+00 4.642950534820556641e+00 6.199167251586914062e+00 4.010731220245361328e+00 7.033266544342041016e+00 4.233250617980957031e+00 4.745741844177246094e+00 4.325695991516113281e+00 7.485055446624755859e+00 7.288511276245117188e+00 3.414469242095947266e+00 3.913938045501708984e+00 4.477012157440185547e+00 3.834185600280761719e+00 5.051628112792968750e+00 4.136472702026367188e+00 5.207321643829345703e+00
4.890627384185791016e+00 3.650839805603027344e+00 5.798722743988037109e+00 5.952254772186279297e+00 4.119170188903808594e+00 5.080325126647949219e+00 3.675647258758544922e+00 7.223302841186523438e+00 3.577732801437377930e+00 6.111894607543945312e+00 4.173753738403320312e+00 6.305665969848632812e+00 5.406727790832519531e+00 4.666157722473144531e+00 6.464251518249511719e+00 4.000748157501220703e+00 2.936414241790771484e+00 5.023513317108154297e+00 9.076621055603027344e+00 3.629460573196411133e+00
5.903005599975585938e+00 6.580691337585449219e+00 5.207070350646972656e+00 6.497388362884521484e+00 4.900328636169433594e+00 5.433509826660156250e+00 5.307813644409179688e+00 4.610811710357666016e+00 4.509147644042968750e+00 6.376258850097656250e+00 7.404609680175781250e+00 4.599566459655761719e+00 7.982750415802001953e+00 4.807482719421386719e+00 4.079490661621093750e+00 4.697708129882812500e+00 6.591913223266601562e+00 5.743659019470214844e+00 5.171335697174072266e+00 6.263350486755371094e+00
4.319384574890136719e+00 3.968539953231811523e+00 5.282156944274902344e+00 4.636182785034179688e+00 4.888532638549804688e+00 4.090864181518554688e+00 3.037936210632324219e+00 5.259063720703125000e+00 4.513638496398925781e+00 3.667392730712890625e+00 4.065325736999511719e+00 6.474935531616210938e+00 4.354301452636718750e+00 5.986269474029541016e+00 3.698485374450683594e+00 8.573633193969726562e+00 5.276820182800292969e+00 6.453098297119140625e+00 4.145351886749267578e+00 4.463010787963867188e+00
7.005789279937744141e+00 4.348323822021484375e+00 3.568912029266357422e+00 4.694304943084716797e+00 6.447961807250976562e+00 4.213810920715332031e+00 5.871786117553710938e+00 3.457839250564575195e+00 5.982759475708007812e+00 4.687769412994384766e+00 5.796003818511962891e+00 5.339073181152343750e+00 4.341026782989501953e+00 5.226740837097167969e+00 5.890369415283203125e+00 4.713232040405273438e+00 4.714863300323486328e+00 6.388018608093261719e+00 4.728621006011962891e+00 5.789589881896972656e+00
4.009708404541015625e+00 4.289681434631347656e+00 3.974982976913452148e+00 5.173293113708496094e+00 8.857673645019531250e+00 4.993063926696777344e+00 4.613189697265625000e+00 3.235058784484863281e+00 4.596520423889160156e+00 4.094972610473632812e+00 4.168486595153808594e+00 5.732874393463134766e+00 4.713104248046875000e+00 4.187320709228515625e+00 3.718375682830810547e+00 8.008419036865234375e+00 4.749100208282470703e+00 3.553683757781982422e+00 5.818114280700683594e+00 3.600531339645385742e+00
6.350726604461669922e+00 3.924835205078125000e+00 5.935150146484375000e+00 2.945802211761474609e+00 8.355870246887207031e+00 4.656382560729980469e+00 8.023738861083984375e+00 4.950479507446289062e+00 6.919428348541259766e+00 5.669018745422363281e+00 7.233178615570068359e+00 4.245769977569580078e+00 5.519120216369628906e+00 5.914751052856445312e+00 4.941040039062500000e+00 5.035994052886962891e+00 6.971980094909667969e+00 5.956604003906250000e+00 5.214547634124755859e+00 6.315294265747070312e+00
5.371317863464355469e+00 4.180409431457519531e+00 2.875407218933105469e+00 7.220692634582519531e+00 6.780088424682617188e+00 6.540444374084472656e+00 7.626702308654785156e+00 5.086088180541992188e+00 7.724071502685546875e+00 7.694373130798339844e+00 1.059442710876464844e+01 1.036491775512695312e+01 4.908657073974609375e+00 5.683309078216552734e+00 4.687849998474121094e+00 7.498199462890625000e+00 4.661748886108398438e+00 4.527822494506835938e+00 3.299593925476074219e+00 3.850807189941406250e+00
6.215591430664062500e+00 5.355219364166259766e+00 5.696742057800292969e+00 5.904525279998779297e+00 6.841249942779541016e+00 6.571547508239746094e+00 5.099730491638183594e+00 7.453283309936523438e+00 9.499965667724609375e+00 8.854013442993164062e+00 6.517006874084472656e+00 8.372430801391601562e+00 6.515718460083007812e+00 5.252655982971191406e+00 5.090329170227050781e+00 5.529057979583740234e+00 4.355411052703857422e+00 5.001471996307373047e+00 7.354079246520996094e+00 3.706709623336791992e+00
