2019-07-23 21:30:00
9.776746749877929688e+00 7.617950439453125000e+00 9.683757781982421875e+00 3.555124282836914062e+00 8.325798034667968750e+00 4.589126110076904297e+00 4.576976776123046875e+00 7.127153396606445312e+00 8.974112510681152344e+00 1.021507453918457031e+01 3.466627597808837891e+00 4.081601142883300781e+00 6.275593757629394531e+00 4.704694747924804688e+00 3.277299642562866211e+00 1.288224792480468750e+01 6.086380958557128906e+00 3.499911308288574219e+00 6.371746063232421875e+00 4.818861484527587891e+00
6.333904266357421875e+00 5.872971534729003906e+00 7.304326057434082031e+00 8.295921325683593750e+00 8.641381263732910156e+00 3.530754327774047852e+00 5.381675720214843750e+00 4.122948169708251953e+00 3.593776702880859375e+00 3.108755826950073242e+00 4.275852680206298828e+00 2.458456039428710938e+00 2.820904731750488281e+00 3.512290477752685547e+00 5.022493362426757812e+00 5.589001655578613281e+00 5.909292221069335938e+00 7.456079959869384766e+00 5.165813446044921875e+00 4.946253299713134766e+00
1.039628791809082031e+01 6.806962013244628906e+00 1.103464317321777344e+01 8.819164276123046875e+00 8.779217720031738281e+00 4.378824234008789062e+00 5.702088356018066406e+00 4.495076179504394531e+00 4.721466541290283203e+00 4.706084728240966797e+00 9.933824539184570312e+00 5.765410423278808594e+00 3.109615325927734375e+00 4.049455642700195312e+00 4.179337501525878906e+00 3.610148668289184570e+00 6.501771450042724609e+00 5.545917987823486328e+00 4.775267601013183594e+00 5.960084915161132812e+00
3.469122409820556641e+00 6.929874420166015625e+00 6.295886993408203125e+00 4.864431381225585938e+00 3.521462917327880859e+00 4.585597038269042969e+00 5.779168128967285156e+00 4.010272026062011719e+00 2.857390880584716797e+00 1.050634574890136719e+01 9.018310546875000000e+00 5.897357940673828125e+00 3.632580280303955078e+00 4.800435543060302734e+00 6.043293952941894531e+00 3.088066816329956055e+00 3.840380907058715820e+00 7.998033523559570312e+00 5.687463760375976562e+00 4.627707481384277344e+00
3.865054130554199219e+00 3.788713932037353516e+00 5.018476963043212891e+00 5.538483619689941406e+00 2.973814487457275391e+00 1.130829906463623047e+01 4.583450317382812500e+00 4.684399604797363281e+00 1.427944087982177734e+01 6.616742134094238281e+00 5.049498081207275391e+00 6.410684585571289062e+00 1.089523506164550781e+01 5.251381874084472656e+00 7.699234008789062500e+00 4.327295303344726562e+00 3.586745500564575195e+00 3.941323757171630859e+00 6.709250926971435547e+00 3.613045930862426758e+00
3.692393541336059570e+00 4.175369739532470703e+00 1.118471050262451172e+01 1.027247810363769531e+01 5.581233501434326172e+00 5.765052795410156250e+00 7.202723026275634766e+00 7.249577522277832031e+00 7.299419403076171875e+00 5.949190139770507812e+00 5.835405349731445312e+00 6.823115825653076172e+00 5.290493011474609375e+00 3.189648866653442383e+00 2.768985271453857422e+00 5.665661811828613281e+00 5.335761070251464844e+00 8.302679061889648438e+00 7.735429763793945312e+00 3.104166507720947266e+00
7.142632007598876953e+00 7.176464557647705078e+00 8.603903770446777344e+00 1.016361045837402344e+01 7.871769905090332031e+00 8.153128623962402344e+00 4.431335449218750000e+00 5.749194145202636719e+00 4.210843563079833984e+00 6.547629833221435547e+00 4.955729007720947266e+00 3.962512254714965820e+00 1.018207931518554688e+01 8.118108749389648438e+00 3.916774272918701172e+00 6.405669212341308594e+00 6.079321861267089844e+00 4.607570648193359375e+00 9.447143554687500000e+00 6.899128913879394531e+00
5.626859664916992188e+00 5.794837951660156250e+00 7.290533065795898438e+00 5.812548160552978516e+00 7.066091537475585938e+00 6.294932842254638672e+00 4.172732830047607422e+00 3.405861377716064453e+00 4.079454421997070312e+00 5.317812919616699219e+00 6.023663520812988281e+00 4.836915969848632812e+00 1.134938240051269531e+01 6.105802536010742188e+00 4.942603111267089844e+00 4.148034095764160156e+00 5.417476654052734375e+00 3.408205509185791016e+00 5.611104011535644531e+00 5.655973434448242188e+00
6.082405090332031250e+00 8.741326332092285156e+00 9.911905288696289062e+00 8.262358665466308594e+00 7.561438083648681641e+00 6.190195083618164062e+00 4.275590419769287109e+00 6.416692256927490234e+00 5.090732574462890625e+00 6.020298957824707031e+00 5.002801895141601562e+00 2.787114143371582031e+00 6.799949169158935547e+00 5.457052230834960938e+00 5.389810562133789062e+00 4.313101768493652344e+00 7.574515342712402344e+00 5.433779716491699219e+00 4.510050296783447266e+00 4.674940109252929688e+00
9.515061378479003906e+00 7.255217552185058594e+00 5.982187271118164062e+00 3.371971130371093750e+00 4.215941429138183594e+00 5.158243179321289062e+00 5.567205429077148438e+00 4.066996097564697266e+00 4.425061702728271484e+00 5.986521244049072266e+00 5.795171260833740234e+00 8.553971290588378906e+00 5.664373397827148438e+00 2.595959663391113281e+00 3.421265602111816406e+00 3.391926288604736328e+00 7.539607048034667969e+00 6.689737796783447266e+00 2.446147441864013672e+00 4.001683235168457031e+00
4.090979576110839844e+00 4.126568794250488281e+00 3.773498535156250000e+00 6.086284637451171875e+00 6.041955471038818359e+00 5.784533977508544922e+00 5.387832164764404297e+00 4.724373340606689453e+00 4.718043804168701172e+00 6.034815788269042969e+00 4.141097068786621094e+00 4.110923290252685547e+00 4.824727058410644531e+00 7.926849842071533203e+00 5.428879737854003906e+00 3.245057106018066406e+00 4.192184925079345703e+00 1.016919422149658203e+01 5.811515808105468750e+00 4.553059577941894531e+00
9.034370422363281250e+00 5.212188720703125000e+00 5.711746692657470703e+00 6.021926879882812500e+00 5.224089145660400391e+00 4.154522895812988281e+00 4.686153411865234375e+00 5.437944889068603516e+00 8.320521354675292969e+00 5.868434906005859375e+00 5.889854431152343750e+00 5.386229515075683594e+00 9.526509284973144531e+00 6.291651725769042969e+00 4.309512615203857422e+00 4.121965408325195312e+00 5.497735500335693359e+00 4.465305328369140625e+00 4.665198802947998047e+00 5.153732299804687500e+00
4.517309665679931641e+00 3.388751029968261719e+00 5.791683197021484375e+00 7.574563980102539062e+00 6.606380939483642578e+00 6.095377922058105469e+00 5.623716354370117188e+00 4.194733619689941406e+00 6.282976150512695312e+00 5.233500480651855469e+00 6.035444736480712891e+00 7.401857376098632812e+00 6.493906021118164062e+00 7.892258644104003906e+00 5.521430969238281250e+00 6.282267570495605469e+00 3.940362453460693359e+00 4.273491382598876953e+00 5.140933036804199219e+00 4.180983543395996094e+00
7.837676525115966797e+00 5.169582843780517578e+00 3.427650928497314453e+00 5.252309799194335938e+00 6.576478481292724609e+00 5.558896064758300781e+00 5.386759281158447266e+00 5.573227882385253906e+00 5.504138946533203125e+00 5.631095886230468750e+00 7.284090042114257812e+00 4.076105117797851562e+00 4.580337047576904297e+00 4.379432678222656250e+00 6.066664695739746094e+00 4.501002788543701172e+00 5.734622955322265625e+00 3.639475584030151367e+00 7.193981647491455078e+00 4.402003288269042969e+00
4.174745559692382812e+00 4.593649864196777344e+00 4.929806709289550781e+00 5.293145656585693359e+00 6.813315391540527344e+00 3.566458225250244141e+00 5.291409969329833984e+00 2.953474044799804688e+00 5.115823268890380859e+00 4.726562500000000000e+00 5.994500160217285156e+00 5.581102371215820312e+00 5.252151489257812500e+00 7.302787780761718750e+00 5.968418598175048828e+00 5.035535812377929688e+00 5.832498073577880859e+00 4.538218021392822266e+00 5.686536312103271484e+00 3.976715564727783203e+00
5.926162719726562500e+00 3.778693675994873047e+00 5.140971183776855469e+00 6.643512725830078125e+00 5.034723758697509766e+00 5.204862594604492188e+00 2.771187067031860352e+00 7.172133922576904297e+00 4.053277969360351562e+00 4.340737819671630859e+00 6.166728973388671875e+00 7.407217979431152344e+00 6.608535766601562500e+00 4.083581924438476562e+00 5.333339691162109375e+00 3.657932758331298828e+00 3.731391906738281250e+00 3.960285902023315430e+00 5.667625427246093750e+00 8.384843826293945312e+00
5.566316604614257812e+00 6.838261604309082031e+00 5.961702346801757812e+00 7.951404571533203125e+00 1.092215633392333984e+01 6.104007720947265625e+00 4.614915370941162109e+00 2.830322742462158203e+00 3.231215238571166992e+00 5.275874614715576172e+00 5.144589424133300781e+00 4.142188072204589844e+00 4.244241714477539062e+00 5.953203678131103516e+00 3.839591264724731445e+00 5.623017311096191406e+00 5.151409626007080078e+00 4.872147560119628906e+00 4.348643302917480469e+00 6.782222747802734375e+00
6.454541206359863281e+00 4.656078338623046875e+00 3.719775438308715820e+00 4.996866226196289062e+00 7.064973831176757812e+00 6.228240013122558594e+00 8.355972290039062500e+00 5.311428070068359375e+00 5.743900299072265625e+00 6.584877967834472656e+00 7.829994201660156250e+00 4.363686561584472656e+00 6.006938934326171875e+00 5.172249794006347656e+00 6.143850326538085938e+00 6.500633716583251953e+00 7.779264450073242188e+00 4.606439113616943359e+00 4.820396900177001953e+00 2.293743133544921875e+00
5.757108688354492188e+00 3.375109195709228516e+00 3.244053602218627930e+00 5.446421623229980469e+00 5.286471366882324219e+00 6.852305889129638672e+00 5.297122955322265625e+00 4.750025749206542969e+00 7.769982814788818359e+00 9.101722717285156250e+00 5.554763793945312500e+00 4.922694206237792969e+00 5.881630897521972656e+00 4.746793270111083984e+00 8.403726577758789062e+00 6.158718109130859375e+00 4.998963356018066406e+00 5.842030525207519531e+00 4.367339134216308594e+00 6.590467453002929688e+00
9.246662139892578125e+00 5.120210647583007812e+00 4.898383617401123047e+00 7.272328853607177734e+00 5.822618961334228516e+00 6.976000308990478516e+00 6.728809356689453125e+00 7.978009700775146484e+00 5.867714881896972656e+00 9.610446929931640625e+00 1.077938652038574219e+01 7.623307228088378906e+00 9.468362808227539062e+00 4.478512763977050781e+00 7.569203853607177734e+00 5.756113052368164062e+00 4.153373718261718750e+00 1.119490623474121094e+01 6.184439659118652344e+00 5.245442390441894531e+00
