2019-07-23 22:00:00
5.298220634460449219e+00 5.232025623321533203e+00 9.919260025024414062e+00 5.954249858856201172e+00 7.492335319519042969e+00 4.285509586334228516e+00 4.921245574951171875e+00 4.728704452514648438e+00 6.662968158721923828e+00 7.132307052612304688e+00 3.563581705093383789e+00 3.332072257995605469e+00 5.933365821838378906e+00 4.136879444122314453e+00 3.411420822143554688e+00 9.033021926879882812e+00 9.088366508483886719e+00 6.136873245239257812e+00 6.211647033691406250e+00 4.374255657196044922e+00
7.325742721557617188e+00 9.600712776184082031e+00 9.781604766845703125e+00 6.376221656799316406e+00 9.225159645080566406e+00 7.000195503234863281e+00 5.146466255187988281e+00 4.873149871826171875e+00 5.153609275817871094e+00 4.699466228485107422e+00 3.438923835754394531e+00 2.958995342254638672e+00 3.575942039489746094e+00 5.321745872497558594e+00 7.150571823120117188e+00 4.277213573455810547e+00 5.975621223449707031e+00 7.310491085052490234e+00 5.940730094909667969e+00 4.234471321105957031e+00
4.674789905548095703e+00 5.713895797729492188e+00 4.944758892059326172e+00 6.131969928741455078e+00 8.991447448730468750e+00 7.135908603668212891e+00 6.905570030212402344e+00 3.545525074005126953e+00 4.021085262298583984e+00 4.545806407928466797e+00 7.448180198669433594e+00 6.906551361083984375e+00 3.868453264236450195e+00 6.478728294372558594e+00 8.182993888854980469e+00 5.707209587097167969e+00 1.102994346618652344e+01 4.158465385437011719e+00 5.455627918243408203e+00 4.708850860595703125e+00
6.853645324707031250e+00 9.592655181884765625e+00 1.018568801879882812e+01 1.144582366943359375e+01 3.086862802505493164e+00 3.672823429107666016e+00 5.200259208679199219e+00 3.721400022506713867e+00 5.261647224426269531e+00 6.849354267120361328e+00 1.125637340545654297e+01 5.475634574890136719e+00 4.765610218048095703e+00 5.043614864349365234e+00 3.996070384979248047e+00 3.960343837738037109e+00 3.651929855346679688e+00 4.413220405578613281e+00 4.147558212280273438e+00 4.696599960327148438e+00
4.024624824523925781e+00 4.041469097137451172e+00 5.823561668395996094e+00 7.003252983093261719e+00 3.518910408020019531e+00 7.047358036041259766e+00 3.242742776870727539e+00 7.261014938354492188e+00 1.047821044921875000e+01 8.904152870178222656e+00 8.914890289306640625e+00 6.990986824035644531e+00 9.252727508544921875e+00 5.020599365234375000e+00 9.813268661499023438e+00 5.555802822113037109e+00 3.484967708587646484e+00 8.248865127563476562e+00 9.051099777221679688e+00 3.269927978515625000e+00
7.306730270385742188e+00 5.804631233215332031e+00 6.021542072296142578e+00 5.587925434112548828e+00 4.702350616455078125e+00 5.782103538513183594e+00 4.935894489288330078e+00 8.032189369201660156e+00 8.496539115905761719e+00 4.902889728546142578e+00 4.682076454162597656e+00 7.198032379150390625e+00 4.637992858886718750e+00 3.444924592971801758e+00 3.151018142700195312e+00 7.364605903625488281e+00 6.948997974395751953e+00 4.522243976593017578e+00 9.870336532592773438e+00 3.382384300231933594e+00
4.961977005004882812e+00 6.033831596374511719e+00 8.543964385986328125e+00 5.124620437622070312e+00 7.064235687255859375e+00 1.143601036071777344e+01 7.326067924499511719e+00 6.807001113891601562e+00 5.256875514984130859e+00 7.579690933227539062e+00 1.009867954254150391e+01 5.227951049804687500e+00 4.635597229003906250e+00 6.933033466339111328e+00 5.277378559112548828e+00 6.737658977508544922e+00 5.508717536926269531e+00 5.707850456237792969e+00 5.941287517547607422e+00 4.252525329589843750e+00
1.259901618957519531e+01 5.749935150146484375e+00 7.342492580413818359e+00 3.477305173873901367e+00 8.262722015380859375e+00 9.739245414733886719e+00 7.386777400970458984e+00 7.423449039459228516e+00 8.424747467041015625e+00 9.956662178039550781e+00 1.158138275146484375e+01 8.752474784851074219e+00 1.007623481750488281e+01 8.072834014892578125e+00 3.825974464416503906e+00 6.177927017211914062e+00 8.698045730590820312e+00 5.888499259948730469e+00 7.268651485443115234e+00 3.369917869567871094e+00
7.472977638244628906e+00 6.098343849182128906e+00 1.070362091064453125e+01 1.007053184509277344e+01 1.060840225219726562e+01 5.034458160400390625e+00 7.835511684417724609e+00 8.961904525756835938e+00 8.647518157958984375e+00 8.946178436279296875e+00 1.327453994750976562e+01 9.198834419250488281e+00 8.356884002685546875e+00 6.154661178588867188e+00 5.565047740936279297e+00 5.441631317138671875e+00 6.293831825256347656e+00 5.756059169769287109e+00 6.287531852722167969e+00 4.572424888610839844e+00
7.863796710968017578e+00 1.016372299194335938e+01 3.862076759338378906e+00 4.944039344787597656e+00 3.851720094680786133e+00 7.914721488952636719e+00 6.383878707885742188e+00 6.899005413055419922e+00 7.301058769226074219e+00 6.077740192413330078e+00 8.164640426635742188e+00 8.378189086914062500e+00 7.125503063201904297e+00 1.054380130767822266e+01 7.067853927612304688e+00 4.518426895141601562e+00 7.753853797912597656e+00 6.050218582153320312e+00 5.969663143157958984e+00 5.668228626251220703e+00
4.158786773681640625e+00 3.621019363403320312e+00 5.810062408447265625e+00 5.638396739959716797e+00 3.499121665954589844e+00 4.651592254638671875e+00 3.856862068176269531e+00 6.560233116149902344e+00 7.114900112152099609e+00 9.194193840026855469e+00 4.423839569091796875e+00 6.740037441253662109e+00 4.259698867797851562e+00 8.835267066955566406e+00 5.307713031768798828e+00 4.250944137573242188e+00 5.358078002929687500e+00 1.316464042663574219e+01 5.632636070251464844e+00 4.856397628784179688e+00
4.280189037322998047e+00 2.851442098617553711e+00 5.815092086791992188e+00 3.933404922485351562e+00 3.320574283599853516e+00 5.697649002075195312e+00 3.305256366729736328e+00 2.167571067810058594e+00 3.382925510406494141e+00 6.239751815795898438e+00 1.052348136901855469e+01 7.096197605133056641e+00 1.000608634948730469e+01 1.416930389404296875e+01 7.838531970977783203e+00 7.265100479125976562e+00 3.071237564086914062e+00 6.090296745300292969e+00 3.844868659973144531e+00 5.669210433959960938e+00
2.183754682540893555e+00 4.247103691101074219e+00 2.770236968994140625e+00 4.985327720642089844e+00 3.729723691940307617e+00 2.507140159606933594e+00 1.823446989059448242e+00 3.092041254043579102e+00 3.519131660461425781e+00 3.901264667510986328e+00 7.411201953887939453e+00 8.887489318847656250e+00 1.034702491760253906e+01 7.151480674743652344e+00 1.103879833221435547e+01 3.494830131530761719e+00 6.927923202514648438e+00 4.090683937072753906e+00 6.737585067749023438e+00 4.723560333251953125e+00
2.726023197174072266e+00 2.363452911376953125e+00 2.483890533447265625e+00 4.728954315185546875e+00 2.489556550979614258e+00 3.067425966262817383e+00 2.562521696090698242e+00 2.356572628021240234e+00 2.435078382492065430e+00 3.065014123916625977e+00 7.389230251312255859e+00 6.437447547912597656e+00 9.111723899841308594e+00 5.710018157958984375e+00 1.074488258361816406e+01 7.376175880432128906e+00 6.046959400177001953e+00 5.354851245880126953e+00 4.211179733276367188e+00 4.098638057708740234e+00
5.413404464721679688e+00 3.303653955459594727e+00 2.405502319335937500e+00 2.782166481018066406e+00 2.768142700195312500e+00 1.741045355796813965e+00 3.103148937225341797e+00 1.697836875915527344e+00 3.682436227798461914e+00 3.172433376312255859e+00 5.587907791137695312e+00 7.586585521697998047e+00 7.560338497161865234e+00 7.548719406127929688e+00 5.054406166076660156e+00 5.909970283508300781e+00 9.345212936401367188e+00 7.322373390197753906e+00 5.520127296447753906e+00 7.872960567474365234e+00
2.674112796783447266e+00 5.546370029449462891e+00 2.833934307098388672e+00 3.193769454956054688e+00 3.803955316543579102e+00 2.485673189163208008e+00 3.356934547424316406e+00 3.138873338699340820e+00 3.282215595245361328e+00 3.365202426910400391e+00 6.952858448028564453e+00 6.159849166870117188e+00 5.040180206298828125e+00 6.003319263458251953e+00 3.403820753097534180e+00 5.176687717437744141e+00 3.508146286010742188e+00 4.925034046173095703e+00 5.439256191253662109e+00 1.061097145080566406e+01
4.047367095947265625e+00 5.696983337402343750e+00 3.787939071655273438e+00 3.883150100708007812e+00 2.280361175537109375e+00 1.607705116271972656e+00 2.592202186584472656e+00 2.654892444610595703e+00 3.937205791473388672e+00 3.551161766052246094e+00 3.446145296096801758e+00 3.548113107681274414e+00 4.749307632446289062e+00 4.434568405151367188e+00 2.959454059600830078e+00 5.243399143218994141e+00 7.355585575103759766e+00 4.349616527557373047e+00 2.295387506484985352e+00 5.779004096984863281e+00
5.237864494323730469e+00 4.029942989349365234e+00 3.245357990264892578e+00 2.989139080047607422e+00 5.552697181701660156e+00 3.606786727905273438e+00 3.691475391387939453e+00 2.730169773101806641e+00 6.710556030273437500e+00 8.740333557128906250e+00 5.633481025695800781e+00 3.096910476684570312e+00 5.744555950164794922e+00 4.223286628723144531e+00 2.934155941009521484e+00 2.762861728668212891e+00 4.947978019714355469e+00 3.660289049148559570e+00 4.491016387939453125e+00 5.242444992065429688e+00
6.833372116088867188e+00 6.082371711730957031e+00 5.756087303161621094e+00 5.061504364013671875e+00 7.466935157775878906e+00 8.294643402099609375e+00 6.789225578308105469e+00 3.010980844497680664e+00 6.338004112243652344e+00 8.258600234985351562e+00 8.149101257324218750e+00 9.830781936645507812e+00 2.100923538208007812e+00 3.548647165298461914e+00 4.663136482238769531e+00 5.889045715332031250e+00 4.652387619018554688e+00 5.047930717468261719e+00 8.841158866882324219e+00 4.497482299804687500e+00
6.395905494689941406e+00 8.339000701904296875e+00 3.072226047515869141e+00 5.836818218231201172e+00 5.310271263122558594e+00 5.715975284576416016e+00 4.877297401428222656e+00 4.440802574157714844e+00 6.169797897338867188e+00 6.227481842041015625e+00 9.850496292114257812e+00 6.399823188781738281e+00 4.633149147033691406e+00 3.655267715454101562e+00 5.945971012115478516e+00 4.904272079467773438e+00 4.788953781127929688e+00 6.217278480529785156e+00 8.885293960571289062e+00 4.156888008117675781e+00
