2019-07-23 02:15:00
9.162779808044433594e+00 7.643029212951660156e+00 1.413074302673339844e+01 5.282855510711669922e+00 5.927963256835937500e+00 7.627985477447509766e+00 6.062783718109130859e+00 3.401506900787353516e+00 5.230053901672363281e+00 6.799161434173583984e+00 5.461660385131835938e+00 6.149271965026855469e+00 4.486294746398925781e+00 6.757150173187255859e+00 6.613478660583496094e+00 9.583211898803710938e+00 1.128019714355468750e+01 8.444269180297851562e+00 5.394244194030761719e+00 3.201938629150390625e+00
7.868277072906494141e+00 7.356431007385253906e+00 1.003082942962646484e+01 7.433071136474609375e+00 5.388042926788330078e+00 6.361262321472167969e+00 1.006934547424316406e+01 5.787235260009765625e+00 4.239727020263671875e+00 5.298869132995605469e+00 5.595366477966308594e+00 5.121590614318847656e+00 4.765213489532470703e+00 6.134333133697509766e+00 5.578784465789794922e+00 6.465917110443115234e+00 5.399746894836425781e+00 7.036531925201416016e+00 8.398056030273437500e+00 5.798243999481201172e+00
9.183337211608886719e+00 6.253096580505371094e+00 7.981410026550292969e+00 8.029808998107910156e+00 5.225626945495605469e+00 7.124987602233886719e+00 8.269382476806640625e+00 5.434283256530761719e+00 4.174257755279541016e+00 3.160756826400756836e+00 1.230941009521484375e+01 3.576861143112182617e+00 8.572025299072265625e+00 9.209140777587890625e+00 5.721879959106445312e+00 5.961062431335449219e+00 1.025369834899902344e+01 5.730381011962890625e+00 6.155968189239501953e+00 5.370629310607910156e+00
6.647556304931640625e+00 3.153569221496582031e+00 6.528469085693359375e+00 6.849590778350830078e+00 4.341793060302734375e+00 5.203114509582519531e+00 5.382611274719238281e+00 4.351601600646972656e+00 5.081531524658203125e+00 8.390468597412109375e+00 8.557308197021484375e+00 1.236804389953613281e+01 5.469110012054443359e+00 2.734446287155151367e+00 1.033114433288574219e+01 4.423215866088867188e+00 8.706769943237304688e+00 8.768699645996093750e+00 4.935185432434082031e+00 5.687693595886230469e+00
3.214269399642944336e+00 4.642363548278808594e+00 5.508134841918945312e+00 4.917170524597167969e+00 5.708452224731445312e+00 1.233011054992675781e+01 7.066251277923583984e+00 5.690643310546875000e+00 8.548179626464843750e+00 8.680414199829101562e+00 9.717487335205078125e+00 3.264344692230224609e+00 8.641578674316406250e+00 5.233090877532958984e+00 7.225553512573242188e+00 9.785326004028320312e+00 6.801486492156982422e+00 8.111036300659179688e+00 6.639065742492675781e+00 4.127122402191162109e+00
7.361834049224853516e+00 9.166078567504882812e+00 6.255454540252685547e+00 7.635190963745117188e+00 1.160664463043212891e+01 9.141614913940429688e+00 6.914246559143066406e+00 8.971990585327148438e+00 8.922739982604980469e+00 8.792684555053710938e+00 6.206503868103027344e+00 4.814219951629638672e+00 5.224493980407714844e+00 6.614110946655273438e+00 7.749011993408203125e+00 1.018029975891113281e+01 6.607282638549804688e+00 8.564174652099609375e+00 8.084934234619140625e+00 4.748454570770263672e+00
7.851239681243896484e+00 8.922931671142578125e+00 9.072891235351562500e+00 7.087113380432128906e+00 1.091238212585449219e+01 8.148706436157226562e+00 4.656076431274414062e+00 4.102628707885742188e+00 4.929303169250488281e+00 4.387072086334228516e+00 6.942546367645263672e+00 1.033200645446777344e+01 8.739185333251953125e+00 8.537746429443359375e+00 5.446763038635253906e+00 2.577140808105468750e+00 7.728270530700683594e+00 8.999736785888671875e+00 6.507564544677734375e+00 1.310297298431396484e+01
8.316472053527832031e+00 7.321600437164306641e+00 7.538208007812500000e+00 8.454421997070312500e+00 9.304155349731445312e+00 5.769104480743408203e+00 7.578438758850097656e+00 4.836752414703369141e+00 6.573081016540527344e+00 7.055906295776367188e+00 7.375813961029052734e+00 8.974351882934570312e+00 9.986753463745117188e+00 8.242376327514648438e+00 4.977835178375244141e+00 7.841037750244140625e+00 9.487850189208984375e+00 6.924300193786621094e+00 3.845565319061279297e+00 7.769363403320312500e+00
7.232990741729736328e+00 8.746831893920898438e+00 1.294277763366699219e+01 1.137755203247070312e+01 1.032545280456542969e+01 9.567578315734863281e+00 7.402920722961425781e+00 7.186265945434570312e+00 5.586697578430175781e+00 3.719310283660888672e+00 4.741272926330566406e+00 8.313512802124023438e+00 7.271000862121582031e+00 7.947812557220458984e+00 6.952655792236328125e+00 3.450723171234130859e+00 4.987999916076660156e+00 7.929973602294921875e+00 6.261631011962890625e+00 3.795141220092773438e+00
9.695804595947265625e+00 1.159415245056152344e+01 6.251646995544433594e+00 6.203100204467773438e+00 1.003437232971191406e+01 7.901614189147949219e+00 4.584201812744140625e+00 6.211011409759521484e+00 6.682283401489257812e+00 6.556560993194580078e+00 5.801197052001953125e+00 8.801529884338378906e+00 6.836796760559082031e+00 5.662944793701171875e+00 6.750359058380126953e+00 4.915852069854736328e+00 7.458275794982910156e+00 4.288419246673583984e+00 6.047930717468261719e+00 7.866585254669189453e+00
8.837247848510742188e+00 1.016171360015869141e+01 6.728168010711669922e+00 6.666889190673828125e+00 7.338068008422851562e+00 5.367681503295898438e+00 4.292139530181884766e+00 8.457427024841308594e+00 3.149612903594970703e+00 4.017554283142089844e+00 4.949785232543945312e+00 8.693471908569335938e+00 6.188201904296875000e+00 6.158929347991943359e+00 5.642429351806640625e+00 3.171418666839599609e+00 4.607748508453369141e+00 7.341403007507324219e+00 4.210413932800292969e+00 5.387610435485839844e+00
7.410017490386962891e+00 8.327075958251953125e+00 5.266360759735107422e+00 7.698923110961914062e+00 6.995903491973876953e+00 8.399878501892089844e+00 8.555183410644531250e+00 1.154628467559814453e+01 5.627171993255615234e+00 6.237265586853027344e+00 9.494153976440429688e+00 7.914039611816406250e+00 9.806642532348632812e+00 1.077703666687011719e+01 6.076660633087158203e+00 1.156022548675537109e+01 3.106150865554809570e+00 5.356637954711914062e+00 5.235989570617675781e+00 6.139574050903320312e+00
1.025865554809570312e+01 5.377834796905517578e+00 1.322226524353027344e+01 1.110688591003417969e+01 1.054164314270019531e+01 7.852268695831298828e+00 8.779661178588867188e+00 6.196235179901123047e+00 4.017304420471191406e+00 8.047353744506835938e+00 1.041997051239013672e+01 6.827446460723876953e+00 5.738691329956054688e+00 9.841416358947753906e+00 6.388513565063476562e+00 7.533212661743164062e+00 6.867384433746337891e+00 3.648446559906005859e+00 8.194145202636718750e+00 7.299105167388916016e+00
4.478070735931396484e+00 5.673517704010009766e+00 7.025803565979003906e+00 8.239137649536132812e+00 8.798286437988281250e+00 9.629370689392089844e+00 8.572126388549804688e+00 9.502702713012695312e+00 6.572386741638183594e+00 8.979254722595214844e+00 6.417901992797851562e+00 5.097167015075683594e+00 9.631367683410644531e+00 9.938442230224609375e+00 5.566821098327636719e+00 6.246934413909912109e+00 7.369047164916992188e+00 6.864955425262451172e+00 8.510075569152832031e+00 6.418689250946044922e+00
8.627943992614746094e+00 7.227603435516357422e+00 6.257621288299560547e+00 8.971009254455566406e+00 5.756440162658691406e+00 8.690723419189453125e+00 1.237689018249511719e+01 9.992270469665527344e+00 7.383871078491210938e+00 1.006489944458007812e+01 7.446835994720458984e+00 1.139818191528320312e+01 5.932323932647705078e+00 6.881896495819091797e+00 8.252683639526367188e+00 6.098786830902099609e+00 7.973963737487792969e+00 9.030908584594726562e+00 9.479860305786132812e+00 4.164731979370117188e+00
8.369554519653320312e+00 7.335092067718505859e+00 7.765893936157226562e+00 6.387846469879150391e+00 6.293360710144042969e+00 6.770087242126464844e+00 8.405251502990722656e+00 6.784269332885742188e+00 7.551295757293701172e+00 8.722276687622070312e+00 6.576969146728515625e+00 5.425964355468750000e+00 8.035140037536621094e+00 7.856028556823730469e+00 4.135686874389648438e+00 6.575385570526123047e+00 7.778624534606933594e+00 8.394313812255859375e+00 9.514703750610351562e+00 5.781102657318115234e+00
6.226612091064453125e+00 6.146365165710449219e+00 8.776182174682617188e+00 8.005842208862304688e+00 7.295880317687988281e+00 6.401444435119628906e+00 5.731586456298828125e+00 7.929280281066894531e+00 6.907537937164306641e+00 4.403326511383056641e+00 7.053433418273925781e+00 7.272551059722900391e+00 6.162203788757324219e+00 8.906943321228027344e+00 8.754942893981933594e+00 4.750130653381347656e+00 8.798532485961914062e+00 6.003812313079833984e+00 8.205989837646484375e+00 4.654982566833496094e+00
7.940169334411621094e+00 5.200634002685546875e+00 5.579531669616699219e+00 4.123591423034667969e+00 7.624252796173095703e+00 9.201192855834960938e+00 8.679571151733398438e+00 7.499670028686523438e+00 4.642244338989257812e+00 9.227003097534179688e+00 9.864067077636718750e+00 6.148165225982666016e+00 4.496342182159423828e+00 6.934338569641113281e+00 6.829156398773193359e+00 9.701837539672851562e+00 9.064804077148437500e+00 5.413954734802246094e+00 4.966069221496582031e+00 7.212069511413574219e+00
7.509538650512695312e+00 8.582254409790039062e+00 5.838329315185546875e+00 4.890441417694091797e+00 8.746517181396484375e+00 1.163596534729003906e+01 7.944903373718261719e+00 3.792247295379638672e+00 8.370386123657226562e+00 8.876670837402343750e+00 7.100938796997070312e+00 6.272241592407226562e+00 9.034610748291015625e+00 6.542707920074462891e+00 6.918073654174804688e+00 7.342155933380126953e+00 3.942380905151367188e+00 6.931809902191162109e+00 8.498138427734375000e+00 5.626183509826660156e+00
5.626831054687500000e+00 4.814468383789062500e+00 4.044025897979736328e+00 6.377779960632324219e+00 8.516108512878417969e+00 7.698122501373291016e+00 5.605228424072265625e+00 5.639772891998291016e+00 7.920397758483886719e+00 8.738401412963867188e+00 6.762082576751708984e+00 6.930443763732910156e+00 9.469274520874023438e+00 8.544603347778320312e+00 7.808811187744140625e+00 7.236499786376953125e+00 6.764137268066406250e+00 7.901902675628662109e+00 4.431853294372558594e+00 6.197652339935302734e+00
