2019-07-23 22:30:00
4.896214962005615234e+00 5.106343269348144531e+00 5.334756851196289062e+00 2.676476478576660156e+00 3.924018859863281250e+00 2.290482044219970703e+00 4.274212837219238281e+00 2.334758758544921875e+00 5.789279460906982422e+00 8.100362777709960938e+00 5.411096572875976562e+00 3.743917465209960938e+00 5.793227672576904297e+00 3.720592021942138672e+00 4.479784011840820312e+00 5.630030155181884766e+00 9.813334465026855469e+00 3.829087734222412109e+00 2.096390724182128906e+00 3.174041271209716797e+00
6.430616855621337891e+00 5.416458129882812500e+00 5.552396774291992188e+00 4.679575920104980469e+00 4.453338146209716797e+00 3.371901273727416992e+00 4.915330886840820312e+00 3.486429452896118164e+00 3.489987373352050781e+00 4.074781894683837891e+00 3.238389015197753906e+00 4.222444534301757812e+00 4.048581123352050781e+00 3.551895141601562500e+00 4.921879291534423828e+00 3.310256958007812500e+00 6.056863307952880859e+00 8.015382766723632812e+00 4.284980773925781250e+00 4.408539772033691406e+00
7.222339630126953125e+00 1.305585956573486328e+01 9.828201293945312500e+00 6.733008861541748047e+00 6.698468208312988281e+00 7.301131248474121094e+00 1.072969436645507812e+01 3.121281862258911133e+00 4.679769515991210938e+00 2.657088994979858398e+00 6.176860809326171875e+00 5.634010314941406250e+00 3.950070858001708984e+00 2.617733955383300781e+00 4.590393066406250000e+00 3.879395723342895508e+00 6.711511611938476562e+00 4.128431320190429688e+00 5.471896171569824219e+00 5.117574691772460938e+00
3.628959417343139648e+00 8.165091514587402344e+00 5.547490596771240234e+00 7.274112701416015625e+00 3.612905263900756836e+00 3.358162879943847656e+00 4.940896034240722656e+00 4.488624572753906250e+00 3.812270164489746094e+00 8.109972000122070312e+00 4.468452453613281250e+00 6.278138637542724609e+00 4.024965286254882812e+00 4.389211654663085938e+00 1.046484947204589844e+01 3.193873882293701172e+00 3.012474060058593750e+00 8.239839553833007812e+00 2.993486642837524414e+00 4.531373500823974609e+00
3.245529651641845703e+00 2.942601680755615234e+00 3.954597473144531250e+00 4.763656616210937500e+00 5.662551403045654297e+00 8.712023735046386719e+00 4.636594772338867188e+00 7.049382209777832031e+00 1.153296375274658203e+01 5.489235401153564453e+00 9.724588394165039062e+00 6.598013877868652344e+00 5.803094387054443359e+00 4.646317481994628906e+00 3.428889513015747070e+00 4.889683246612548828e+00 2.605174779891967773e+00 7.373256683349609375e+00 4.497770309448242188e+00 4.833652973175048828e+00
4.627171516418457031e+00 5.869328498840332031e+00 6.004895687103271484e+00 4.949550151824951172e+00 7.521363735198974609e+00 7.570161342620849609e+00 2.289477109909057617e+00 6.705346584320068359e+00 5.836934089660644531e+00 3.880952835083007812e+00 3.983140468597412109e+00 5.350794792175292969e+00 6.397478103637695312e+00 4.453352928161621094e+00 3.627203941345214844e+00 6.219997406005859375e+00 4.288604736328125000e+00 8.281953811645507812e+00 1.140835571289062500e+01 3.641203165054321289e+00
6.530174255371093750e+00 7.398124694824218750e+00 5.497860908508300781e+00 8.317625045776367188e+00 5.331951141357421875e+00 7.825655460357666016e+00 3.108695268630981445e+00 4.924296379089355469e+00 4.410300254821777344e+00 4.822422027587890625e+00 3.796440124511718750e+00 2.363845348358154297e+00 1.041502952575683594e+01 6.959183692932128906e+00 3.017273902893066406e+00 4.611411571502685547e+00 2.281075716018676758e+00 3.386116981506347656e+00 8.602806091308593750e+00 7.370379447937011719e+00
7.266043663024902344e+00 6.070208549499511719e+00 3.783004283905029297e+00 8.047181129455566406e+00 7.484308242797851562e+00 5.510545730590820312e+00 3.479975700378417969e+00 4.839910507202148438e+00 4.875106811523437500e+00 4.061422348022460938e+00 3.567800998687744141e+00 3.083108901977539062e+00 6.318542957305908203e+00 7.072473526000976562e+00 4.445209503173828125e+00 3.259244441986083984e+00 7.706030368804931641e+00 3.235249519348144531e+00 1.185668945312500000e+01 2.296691417694091797e+00
4.580643653869628906e+00 2.946691513061523438e+00 6.670380592346191406e+00 7.793916702270507812e+00 8.571992874145507812e+00 5.176882266998291016e+00 2.688943386077880859e+00 3.498708724975585938e+00 1.853595733642578125e+00 5.606492996215820312e+00 4.457488536834716797e+00 4.749945640563964844e+00 4.469628334045410156e+00 7.933286666870117188e+00 6.060975074768066406e+00 4.184438228607177734e+00 7.585771083831787109e+00 5.545914649963378906e+00 2.596520900726318359e+00 3.380108356475830078e+00
7.896620750427246094e+00 7.411971569061279297e+00 3.942209243774414062e+00 2.898501396179199219e+00 3.550667285919189453e+00 2.627939701080322266e+00 3.487350463867187500e+00 3.683869361877441406e+00 7.072836399078369141e+00 8.162437438964843750e+00 7.809310913085937500e+00 3.095210075378417969e+00 5.430043697357177734e+00 4.866374015808105469e+00 2.443004608154296875e+00 3.356768131256103516e+00 3.151997089385986328e+00 3.655659914016723633e+00 2.490677118301391602e+00 5.323623657226562500e+00
3.741539955139160156e+00 3.878814220428466797e+00 4.751241683959960938e+00 2.921506881713867188e+00 3.063468217849731445e+00 3.134046554565429688e+00 4.152791023254394531e+00 1.434795141220092773e+00 4.217033863067626953e+00 4.823676109313964844e+00 4.121497154235839844e+00 5.166249752044677734e+00 8.185070037841796875e+00 8.171591758728027344e+00 5.149662971496582031e+00 3.451774835586547852e+00 3.893204689025878906e+00 1.131936740875244141e+01 4.086338996887207031e+00 6.095314979553222656e+00
2.887827396392822266e+00 4.647496223449707031e+00 3.197534561157226562e+00 2.632811784744262695e+00 2.773134469985961914e+00 3.840656042098999023e+00 4.513309478759765625e+00 4.713194847106933594e+00 2.646207332611083984e+00 3.162875890731811523e+00 2.462430000305175781e+00 4.371427536010742188e+00 4.099201202392578125e+00 4.473008155822753906e+00 3.361073255538940430e+00 7.246608734130859375e+00 3.037685394287109375e+00 3.642957925796508789e+00 3.904657363891601562e+00 3.366214275360107422e+00
4.128199100494384766e+00 4.346748352050781250e+00 3.119076490402221680e+00 4.701530456542968750e+00 4.799696445465087891e+00 3.138825654983520508e+00 3.281812191009521484e+00 3.354703426361083984e+00 4.531682014465332031e+00 6.303741931915283203e+00 3.676987409591674805e+00 4.442946434020996094e+00 5.623070240020751953e+00 3.544565677642822266e+00 4.003038406372070312e+00 2.854013442993164062e+00 4.608898162841796875e+00 3.070024728775024414e+00 6.999810218811035156e+00 2.909530162811279297e+00
4.276051044464111328e+00 2.446099281311035156e+00 2.915356159210205078e+00 4.260057926177978516e+00 3.728922843933105469e+00 2.711500644683837891e+00 2.833976984024047852e+00 3.115521907806396484e+00 2.998641967773437500e+00 2.781009674072265625e+00 3.407393932342529297e+00 3.678220510482788086e+00 4.319245815277099609e+00 3.456171512603759766e+00 1.825068950653076172e+00 4.156753540039062500e+00 3.447577953338623047e+00 3.811547756195068359e+00 4.659354209899902344e+00 4.049103736877441406e+00
3.918054580688476562e+00 4.238257408142089844e+00 4.486832618713378906e+00 4.184548377990722656e+00 2.866761684417724609e+00 2.313195466995239258e+00 3.981977939605712891e+00 3.991454362869262695e+00 2.647404670715332031e+00 4.511228561401367188e+00 3.844021797180175781e+00 5.477699279785156250e+00 4.007679939270019531e+00 4.567116260528564453e+00 2.021696090698242188e+00 3.270415306091308594e+00 2.951755523681640625e+00 4.207822799682617188e+00 3.388753175735473633e+00 7.493868827819824219e+00
3.664641618728637695e+00 4.006579399108886719e+00 3.111545085906982422e+00 3.219161272048950195e+00 4.435893058776855469e+00 3.484869480133056641e+00 2.808931350708007812e+00 4.144651412963867188e+00 4.985289096832275391e+00 3.821675062179565430e+00 3.263381481170654297e+00 4.266577720642089844e+00 4.700027942657470703e+00 3.466080665588378906e+00 3.509225368499755859e+00 2.701235771179199219e+00 2.686528205871582031e+00 3.782322406768798828e+00 2.997247219085693359e+00 6.091595649719238281e+00
2.522285938262939453e+00 3.950448513031005859e+00 5.811097145080566406e+00 2.788495540618896484e+00 8.007827758789062500e+00 2.383349418640136719e+00 3.450960159301757812e+00 4.765794277191162109e+00 3.155833244323730469e+00 2.499001502990722656e+00 4.107099533081054688e+00 3.674284219741821289e+00 3.285346508026123047e+00 4.017906665802001953e+00 4.329187393188476562e+00 4.033730506896972656e+00 3.634250879287719727e+00 2.787984371185302734e+00 4.316027641296386719e+00 5.598649501800537109e+00
3.202913761138916016e+00 3.708893060684204102e+00 3.320538282394409180e+00 6.615821838378906250e+00 4.944272994995117188e+00 4.401080131530761719e+00 3.563724040985107422e+00 3.923895597457885742e+00 5.116485595703125000e+00 6.120710372924804688e+00 4.733450889587402344e+00 5.237141132354736328e+00 5.213135242462158203e+00 3.350105524063110352e+00 3.533275127410888672e+00 3.724479198455810547e+00 4.950427055358886719e+00 6.020069122314453125e+00 3.494294404983520508e+00 2.996698617935180664e+00
3.917459249496459961e+00 3.696191072463989258e+00 4.404914379119873047e+00 2.826781272888183594e+00 5.283197879791259766e+00 4.793279170989990234e+00 4.985670089721679688e+00 4.685669422149658203e+00 4.722141265869140625e+00 5.254082679748535156e+00 5.330291271209716797e+00 7.511783599853515625e+00 3.333809852600097656e+00 3.798691034317016602e+00 3.072523117065429688e+00 3.531229972839355469e+00 6.370333194732666016e+00 2.790243387222290039e+00 5.465663909912109375e+00 3.824857473373413086e+00
3.206376075744628906e+00 7.512042999267578125e+00 2.865235328674316406e+00 5.964695930480957031e+00 5.284532546997070312e+00 4.616904735565185547e+00 4.335989952087402344e+00 6.456800937652587891e+00 6.074032783508300781e+00 8.501329421997070312e+00 8.048248291015625000e+00 5.751088142395019531e+00 5.172564506530761719e+00 3.172002315521240234e+00 9.148391723632812500e+00 3.717229127883911133e+00 3.637893676757812500e+00 6.275617599487304688e+00 4.841993808746337891e+00 2.613843917846679688e+00
