2019-07-23 22:45:00
8.968297004699707031e+00 6.298716545104980469e+00 9.141986846923828125e+00 7.599102973937988281e+00 3.092533826828002930e+00 3.728447437286376953e+00 4.946874618530273438e+00 3.755155324935913086e+00 5.520026683807373047e+00 6.759819030761718750e+00 4.568669795989990234e+00 3.999373912811279297e+00 4.113735198974609375e+00 6.214497566223144531e+00 3.846112251281738281e+00 9.669645309448242188e+00 1.015865421295166016e+01 4.118270874023437500e+00 5.408718109130859375e+00 2.912472009658813477e+00
8.878948211669921875e+00 1.242054939270019531e+01 9.950064659118652344e+00 7.812802791595458984e+00 1.330824851989746094e+01 6.357674598693847656e+00 5.623222827911376953e+00 3.249694824218750000e+00 6.203515052795410156e+00 4.610067844390869141e+00 4.630441665649414062e+00 5.412668228149414062e+00 5.117914676666259766e+00 4.801253318786621094e+00 5.205631256103515625e+00 3.941766738891601562e+00 6.046293258666992188e+00 7.004962921142578125e+00 5.725981712341308594e+00 4.597968578338623047e+00
6.715555191040039062e+00 9.696241378784179688e+00 9.963067054748535156e+00 6.720771789550781250e+00 8.606296539306640625e+00 1.026651191711425781e+01 5.564242362976074219e+00 5.493032455444335938e+00 4.879402637481689453e+00 4.502101898193359375e+00 7.296154022216796875e+00 7.689793586730957031e+00 5.001312255859375000e+00 6.609620571136474609e+00 7.682600021362304688e+00 4.558688163757324219e+00 9.347148895263671875e+00 5.976699829101562500e+00 4.397925376892089844e+00 3.362679004669189453e+00
3.670713424682617188e+00 3.877923727035522461e+00 7.257471084594726562e+00 5.924564838409423828e+00 5.112657546997070312e+00 5.019071102142333984e+00 6.332115173339843750e+00 5.064354896545410156e+00 4.918628692626953125e+00 8.612867355346679688e+00 1.064570426940917969e+01 6.536108970642089844e+00 2.992213249206542969e+00 3.782732486724853516e+00 9.000901222229003906e+00 4.960681915283203125e+00 6.966732978820800781e+00 4.774560928344726562e+00 3.496018409729003906e+00 3.715414762496948242e+00
4.319723129272460938e+00 4.504143714904785156e+00 4.909242630004882812e+00 3.457912683486938477e+00 4.565268516540527344e+00 7.507820129394531250e+00 6.820858001708984375e+00 5.679755687713623047e+00 8.364138603210449219e+00 1.040662574768066406e+01 8.693478584289550781e+00 5.527256011962890625e+00 9.295259475708007812e+00 4.973773002624511719e+00 7.165940761566162109e+00 4.942890644073486328e+00 4.817276477813720703e+00 5.902750968933105469e+00 5.987454891204833984e+00 4.324344635009765625e+00
5.523781776428222656e+00 5.114142417907714844e+00 5.192350387573242188e+00 9.027825355529785156e+00 1.049863052368164062e+01 7.335108757019042969e+00 6.923220634460449219e+00 9.658658981323242188e+00 7.987503051757812500e+00 5.251704216003417969e+00 4.526405811309814453e+00 5.428210735321044922e+00 5.316864490509033203e+00 3.767436265945434570e+00 5.606781482696533203e+00 7.646258354187011719e+00 4.725272178649902344e+00 7.800892829895019531e+00 6.279553413391113281e+00 4.024172306060791016e+00
9.160995483398437500e+00 8.532164573669433594e+00 1.019595623016357422e+01 4.858025550842285156e+00 8.519922256469726562e+00 9.258029937744140625e+00 7.152149677276611328e+00 4.841778278350830078e+00 5.982873916625976562e+00 3.447559356689453125e+00 6.288528442382812500e+00 5.477319240570068359e+00 1.010545349121093750e+01 6.990002632141113281e+00 3.462303161621093750e+00 6.307118892669677734e+00 4.458934783935546875e+00 6.045882225036621094e+00 6.346930980682373047e+00 4.248129367828369141e+00
3.038447856903076172e+00 8.003822326660156250e+00 5.243548393249511719e+00 5.552886962890625000e+00 8.557725906372070312e+00 6.921786308288574219e+00 4.866967678070068359e+00 5.050424575805664062e+00 6.211618423461914062e+00 5.609760284423828125e+00 8.247462272644042969e+00 4.531585216522216797e+00 9.291187286376953125e+00 9.632307052612304688e+00 4.302358627319335938e+00 4.222983360290527344e+00 6.656062126159667969e+00 5.335023403167724609e+00 6.339735984802246094e+00 5.165959358215332031e+00
5.474946975708007812e+00 5.556096076965332031e+00 9.404027938842773438e+00 6.449452400207519531e+00 1.028492927551269531e+01 4.510551452636718750e+00 3.923006772994995117e+00 4.115588665008544922e+00 4.928880691528320312e+00 9.732868194580078125e+00 5.639695167541503906e+00 4.335573196411132812e+00 5.533782958984375000e+00 5.812836170196533203e+00 3.368091106414794922e+00 5.215457916259765625e+00 4.854692459106445312e+00 6.669197559356689453e+00 5.175780773162841797e+00 5.912573337554931641e+00
6.972597122192382812e+00 5.535267829895019531e+00 6.648476123809814453e+00 3.855117321014404297e+00 4.373188972473144531e+00 4.982611656188964844e+00 6.219829082489013672e+00 3.831271648406982422e+00 4.128263950347900391e+00 1.142197227478027344e+01 7.433051109313964844e+00 3.170025825500488281e+00 6.125788211822509766e+00 6.320403099060058594e+00 4.468169212341308594e+00 4.799916744232177734e+00 9.000194549560546875e+00 5.414052963256835938e+00 4.157284259796142578e+00 5.453148365020751953e+00
4.305852890014648438e+00 4.290205955505371094e+00 4.233073234558105469e+00 4.626520156860351562e+00 4.585497856140136719e+00 5.864408493041992188e+00 6.278479576110839844e+00 3.740978956222534180e+00 5.342198371887207031e+00 5.656090736389160156e+00 5.395442485809326172e+00 6.525517463684082031e+00 7.737756729125976562e+00 6.161808013916015625e+00 4.677279472351074219e+00 5.303160667419433594e+00 3.192666530609130859e+00 1.181195735931396484e+01 5.448156356811523438e+00 6.176283836364746094e+00
4.925878524780273438e+00 3.803155422210693359e+00 4.735573768615722656e+00 7.139363288879394531e+00 4.410922527313232422e+00 4.965905189514160156e+00 4.751658916473388672e+00 6.537666320800781250e+00 4.134373664855957031e+00 4.692821502685546875e+00 6.657692909240722656e+00 6.394104480743408203e+00 1.016306304931640625e+01 4.483710765838623047e+00 4.891751289367675781e+00 8.647087097167968750e+00 4.155833721160888672e+00 8.196393013000488281e+00 6.089576721191406250e+00 4.783013820648193359e+00
5.572774887084960938e+00 4.549877166748046875e+00 5.048602581024169922e+00 7.426387310028076172e+00 5.006221294403076172e+00 7.909049034118652344e+00 4.518354892730712891e+00 3.852937698364257812e+00 5.041545867919921875e+00 5.020147800445556641e+00 4.076177597045898438e+00 4.544198036193847656e+00 5.394316196441650391e+00 6.800480842590332031e+00 4.660180091857910156e+00 3.037585496902465820e+00 4.498174190521240234e+00 5.392308235168457031e+00 5.799708366394042969e+00 5.340009689331054688e+00
5.300198078155517578e+00 7.435589790344238281e+00 5.810951709747314453e+00 4.267146587371826172e+00 7.258154869079589844e+00 3.203390121459960938e+00 5.362762451171875000e+00 3.778103590011596680e+00 3.458459615707397461e+00 6.478590488433837891e+00 5.056596755981445312e+00 3.166059970855712891e+00 7.564903259277343750e+00 3.529602050781250000e+00 4.582906246185302734e+00 6.212765693664550781e+00 6.837535858154296875e+00 4.883650779724121094e+00 4.376591682434082031e+00 7.557482719421386719e+00
6.246295928955078125e+00 5.055923938751220703e+00 5.693384170532226562e+00 7.213938713073730469e+00 4.143807411193847656e+00 5.741846084594726562e+00 6.025613307952880859e+00 4.536798000335693359e+00 5.690464019775390625e+00 3.450863838195800781e+00 6.892253875732421875e+00 5.655829429626464844e+00 3.371095180511474609e+00 4.511775016784667969e+00 6.747406005859375000e+00 5.639018058776855469e+00 5.651396751403808594e+00 6.225456237792968750e+00 4.040191173553466797e+00 6.346669673919677734e+00
3.573679924011230469e+00 4.150160312652587891e+00 5.883725166320800781e+00 4.020444869995117188e+00 6.066832542419433594e+00 6.807153224945068359e+00 6.093829631805419922e+00 3.779045581817626953e+00 5.941912651062011719e+00 3.312621831893920898e+00 4.408009529113769531e+00 4.580317497253417969e+00 7.818262577056884766e+00 6.112823963165283203e+00 5.555063724517822266e+00 4.598336219787597656e+00 4.155894279479980469e+00 4.150949478149414062e+00 3.151780366897583008e+00 6.171275138854980469e+00
5.065562248229980469e+00 5.442926406860351562e+00 3.880947589874267578e+00 6.856255531311035156e+00 8.397903442382812500e+00 5.154649734497070312e+00 4.880412101745605469e+00 3.308669090270996094e+00 4.447708129882812500e+00 3.795750617980957031e+00 5.511168479919433594e+00 3.484754800796508789e+00 6.086706161499023438e+00 4.321463584899902344e+00 4.673006534576416016e+00 5.265936374664306641e+00 4.646679878234863281e+00 5.214727878570556641e+00 5.320576667785644531e+00 7.855082511901855469e+00
2.905281066894531250e+00 3.674851655960083008e+00 4.336111545562744141e+00 6.357933521270751953e+00 5.436942577362060547e+00 4.177889823913574219e+00 5.250492095947265625e+00 8.426844596862792969e+00 6.327305793762207031e+00 6.131348609924316406e+00 5.102002143859863281e+00 4.033767700195312500e+00 6.692802429199218750e+00 6.857023239135742188e+00 6.777269363403320312e+00 5.865039825439453125e+00 8.597255706787109375e+00 5.990807533264160156e+00 3.597213983535766602e+00 4.266033172607421875e+00
6.533187866210937500e+00 4.525852203369140625e+00 4.121190547943115234e+00 6.142708778381347656e+00 7.276302337646484375e+00 7.819264411926269531e+00 9.526856422424316406e+00 3.213334560394287109e+00 8.136245727539062500e+00 4.645697116851806641e+00 5.883077621459960938e+00 5.861298561096191406e+00 7.405725002288818359e+00 5.598252773284912109e+00 7.133154869079589844e+00 4.289945602416992188e+00 5.754501342773437500e+00 5.173069000244140625e+00 7.837429046630859375e+00 6.110086441040039062e+00
6.756134986877441406e+00 7.309389114379882812e+00 3.362970352172851562e+00 6.778446197509765625e+00 5.795741558074951172e+00 6.930327892303466797e+00 9.575067520141601562e+00 5.592267036437988281e+00 8.425313949584960938e+00 6.663399696350097656e+00 4.828730583190917969e+00 1.161495304107666016e+01 9.669445991516113281e+00 8.455308914184570312e+00 5.402942657470703125e+00 6.356906890869140625e+00 3.524946212768554688e+00 3.814583063125610352e+00 6.372296810150146484e+00 3.787237882614135742e+00
