2019-07-23 23:30:00
6.984343528747558594e+00 7.280807018280029297e+00 7.025800704956054688e+00 6.170760154724121094e+00 5.540860176086425781e+00 5.704949855804443359e+00 4.249308586120605469e+00 4.577446937561035156e+00 1.106657886505126953e+01 4.308407783508300781e+00 3.550191879272460938e+00 4.570981502532958984e+00 5.823616504669189453e+00 5.559080600738525391e+00 3.644596099853515625e+00 6.669810295104980469e+00 5.127116680145263672e+00 4.673604011535644531e+00 4.614041805267333984e+00 3.623790264129638672e+00
5.851016521453857422e+00 7.355110168457031250e+00 6.003801345825195312e+00 9.488653182983398438e+00 7.303075313568115234e+00 6.897145271301269531e+00 5.391581535339355469e+00 4.003042697906494141e+00 4.869356155395507812e+00 3.352973937988281250e+00 4.845845699310302734e+00 3.680007934570312500e+00 4.595130920410156250e+00 7.645546913146972656e+00 4.900148391723632812e+00 5.038646221160888672e+00 7.830283164978027344e+00 7.297734260559082031e+00 6.035646438598632812e+00 5.330595970153808594e+00
7.812381744384765625e+00 5.508938789367675781e+00 7.931853771209716797e+00 4.747889518737792969e+00 9.576602935791015625e+00 7.065644741058349609e+00 6.454655647277832031e+00 4.801817417144775391e+00 3.934954166412353516e+00 4.858047485351562500e+00 9.579750061035156250e+00 5.672569274902343750e+00 4.001130104064941406e+00 6.698493480682373047e+00 6.689373016357421875e+00 5.702367782592773438e+00 7.927940368652343750e+00 6.677822113037109375e+00 5.912000179290771484e+00 4.478488922119140625e+00
6.658462524414062500e+00 6.703108310699462891e+00 6.492508411407470703e+00 6.251119136810302734e+00 5.124983310699462891e+00 4.788537979125976562e+00 2.985828399658203125e+00 4.002476215362548828e+00 1.847880840301513672e+00 6.504164218902587891e+00 8.709053039550781250e+00 7.087681770324707031e+00 6.132613182067871094e+00 4.832790851593017578e+00 1.032533168792724609e+01 7.350089550018310547e+00 3.492620229721069336e+00 5.342180252075195312e+00 5.693421840667724609e+00 4.347645759582519531e+00
4.410955429077148438e+00 3.820983886718750000e+00 4.552888870239257812e+00 3.683819532394409180e+00 4.917152404785156250e+00 7.701205253601074219e+00 3.943289756774902344e+00 7.851117610931396484e+00 9.097076416015625000e+00 9.263822555541992188e+00 7.948704719543457031e+00 4.742282390594482422e+00 1.194092750549316406e+01 4.253008365631103516e+00 5.787720680236816406e+00 7.814335823059082031e+00 5.040552139282226562e+00 6.876005172729492188e+00 3.876164913177490234e+00 4.224632740020751953e+00
9.054238319396972656e+00 6.785802841186523438e+00 7.709730148315429688e+00 7.837519645690917969e+00 6.374386310577392578e+00 6.014883041381835938e+00 5.892676830291748047e+00 8.735260009765625000e+00 8.643131256103515625e+00 5.436706542968750000e+00 5.559776306152343750e+00 4.643229484558105469e+00 5.265903472900390625e+00 4.889796733856201172e+00 4.569958209991455078e+00 6.784255504608154297e+00 4.382925033569335938e+00 1.058868598937988281e+01 5.838069915771484375e+00 4.218934535980224609e+00
6.875185012817382812e+00 9.737342834472656250e+00 5.399752616882324219e+00 9.633148193359375000e+00 7.072239398956298828e+00 7.352119922637939453e+00 7.056599617004394531e+00 4.212853431701660156e+00 4.799287796020507812e+00 3.227495670318603516e+00 7.292652606964111328e+00 4.916587829589843750e+00 7.631659507751464844e+00 7.267886161804199219e+00 5.221405029296875000e+00 5.339692115783691406e+00 6.199917793273925781e+00 6.514082431793212891e+00 6.083084583282470703e+00 7.377385139465332031e+00
3.854193449020385742e+00 8.265110015869140625e+00 9.201822280883789062e+00 9.314288139343261719e+00 7.012232303619384766e+00 7.798277378082275391e+00 4.834366798400878906e+00 3.753504276275634766e+00 5.858461380004882812e+00 9.640775680541992188e+00 8.389207839965820312e+00 6.592491149902343750e+00 7.414711475372314453e+00 5.600311756134033203e+00 5.417969703674316406e+00 2.283885955810546875e+00 3.872059583663940430e+00 7.727272987365722656e+00 7.409112930297851562e+00 4.861818790435791016e+00
6.806316852569580078e+00 1.268458080291748047e+01 9.965516090393066406e+00 1.282441329956054688e+01 8.877104759216308594e+00 6.328400611877441406e+00 7.999355316162109375e+00 5.856070518493652344e+00 7.017308235168457031e+00 6.719047069549560547e+00 6.971188545227050781e+00 6.998983383178710938e+00 9.623399734497070312e+00 6.921940803527832031e+00 6.190651416778564453e+00 6.186244010925292969e+00 6.141967773437500000e+00 3.768798112869262695e+00 6.673661708831787109e+00 7.370835304260253906e+00
9.291379928588867188e+00 1.043564033508300781e+01 6.883862972259521484e+00 5.103729248046875000e+00 7.798318386077880859e+00 7.420584678649902344e+00 7.368911743164062500e+00 6.947688102722167969e+00 8.172882080078125000e+00 6.203473091125488281e+00 4.161690235137939453e+00 8.500968933105468750e+00 6.812868595123291016e+00 6.129974842071533203e+00 5.026719570159912109e+00 4.039505004882812500e+00 6.149932861328125000e+00 4.730183601379394531e+00 4.485196113586425781e+00 3.715101003646850586e+00
4.758887290954589844e+00 7.440115451812744141e+00 6.442156791687011719e+00 8.091608047485351562e+00 7.783477783203125000e+00 5.984802246093750000e+00 6.351700782775878906e+00 3.429507017135620117e+00 4.419541358947753906e+00 6.307100296020507812e+00 6.222633838653564453e+00 5.419832229614257812e+00 4.667148113250732422e+00 4.000569343566894531e+00 4.989142894744873047e+00 5.367794036865234375e+00 4.546715259552001953e+00 1.187957000732421875e+01 7.106153964996337891e+00 8.551879882812500000e+00
4.615946769714355469e+00 6.493396759033203125e+00 5.254537105560302734e+00 7.206262588500976562e+00 8.643273353576660156e+00 5.280417919158935547e+00 5.321575164794921875e+00 4.272966384887695312e+00 2.596266746520996094e+00 4.556692123413085938e+00 6.134339332580566406e+00 6.061337471008300781e+00 1.308048439025878906e+01 4.188125610351562500e+00 6.712369918823242188e+00 7.706473827362060547e+00 2.439962148666381836e+00 4.212803840637207031e+00 6.746169090270996094e+00 5.920129299163818359e+00
5.240975856781005859e+00 7.950261116027832031e+00 9.656599044799804688e+00 5.975359916687011719e+00 6.671850204467773438e+00 4.252580642700195312e+00 4.299504280090332031e+00 3.367118597030639648e+00 4.654536724090576172e+00 4.237845897674560547e+00 6.476845741271972656e+00 6.914674758911132812e+00 8.917128562927246094e+00 4.912197113037109375e+00 7.960048675537109375e+00 4.551837921142578125e+00 6.308793067932128906e+00 4.927031993865966797e+00 5.660766601562500000e+00 6.613225936889648438e+00
8.476867675781250000e+00 6.230540275573730469e+00 6.724520683288574219e+00 6.974851608276367188e+00 3.407543182373046875e+00 2.320514202117919922e+00 2.494693994522094727e+00 3.011148929595947266e+00 3.965022802352905273e+00 3.395417213439941406e+00 3.698768138885498047e+00 8.145006179809570312e+00 7.224423408508300781e+00 8.755007743835449219e+00 6.692348957061767578e+00 7.053501129150390625e+00 7.460849761962890625e+00 5.537206649780273438e+00 7.118206977844238281e+00 4.575854301452636719e+00
3.945538997650146484e+00 5.229011535644531250e+00 3.412627220153808594e+00 3.985435485839843750e+00 2.129374504089355469e+00 2.800221920013427734e+00 2.253493785858154297e+00 4.056716442108154297e+00 2.254365205764770508e+00 4.678929328918457031e+00 4.374706268310546875e+00 8.670339584350585938e+00 8.599905014038085938e+00 6.862106800079345703e+00 4.743737220764160156e+00 7.454040527343750000e+00 9.064933776855468750e+00 5.806611061096191406e+00 5.387849807739257812e+00 4.899530410766601562e+00
7.719800472259521484e+00 3.117314577102661133e+00 3.891163825988769531e+00 3.950625419616699219e+00 2.449474334716796875e+00 1.814536809921264648e+00 3.335880279541015625e+00 4.226650238037109375e+00 3.910973548889160156e+00 3.318276882171630859e+00 5.624215602874755859e+00 7.601617813110351562e+00 9.251367568969726562e+00 7.153947830200195312e+00 4.547887802124023438e+00 7.587196350097656250e+00 4.337409496307373047e+00 2.567743539810180664e+00 3.753467082977294922e+00 7.206697463989257812e+00
6.531392574310302734e+00 4.870618343353271484e+00 7.539626121520996094e+00 3.132872581481933594e+00 7.935400009155273438e+00 2.768816471099853516e+00 2.568710803985595703e+00 4.033735275268554688e+00 4.099959373474121094e+00 6.608427047729492188e+00 4.893879890441894531e+00 5.053143024444580078e+00 5.879597663879394531e+00 5.837657928466796875e+00 3.858639240264892578e+00 5.528413295745849609e+00 5.881400108337402344e+00 6.671379566192626953e+00 3.734458923339843750e+00 5.196533203125000000e+00
4.549789428710937500e+00 5.105617523193359375e+00 5.373667716979980469e+00 7.678650856018066406e+00 9.692189216613769531e+00 5.844112396240234375e+00 8.066970825195312500e+00 3.428155422210693359e+00 7.151066780090332031e+00 7.071402549743652344e+00 4.758370399475097656e+00 4.879440307617187500e+00 4.131460189819335938e+00 4.903101921081542969e+00 5.162125110626220703e+00 4.334485054016113281e+00 7.513829708099365234e+00 1.070853805541992188e+01 4.922535896301269531e+00 5.985188484191894531e+00
5.541753768920898438e+00 8.424871444702148438e+00 8.548942565917968750e+00 9.398576736450195312e+00 5.284461975097656250e+00 6.999424457550048828e+00 7.089291572570800781e+00 6.612362861633300781e+00 7.852231025695800781e+00 8.520920753479003906e+00 8.184173583984375000e+00 7.823226451873779297e+00 5.444824695587158203e+00 5.111006736755371094e+00 7.869755268096923828e+00 5.477778911590576172e+00 6.024891376495361328e+00 4.445770740509033203e+00 6.980922698974609375e+00 4.969455242156982422e+00
5.559956550598144531e+00 6.914975166320800781e+00 5.701124191284179688e+00 6.464143753051757812e+00 7.049020767211914062e+00 7.545430183410644531e+00 8.044115066528320312e+00 5.572125434875488281e+00 7.717641353607177734e+00 5.886144161224365234e+00 8.945458412170410156e+00 8.347211837768554688e+00 8.350174903869628906e+00 4.962594032287597656e+00 6.659938812255859375e+00 4.410958290100097656e+00 6.930645465850830078e+00 5.878793716430664062e+00 7.877227306365966797e+00 3.513854026794433594e+00
