2019-07-23 23:45:00
4.570620536804199219e+00 7.185115814208984375e+00 5.571866035461425781e+00 4.557750701904296875e+00 6.645904064178466797e+00 4.824540138244628906e+00 5.195530414581298828e+00 3.569489240646362305e+00 7.353767395019531250e+00 5.429077148437500000e+00 4.793299198150634766e+00 4.144255638122558594e+00 8.157171249389648438e+00 4.358928680419921875e+00 4.183955192565917969e+00 7.974796772003173828e+00 6.106133460998535156e+00 5.148656845092773438e+00 3.518457889556884766e+00 4.406679630279541016e+00
6.133590698242187500e+00 9.469748497009277344e+00 5.809050559997558594e+00 4.402032375335693359e+00 6.048781871795654297e+00 4.057694435119628906e+00 3.556683540344238281e+00 4.377666473388671875e+00 3.264677524566650391e+00 3.525056838989257812e+00 4.064750671386718750e+00 3.979558229446411133e+00 4.883645057678222656e+00 5.040481090545654297e+00 4.784554004669189453e+00 4.284953594207763672e+00 6.989241600036621094e+00 7.223883628845214844e+00 4.161992549896240234e+00 2.308685779571533203e+00
9.063140869140625000e+00 1.044587516784667969e+01 7.732911109924316406e+00 1.034171009063720703e+01 4.736607551574707031e+00 5.939102172851562500e+00 9.419096946716308594e+00 3.790131568908691406e+00 2.843325138092041016e+00 2.642326354980468750e+00 4.378439426422119141e+00 6.599401473999023438e+00 3.657589435577392578e+00 6.643685817718505859e+00 6.823919296264648438e+00 3.436528682708740234e+00 1.034423637390136719e+01 3.989166975021362305e+00 5.218644618988037109e+00 6.216041564941406250e+00
2.702017307281494141e+00 7.786682128906250000e+00 3.648939132690429688e+00 7.287776947021484375e+00 2.695209980010986328e+00 2.952817678451538086e+00 3.657434701919555664e+00 4.618700027465820312e+00 4.125740528106689453e+00 1.026969909667968750e+01 8.115887641906738281e+00 5.474333763122558594e+00 3.965573310852050781e+00 3.695679664611816406e+00 1.064508438110351562e+01 4.455611228942871094e+00 4.354273796081542969e+00 2.582262516021728516e+00 5.871243476867675781e+00 2.920415639877319336e+00
5.380294799804687500e+00 4.704831123352050781e+00 4.631973743438720703e+00 3.760547161102294922e+00 3.148283958435058594e+00 6.965688705444335938e+00 4.286359310150146484e+00 5.866716861724853516e+00 4.252044677734375000e+00 6.703321456909179688e+00 3.649153232574462891e+00 3.567951440811157227e+00 9.530753135681152344e+00 3.285197734832763672e+00 7.740237236022949219e+00 7.635836124420166016e+00 5.071430683135986328e+00 5.433061122894287109e+00 7.218443393707275391e+00 5.499344348907470703e+00
6.484635829925537109e+00 3.777621746063232422e+00 7.207121849060058594e+00 6.247426509857177734e+00 7.842110157012939453e+00 7.218182563781738281e+00 3.826781272888183594e+00 1.117236518859863281e+01 4.775681495666503906e+00 7.873553752899169922e+00 6.138823509216308594e+00 7.333438873291015625e+00 6.493338584899902344e+00 4.513086318969726562e+00 3.995960474014282227e+00 4.261942863464355469e+00 4.752525806427001953e+00 8.061152458190917969e+00 7.763679504394531250e+00 4.896834373474121094e+00
4.954997539520263672e+00 5.821537017822265625e+00 7.536525726318359375e+00 1.017967414855957031e+01 5.726167678833007812e+00 9.449983596801757812e+00 4.224958419799804688e+00 8.306344985961914062e+00 4.044321060180664062e+00 2.817347288131713867e+00 6.487669944763183594e+00 5.794288635253906250e+00 5.076582908630371094e+00 6.129439353942871094e+00 5.526947021484375000e+00 7.932935714721679688e+00 4.547062397003173828e+00 3.748017787933349609e+00 8.568965911865234375e+00 5.788094997406005859e+00
4.598605632781982422e+00 7.151927947998046875e+00 4.455046653747558594e+00 3.929344654083251953e+00 8.983963966369628906e+00 8.271855354309082031e+00 4.995266914367675781e+00 6.164880752563476562e+00 3.009766101837158203e+00 8.010051727294921875e+00 6.270435810089111328e+00 6.284607887268066406e+00 1.124586486816406250e+01 9.529303550720214844e+00 4.308787345886230469e+00 5.107308864593505859e+00 5.047571182250976562e+00 5.023831367492675781e+00 9.164049148559570312e+00 3.028381109237670898e+00
5.543427944183349609e+00 9.162466049194335938e+00 9.243247985839843750e+00 7.425424575805664062e+00 1.014941978454589844e+01 5.930745124816894531e+00 6.985034465789794922e+00 3.473629951477050781e+00 5.656121253967285156e+00 5.046571731567382812e+00 7.782286643981933594e+00 7.132258892059326172e+00 9.216707229614257812e+00 4.396661758422851562e+00 3.756447315216064453e+00 3.879620313644409180e+00 7.322795391082763672e+00 4.794180393218994141e+00 3.091051578521728516e+00 5.043435573577880859e+00
7.854568004608154297e+00 9.104531288146972656e+00 7.474517345428466797e+00 5.347290992736816406e+00 8.705469131469726562e+00 4.606791019439697266e+00 4.172963619232177734e+00 6.223578929901123047e+00 6.411502838134765625e+00 9.709751129150390625e+00 5.370709419250488281e+00 6.460406780242919922e+00 6.501169204711914062e+00 6.006401538848876953e+00 5.810400485992431641e+00 4.938073158264160156e+00 7.877406120300292969e+00 4.657131671905517578e+00 4.542037963867187500e+00 5.357375144958496094e+00
6.078968524932861328e+00 8.042366027832031250e+00 6.393339633941650391e+00 7.624055862426757812e+00 1.015892314910888672e+01 5.332735538482666016e+00 5.251981735229492188e+00 4.750666141510009766e+00 4.208082675933837891e+00 5.358667373657226562e+00 3.978116273880004883e+00 4.368786811828613281e+00 4.833997726440429688e+00 3.708887577056884766e+00 6.506286621093750000e+00 3.431256532669067383e+00 4.538681507110595703e+00 1.041720390319824219e+01 2.675812244415283203e+00 5.044123172760009766e+00
5.024896144866943359e+00 5.641520023345947266e+00 1.143177795410156250e+01 4.445074081420898438e+00 5.640104770660400391e+00 4.895113945007324219e+00 3.952383518218994141e+00 3.167284727096557617e+00 3.293668746948242188e+00 2.432251930236816406e+00 3.454461574554443359e+00 6.541240692138671875e+00 5.292302131652832031e+00 4.651492118835449219e+00 5.695806026458740234e+00 1.199161529541015625e+01 5.523691654205322266e+00 3.045803546905517578e+00 3.611528635025024414e+00 5.253775119781494141e+00
4.944012641906738281e+00 4.088280200958251953e+00 5.540485382080078125e+00 4.139821052551269531e+00 4.108880996704101562e+00 3.468888282775878906e+00 3.674333810806274414e+00 3.402243852615356445e+00 3.157718181610107422e+00 2.918501853942871094e+00 3.524229049682617188e+00 6.510050296783447266e+00 6.852889060974121094e+00 6.428532123565673828e+00 4.566679000854492188e+00 4.841601371765136719e+00 5.350359916687011719e+00 3.650184631347656250e+00 7.086221694946289062e+00 3.542922735214233398e+00
3.993546724319458008e+00 4.022577762603759766e+00 4.757544994354248047e+00 3.811259746551513672e+00 3.563429355621337891e+00 3.694104194641113281e+00 2.919713020324707031e+00 2.637123823165893555e+00 2.829806804656982422e+00 3.275434970855712891e+00 2.900550127029418945e+00 6.178800582885742188e+00 2.956508159637451172e+00 3.616237163543701172e+00 4.774157524108886719e+00 3.525002241134643555e+00 5.441386699676513672e+00 5.767271995544433594e+00 3.809560298919677734e+00 5.901241302490234375e+00
4.611120700836181641e+00 3.785652160644531250e+00 4.991619110107421875e+00 2.422709941864013672e+00 2.170967817306518555e+00 2.753995418548583984e+00 2.392072439193725586e+00 2.191013097763061523e+00 2.229442596435546875e+00 2.478861331939697266e+00 3.798046588897705078e+00 3.366445064544677734e+00 4.099098205566406250e+00 5.266116619110107422e+00 5.523646831512451172e+00 5.047957897186279297e+00 5.486748218536376953e+00 4.680037498474121094e+00 5.087012767791748047e+00 6.641420364379882812e+00
6.688182830810546875e+00 6.388393402099609375e+00 4.477960109710693359e+00 3.438939094543457031e+00 2.803328514099121094e+00 9.932996034622192383e-01 3.045648097991943359e+00 2.748387336730957031e+00 2.228268384933471680e+00 2.869538068771362305e+00 2.806621074676513672e+00 5.866209506988525391e+00 3.015247344970703125e+00 5.703488349914550781e+00 3.578182220458984375e+00 3.544607400894165039e+00 6.809078216552734375e+00 4.436100006103515625e+00 3.193288803100585938e+00 9.141958236694335938e+00
3.757112503051757812e+00 5.477518081665039062e+00 9.256584167480468750e+00 4.023558139801025391e+00 7.453644752502441406e+00 2.501253843307495117e+00 2.210361242294311523e+00 3.376610279083251953e+00 2.741110801696777344e+00 4.805677413940429688e+00 3.647515296936035156e+00 3.163515567779541016e+00 3.269967079162597656e+00 3.897991895675659180e+00 3.338018417358398438e+00 5.619665622711181641e+00 3.870000839233398438e+00 4.547683715820312500e+00 5.587819576263427734e+00 5.292578697204589844e+00
7.396753787994384766e+00 5.433423042297363281e+00 7.670791625976562500e+00 7.641770839691162109e+00 5.392999649047851562e+00 5.291435718536376953e+00 5.127732753753662109e+00 3.215111017227172852e+00 6.627986431121826172e+00 4.375547409057617188e+00 5.402219295501708984e+00 4.385911464691162109e+00 7.335478782653808594e+00 3.111793518066406250e+00 4.062510967254638672e+00 5.761766433715820312e+00 4.592691898345947266e+00 4.558197975158691406e+00 4.781801223754882812e+00 4.985765457153320312e+00
1.046745681762695312e+01 9.671743392944335938e+00 5.723310470581054688e+00 8.930440902709960938e+00 9.124249458312988281e+00 6.037522792816162109e+00 8.019648551940917969e+00 4.676319122314453125e+00 6.417898178100585938e+00 5.632884979248046875e+00 4.557730674743652344e+00 5.512923240661621094e+00 5.548832416534423828e+00 4.185511589050292969e+00 6.168448448181152344e+00 4.832188129425048828e+00 4.325900077819824219e+00 4.335541248321533203e+00 6.598913669586181641e+00 4.300911426544189453e+00
6.160915374755859375e+00 6.630136489868164062e+00 5.400434970855712891e+00 6.992102622985839844e+00 5.970707893371582031e+00 7.440546989440917969e+00 6.000124454498291016e+00 6.361734390258789062e+00 9.661230087280273438e+00 7.234222888946533203e+00 7.197862148284912109e+00 6.922894001007080078e+00 7.168506622314453125e+00 3.972683906555175781e+00 3.437833786010742188e+00 3.032072067260742188e+00 4.723145008087158203e+00 6.053305149078369141e+00 6.032763481140136719e+00 3.573193788528442383e+00
