2018-07-25 00:00:00
5.343002080917358398e-01 3.590207993984222412e-01 1.629186868667602539e-01 3.499788641929626465e-01 2.054142802953720093e-01 3.796051144599914551e-01 5.563969612121582031e-01 3.806790411472320557e-01 5.884265899658203125e-01 2.716570496559143066e-01 1.548267155885696411e-01 2.661704719066619873e-01 4.351662993431091309e-01 3.431677520275115967e-01 3.295841813087463379e-01 3.896216750144958496e-01 5.179122686386108398e-01 3.339348435401916504e-01 3.145350217819213867e-01 2.912918627262115479e-01
4.282954931259155273e-01 5.508837699890136719e-01 5.467675924301147461e-01 3.621503114700317383e-01 4.836549758911132812e-01 2.584018707275390625e-01 3.615182638168334961e-01 2.250044196844100952e-01 2.364802658557891846e-01 3.717007637023925781e-01 3.036216497421264648e-01 3.303534984588623047e-01 3.332562446594238281e-01 4.459732174873352051e-01 6.428641080856323242e-01 2.950040698051452637e-01 4.326415061950683594e-01 2.535038590431213379e-01 3.272691369056701660e-01 3.850055336952209473e-01
5.473202466964721680e-01 3.842843174934387207e-01 7.115166187286376953e-01 1.909856498241424561e-01 4.339467883110046387e-01 5.062931180000305176e-01 3.184587955474853516e-01 2.957789897918701172e-01 1.937406063079833984e-01 3.503693938255310059e-01 5.157045125961303711e-01 2.304979860782623291e-01 2.920418977737426758e-01 3.344739377498626709e-01 5.534929633140563965e-01 6.053081750869750977e-01 4.615917801856994629e-01 6.762045025825500488e-01 4.114487767219543457e-01 6.421091556549072266e-01
3.679927885532379150e-01 4.463608264923095703e-01 2.613366544246673584e-01 6.514910459518432617e-01 2.401499897241592407e-01 2.878779768943786621e-01 2.614791989326477051e-01 2.862721979618072510e-01 2.359636127948760986e-01 4.045523405075073242e-01 4.673539400100708008e-01 3.196447491645812988e-01 3.240678310394287109e-01 2.047561556100845337e-01 3.877395093441009521e-01 5.130692720413208008e-01 3.983280658721923828e-01 3.427091836929321289e-01 3.730213046073913574e-01 4.030403792858123779e-01
2.359694689512252808e-01 3.156176209449768066e-01 4.667598605155944824e-01 2.310846149921417236e-01 1.912607550621032715e-01 4.106469452381134033e-01 2.977663874626159668e-01 8.914092928171157837e-02 7.516792416572570801e-01 2.086488008499145508e-01 3.648267984390258789e-01 2.862564921379089355e-01 1.202171295881271362e-01 5.107109546661376953e-01 3.814625740051269531e-01 7.047357559204101562e-01 3.819746673107147217e-01 4.248844981193542480e-01 3.006219863891601562e-01 3.421646654605865479e-01
3.067643642425537109e-01 3.117381334304809570e-01 3.603255748748779297e-01 2.349974960088729858e-01 4.117746949195861816e-01 3.814952969551086426e-01 5.069861412048339844e-01 3.134216070175170898e-01 3.636586964130401611e-01 4.093607664108276367e-01 2.231738567352294922e-01 3.104816675186157227e-01 2.585268616676330566e-01 3.263594508171081543e-01 6.622787714004516602e-01 5.884059071540832520e-01 4.579859375953674316e-01 4.303995966911315918e-01 2.954185605049133301e-01 3.390733599662780762e-01
4.115732312202453613e-01 3.387677967548370361e-01 5.211198329925537109e-01 4.592919647693634033e-01 1.852418482303619385e-01 1.713176369667053223e-01 2.168010175228118896e-01 2.641337215900421143e-01 4.011625647544860840e-01 2.116161882877349854e-01 4.164755940437316895e-01 2.916763424873352051e-01 1.105215996503829956e-01 3.465886116027832031e-01 5.127921700477600098e-01 2.639873921871185303e-01 7.157106399536132812e-01 4.577586650848388672e-01 2.214896529912948608e-01 4.233715534210205078e-01
1.070808917284011841e-01 2.541981637477874756e-01 1.954661011695861816e-01 4.424436092376708984e-01 4.383852779865264893e-01 3.206907510757446289e-01 2.967183291912078857e-01 2.725860774517059326e-01 3.233869671821594238e-01 2.401372790336608887e-01 3.553591370582580566e-01 4.877568781375885010e-01 6.249836832284927368e-02 1.114319801330566406e+00 2.856380045413970947e-01 6.754508614540100098e-01 4.310055971145629883e-01 6.293540596961975098e-01 4.109372496604919434e-01 1.007613539695739746e-01
2.150915265083312988e-01 2.557236254215240479e-01 2.226361334323883057e-01 4.231578111648559570e-01 2.831194400787353516e-01 3.064456582069396973e-01 5.093261003494262695e-01 3.837946653366088867e-01 4.400839209556579590e-01 2.570870220661163330e-01 3.492343425750732422e-01 2.834533751010894775e-01 5.157492756843566895e-01 2.661129236221313477e-01 3.420676589012145996e-01 5.999684333801269531e-01 4.952719211578369141e-01 2.762710452079772949e-01 2.686404287815093994e-01 3.194068074226379395e-01
2.137621194124221802e-01 2.798830568790435791e-01 3.657981157302856445e-01 2.748965620994567871e-01 2.552546858787536621e-01 1.855916976928710938e-01 1.004443988204002380e-01 3.131831288337707520e-01 3.804745674133300781e-01 3.515508174896240234e-01 4.202093780040740967e-01 2.614434957504272461e-01 1.723225265741348267e-01 3.456993103027343750e-01 2.757606506347656250e-01 2.677562832832336426e-01 3.366929888725280762e-01 4.320294260978698730e-01 2.292298823595046997e-01 3.273234665393829346e-01
4.761836528778076172e-01 2.975834012031555176e-01 3.312097489833831787e-01 3.333370685577392578e-01 2.782722413539886475e-01 3.793067336082458496e-01 3.595277667045593262e-01 1.913198232650756836e-01 5.434097051620483398e-01 5.258414745330810547e-01 3.608990311622619629e-01 3.610242009162902832e-01 3.406827747821807861e-01 2.513003349304199219e-01 3.034269213676452637e-01 4.864231050014495850e-01 3.356700539588928223e-01 4.446654915809631348e-01 5.449782609939575195e-01 1.691606640815734863e-01
3.498094081878662109e-01 3.146305382251739502e-01 1.731392145156860352e-01 2.527672946453094482e-01 3.248794674873352051e-01 1.663562059402465820e-01 3.180142641067504883e-01 4.133354425430297852e-01 4.868502616882324219e-01 3.266297578811645508e-01 5.409927368164062500e-01 5.148536562919616699e-01 2.585403025150299072e-01 2.976388335227966309e-01 4.524023234844207764e-01 5.599577426910400391e-01 4.272972047328948975e-01 3.227803707122802734e-01 4.568431973457336426e-01 2.473191618919372559e-01
3.094990253448486328e-01 3.622722327709197998e-01 2.452401816844940186e-01 2.421761602163314819e-01 2.170666903257369995e-01 1.860860735177993774e-01 3.814548850059509277e-01 3.163011074066162109e-01 4.444672465324401855e-01 4.224167764186859131e-01 3.834417462348937988e-01 3.555952608585357666e-01 1.396826803684234619e-01 2.389486134052276611e-01 2.710568308830261230e-01 4.237661659717559814e-01 2.533382177352905273e-01 4.753517508506774902e-01 3.589224219322204590e-01 4.315753281116485596e-01
5.310055017471313477e-01 3.963574171066284180e-01 3.852592706680297852e-01 3.071717619895935059e-01 4.502445459365844727e-01 5.242204070091247559e-01 4.915928244590759277e-01 3.718867897987365723e-01 3.772441446781158447e-01 2.034445106983184814e-01 2.468359470367431641e-01 4.571156501770019531e-01 7.233662903308868408e-02 3.189250826835632324e-01 2.942277193069458008e-01 4.775974154472351074e-01 6.175093054771423340e-01 3.187758624553680420e-01 1.737763434648513794e-01 2.127257287502288818e-01
1.414252668619155884e-01 2.938537597656250000e-01 3.140293657779693604e-01 2.343669831752777100e-01 2.352176904678344727e-01 3.789502680301666260e-01 4.143902063369750977e-01 4.160140752792358398e-01 3.813772201538085938e-01 3.846572637557983398e-01 1.595171093940734863e-01 3.605696558952331543e-01 2.328651249408721924e-01 2.697681784629821777e-01 3.389645814895629883e-01 4.191034138202667236e-01 4.535163938999176025e-01 3.187870979309082031e-01 1.639499068260192871e-01 3.893614411354064941e-01
3.550547361373901367e-01 3.391885161399841309e-01 2.423773705959320068e-01 2.793145775794982910e-01 2.117787748575210571e-01 2.491237670183181763e-01 2.624971568584442139e-01 3.084869980812072754e-01 3.428466320037841797e-01 1.086312830448150635e-01 4.138557910919189453e-01 2.823843955993652344e-01 5.254366397857666016e-01 3.967770934104919434e-01 1.103360652923583984e-01 1.974131911993026733e-01 4.034553766250610352e-01 3.290355801582336426e-01 2.748996615409851074e-01 6.803854107856750488e-01
3.452375531196594238e-01 3.330491781234741211e-01 2.636731564998626709e-01 2.589935660362243652e-01 7.757988572120666504e-01 3.310390114784240723e-01 4.662503600120544434e-01 2.446058988571166992e-01 2.283228933811187744e-01 3.446326553821563721e-01 1.612895429134368896e-01 2.403881251811981201e-01 3.015037775039672852e-01 4.130362272262573242e-01 3.138962984085083008e-01 2.521132230758666992e-01 5.130500793457031250e-01 3.226651549339294434e-01 5.613624453544616699e-01 4.645013511180877686e-01
4.122031927108764648e-01 3.011098504066467285e-01 4.874423146247863770e-01 1.941046416759490967e-01 8.195896446704864502e-02 4.355360269546508789e-01 1.657875478267669678e-01 4.180302619934082031e-01 3.802947700023651123e-01 4.650557041168212891e-01 2.895269989967346191e-01 3.886390924453735352e-01 3.619081377983093262e-01 2.421507090330123901e-01 2.759013175964355469e-01 3.698635995388031006e-01 2.909485697746276855e-01 2.640284895896911621e-01 2.973499894142150879e-01 3.716434240341186523e-01
1.855296790599822998e-01 2.980489283800125122e-02 4.899369776248931885e-01 3.193914890289306641e-01 2.324708849191665649e-01 2.244778275489807129e-01 4.684821367263793945e-01 4.032654762268066406e-01 2.852588295936584473e-01 3.897000253200531006e-01 2.785171866416931152e-01 4.654062092304229736e-01 2.642045617103576660e-01 4.947683215141296387e-01 1.609329432249069214e-01 3.953536152839660645e-01 2.082511782646179199e-01 3.760689496994018555e-01 2.194599807262420654e-01 3.787600994110107422e-01
1.859813928604125977e-01 3.522948920726776123e-01 1.862549185752868652e-01 1.820035278797149658e-01 4.375782012939453125e-01 3.668020367622375488e-01 3.364352285861968994e-01 4.169035553932189941e-01 4.496785700321197510e-01 6.335999071598052979e-02 3.079135715961456299e-01 4.269154071807861328e-01 3.053650557994842529e-01 3.217305541038513184e-01 2.032732665538787842e-01 4.100995361804962158e-01 4.322968721389770508e-01 3.829814493656158447e-01 3.797328770160675049e-01 5.866755247116088867e-01
