2018-07-25 00:15:00
3.563279211521148682e-01 4.391950070858001709e-01 5.120497345924377441e-01 5.352778360247612000e-03 3.519571423530578613e-01 3.058841824531555176e-01 3.093502819538116455e-01 5.998150706291198730e-01 2.705775201320648193e-01 5.183196067810058594e-01 4.646421968936920166e-01 5.592328906059265137e-01 4.826970398426055908e-01 4.481119215488433838e-01 5.297473669052124023e-01 8.177536129951477051e-01 4.275314509868621826e-01 3.835631310939788818e-01 5.123058557510375977e-01 4.971809089183807373e-01
5.242593884468078613e-01 5.056162476539611816e-01 3.738173842430114746e-01 4.141399860382080078e-01 4.059026837348937988e-01 2.525547146797180176e-01 5.014250278472900391e-01 3.223778903484344482e-01 1.675161421298980713e-01 5.261442661285400391e-01 4.579892456531524658e-01 6.202411055564880371e-01 5.341854095458984375e-01 5.863357782363891602e-01 6.740325689315795898e-01 5.156313180923461914e-01 5.773729085922241211e-01 7.684097290039062500e-01 5.005116462707519531e-01 6.046298742294311523e-01
3.562026917934417725e-01 3.026789724826812744e-01 1.229019910097122192e-01 4.225656688213348389e-01 3.707278370857238770e-01 1.168877929449081421e-01 6.215343475341796875e-01 2.708670794963836670e-01 4.029347002506256104e-01 5.472756624221801758e-01 5.963833332061767578e-01 2.779388427734375000e-01 3.009893894195556641e-01 6.709855198860168457e-01 5.393407344818115234e-01 1.284389734268188477e+00 8.573150634765625000e-01 7.902331352233886719e-01 7.824003696441650391e-01 7.676573991775512695e-01
8.776084333658218384e-02 4.834841787815093994e-01 3.663258850574493408e-01 5.374382138252258301e-01 3.646601438522338867e-01 3.160382211208343506e-01 2.719901204109191895e-01 3.180032372474670410e-01 3.890388011932373047e-01 4.627366065979003906e-01 6.765090227127075195e-01 3.440628647804260254e-01 4.318616688251495361e-01 5.482218861579895020e-01 5.921918749809265137e-01 7.061042785644531250e-01 9.338587522506713867e-01 8.423932790756225586e-01 6.506493687629699707e-01 1.004613041877746582e+00
2.554429173469543457e-01 2.433262467384338379e-01 1.345233917236328125e-01 2.679465115070343018e-01 3.527546823024749756e-01 2.595860064029693604e-01 2.742626965045928955e-01 3.943740129470825195e-01 7.430222630500793457e-01 5.035425424575805664e-01 6.089263558387756348e-01 3.114539980888366699e-01 2.299915850162506104e-01 4.716241359710693359e-01 5.837092399597167969e-01 9.870085716247558594e-01 7.533395290374755859e-01 3.925487995147705078e-01 8.019782900810241699e-01 7.374651432037353516e-01
3.617509007453918457e-01 3.935218155384063721e-01 4.704360365867614746e-01 4.634939730167388916e-01 3.704515695571899414e-01 5.170340538024902344e-01 5.918103456497192383e-01 5.038913488388061523e-01 2.365945130586624146e-01 2.983365654945373535e-01 1.523254513740539551e-01 4.325512051582336426e-01 4.419777095317840576e-01 7.258896827697753906e-01 4.559857845306396484e-01 6.471929550170898438e-01 1.006726980209350586e+00 4.418511688709259033e-01 5.918436646461486816e-01 9.402015209197998047e-01
4.472165107727050781e-01 2.976315319538116455e-01 3.206169903278350830e-01 3.490058779716491699e-01 4.116725921630859375e-01 4.362056553363800049e-01 3.248137831687927246e-01 2.378034442663192749e-01 3.910275697708129883e-01 6.407325863838195801e-01 4.374314546585083008e-01 5.541553497314453125e-01 8.741995096206665039e-01 4.669477641582489014e-01 6.116090416908264160e-01 4.402229785919189453e-01 7.428811788558959961e-01 9.565811157226562500e-01 6.281800270080566406e-01 5.683487057685852051e-01
5.961393117904663086e-01 4.023673534393310547e-01 2.882679402828216553e-01 2.580597698688507080e-01 4.174201190471649170e-01 2.462707906961441040e-01 2.721396684646606445e-01 4.624441266059875488e-01 3.246374130249023438e-01 2.654191255569458008e-01 7.886273413896560669e-02 5.394305586814880371e-01 7.302109003067016602e-01 8.689286708831787109e-01 4.546147584915161133e-01 7.048869132995605469e-01 6.426575183868408203e-01 9.018961191177368164e-01 7.112724184989929199e-01 7.743673324584960938e-01
1.383592486381530762e-01 1.721021234989166260e-01 1.246952190995216370e-01 3.002755641937255859e-01 1.169434413313865662e-01 1.059015840291976929e-01 2.603777647018432617e-01 4.152882099151611328e-01 3.959231674671173096e-01 1.336174309253692627e-01 5.590819716453552246e-01 1.674372851848602295e-01 4.640292525291442871e-01 7.342761158943176270e-01 7.985720634460449219e-01 5.609058141708374023e-01 4.418300092220306396e-01 6.539821028709411621e-01 4.666856527328491211e-01 4.772089421749114990e-01
4.253394007682800293e-01 2.133854031562805176e-01 1.651032418012619019e-01 3.132671713829040527e-01 2.796734571456909180e-01 4.462130665779113770e-01 2.352212816476821899e-01 4.246085882186889648e-01 3.779379427433013916e-01 6.163306236267089844e-01 2.530266642570495605e-01 4.244951605796813965e-01 3.592050373554229736e-01 3.173774480819702148e-01 5.290379524230957031e-01 3.805335164070129395e-01 5.531586408615112305e-01 6.004162430763244629e-01 3.941634893417358398e-01 4.293051362037658691e-01
5.080417990684509277e-01 2.833361029624938965e-01 3.306379318237304688e-01 2.627258002758026123e-01 3.168253600597381592e-01 3.928936123847961426e-01 1.857491433620452881e-01 4.626740217208862305e-01 2.452677041292190552e-01 4.682078361511230469e-01 3.719047605991363525e-01 6.403442621231079102e-01 3.678204119205474854e-01 3.726220726966857910e-01 5.054196119308471680e-01 5.176483392715454102e-01 4.669945240020751953e-01 7.908251285552978516e-01 6.465458869934082031e-01 2.860871553421020508e-01
2.910550832748413086e-01 3.726178407669067383e-01 3.368961215019226074e-01 3.540835678577423096e-01 4.038719236850738525e-01 4.028169512748718262e-01 4.510076045989990234e-01 3.210638761520385742e-01 3.982437252998352051e-01 4.611412882804870605e-01 5.468425750732421875e-01 3.875573575496673584e-01 4.747463464736938477e-01 3.245000243186950684e-01 3.321250081062316895e-01 6.362078785896301270e-01 3.065991997718811035e-01 4.202839434146881104e-01 2.523776590824127197e-01 5.712802410125732422e-01
5.228862762451171875e-01 1.320772022008895874e-01 5.887417793273925781e-01 2.979398965835571289e-01 2.984606027603149414e-01 4.261519610881805420e-01 6.332009434700012207e-01 4.910850822925567627e-01 4.744495153427124023e-01 4.240374267101287842e-01 4.623396396636962891e-01 5.959941744804382324e-01 2.706552743911743164e-01 3.411256670951843262e-01 2.241280078887939453e-01 4.851445257663726807e-01 4.023288786411285400e-01 4.502557516098022461e-01 4.777911305427551270e-01 3.418127894401550293e-01
2.628630697727203369e-01 1.609099060297012329e-01 3.573528826236724854e-01 3.442182540893554688e-01 5.189222097396850586e-01 4.489697813987731934e-01 3.256569504737854004e-01 5.040149092674255371e-01 7.873204946517944336e-01 4.009533524513244629e-01 3.526865839958190918e-01 2.215325236320495605e-01 4.414543509483337402e-01 4.937487244606018066e-01 3.122579157352447510e-01 2.417732328176498413e-01 3.236463069915771484e-01 1.860249638557434082e-01 4.155210256576538086e-01 3.982227444648742676e-01
3.915533721446990967e-01 1.909253150224685669e-01 2.225372195243835449e-01 3.333797454833984375e-01 2.109577208757400513e-01 4.096821546554565430e-01 4.755646884441375732e-01 4.244163930416107178e-01 4.950879216194152832e-01 5.314496755599975586e-01 6.008820533752441406e-01 2.801695168018341064e-01 5.396358966827392578e-01 3.022928833961486816e-01 5.496622920036315918e-01 2.544989883899688721e-01 2.351934015750885010e-01 5.076830983161926270e-01 2.059886157512664795e-01 3.012635111808776855e-01
4.717698693275451660e-01 3.956173658370971680e-01 2.093056291341781616e-01 3.437878787517547607e-01 2.158789336681365967e-01 5.025424957275390625e-01 7.014455795288085938e-01 5.412684679031372070e-01 4.696792066097259521e-01 3.939512372016906738e-01 6.380590796470642090e-01 3.437908291816711426e-01 2.603153586387634277e-01 2.556920647621154785e-01 5.154678821563720703e-01 1.953541785478591919e-01 3.440282642841339111e-01 4.048066735267639160e-01 2.561082243919372559e-01 6.034531593322753906e-01
3.672139644622802734e-01 4.611815214157104492e-01 4.354740679264068604e-01 3.738221526145935059e-01 3.945879340171813965e-01 5.921267867088317871e-01 4.175804257392883301e-01 5.170840620994567871e-01 6.397750377655029297e-01 5.598843097686767578e-01 2.454073429107666016e-01 3.033869266510009766e-01 2.678318023681640625e-01 4.721722006797790527e-01 3.366684913635253906e-01 3.706348538398742676e-01 2.892742753028869629e-01 3.761639893054962158e-01 2.767226099967956543e-01 3.927274942398071289e-01
3.856573104858398438e-01 3.174915909767150879e-01 4.216337203979492188e-01 4.234551489353179932e-01 5.463836789131164551e-01 4.221716225147247314e-01 4.305463433265686035e-01 6.308662891387939453e-01 5.662004351615905762e-01 7.402649521827697754e-01 4.662394523620605469e-01 1.245621666312217712e-01 1.794653534889221191e-01 3.666119873523712158e-01 3.420617580413818359e-01 2.018567621707916260e-01 2.041389346122741699e-01 2.115355134010314941e-01 3.633788228034973145e-01 4.560859501361846924e-01
3.877945840358734131e-01 2.946986556053161621e-01 7.338176369667053223e-01 3.253531455993652344e-01 3.242611289024353027e-01 4.381555318832397461e-01 4.862134754657745361e-01 4.295468926429748535e-01 4.489883780479431152e-01 3.860810399055480957e-01 8.833935260772705078e-01 6.813887953758239746e-01 3.234808444976806641e-01 2.957608997821807861e-01 3.696310520172119141e-01 2.564195394515991211e-01 2.624600529670715332e-01 4.354854822158813477e-01 2.481830418109893799e-01 3.956292271614074707e-01
4.175454378128051758e-01 4.572805464267730713e-01 5.311232805252075195e-01 4.355809390544891357e-01 3.809259235858917236e-01 2.533329129219055176e-01 4.047507345676422119e-01 5.834292769432067871e-01 6.647394299507141113e-01 2.365888059139251709e-01 3.684083223342895508e-01 5.605652332305908203e-01 4.175830483436584473e-01 5.002912282943725586e-01 2.116005122661590576e-01 2.290100157260894775e-01 3.777461647987365723e-01 4.146705269813537598e-01 2.542042136192321777e-01 4.116790294647216797e-01
