2018-07-25 02:30:00
4.771666526794433594e-01 3.474855422973632812e-01 5.320448875427246094e-01 2.021186947822570801e-01 2.386357337236404419e-01 5.396113991737365723e-01 5.587110519409179688e-01 3.885267376899719238e-01 3.807287812232971191e-01 2.288055121898651123e-01 3.439242839813232422e-01 2.784973978996276855e-01 2.644967436790466309e-01 7.344533205032348633e-01 3.316096067428588867e-01 5.430761575698852539e-01 1.807563304901123047e-01 3.352653980255126953e-01 2.661763429641723633e-01 3.789660930633544922e-01
5.753602981567382812e-01 5.459592342376708984e-01 6.120095849037170410e-01 4.044098556041717529e-01 4.498434066772460938e-01 3.484437167644500732e-01 3.830959200859069824e-01 4.764438569545745850e-01 6.194866299629211426e-01 4.224977493286132812e-01 4.305267035961151123e-01 4.836241602897644043e-01 4.328578412532806396e-01 4.637859165668487549e-01 3.477362990379333496e-01 4.747069478034973145e-01 3.738969564437866211e-01 4.084301590919494629e-01 5.236751437187194824e-01 2.578729093074798584e-01
3.069402277469635010e-01 3.560871183872222900e-01 4.926968812942504883e-01 5.172649621963500977e-01 3.379412591457366943e-01 4.686161875724792480e-01 3.182645440101623535e-01 4.766148924827575684e-01 4.477409124374389648e-01 2.741668820381164551e-01 3.489719033241271973e-01 2.427906394004821777e-01 4.073939025402069092e-01 1.671224683523178101e-01 3.031664192676544189e-01 5.233191251754760742e-01 8.044717311859130859e-01 5.889996886253356934e-01 3.884311616420745850e-01 2.449445426464080811e-01
3.723010420799255371e-01 4.155665636062622070e-01 3.236276209354400635e-01 5.293521881103515625e-01 2.625496983528137207e-01 3.891742229461669922e-01 3.643382191658020020e-01 2.306263744831085205e-01 4.457040429115295410e-01 3.553433418273925781e-01 6.285744905471801758e-01 4.411821663379669189e-01 3.592545688152313232e-01 4.432995319366455078e-01 5.765724182128906250e-01 4.679878950119018555e-01 4.791741073131561279e-01 4.110308587551116943e-01 5.885428190231323242e-01 6.491767764091491699e-01
3.297904133796691895e-01 3.607073128223419189e-01 5.436413884162902832e-01 3.832496404647827148e-01 3.089185357093811035e-01 3.861314654350280762e-01 3.271441757678985596e-01 6.712337732315063477e-01 5.554770827293395996e-01 1.708576381206512451e-01 3.628730773925781250e-01 3.692587912082672119e-01 4.889254271984100342e-01 3.298130929470062256e-01 3.428860306739807129e-01 7.955998778343200684e-01 6.411280035972595215e-01 5.177351236343383789e-01 6.249305605888366699e-01 4.072126448154449463e-01
3.400889635086059570e-01 4.678668081760406494e-01 3.526856303215026855e-01 3.639315962791442871e-01 6.688774824142456055e-01 4.217835366725921631e-01 1.919405013322830200e-01 3.623629212379455566e-01 3.706371188163757324e-01 2.939537167549133301e-01 3.918761610984802246e-01 3.766572773456573486e-01 4.607649147510528564e-01 5.228236317634582520e-01 5.239925384521484375e-01 5.936917066574096680e-01 6.682415604591369629e-01 6.018158197402954102e-01 6.374120712280273438e-01 6.582680344581604004e-01
6.718808412551879883e-01 2.356287837028503418e-01 4.059119820594787598e-01 4.147063493728637695e-01 3.305003046989440918e-01 4.093871414661407471e-01 2.603839933872222900e-01 1.501813828945159912e-01 3.741826117038726807e-01 5.357933044433593750e-01 1.991331279277801514e-01 1.797102689743041992e-01 6.191388368606567383e-01 3.836227655410766602e-01 5.269019007682800293e-01 6.534281373023986816e-01 1.028996944427490234e+00 7.355875968933105469e-01 5.972788929939270020e-01 6.594000458717346191e-01
3.949575424194335938e-01 2.585817873477935791e-01 5.016992688179016113e-01 2.082216292619705200e-01 3.491954505443572998e-01 3.722151219844818115e-01 3.518177270889282227e-01 3.196682631969451904e-01 2.826007306575775146e-01 5.587208271026611328e-01 3.730838298797607422e-01 3.321359753608703613e-01 9.492762088775634766e-01 2.580447793006896973e-01 4.627945721149444580e-01 4.756110310554504395e-01 5.461837053298950195e-01 6.362814903259277344e-01 4.289009273052215576e-01 5.741468667984008789e-01
3.304329216480255127e-01 5.324730873107910156e-01 6.147772073745727539e-01 2.774031162261962891e-01 4.793415069580078125e-01 5.454927682876586914e-01 3.100019693374633789e-01 4.439256191253662109e-01 4.281412661075592041e-01 2.830872237682342529e-01 2.574052214622497559e-01 2.828453779220581055e-01 4.221322536468505859e-01 3.779097497463226318e-01 3.883648514747619629e-01 6.248171329498291016e-01 4.273331761360168457e-01 5.307466387748718262e-01 5.907217264175415039e-01 5.266133546829223633e-01
2.605822384357452393e-01 2.802069485187530518e-01 2.822709679603576660e-01 3.796834349632263184e-01 1.628346294164657593e-01 3.411841988563537598e-01 2.930517196655273438e-01 3.685371279716491699e-01 4.805731475353240967e-01 3.178835213184356689e-01 2.569317221641540527e-01 3.291698098182678223e-01 3.625999093055725098e-01 3.537694513797760010e-01 4.352649450302124023e-01 3.589598536491394043e-01 3.636724054813385010e-01 7.165254354476928711e-01 5.211883187294006348e-01 5.383372306823730469e-01
6.253956556320190430e-01 4.734947979450225830e-01 2.520261704921722412e-01 4.019474387168884277e-01 4.536036252975463867e-01 5.506134629249572754e-01 5.701001882553100586e-01 3.769298791885375977e-01 4.755140542984008789e-01 3.396899700164794922e-01 4.641912877559661865e-01 4.387672245502471924e-01 4.803303480148315430e-01 2.179413735866546631e-01 3.764775693416595459e-01 4.937869012355804443e-01 4.910087585449218750e-01 3.397086858749389648e-01 3.837900459766387939e-01 4.165104031562805176e-01
3.167449235916137695e-01 1.170313656330108643e-01 3.544725477695465088e-01 2.417764961719512939e-01 4.221022725105285645e-01 2.299286276102066040e-01 6.034902930259704590e-01 5.288543105125427246e-01 7.118780612945556641e-01 6.466418504714965820e-01 4.755127131938934326e-01 4.904403984546661377e-01 2.361489683389663696e-01 4.182952046394348145e-01 4.792928099632263184e-01 6.084287762641906738e-01 5.885075330734252930e-01 3.579688072204589844e-01 4.205956459045410156e-01 2.485813200473785400e-01
3.347219824790954590e-01 2.821064591407775879e-01 1.833808869123458862e-01 4.287667870521545410e-01 5.989992022514343262e-01 3.202586770057678223e-01 3.505131006240844727e-01 2.093385457992553711e-01 4.062637388706207275e-01 5.973107814788818359e-01 5.390397906303405762e-01 2.702834010124206543e-01 4.497972130775451660e-01 3.619383573532104492e-01 3.356915116310119629e-01 4.147984683513641357e-01 3.782368302345275879e-01 3.267099261283874512e-01 4.484080672264099121e-01 2.547304034233093262e-01
4.971825182437896729e-01 3.300058841705322266e-01 2.534480392932891846e-01 4.705674648284912109e-01 2.775721549987792969e-01 5.688186883926391602e-01 5.502929687500000000e-01 4.548359215259552002e-01 6.620453000068664551e-01 3.446801006793975830e-01 3.914622664451599121e-01 4.422550797462463379e-01 2.048170566558837891e-01 1.865440905094146729e-01 1.280413568019866943e-01 4.613008499145507812e-01 3.365663588047027588e-01 4.531900882720947266e-01 4.430248141288757324e-01 2.761384546756744385e-01
1.553416848182678223e-01 1.676755994558334351e-01 5.958226919174194336e-01 5.403062701225280762e-01 3.603552579879760742e-01 2.418435364961624146e-01 5.228165984153747559e-01 3.873211145401000977e-01 5.295957326889038086e-01 5.045967698097229004e-01 4.355392456054687500e-01 3.903916776180267334e-01 3.189274668693542480e-01 3.415737152099609375e-01 5.451542139053344727e-01 3.616622686386108398e-01 3.852402567863464355e-01 1.329175531864166260e-01 3.573048114776611328e-01 4.366449415683746338e-01
3.148484826087951660e-01 3.430486917495727539e-01 4.972739219665527344e-01 3.312422335147857666e-01 5.358309149742126465e-01 2.760558128356933594e-01 4.883731305599212646e-01 5.310030579566955566e-01 3.556013107299804688e-01 4.212899506092071533e-01 2.849169373512268066e-01 5.057090520858764648e-01 3.805919289588928223e-01 4.521602094173431396e-01 5.219255685806274414e-01 2.553887367248535156e-01 4.049062132835388184e-01 5.329928994178771973e-01 6.425045728683471680e-01 8.268195986747741699e-01
4.400042891502380371e-01 6.595743298530578613e-01 2.891651988029479980e-01 4.863345026969909668e-01 5.544984340667724609e-01 3.688670992851257324e-01 3.755776882171630859e-01 4.654767513275146484e-01 5.632854700088500977e-01 4.863457679748535156e-01 5.218986272811889648e-01 4.684329032897949219e-01 5.242911577224731445e-01 2.410474717617034912e-01 3.672378659248352051e-01 5.006532073020935059e-01 5.947120785713195801e-01 5.334160923957824707e-01 4.097501039505004883e-01 2.809688448905944824e-01
3.503591120243072510e-01 3.954657316207885742e-01 3.618620634078979492e-01 5.427759289741516113e-01 4.672472476959228516e-01 2.905821502208709717e-01 5.706077814102172852e-01 5.293536186218261719e-01 3.577777147293090820e-01 5.711408853530883789e-01 3.016730546951293945e-01 5.715670585632324219e-01 3.532376289367675781e-01 3.027617037296295166e-01 4.323568046092987061e-01 2.574287354946136475e-01 3.202753663063049316e-01 3.163719773292541504e-01 4.653919339179992676e-01 3.656922280788421631e-01
6.004709601402282715e-01 6.212708353996276855e-01 4.284880757331848145e-01 4.392993450164794922e-01 2.509897351264953613e-01 2.562032639980316162e-01 4.010229706764221191e-01 3.759582936763763428e-01 3.964686393737792969e-01 3.136506974697113037e-01 3.090228736400604248e-01 1.351432204246520996e-01 3.261485099792480469e-01 3.732239902019500732e-01 4.412855505943298340e-01 1.776456534862518311e-01 4.958097636699676514e-01 3.244062662124633789e-01 4.370591044425964355e-01 4.922936856746673584e-01
4.393668472766876221e-01 4.227834343910217285e-01 4.979685544967651367e-01 2.517523467540740967e-01 2.189512997865676880e-01 4.148849844932556152e-01 4.650638699531555176e-01 3.066605329513549805e-01 3.126831948757171631e-01 4.072098433971405029e-01 4.946393370628356934e-01 7.748731374740600586e-01 1.982448101043701172e-01 2.918856739997863770e-01 3.029090762138366699e-01 3.219636082649230957e-01 1.903876662254333496e-01 2.384202927350997925e-01 3.754667639732360840e-01 5.746700763702392578e-01
