2018-07-25 02:45:00
3.317430615425109863e-01 5.037904977798461914e-01 3.374696373939514160e-01 4.165384471416473389e-01 4.464286267757415771e-01 2.765142321586608887e-01 5.725961327552795410e-01 3.110763728618621826e-01 5.051876306533813477e-01 4.201210737228393555e-01 5.902951955795288086e-01 4.794778525829315186e-01 4.678418636322021484e-01 6.950733065605163574e-01 7.643731832504272461e-01 3.723196387290954590e-01 4.346114099025726318e-01 3.246003687381744385e-01 1.662450283765792847e-01 6.432762742042541504e-01
7.348601818084716797e-01 3.075060844421386719e-01 3.268715739250183105e-01 2.952086925506591797e-01 3.876744508743286133e-01 3.204962313175201416e-01 3.924940824508666992e-01 2.680813074111938477e-01 4.718882441520690918e-01 4.970394670963287354e-01 3.412250876426696777e-01 5.379763841629028320e-01 5.949032306671142578e-01 4.601283669471740723e-01 6.013861298561096191e-01 7.131097912788391113e-01 6.255284547805786133e-01 3.775841593742370605e-01 5.052792429924011230e-01 3.690044879913330078e-01
5.009635686874389648e-01 3.587312996387481689e-01 2.436220794916152954e-01 5.625690817832946777e-01 4.925720691680908203e-01 4.788462519645690918e-01 7.289575338363647461e-01 4.210206866264343262e-01 4.696752429008483887e-01 4.160888195037841797e-01 1.594071984291076660e-01 4.962762892246246338e-01 4.033600091934204102e-01 3.103892207145690918e-01 2.627807259559631348e-01 6.278656721115112305e-01 4.169096648693084717e-01 5.382729172706604004e-01 2.752147912979125977e-01 4.710046648979187012e-01
5.348936319351196289e-01 5.441139340400695801e-01 5.584953427314758301e-01 4.876297712326049805e-01 4.608104526996612549e-01 6.826906800270080566e-01 4.610654711723327637e-01 5.722615122795104980e-01 6.441060304641723633e-01 4.885314106941223145e-01 3.001741170883178711e-01 6.812487840652465820e-01 6.210253834724426270e-01 4.152148962020874023e-01 3.670827746391296387e-01 6.843137145042419434e-01 5.559982061386108398e-01 5.122819542884826660e-01 3.238250613212585449e-01 5.767214298248291016e-01
4.512298107147216797e-01 5.398635268211364746e-01 5.488139986991882324e-01 5.484076738357543945e-01 5.427604317665100098e-01 1.998582184314727783e-01 3.338059782981872559e-01 6.640411615371704102e-01 2.466232478618621826e-01 7.088987827301025391e-01 4.296984672546386719e-01 2.169109731912612915e-01 4.208300113677978516e-01 4.307196736335754395e-01 3.220068514347076416e-01 3.725669384002685547e-01 4.318481683731079102e-01 2.731617689132690430e-01 6.212836503982543945e-01 6.340009570121765137e-01
4.366650581359863281e-01 2.389955073595046997e-01 2.664818167686462402e-01 6.322238445281982422e-01 5.040363073348999023e-01 4.531798362731933594e-01 3.403143882751464844e-01 7.480487823486328125e-01 2.890897393226623535e-01 7.647503018379211426e-01 4.422488510608673096e-01 5.145418047904968262e-01 4.992553591728210449e-01 4.077804088592529297e-01 4.799998998641967773e-01 2.602767944335937500e-01 4.168941080570220947e-01 5.592122673988342285e-01 4.418687820434570312e-01 4.350678622722625732e-01
3.325242400169372559e-01 6.779241561889648438e-01 6.205655336380004883e-01 4.238057732582092285e-01 2.531971931457519531e-01 1.857636719942092896e-01 4.364937543869018555e-01 2.482747733592987061e-01 4.036427736282348633e-01 3.190901279449462891e-01 4.840399026870727539e-01 2.495748400688171387e-01 5.745040178298950195e-01 7.642093896865844727e-01 2.953554987907409668e-01 4.567027390003204346e-01 5.734096765518188477e-01 4.766375720500946045e-01 6.991118192672729492e-01 3.375277519226074219e-01
4.674405157566070557e-01 3.384499549865722656e-01 6.417239308357238770e-01 2.424958050251007080e-01 5.461469888687133789e-01 3.180369138717651367e-01 2.968532443046569824e-01 3.792580664157867432e-01 4.749375581741333008e-01 3.784116804599761963e-01 3.525283634662628174e-01 4.733808040618896484e-01 4.674108922481536865e-01 9.069001674652099609e-01 5.033347606658935547e-01 2.162244617938995361e-01 4.184412062168121338e-01 4.385791420936584473e-01 8.279967904090881348e-01 2.341945022344589233e-01
3.651316761970520020e-01 5.850831866264343262e-01 3.262451291084289551e-01 1.546187996864318848e-01 5.661969780921936035e-01 4.872993230819702148e-01 4.474574923515319824e-01 5.126395225524902344e-01 3.535050749778747559e-01 3.981586694717407227e-01 4.422585070133209229e-01 7.473737001419067383e-01 4.501258134841918945e-01 4.094291329383850098e-01 4.734801352024078369e-01 5.641711354255676270e-01 3.073115944862365723e-01 5.414746999740600586e-01 3.369886279106140137e-01 4.284071326255798340e-01
4.220416247844696045e-01 6.744506359100341797e-01 5.400747656822204590e-01 4.363196194171905518e-01 1.643447577953338623e-01 2.820316553115844727e-01 5.612342357635498047e-01 4.142665565013885498e-01 2.749725282192230225e-01 9.104203432798385620e-02 4.360989928245544434e-01 6.423394083976745605e-01 7.760354280471801758e-01 2.479775398969650269e-01 5.166020393371582031e-01 2.834855318069458008e-01 3.793352842330932617e-01 5.129092931747436523e-01 4.135921597480773926e-01 4.188382327556610107e-01
4.364059269428253174e-01 2.620581686496734619e-01 3.746435642242431641e-01 2.134444713592529297e-01 7.119088768959045410e-01 2.672614455223083496e-01 6.166477799415588379e-01 5.267505645751953125e-01 3.024479448795318604e-01 5.388008952140808105e-01 4.744014143943786621e-01 5.700370669364929199e-01 3.415143787860870361e-01 3.363749384880065918e-01 3.460867702960968018e-01 5.484791398048400879e-01 6.186369061470031738e-01 8.853095769882202148e-01 4.652037322521209717e-01 2.922912836074829102e-01
5.708262920379638672e-01 5.222599506378173828e-01 5.806179642677307129e-01 6.118158102035522461e-01 4.915345013141632080e-01 3.620515167713165283e-01 3.848839998245239258e-01 4.166232943534851074e-01 2.456452399492263794e-01 4.403170943260192871e-01 3.285996913909912109e-01 4.344546794891357422e-01 3.067595958709716797e-01 6.660305857658386230e-01 2.655833959579467773e-01 6.265106201171875000e-01 5.856618881225585938e-01 4.400011897087097168e-01 4.516860544681549072e-01 5.596984624862670898e-01
3.964313268661499023e-01 3.624138236045837402e-01 4.337299764156341553e-01 5.542227029800415039e-01 4.642561674118041992e-01 3.197435736656188965e-01 3.095228075981140137e-01 3.541587591171264648e-01 1.705567389726638794e-01 4.238111078739166260e-01 3.861581981182098389e-01 3.801822066307067871e-01 4.082189202308654785e-01 3.021208643913269043e-01 4.500663280487060547e-01 6.542879343032836914e-01 3.330822587013244629e-01 5.593944787979125977e-01 5.060012340545654297e-01 5.828190445899963379e-01
3.011930584907531738e-01 4.310314059257507324e-01 6.041619181632995605e-01 1.762997955083847046e-01 3.703420758247375488e-01 3.090808689594268799e-01 2.624373137950897217e-01 6.061394214630126953e-01 5.577882528305053711e-01 4.095783531665802002e-01 4.948992729187011719e-01 3.837708830833435059e-01 1.702880263328552246e-01 3.301874101161956787e-01 2.889079451560974121e-01 3.906203508377075195e-01 4.532474577426910400e-01 3.086071610450744629e-01 2.080139517784118652e-01 5.002759695053100586e-01
8.568521738052368164e-01 2.889090478420257568e-01 2.666742801666259766e-01 3.930210173130035400e-01 4.810555577278137207e-01 3.331463336944580078e-01 5.963321924209594727e-01 3.026903867721557617e-01 2.534756064414978027e-01 5.865671634674072266e-01 4.367952942848205566e-01 2.040648758411407471e-01 5.371108651161193848e-01 4.430273175239562988e-01 5.513408780097961426e-01 4.514888823032379150e-01 4.446586966514587402e-01 4.392926096916198730e-01 4.898973107337951660e-01 6.664056777954101562e-01
3.854766488075256348e-01 7.100301384925842285e-01 6.354890465736389160e-01 5.567183494567871094e-01 2.235217094421386719e-01 5.575276613235473633e-01 4.351516366004943848e-01 3.220357596874237061e-01 3.546543717384338379e-01 2.989004552364349365e-01 4.048552513122558594e-01 2.574060559272766113e-01 2.800806760787963867e-01 4.164282679557800293e-01 5.660891532897949219e-01 3.588138222694396973e-01 4.373531937599182129e-01 2.918362617492675781e-01 4.704017639160156250e-01 4.468150734901428223e-01
4.730259180068969727e-01 5.773808360099792480e-01 6.383894085884094238e-01 3.332719206809997559e-01 5.355969667434692383e-01 3.341959118843078613e-01 3.557512462139129639e-01 4.249837398529052734e-01 2.135924547910690308e-01 4.664984047412872314e-01 2.651675343513488770e-01 4.013585448265075684e-01 4.273690581321716309e-01 3.307064473628997803e-01 2.684801220893859863e-01 3.967574238777160645e-01 3.055850267410278320e-01 3.254393339157104492e-01 4.286713600158691406e-01 4.010180830955505371e-01
2.402983903884887695e-01 5.300948619842529297e-01 2.709114551544189453e-01 1.489537805318832397e-01 3.139363527297973633e-01 4.234686791896820068e-01 2.404781877994537354e-01 4.201399683952331543e-01 3.302231729030609131e-01 3.462715744972229004e-01 1.673417836427688599e-01 3.111943602561950684e-01 4.185954630374908447e-01 2.809569835662841797e-01 3.851194083690643311e-01 4.718075096607208252e-01 3.212558329105377197e-01 4.001907110214233398e-01 4.284788370132446289e-01 4.364858269691467285e-01
2.559572756290435791e-01 4.325212836265563965e-01 7.340894341468811035e-01 3.680539727210998535e-01 3.593857288360595703e-01 3.449154496192932129e-01 3.475790321826934814e-01 6.223096847534179688e-01 5.139350295066833496e-01 2.363801598548889160e-01 5.290847420692443848e-01 5.223052501678466797e-01 3.968889117240905762e-01 3.565549850463867188e-01 4.117321372032165527e-01 4.018836915493011475e-01 1.803195774555206299e-01 2.455743253231048584e-01 3.048505783081054688e-01 4.743466377258300781e-01
3.137074708938598633e-01 4.330191612243652344e-01 2.871709465980529785e-01 3.860949873924255371e-01 5.201774835586547852e-01 7.280875742435455322e-02 3.309866786003112793e-01 3.878681659698486328e-01 3.103215098381042480e-01 1.429653912782669067e-01 6.201134920120239258e-01 6.753339767456054688e-01 4.077062606811523438e-01 2.816467285156250000e-01 3.450352549552917480e-01 3.122592568397521973e-01 2.730644345283508301e-01 3.591883778572082520e-01 4.528765082359313965e-01 3.329395949840545654e-01
