2018-07-25 03:15:00
2.911044359207153320e-01 2.290929704904556274e-01 3.672068417072296143e-01 4.342096447944641113e-01 4.658517241477966309e-01 3.291093707084655762e-01 1.911558955907821655e-01 5.709379911422729492e-01 4.614644348621368408e-01 2.982718944549560547e-01 4.606798589229583740e-01 4.950272440910339355e-01 3.608223199844360352e-01 3.954122364521026611e-01 7.635364532470703125e-01 4.312848448753356934e-01 5.667726397514343262e-01 4.796363115310668945e-01 5.960675477981567383e-01 5.670558214187622070e-01
2.195736765861511230e-01 2.226711362600326538e-01 6.480323076248168945e-01 4.162964224815368652e-01 8.884487152099609375e-01 2.132568955421447754e-01 2.690338790416717529e-01 3.635389804840087891e-01 3.917317390441894531e-01 2.732911407947540283e-01 4.308824539184570312e-01 5.386903882026672363e-01 4.560536146163940430e-01 6.529806256294250488e-01 8.277972340583801270e-01 6.593779325485229492e-01 5.256108045578002930e-01 6.230011582374572754e-01 7.051628828048706055e-01 3.632066845893859863e-01
7.262802124023437500e-01 3.144482672214508057e-01 4.143375456333160400e-01 2.649118602275848389e-01 6.546595692634582520e-01 7.066493630409240723e-01 5.029288530349731445e-01 3.144063651561737061e-01 3.642877936363220215e-01 3.051948547363281250e-01 4.845733046531677246e-01 3.718084692955017090e-01 3.885920047760009766e-01 4.255103468894958496e-01 5.066431760787963867e-01 5.392781496047973633e-01 4.125375449657440186e-01 5.734544396400451660e-01 5.228852629661560059e-01 3.557415604591369629e-01
3.606695234775543213e-01 8.514691591262817383e-01 5.780666470527648926e-01 3.349336385726928711e-01 4.012559652328491211e-01 4.468023180961608887e-01 2.626994252204895020e-01 3.498940169811248779e-01 4.452850818634033203e-01 4.640983641147613525e-01 5.973007678985595703e-01 5.577089190483093262e-01 5.289448499679565430e-01 6.234121918678283691e-01 6.921094655990600586e-01 8.046252727508544922e-01 5.247505903244018555e-01 3.844269216060638428e-01 2.584251165390014648e-01 6.886030435562133789e-01
3.765321373939514160e-01 3.282407224178314209e-01 4.050258696079254150e-01 6.329516172409057617e-01 3.812051117420196533e-01 3.678297698497772217e-01 4.306995868682861328e-01 2.182917147874832153e-01 4.434198141098022461e-01 3.977221846580505371e-01 5.308781266212463379e-01 5.138657093048095703e-01 8.183195590972900391e-01 5.871521234512329102e-01 3.796684741973876953e-01 5.060422420501708984e-01 1.211586475372314453e+00 8.659265041351318359e-01 3.979715704917907715e-01 9.525257349014282227e-01
3.602215647697448730e-01 5.033372044563293457e-01 4.415876269340515137e-01 2.226498574018478394e-01 8.213254809379577637e-01 1.645442247390747070e-01 4.300051927566528320e-01 6.592906713485717773e-01 2.366858571767807007e-01 2.765183746814727783e-01 2.933018803596496582e-01 5.988193750381469727e-01 7.619802951812744141e-01 5.168301463127136230e-01 6.031743288040161133e-01 7.140736579895019531e-01 7.453565597534179688e-01 7.958399057388305664e-01 3.709967136383056641e-01 4.506731331348419189e-01
4.649679064750671387e-01 5.178877711296081543e-01 4.806040823459625244e-01 6.064652800559997559e-01 1.532508730888366699e-01 3.075660169124603271e-01 4.104948043823242188e-01 1.739927679300308228e-01 5.055224299430847168e-01 2.042750567197799683e-01 3.132818043231964111e-01 2.478165030479431152e-01 6.644970178604125977e-01 5.532996058464050293e-01 6.677128076553344727e-01 4.303182959556579590e-01 7.948289513587951660e-01 1.050198316574096680e+00 4.900385439395904541e-01 9.377490282058715820e-01
3.256878554821014404e-01 2.788898348808288574e-01 3.586899042129516602e-01 5.620446205139160156e-01 2.831605076789855957e-01 3.394058644771575928e-01 3.656822443008422852e-01 4.266468584537506104e-01 2.728338837623596191e-01 2.488517761230468750e-01 3.461805284023284912e-01 4.315108656883239746e-01 4.394297003746032715e-01 4.727189242839813232e-01 4.858445823192596436e-01 8.279422521591186523e-01 5.666916966438293457e-01 9.100193977355957031e-01 4.372293651103973389e-01 3.696173429489135742e-01
2.236489653587341309e-01 3.260863423347473145e-01 4.124307632446289062e-01 4.680029749870300293e-01 2.663110494613647461e-01 3.357535600662231445e-01 2.307848334312438965e-01 3.599796295166015625e-01 3.468841016292572021e-01 4.432068467140197754e-01 4.245762526988983154e-01 2.536005973815917969e-01 3.067479729652404785e-01 3.692246079444885254e-01 3.615531623363494873e-01 8.597030639648437500e-01 5.392427444458007812e-01 9.004867076873779297e-01 5.121680498123168945e-01 5.267646312713623047e-01
7.293915003538131714e-02 2.815751433372497559e-01 3.891193866729736328e-01 1.643688231706619263e-01 3.617603778839111328e-01 2.702648043632507324e-01 3.964828550815582275e-01 2.904672026634216309e-01 4.106209576129913330e-01 6.486170291900634766e-01 4.379916191101074219e-01 4.505251944065093994e-01 2.515987157821655273e-01 3.667799234390258789e-01 5.093529820442199707e-01 6.459746956825256348e-01 4.354442954063415527e-01 5.828402042388916016e-01 5.617002844810485840e-01 4.253623187541961670e-01
3.612080514430999756e-01 3.955643177032470703e-01 1.310297995805740356e-01 4.008445441722869873e-01 5.524330735206604004e-01 4.673014879226684570e-01 2.985877394676208496e-01 3.643044829368591309e-01 3.549674153327941895e-01 3.138896226882934570e-01 5.799158811569213867e-01 1.448320746421813965e-01 4.627040624618530273e-01 4.939370155334472656e-01 4.784640371799468994e-01 2.522843182086944580e-01 6.084884405136108398e-01 6.888645887374877930e-01 6.232472658157348633e-01 3.028006851673126221e-01
2.270534932613372803e-01 4.323371648788452148e-01 1.841203272342681885e-01 1.678443551063537598e-01 3.892066478729248047e-01 4.707596004009246826e-01 4.776246845722198486e-01 4.249970018863677979e-01 3.285682797431945801e-01 2.452261000871658325e-01 4.398810267448425293e-01 1.234155371785163879e-01 3.053022921085357666e-01 5.231972336769104004e-01 4.858586788177490234e-01 3.087315261363983154e-01 6.064970493316650391e-01 4.500272870063781738e-01 4.862342476844787598e-01 6.822743415832519531e-01
3.559323847293853760e-01 1.882489025592803955e-01 3.963510394096374512e-01 4.095662832260131836e-01 2.501373887062072754e-01 3.351601362228393555e-01 6.058935523033142090e-01 5.142331123352050781e-01 4.886785149574279785e-01 5.797574520111083984e-01 4.764344096183776855e-01 4.292564094066619873e-01 2.701239585876464844e-01 2.480624020099639893e-01 3.586798310279846191e-01 4.418329894542694092e-01 2.402600347995758057e-01 1.718619167804718018e-01 1.759298145771026611e-01 4.188213944435119629e-01
5.369344949722290039e-01 3.552366793155670166e-01 4.855986237525939941e-01 5.873070359230041504e-01 3.359953165054321289e-01 6.644036769866943359e-01 4.674939811229705811e-01 2.687106728553771973e-01 3.032517731189727783e-01 3.698391914367675781e-01 3.339539766311645508e-01 5.656501650810241699e-01 3.849374055862426758e-01 2.928325831890106201e-01 4.401388168334960938e-01 2.263734638690948486e-01 2.930724322795867920e-01 3.837902843952178955e-01 3.495644927024841309e-01 4.676320552825927734e-01
4.415898621082305908e-01 2.992191016674041748e-01 3.840787410736083984e-01 3.079209327697753906e-01 1.371063441038131714e-01 4.870286583900451660e-01 4.709121882915496826e-01 5.679707527160644531e-01 4.839420914649963379e-01 3.986594974994659424e-01 3.358341157436370850e-01 1.780796349048614502e-01 2.163146436214447021e-01 3.117442727088928223e-01 3.115800619125366211e-01 5.730937719345092773e-01 1.682227551937103271e-01 2.103844732046127319e-01 3.537836968898773193e-01 2.964704334735870361e-01
2.224003374576568604e-01 1.836486160755157471e-01 3.428804874420166016e-01 5.126302242279052734e-01 3.060341775417327881e-01 6.428385972976684570e-01 5.851174592971801758e-01 5.457019209861755371e-01 6.114135980606079102e-01 5.240025520324707031e-01 4.482765793800354004e-01 4.257296323776245117e-01 3.866809904575347900e-01 5.058295726776123047e-01 8.698786795139312744e-02 5.027415156364440918e-01 2.964018881320953369e-01 2.592517435550689697e-01 5.175810456275939941e-01 7.295473814010620117e-01
3.875573873519897461e-01 5.545102357864379883e-01 3.018188476562500000e-01 4.550054669380187988e-01 3.215151131153106689e-01 3.737316131591796875e-01 3.732573390007019043e-01 6.586034297943115234e-01 3.876105248928070068e-01 2.815445065498352051e-01 4.629987776279449463e-01 2.969210743904113770e-01 4.631314575672149658e-01 4.891806244850158691e-01 1.883604377508163452e-01 4.329110980033874512e-01 4.750971198081970215e-01 3.709982633590698242e-01 5.011093020439147949e-01 2.681884467601776123e-01
2.059533596038818359e-01 5.763612985610961914e-01 4.056183099746704102e-01 3.301467299461364746e-01 3.950370550155639648e-01 2.202821969985961914e-01 5.179941058158874512e-01 4.611682891845703125e-01 4.812296032905578613e-01 4.077218472957611084e-01 3.662104904651641846e-01 5.137300491333007812e-01 3.888991475105285645e-01 4.237848222255706787e-01 3.079458475112915039e-01 3.755774497985839844e-01 3.146701455116271973e-01 3.847850561141967773e-01 3.976711630821228027e-01 4.557390809059143066e-01
2.115536034107208252e-01 4.587134718894958496e-01 2.708085775375366211e-01 3.215125203132629395e-01 1.873044073581695557e-01 3.398414552211761475e-01 5.329550504684448242e-01 7.112888097763061523e-01 5.165277123451232910e-01 4.414608478546142578e-01 8.295682668685913086e-01 3.614940643310546875e-01 2.691558301448822021e-01 3.634815216064453125e-01 4.455366134643554688e-01 1.631997823715209961e-01 2.136034667491912842e-01 3.181177675724029541e-01 2.883296012878417969e-01 3.234782218933105469e-01
6.001212000846862793e-01 4.250624179840087891e-01 3.861580491065979004e-01 3.894616961479187012e-01 3.855558931827545166e-01 2.012618482112884521e-01 3.589126467704772949e-01 4.010026454925537109e-01 3.592076599597930908e-01 5.660267472267150879e-01 6.288875341415405273e-01 4.878210425376892090e-01 3.396170139312744141e-01 2.792686820030212402e-01 5.050313472747802734e-01 2.684571146965026855e-01 4.807263016700744629e-01 4.675897061824798584e-01 4.380629360675811768e-01 3.028117418289184570e-01
