2018-07-25 04:00:00
3.734190762042999268e-01 4.144903421401977539e-01 5.269882678985595703e-01 2.964379191398620605e-01 3.458181619644165039e-01 3.661557435989379883e-01 6.368280053138732910e-01 6.923506259918212891e-01 8.224122524261474609e-01 2.704059481620788574e-01 6.228402853012084961e-01 2.867982387542724609e-01 4.180858731269836426e-01 5.573591589927673340e-01 4.533513784408569336e-01 4.676802754402160645e-01 5.824800133705139160e-01 4.805987477302551270e-01 5.129758119583129883e-01 3.269391953945159912e-01
5.902926921844482422e-01 5.721910595893859863e-01 3.622925877571105957e-01 4.948004782199859619e-01 4.479898214340209961e-01 2.871718406677246094e-01 3.547340631484985352e-01 5.091086626052856445e-01 5.454545021057128906e-01 4.225740432739257812e-01 3.451863825321197510e-01 5.216667652130126953e-01 6.690497398376464844e-01 3.675010502338409424e-01 3.297670185565948486e-01 7.139134407043457031e-01 3.379833698272705078e-01 2.272140681743621826e-01 5.909088850021362305e-01 5.412788391113281250e-01
4.789580106735229492e-01 1.748686730861663818e-01 6.562827825546264648e-01 2.587377429008483887e-01 3.184957504272460938e-01 3.803379535675048828e-01 7.337043285369873047e-01 7.028400897979736328e-01 3.647093772888183594e-01 5.828150510787963867e-01 5.138164162635803223e-01 3.449186086654663086e-01 2.813334763050079346e-01 4.614890515804290771e-01 3.060322999954223633e-01 3.425965011119842529e-01 6.690136194229125977e-01 4.169297218322753906e-01 5.349549055099487305e-01 4.998754560947418213e-01
3.381943702697753906e-01 3.094340562820434570e-01 3.948844969272613525e-01 6.053063869476318359e-01 4.067357182502746582e-01 4.998613893985748291e-01 7.087086439132690430e-01 4.384617805480957031e-01 3.814793527126312256e-01 3.152906298637390137e-01 3.333410620689392090e-01 4.051751494407653809e-01 5.410234928131103516e-01 3.041039109230041504e-01 5.388167500495910645e-01 5.766079425811767578e-01 2.971125245094299316e-01 4.202448427677154541e-01 4.880314469337463379e-01 4.799550473690032959e-01
6.155386567115783691e-01 5.123271942138671875e-01 6.374801397323608398e-01 6.502010226249694824e-01 6.676748991012573242e-01 2.238359153270721436e-01 4.294323623180389404e-01 5.107514858245849609e-01 4.684934020042419434e-01 9.247493147850036621e-01 5.263829827308654785e-01 2.268031090497970581e-01 4.450263977050781250e-01 4.359159469604492188e-01 6.987087726593017578e-01 4.490254521369934082e-01 6.371171474456787109e-01 3.781240880489349365e-01 3.002735674381256104e-01 6.589238643646240234e-01
6.284384727478027344e-01 4.256216883659362793e-01 4.329523742198944092e-01 4.037526249885559082e-01 5.569299459457397461e-01 7.818648815155029297e-01 3.174708783626556396e-01 2.799293100833892822e-01 6.083592772483825684e-01 4.584395289421081543e-01 3.519960045814514160e-01 3.121382892131805420e-01 3.350222408771514893e-01 5.328335762023925781e-01 6.065617799758911133e-01 3.891756534576416016e-01 8.361436724662780762e-01 2.789485156536102295e-01 4.229899942874908447e-01 6.664241552352905273e-01
1.913918852806091309e-01 4.397330880165100098e-01 4.938870966434478760e-01 5.531945228576660156e-01 4.151202738285064697e-01 3.873311877250671387e-01 2.691669762134552002e-01 4.382579922676086426e-01 3.491419255733489990e-01 6.324955224990844727e-01 4.544680416584014893e-01 2.415488511323928833e-01 5.736150741577148438e-01 4.757844507694244385e-01 6.490043401718139648e-01 4.468239545822143555e-01 7.086308002471923828e-01 5.934836864471435547e-01 4.962855875492095947e-01 5.876643657684326172e-01
3.231189846992492676e-01 4.261521995067596436e-01 5.282267332077026367e-01 5.075474977493286133e-01 2.462586909532546997e-01 3.908698260784149170e-01 2.180193960666656494e-01 4.655026495456695557e-01 4.180198907852172852e-01 5.102318525314331055e-01 3.810283243656158447e-01 5.478380620479583740e-02 5.167931914329528809e-01 2.857675552368164062e-01 2.509665191173553467e-01 5.994818210601806641e-01 3.345515131950378418e-01 4.671709537506103516e-01 3.050171732902526855e-01 3.316320776939392090e-01
4.624612331390380859e-01 4.442209899425506592e-01 4.348580837249755859e-01 3.493880033493041992e-01 3.675827383995056152e-01 2.961320579051971436e-01 4.468614459037780762e-01 7.099821567535400391e-01 2.458761334419250488e-01 2.320700436830520630e-01 3.796085715293884277e-01 5.741426944732666016e-01 1.976929605007171631e-01 3.501392900943756104e-01 5.167554020881652832e-01 4.404559731483459473e-01 6.842970848083496094e-01 3.527997732162475586e-01 2.873426973819732666e-01 3.638293147087097168e-01
2.499332129955291748e-01 7.744395136833190918e-01 3.790834844112396240e-01 6.080619692802429199e-01 4.334437847137451172e-01 6.072016358375549316e-01 2.699372470378875732e-01 3.224481940269470215e-01 5.332185029983520508e-01 7.311521768569946289e-01 4.636769890785217285e-01 6.775622963905334473e-01 4.525975286960601807e-01 4.293951690196990967e-01 6.591651439666748047e-01 4.603609442710876465e-01 4.229800403118133545e-01 5.407089591026306152e-01 6.853126883506774902e-01 3.956179916858673096e-01
2.959134578704833984e-01 6.287711858749389648e-01 4.250465035438537598e-01 2.738490998744964600e-01 5.800163745880126953e-01 4.772597551345825195e-01 1.977351009845733643e-01 3.500098586082458496e-01 2.514031529426574707e-01 4.502048492431640625e-01 3.542005121707916260e-01 4.977687299251556396e-01 3.384639024734497070e-01 2.711504697799682617e-01 4.414247274398803711e-01 4.018539786338806152e-01 4.622489809989929199e-01 4.278565347194671631e-01 7.314916849136352539e-01 4.875821471214294434e-01
3.742018938064575195e-01 2.629652023315429688e-01 4.993272423744201660e-01 2.241407632827758789e-01 4.594042897224426270e-01 6.882591247558593750e-01 3.977463245391845703e-01 4.874359369277954102e-01 3.107132911682128906e-01 2.497381567955017090e-01 6.386748552322387695e-01 3.740175664424896240e-01 3.451828360557556152e-01 3.678139448165893555e-01 3.597301840782165527e-01 2.074814438819885254e-01 3.855839669704437256e-01 3.223900198936462402e-01 2.399130761623382568e-01 5.359376668930053711e-01
2.000113129615783691e-01 7.271551489830017090e-01 4.824343025684356689e-01 3.223347067832946777e-01 4.860880374908447266e-01 2.093726992607116699e-01 5.074318647384643555e-01 2.026877999305725098e-01 5.531744360923767090e-01 4.039291441440582275e-01 4.102978110313415527e-01 4.431799948215484619e-01 3.957760334014892578e-01 2.812109589576721191e-01 2.679604291915893555e-01 5.079681873321533203e-01 4.477679729461669922e-01 4.468676447868347168e-01 4.139642715454101562e-01 6.861630082130432129e-01
4.137451648712158203e-01 2.389300763607025146e-01 3.428759574890136719e-01 5.621799230575561523e-01 3.817164897918701172e-01 6.383602619171142578e-01 4.070616364479064941e-01 4.207494258880615234e-01 6.654018163681030273e-01 3.380954563617706299e-01 5.567348599433898926e-01 5.808447003364562988e-01 3.340072333812713623e-01 3.573808372020721436e-01 4.887676835060119629e-01 2.030360698699951172e-01 5.376143455505371094e-01 5.188795328140258789e-01 5.179721713066101074e-01 4.751908183097839355e-01
4.334732294082641602e-01 5.917096138000488281e-01 3.630659878253936768e-01 4.708316326141357422e-01 5.299633741378784180e-01 2.546415030956268311e-01 3.120279908180236816e-01 1.480113118886947632e-01 3.528780639171600342e-01 2.613397836685180664e-01 3.051558136940002441e-01 4.010244607925415039e-01 4.759188294410705566e-01 5.335519909858703613e-01 3.383269309997558594e-01 3.469013273715972900e-01 4.104629456996917725e-01 5.528789758682250977e-01 4.025847315788269043e-01 3.059852719306945801e-01
2.716741561889648438e-01 5.328999757766723633e-01 3.485081195831298828e-01 6.748766899108886719e-01 4.490466117858886719e-01 4.777778983116149902e-01 4.909074306488037109e-01 3.711771368980407715e-01 1.351985335350036621e-01 4.201745688915252686e-01 7.246961593627929688e-01 2.292986065149307251e-01 4.123720526695251465e-01 4.148644804954528809e-01 4.300535619258880615e-01 5.429060459136962891e-01 5.141338109970092773e-01 3.591749966144561768e-01 5.411540865898132324e-01 6.678647398948669434e-01
5.895537734031677246e-01 3.024225234985351562e-01 2.334954738616943359e-01 5.775930285453796387e-01 4.442617893218994141e-01 3.658412694931030273e-01 3.266404271125793457e-01 3.685844838619232178e-01 4.643222689628601074e-01 3.612208962440490723e-01 8.108578324317932129e-01 4.088761806488037109e-01 5.323917269706726074e-01 4.156528711318969727e-01 2.543765306472778320e-01 2.879845499992370605e-01 3.697935938835144043e-01 4.560849964618682861e-01 4.496667981147766113e-01 6.255738735198974609e-01
3.309905827045440674e-01 3.042041659355163574e-01 5.238285064697265625e-01 2.502376735210418701e-01 3.087735176086425781e-01 4.579101800918579102e-01 2.490880787372589111e-01 6.546062231063842773e-01 4.152065515518188477e-01 5.187965631484985352e-01 3.722573816776275635e-01 4.941366612911224365e-01 4.158253073692321777e-01 4.064337909221649170e-01 5.001816749572753906e-01 5.831860303878784180e-01 5.608602762222290039e-01 3.156039118766784668e-01 3.919011950492858887e-01 4.308214783668518066e-01
4.949440658092498779e-01 2.127881795167922974e-01 6.049619913101196289e-01 2.309154868125915527e-01 2.247684895992279053e-01 3.314187526702880859e-01 5.386919379234313965e-01 2.738164067268371582e-01 3.829427957534790039e-01 4.315288066864013672e-01 6.353503465652465820e-01 4.548110961914062500e-01 2.988169789314270020e-01 5.638614892959594727e-01 4.001766145229339600e-01 5.973359942436218262e-01 4.664122462272644043e-01 5.225061178207397461e-01 3.493911623954772949e-01 3.172247409820556641e-01
3.622739613056182861e-01 2.587671875953674316e-01 2.682974934577941895e-01 5.571941137313842773e-01 2.349089682102203369e-01 3.869611024856567383e-01 4.241200089454650879e-01 3.663100004196166992e-01 3.595360219478607178e-01 4.388190507888793945e-01 3.850232958793640137e-01 3.164349198341369629e-01 5.659786462783813477e-01 3.238357603549957275e-01 3.129218220710754395e-01 2.037629783153533936e-01 3.121586441993713379e-01 4.110759794712066650e-01 3.980261683464050293e-01 4.536330699920654297e-01
