2018-07-25 04:45:00
3.752595484256744385e-01 5.469981431961059570e-01 4.229744672775268555e-01 3.239710927009582520e-01 4.044657945632934570e-01 3.909904956817626953e-01 2.861607074737548828e-01 4.885342717170715332e-01 3.651824295520782471e-01 3.632816076278686523e-01 5.190901756286621094e-01 4.079117178916931152e-01 3.789630830287933350e-01 3.169094324111938477e-01 9.077417850494384766e-01 7.963573932647705078e-01 6.516469717025756836e-01 3.885200023651123047e-01 3.207882046699523926e-01 3.290902078151702881e-01
4.914930760860443115e-01 4.242474436759948730e-01 2.920801639556884766e-01 2.648883461952209473e-01 7.506291866302490234e-01 5.628246665000915527e-01 3.855578899383544922e-01 7.954608201980590820e-01 5.923120975494384766e-01 2.855489850044250488e-01 6.594495773315429688e-01 7.506350874900817871e-01 4.432185292243957520e-01 4.805223047733306885e-01 6.386069655418395996e-01 6.136502027511596680e-01 6.890936493873596191e-01 6.438677906990051270e-01 2.621647417545318604e-01 5.298989415168762207e-01
2.354510128498077393e-01 4.006208777427673340e-01 2.854614257812500000e-01 5.741567611694335938e-01 5.883311033248901367e-01 6.642276644706726074e-01 3.955815136432647705e-01 4.551803767681121826e-01 5.748347043991088867e-01 5.135881900787353516e-01 4.158657193183898926e-01 3.360552787780761719e-01 3.900679349899291992e-01 4.496519267559051514e-01 5.026686191558837891e-01 8.048942089080810547e-01 6.500401496887207031e-01 3.900507092475891113e-01 4.834405183792114258e-01 5.665329098701477051e-01
4.917578697204589844e-01 2.103446274995803833e-01 5.890370607376098633e-01 3.862209916114807129e-01 5.221336483955383301e-01 7.690395116806030273e-01 5.907723903656005859e-01 6.392008066177368164e-01 5.717576146125793457e-01 2.645340859889984131e-01 3.763123154640197754e-01 2.387388795614242554e-01 4.499593377113342285e-01 5.447348356246948242e-01 4.554317891597747803e-01 8.634920120239257812e-01 5.097497105598449707e-01 3.887218236923217773e-01 4.085361361503601074e-01 4.142986536026000977e-01
5.697109699249267578e-01 5.604450702667236328e-01 3.130366206169128418e-01 2.727882266044616699e-01 7.035679817199707031e-01 3.900924623012542725e-01 2.775059938430786133e-01 3.783499300479888916e-01 4.567590951919555664e-01 4.882395565509796143e-01 5.642973780632019043e-01 5.425695776939392090e-01 5.560029745101928711e-01 4.518029391765594482e-01 4.797271490097045898e-01 4.401194155216217041e-01 5.614008903503417969e-01 5.745993852615356445e-01 4.666965603828430176e-01 4.904635250568389893e-01
3.473653793334960938e-01 3.771264255046844482e-01 9.326572716236114502e-02 3.837004005908966064e-01 4.919852912425994873e-01 3.254711031913757324e-01 3.841576278209686279e-01 5.184360146522521973e-01 4.796614646911621094e-01 3.861183226108551025e-01 5.019780993461608887e-01 1.859575361013412476e-01 3.946125507354736328e-01 6.080055236816406250e-01 4.160432219505310059e-01 5.606839656829833984e-01 8.601510524749755859e-01 5.805508494377136230e-01 4.049234390258789062e-01 3.498625457286834717e-01
4.269824922084808350e-01 2.964448332786560059e-01 3.767112493515014648e-01 5.262513756752014160e-01 7.996754646301269531e-01 2.841538786888122559e-01 3.477846086025238037e-01 5.839827060699462891e-01 5.209025740623474121e-01 3.370663821697235107e-01 3.163470923900604248e-01 5.052943825721740723e-01 4.043317437171936035e-01 4.394601881504058838e-01 3.960551917552947998e-01 4.937477409839630127e-01 8.337583541870117188e-01 7.678477764129638672e-01 3.143171668052673340e-01 4.611729979515075684e-01
2.452691495418548584e-01 5.384753346443176270e-01 2.096606194972991943e-01 2.608236968517303467e-01 4.891911745071411133e-01 3.130760788917541504e-01 2.709094583988189697e-01 5.574692487716674805e-01 4.087600708007812500e-01 2.835309803485870361e-01 1.805178821086883545e-01 3.370527923107147217e-01 7.185373306274414062e-01 5.869218707084655762e-01 4.421269595623016357e-01 6.415142416954040527e-01 4.430719017982482910e-01 5.923297405242919922e-01 5.523707270622253418e-01 4.804585874080657959e-01
3.694579005241394043e-01 3.963072896003723145e-01 5.419319272041320801e-01 3.904300332069396973e-01 3.789720833301544189e-01 2.895065844058990479e-01 6.247735023498535156e-01 5.140011906623840332e-01 5.736460089683532715e-01 7.085524797439575195e-01 4.244649410247802734e-01 3.265703320503234863e-01 5.233513116836547852e-01 3.070524930953979492e-01 5.901485085487365723e-01 4.789231419563293457e-01 4.164963066577911377e-01 4.043191075325012207e-01 3.606580495834350586e-01 6.506904363632202148e-01
3.497607111930847168e-01 2.275527864694595337e-01 3.014793992042541504e-01 3.507490456104278564e-01 3.872075080871582031e-01 4.595400393009185791e-01 4.246550202369689941e-01 5.812425613403320312e-01 2.874842882156372070e-01 5.337352752685546875e-01 4.216230511665344238e-01 4.122267365455627441e-01 5.776225328445434570e-01 4.628562927246093750e-01 5.362365841865539551e-01 4.302874505519866943e-01 6.231375932693481445e-01 3.449466824531555176e-01 6.063930988311767578e-01 3.737673461437225342e-01
4.629446864128112793e-01 6.239812374114990234e-01 2.455487698316574097e-01 1.722502857446670532e-01 2.450193166732788086e-01 3.724371790885925293e-01 4.377166032791137695e-01 5.203766822814941406e-01 5.825613737106323242e-01 7.400472164154052734e-01 5.774598121643066406e-01 4.496270716190338135e-01 3.889051079750061035e-01 4.128160476684570312e-01 5.483961701393127441e-01 3.888278901576995850e-01 5.437349677085876465e-01 3.063601255416870117e-01 2.851479053497314453e-01 4.009442925453186035e-01
4.224861860275268555e-01 3.098337650299072266e-01 2.527440190315246582e-01 1.603840440511703491e-01 4.827217757701873779e-01 3.186380565166473389e-01 1.261089295148849487e-01 4.995571076869964600e-01 4.591491222381591797e-01 5.308396816253662109e-01 5.301976203918457031e-01 2.938702106475830078e-01 4.747717082500457764e-01 6.559998989105224609e-01 2.651135325431823730e-01 4.357592165470123291e-01 7.697076797485351562e-01 4.421815276145935059e-01 3.247198462486267090e-01 2.995316982269287109e-01
3.580021560192108154e-01 5.371592044830322266e-01 3.264891803264617920e-01 2.276437878608703613e-01 2.325115799903869629e-01 4.269728958606719971e-01 3.740739226341247559e-01 4.506058096885681152e-01 1.446525752544403076e-01 5.929403305053710938e-01 5.664573907852172852e-01 6.178030967712402344e-01 3.625404834747314453e-01 1.276087909936904907e-01 3.904544711112976074e-01 4.832431375980377197e-01 3.214645981788635254e-01 5.119607448577880859e-01 3.337652087211608887e-01 4.289326071739196777e-01
2.901239395141601562e-01 4.220893085002899170e-01 5.636152029037475586e-01 4.200561642646789551e-01 4.240253567695617676e-01 3.574944734573364258e-01 4.160701632499694824e-01 4.700821936130523682e-01 7.723728418350219727e-01 6.985803246498107910e-01 5.204619169235229492e-01 4.060159325599670410e-01 4.086224436759948730e-01 2.588677704334259033e-01 2.450462579727172852e-01 4.137060046195983887e-01 5.524742603302001953e-01 5.048109292984008789e-01 3.303007483482360840e-01 4.889549016952514648e-01
4.456485509872436523e-01 3.310199379920959473e-01 3.824218511581420898e-01 4.586935639381408691e-01 3.556710779666900635e-01 2.619016468524932861e-01 1.951329559087753296e-01 3.238769769668579102e-01 3.748505711555480957e-01 3.829466700553894043e-01 5.881966948509216309e-01 4.884429574012756348e-01 2.676306366920471191e-01 2.273487746715545654e-01 4.974611997604370117e-01 3.591513633728027344e-01 5.266377925872802734e-01 2.822863459587097168e-01 6.279213428497314453e-01 4.960953891277313232e-01
4.272077381610870361e-01 5.589405894279479980e-01 4.255884289741516113e-01 4.713513851165771484e-01 1.513256132602691650e-01 6.987770795822143555e-01 4.557376205921173096e-01 3.390023708343505859e-01 2.914329171180725098e-01 3.177227973937988281e-01 4.469297528266906738e-01 3.299491703510284424e-01 4.210939705371856689e-01 2.480836510658264160e-01 4.424250423908233643e-01 5.592473745346069336e-01 4.398801028728485107e-01 4.443054497241973877e-01 4.787684082984924316e-01 2.825538814067840576e-01
3.740309476852416992e-01 5.066087841987609863e-01 4.647432863712310791e-01 1.744371354579925537e-01 4.536727666854858398e-01 4.011546373367309570e-01 3.088537752628326416e-01 3.976994156837463379e-01 2.682081460952758789e-01 4.581359028816223145e-01 4.035536646842956543e-01 2.875062823295593262e-01 3.935989737510681152e-01 5.048688054084777832e-01 3.274139761924743652e-01 5.159646272659301758e-01 8.657229542732238770e-01 5.669702291488647461e-01 6.776696443557739258e-01 5.200068950653076172e-01
2.602358758449554443e-01 5.329686403274536133e-01 3.946503400802612305e-01 3.083969950675964355e-01 3.779495954513549805e-01 4.987405836582183838e-01 1.508023738861083984e-01 4.418617486953735352e-01 3.454456329345703125e-01 2.570096850395202637e-01 5.002753734588623047e-01 3.930833935737609863e-01 4.984597265720367432e-01 4.434400796890258789e-01 5.322343111038208008e-01 3.457691371440887451e-01 4.830132126808166504e-01 6.594441533088684082e-01 5.105286836624145508e-01 4.064543843269348145e-01
4.067654013633728027e-01 5.266844034194946289e-01 4.755772054195404053e-01 2.324602603912353516e-01 4.356490373611450195e-01 4.418211281299591064e-01 4.628306031227111816e-01 3.501224517822265625e-01 4.262979626655578613e-01 4.154382944107055664e-01 3.700802326202392578e-01 4.972844719886779785e-01 3.272496163845062256e-01 5.529360771179199219e-01 4.692125320434570312e-01 3.888571560382843018e-01 5.638802051544189453e-01 3.835560381412506104e-01 3.204153180122375488e-01 2.400797009468078613e-01
4.876264929771423340e-01 4.583154916763305664e-01 6.781948804855346680e-01 2.521371543407440186e-01 4.462804794311523438e-01 2.067694962024688721e-01 2.031487226486206055e-01 4.505048990249633789e-01 1.111306995153427124e-01 4.673795104026794434e-01 4.647378027439117432e-01 2.822914719581604004e-01 3.706384897232055664e-01 4.697419404983520508e-01 5.514504313468933105e-01 3.291309773921966553e-01 2.870977520942687988e-01 4.504900872707366943e-01 3.274828791618347168e-01 4.524483084678649902e-01
