2018-07-25 00:30:00
7.552342414855957031e-01 4.248263835906982422e-01 3.634755909442901611e-01 4.887951016426086426e-01 3.762455880641937256e-01 5.638182163238525391e-01 4.136862754821777344e-01 3.023420572280883789e-01 3.791036307811737061e-01 2.051872164011001587e-01 1.968697905540466309e-01 4.237691164016723633e-01 3.450803160667419434e-01 3.836637139320373535e-01 3.045997023582458496e-01 3.580482304096221924e-01 2.731815874576568604e-01 3.859721422195434570e-01 4.052164852619171143e-01 4.033090174198150635e-01
5.925186872482299805e-01 4.773817360401153564e-01 4.536455869674682617e-01 2.366913706064224243e-01 3.898084461688995361e-01 3.899472951889038086e-01 3.999750316143035889e-01 2.621320486068725586e-01 3.606574833393096924e-01 4.236764907836914062e-01 2.416107654571533203e-01 2.938959002494812012e-01 2.902514338493347168e-01 2.471405267715454102e-01 4.750391244888305664e-01 2.822264134883880615e-01 2.645231783390045166e-01 3.035938441753387451e-01 4.676323533058166504e-01 2.769363522529602051e-01
3.880832195281982422e-01 4.563745558261871338e-01 5.687851905822753906e-01 2.775284945964813232e-01 2.976679801940917969e-01 4.030283987522125244e-01 3.921684622764587402e-01 2.887705266475677490e-01 2.664224803447723389e-01 4.002851843833923340e-01 3.706787526607513428e-01 5.667182207107543945e-01 3.159124255180358887e-01 1.317305117845535278e-01 3.294319510459899902e-01 5.451292395591735840e-01 4.085067212581634521e-01 2.864487171173095703e-01 4.480133056640625000e-01 4.587118029594421387e-01
2.834361791610717773e-01 3.822632133960723877e-01 4.408819377422332764e-01 5.202070474624633789e-01 3.338029384613037109e-01 3.100426197052001953e-01 2.991729974746704102e-01 3.186253607273101807e-01 2.269910126924514771e-01 4.647672474384307861e-01 5.969634056091308594e-01 6.110759377479553223e-01 3.067594766616821289e-01 2.812169790267944336e-01 3.593415617942810059e-01 3.755482137203216553e-01 4.886276721954345703e-01 2.288460582494735718e-01 1.772024482488632202e-01 4.028982520103454590e-01
3.660177886486053467e-01 1.791808754205703735e-01 3.141265809535980225e-01 2.932529449462890625e-01 4.266797900199890137e-01 4.115241169929504395e-01 2.539559304714202881e-01 2.027541399002075195e-01 6.097728013992309570e-01 2.903195321559906006e-01 3.291589915752410889e-01 6.119372695684432983e-02 5.251033902168273926e-01 3.392421901226043701e-01 4.372912645339965820e-01 1.896722465753555298e-01 4.785514771938323975e-01 4.038346409797668457e-01 2.584928572177886963e-01 4.537481069564819336e-01
2.988097071647644043e-01 3.950362205505371094e-01 3.319920301437377930e-01 2.976404428482055664e-01 3.861162066459655762e-01 2.700678706169128418e-01 3.473237752914428711e-01 5.985335111618041992e-01 2.810197770595550537e-01 3.525686860084533691e-01 2.847990393638610840e-01 3.999964594841003418e-01 3.053708076477050781e-01 2.921123504638671875e-01 2.504142224788665771e-01 5.132641792297363281e-01 4.028941988945007324e-01 3.535607457160949707e-01 6.321351528167724609e-01 2.420127689838409424e-01
5.578246116638183594e-01 5.145872831344604492e-01 3.969497084617614746e-01 5.041317939758300781e-01 5.427573919296264648e-01 4.247635304927825928e-01 1.139008104801177979e-01 3.847095966339111328e-01 2.697547972202301025e-01 3.575727045536041260e-01 4.253995418548583984e-01 4.515610337257385254e-01 1.688524633646011353e-01 3.004017472267150879e-01 3.570202291011810303e-01 4.361899197101593018e-01 3.359903693199157715e-01 5.343626141548156738e-01 4.849676489830017090e-01 3.101397752761840820e-01
1.739622652530670166e-01 4.840157628059387207e-01 3.231387138366699219e-01 5.000726580619812012e-01 1.157224774360656738e-01 3.994449675083160400e-01 5.052071809768676758e-01 3.223326802253723145e-01 3.777304887771606445e-01 4.115034937858581543e-01 2.667415142059326172e-01 2.634420990943908691e-01 5.819126963615417480e-01 4.305665791034698486e-01 2.796914875507354736e-01 2.955187559127807617e-01 1.978153586387634277e-01 2.703489661216735840e-01 2.164098620414733887e-01 3.255300223827362061e-01
2.060124129056930542e-01 2.204757779836654663e-01 3.687271475791931152e-01 2.972159087657928467e-01 3.192369937896728516e-01 1.983882933855056763e-01 4.472603201866149902e-01 5.191968679428100586e-01 2.512716650962829590e-01 3.865004777908325195e-01 7.170746326446533203e-01 2.958752810955047607e-01 1.576999574899673462e-01 2.904337644577026367e-01 3.811894357204437256e-01 2.858741879463195801e-01 2.075571119785308838e-01 3.783410787582397461e-01 2.336980104446411133e-01 4.139192998409271240e-01
1.798176616430282593e-01 2.417680621147155762e-01 3.264163136482238770e-01 5.892644524574279785e-01 2.968969345092773438e-01 2.919008731842041016e-01 2.584720253944396973e-01 3.131298422813415527e-01 2.527091503143310547e-01 5.378770232200622559e-01 2.293147891759872437e-01 2.177406251430511475e-01 2.054181545972824097e-01 3.274977207183837891e-01 3.678868412971496582e-01 2.150893509387969971e-01 2.271872460842132568e-01 4.286668300628662109e-01 1.666742563247680664e-01 3.460465669631958008e-01
4.260303676128387451e-01 2.868247926235198975e-01 1.290416419506072998e-01 6.071847304701805115e-02 4.475034475326538086e-01 3.851491510868072510e-01 2.427522093057632446e-01 4.520412683486938477e-01 3.342527151107788086e-01 4.274523854255676270e-01 5.419597029685974121e-01 3.407061696052551270e-01 3.410615324974060059e-01 2.977370619773864746e-01 3.494038283824920654e-01 3.900121450424194336e-01 4.049522280693054199e-01 3.142668604850769043e-01 3.300145566463470459e-01 5.069140195846557617e-01
2.908130884170532227e-01 4.326603412628173828e-01 2.528542876243591309e-01 4.544753432273864746e-01 2.175246775150299072e-01 2.000547349452972412e-01 3.670862913131713867e-01 4.087619185447692871e-01 3.256480097770690918e-01 1.459225565195083618e-01 2.853641510009765625e-01 2.227181792259216309e-01 2.006625831127166748e-01 4.094044864177703857e-01 4.587967097759246826e-01 3.177277445793151855e-01 3.162772357463836670e-01 2.384952008724212646e-01 3.047844171524047852e-01 3.170959055423736572e-01
3.692704439163208008e-01 4.047314822673797607e-01 2.820138335227966309e-01 4.555185735225677490e-01 5.171506404876708984e-01 3.091680705547332764e-01 1.817479580640792847e-01 1.595665514469146729e-01 4.268838763236999512e-01 5.547217130661010742e-01 3.816593587398529053e-01 4.525797069072723389e-01 2.452797591686248779e-01 2.424569427967071533e-01 1.870035231113433838e-01 4.214463829994201660e-01 3.019340038299560547e-01 3.403965830802917480e-01 1.923412531614303589e-01 3.396084904670715332e-01
2.085440307855606079e-01 2.864169478416442871e-01 1.671282947063446045e-01 1.808153837919235229e-01 3.729435801506042480e-01 3.435950875282287598e-01 2.068694829940795898e-01 3.578753471374511719e-01 3.652160763740539551e-01 1.924920976161956787e-01 2.925809323787689209e-01 1.779036819934844971e-01 2.951512932777404785e-01 4.263882040977478027e-01 2.987472414970397949e-01 3.605235815048217773e-01 3.392407000064849854e-01 2.404416650533676147e-01 4.013974368572235107e-01 1.474682688713073730e-01
3.986043035984039307e-01 4.006226062774658203e-01 1.677633225917816162e-01 3.689284324645996094e-01 3.939272761344909668e-01 2.355480343103408813e-01 2.593669593334197998e-01 2.748174965381622314e-01 1.098523139953613281e-01 4.466160237789154053e-01 4.043599665164947510e-01 1.522286385297775269e-01 6.630978584289550781e-01 4.401384592056274414e-01 4.597231149673461914e-01 2.130396515130996704e-01 1.737244129180908203e-01 4.887182116508483887e-01 4.524093568325042725e-01 3.583020865917205811e-01
3.128853440284729004e-01 4.953113794326782227e-01 2.609711885452270508e-01 1.454322338104248047e-01 1.691821515560150146e-01 1.948253810405731201e-01 2.986935973167419434e-01 7.266369462013244629e-01 3.724538087844848633e-01 2.345929741859436035e-01 3.703563511371612549e-01 3.240412473678588867e-01 2.812951207160949707e-01 3.061241507530212402e-01 4.341056346893310547e-01 4.521949291229248047e-01 2.164096236228942871e-01 2.928594350814819336e-01 3.947410583496093750e-01 4.943865537643432617e-01
4.080541729927062988e-01 4.068964719772338867e-01 3.515810966491699219e-01 1.298155188560485840e-01 4.835655391216278076e-01 2.932800054550170898e-01 2.008188664913177490e-01 3.096039891242980957e-01 3.175981938838958740e-01 3.515446186065673828e-01 3.985811471939086914e-01 2.658911943435668945e-01 1.515294909477233887e-01 2.840911746025085449e-01 3.626058697700500488e-01 3.381659388542175293e-01 3.631189465522766113e-01 2.634206414222717285e-01 4.442451596260070801e-01 4.825701117515563965e-01
1.636807769536972046e-01 2.288099080324172974e-01 5.137238502502441406e-01 3.973624706268310547e-01 3.380883038043975830e-01 5.401321649551391602e-01 4.588930606842041016e-01 2.406621277332305908e-01 3.057170510292053223e-01 2.807154953479766846e-01 3.446287512779235840e-01 1.981503218412399292e-01 3.456282019615173340e-01 2.885358333587646484e-01 4.414160251617431641e-01 4.314429759979248047e-01 3.986085057258605957e-01 3.169810175895690918e-01 2.813636064529418945e-01 2.417861670255661011e-01
5.051454305648803711e-01 1.414199322462081909e-01 2.618423998355865479e-01 3.275534212589263916e-01 3.752107620239257812e-01 3.673223853111267090e-01 3.738585412502288818e-01 3.861102759838104248e-01 4.719880521297454834e-01 2.647617757320404053e-01 2.802317142486572266e-01 3.616263270378112793e-01 3.326316773891448975e-01 5.449422001838684082e-01 3.077670633792877197e-01 2.942342162132263184e-01 3.530269265174865723e-01 4.110177755355834961e-01 1.603861898183822632e-01 1.328735351562500000e-01
1.992950290441513062e-01 2.398407608270645142e-01 3.494289815425872803e-01 3.383058309555053711e-01 2.976725101470947266e-01 4.886493086814880371e-01 3.796933591365814209e-01 2.841398417949676514e-01 5.089312195777893066e-01 5.967903137207031250e-01 4.857558012008666992e-01 5.193103551864624023e-01 1.733934730291366577e-01 4.303456544876098633e-01 2.257952690124511719e-01 4.045343995094299316e-01 2.606398463249206543e-01 1.892320513725280762e-01 3.636507391929626465e-01 3.953972756862640381e-01
