2018-07-25 05:00:00
4.341831505298614502e-01 4.971239566802978516e-01 5.720036029815673828e-01 3.910593986511230469e-01 5.453013777732849121e-01 5.122174620628356934e-01 5.845352411270141602e-01 4.892321228981018066e-01 4.376649260520935059e-01 3.250536620616912842e-01 5.577874183654785156e-01 4.732010960578918457e-01 7.245275974273681641e-01 6.050857305526733398e-01 5.856159329414367676e-01 1.173098564147949219e+00 3.793783187866210938e-01 5.690183043479919434e-01 5.443960428237915039e-01 3.711867928504943848e-01
5.359414815902709961e-01 7.073101997375488281e-01 7.240304946899414062e-01 4.934398531913757324e-01 3.315681815147399902e-01 4.469397664070129395e-01 3.771608471870422363e-01 4.017853140830993652e-01 4.614436030387878418e-01 3.890984058380126953e-01 3.588677048683166504e-01 6.150847077369689941e-01 5.110152959823608398e-01 4.965831637382507324e-01 7.403913140296936035e-01 1.129919171333312988e+00 4.284780323505401611e-01 8.679336905479431152e-01 4.851656854152679443e-01 5.183451175689697266e-01
3.884306550025939941e-01 5.053967237472534180e-01 7.448450326919555664e-01 4.143886566162109375e-01 6.726685762405395508e-01 7.605574280023574829e-02 1.015186548233032227e+00 4.353492259979248047e-01 3.910492956638336182e-01 2.505064904689788818e-01 3.789716362953186035e-01 2.834633886814117432e-01 7.202273607254028320e-01 5.194251537322998047e-01 8.531646132469177246e-01 9.660292267799377441e-01 7.963018417358398438e-01 8.183287382125854492e-01 9.454334974288940430e-01 4.566713571548461914e-01
4.037461280822753906e-01 2.064601927995681763e-01 2.440927177667617798e-01 5.251058340072631836e-01 3.108125925064086914e-01 4.541314542293548584e-01 3.513559699058532715e-01 4.008107781410217285e-01 3.897830843925476074e-01 3.613507747650146484e-01 7.032975554466247559e-01 2.379854619503021240e-01 5.966577529907226562e-01 5.644606351852416992e-01 4.422570765018463135e-01 1.174275398254394531e+00 9.441093206405639648e-01 1.104961991310119629e+00 6.174775362014770508e-01 9.268089532852172852e-01
5.247546434402465820e-01 4.875549674034118652e-01 4.468124508857727051e-01 4.903789758682250977e-01 3.449345827102661133e-01 3.404006361961364746e-01 4.392780661582946777e-01 4.250619411468505859e-01 1.140666529536247253e-01 1.713511645793914795e-01 6.495480537414550781e-01 4.592128396034240723e-01 9.102956056594848633e-01 6.730446219444274902e-01 8.380107879638671875e-01 8.066370487213134766e-01 1.170804858207702637e+00 9.296403527259826660e-01 1.013259291648864746e+00 1.143908739089965820e+00
2.486745566129684448e-01 3.647326529026031494e-01 3.828946948051452637e-01 3.764388561248779297e-01 3.203176856040954590e-01 7.281479239463806152e-01 2.778376340866088867e-01 3.102792501449584961e-01 3.995234072208404541e-01 2.334590107202529907e-01 4.528065323829650879e-01 4.682547748088836670e-01 4.875831007957458496e-01 7.091711163520812988e-01 4.731887876987457275e-01 8.457403182983398438e-01 5.395914316177368164e-01 4.985073208808898926e-01 8.655509948730468750e-01 9.294455051422119141e-01
4.214629530906677246e-01 3.667845726013183594e-01 4.395162165164947510e-01 3.952669501304626465e-01 3.080521225929260254e-01 5.495532751083374023e-01 4.570783376693725586e-01 3.944722414016723633e-01 3.944465517997741699e-01 3.133690059185028076e-01 3.602367043495178223e-01 4.313369989395141602e-01 4.484673738479614258e-01 8.215302228927612305e-01 4.833470582962036133e-01 1.046796202659606934e+00 1.372586011886596680e+00 7.567235231399536133e-01 8.954678773880004883e-01 5.154338479042053223e-01
3.861766755580902100e-01 3.388243019580841064e-01 2.977866232395172119e-01 3.430703282356262207e-01 4.613938331604003906e-01 2.666604220867156982e-01 3.403578400611877441e-01 4.871785938739776611e-01 4.550904631614685059e-01 5.504598617553710938e-01 4.205153882503509521e-01 5.498287677764892578e-01 6.286616325378417969e-01 8.198196887969970703e-01 7.883846759796142578e-01 8.327521681785583496e-01 5.616563558578491211e-01 9.755790233612060547e-01 9.088726043701171875e-01 6.903942823410034180e-01
3.444697856903076172e-01 1.089425683021545410e-01 4.355114102363586426e-01 1.200750991702079773e-01 3.597298562526702881e-01 4.411193728446960449e-01 3.420192599296569824e-01 4.978320002555847168e-01 3.659860193729400635e-01 2.583374381065368652e-01 3.032171726226806641e-01 4.694126248359680176e-01 5.386352539062500000e-01 4.132936894893646240e-01 3.907449841499328613e-01 8.269976377487182617e-01 1.030953526496887207e+00 8.886362314224243164e-01 8.369948863983154297e-01 6.694667339324951172e-01
5.254056453704833984e-01 3.045761585235595703e-01 2.642424702644348145e-01 2.677702903747558594e-01 3.416819572448730469e-01 4.326122403144836426e-01 3.565290868282318115e-01 2.210544049739837646e-01 3.192007541656494141e-01 2.396782338619232178e-01 4.864010214805603027e-01 5.753795504570007324e-01 3.509957790374755859e-01 5.054928660392761230e-01 4.301948249340057373e-01 5.740777850151062012e-01 5.633966922760009766e-01 8.937315940856933594e-01 5.452069044113159180e-01 7.689822912216186523e-01
5.946394205093383789e-01 4.414422810077667236e-01 3.224558234214782715e-01 9.578968584537506104e-02 3.485199511051177979e-01 3.251379728317260742e-01 6.069805622100830078e-01 5.575413703918457031e-01 8.386282324790954590e-01 3.871124982833862305e-01 7.545505762100219727e-01 1.944178342819213867e-01 3.544168174266815186e-01 4.658357203006744385e-01 2.376265227794647217e-01 3.678523898124694824e-01 6.091594696044921875e-01 6.278337836265563965e-01 1.111001014709472656e+00 6.519534587860107422e-01
1.865934729576110840e-01 7.105826586484909058e-02 2.978508174419403076e-01 2.065582573413848877e-01 3.072400689125061035e-01 3.120058178901672363e-01 5.625704526901245117e-01 4.822496175765991211e-01 4.418799281120300293e-01 5.186396241188049316e-01 3.003748953342437744e-01 4.299780428409576416e-01 2.465920448303222656e-01 3.320434391498565674e-01 3.899286985397338867e-01 4.840788841247558594e-01 6.071019172668457031e-01 5.718780159950256348e-01 2.545822858810424805e-01 5.442568063735961914e-01
3.816943168640136719e-01 2.515018582344055176e-01 1.762618273496627808e-01 3.965817987918853760e-01 1.686986982822418213e-01 2.801401019096374512e-01 3.145141005516052246e-01 4.629962444305419922e-01 5.920989513397216797e-01 6.180338263511657715e-01 1.746329069137573242e-01 3.114887475967407227e-01 4.608157575130462646e-01 1.354427784681320190e-01 3.532495498657226562e-01 2.869151234626770020e-01 4.359160959720611572e-01 3.278786838054656982e-01 2.055402547121047974e-01 3.935509324073791504e-01
1.690028011798858643e-01 5.008431673049926758e-01 3.261134624481201172e-01 3.187066316604614258e-01 4.810656607151031494e-01 4.041292071342468262e-01 5.712567567825317383e-01 4.403820037841796875e-01 4.262658953666687012e-01 2.130440622568130493e-01 6.536595821380615234e-01 4.206793010234832764e-01 1.328281760215759277e-01 3.495986461639404297e-01 2.354695498943328857e-01 4.026584029197692871e-01 2.917928695678710938e-01 4.437343478202819824e-01 3.953471779823303223e-01 3.917335271835327148e-01
2.492534518241882324e-01 1.573547422885894775e-01 3.856227993965148926e-01 2.574608325958251953e-01 4.335680007934570312e-01 5.070893764495849609e-01 6.074605584144592285e-01 5.558394789695739746e-01 4.529616236686706543e-01 4.939224123954772949e-01 2.263526320457458496e-01 4.957588315010070801e-01 4.674199223518371582e-01 5.400824546813964844e-01 4.591650664806365967e-01 3.398857712745666504e-01 2.003262788057327271e-01 1.999881565570831299e-01 3.758423328399658203e-01 5.303227901458740234e-01
5.378817319869995117e-01 5.227432847023010254e-01 5.890908837318420410e-01 4.291262924671173096e-01 3.471376895904541016e-01 4.249036014080047607e-01 3.805944025516510010e-01 4.071972966194152832e-01 4.925907254219055176e-01 6.685576438903808594e-01 3.260269165039062500e-01 2.908545136451721191e-01 4.017219543457031250e-01 4.052559137344360352e-01 2.005589753389358521e-01 4.281461834907531738e-01 1.843598484992980957e-01 3.708682954311370850e-01 4.889486730098724365e-01 2.877468466758728027e-01
3.765053153038024902e-01 4.133240580558776855e-01 3.223016262054443359e-01 4.929973483085632324e-01 1.358778476715087891e-01 3.143671751022338867e-01 7.391324639320373535e-01 6.715049743652343750e-01 4.100688695907592773e-01 4.248828887939453125e-01 5.416700243949890137e-01 2.955229580402374268e-01 4.272294938564300537e-01 4.074432849884033203e-01 3.678534924983978271e-01 2.024635672569274902e-01 3.763783574104309082e-01 3.166130781173706055e-01 5.155653953552246094e-01 3.443096280097961426e-01
3.774471282958984375e-01 4.504643380641937256e-01 5.630065202713012695e-01 4.949425458908081055e-01 3.626157045364379883e-01 3.187353610992431641e-01 6.062750816345214844e-01 3.469922840595245361e-01 5.834315419197082520e-01 5.709992647171020508e-01 3.608860075473785400e-01 3.461927175521850586e-01 3.843127489089965820e-01 3.036987781524658203e-01 2.688744664192199707e-01 2.961883246898651123e-01 2.942569851875305176e-01 2.544522881507873535e-01 6.695780754089355469e-01 2.782545685768127441e-01
5.918428301811218262e-01 5.980296134948730469e-01 5.965501070022583008e-01 4.653229117393493652e-01 3.502984941005706787e-01 4.599694609642028809e-01 6.591752767562866211e-01 4.506553709506988525e-01 3.827992081642150879e-01 4.366883635520935059e-01 5.032069087028503418e-01 4.719225168228149414e-01 4.261610507965087891e-01 3.496450483798980713e-01 4.038840532302856445e-01 3.651652634143829346e-01 2.611079514026641846e-01 5.201577544212341309e-01 3.147687613964080811e-01 4.645746946334838867e-01
5.656311511993408203e-01 2.516837716102600098e-01 4.614726901054382324e-01 3.224823176860809326e-01 3.560230135917663574e-01 4.382136464118957520e-01 5.064721703529357910e-01 4.168311953544616699e-01 7.428154945373535156e-01 5.202301144599914551e-01 6.541591882705688477e-01 7.160581350326538086e-01 4.250780344009399414e-01 1.081079691648483276e-01 3.880547881126403809e-01 2.907392978668212891e-01 3.539451360702514648e-01 3.966371715068817139e-01 9.424778819084167480e-02 5.080628395080566406e-01
