2018-07-25 05:15:00
8.054398298263549805e-01 8.745446205139160156e-01 3.049162328243255615e-01 4.680525660514831543e-01 3.317570090293884277e-01 4.286581873893737793e-01 4.630200266838073730e-01 4.241960346698760986e-01 4.912306070327758789e-01 5.257525444030761719e-01 5.698017477989196777e-01 6.156147718429565430e-01 7.505135536193847656e-01 6.957550644874572754e-01 7.904338836669921875e-01 6.229745149612426758e-01 8.325353264808654785e-01 3.396268486976623535e-01 8.474456667900085449e-01 5.520013570785522461e-01
6.320013999938964844e-01 3.150900304317474365e-01 6.679086089134216309e-01 5.716179609298706055e-01 3.223028481006622314e-01 7.273909449577331543e-01 4.716942310333251953e-01 6.843199133872985840e-01 6.094477772712707520e-01 5.760947465896606445e-01 6.271939873695373535e-01 7.303588390350341797e-01 5.035498142242431641e-01 8.463599681854248047e-01 1.238654971122741699e+00 1.409200191497802734e+00 5.812839269638061523e-01 1.266990423202514648e+00 5.957744121551513672e-01 1.464901447296142578e+00
5.810392498970031738e-01 6.521553993225097656e-01 6.023881435394287109e-01 3.277117311954498291e-01 1.021332263946533203e+00 5.550062656402587891e-01 4.852960109710693359e-01 4.618710279464721680e-01 3.036993145942687988e-01 3.711033165454864502e-01 5.831891298294067383e-01 4.281337559223175049e-01 4.809095561504364014e-01 4.983395338058471680e-01 7.093110084533691406e-01 9.923985004425048828e-01 8.215881586074829102e-01 7.783621549606323242e-01 1.204243421554565430e+00 9.224091172218322754e-01
5.609837174415588379e-01 9.793058037757873535e-01 4.343003630638122559e-01 5.576413869857788086e-01 6.045689582824707031e-01 4.567786455154418945e-01 4.677528440952301025e-01 4.093345403671264648e-01 4.145260155200958252e-01 1.771467924118041992e-01 4.806304872035980225e-01 6.984679102897644043e-01 1.108633518218994141e+00 1.031466007232666016e+00 9.615619182586669922e-01 1.270112752914428711e+00 1.488641500473022461e+00 9.871525168418884277e-01 9.154361486434936523e-01 1.516422510147094727e+00
6.106156110763549805e-01 9.743543267250061035e-01 7.379252910614013672e-01 4.746704995632171631e-01 5.495966672897338867e-01 4.115082025527954102e-01 1.973005682229995728e-01 4.656757712364196777e-01 2.456635087728500366e-01 2.121825218200683594e-01 7.852569818496704102e-01 6.043237447738647461e-01 5.264919996261596680e-01 9.484553337097167969e-01 7.069617509841918945e-01 9.806278944015502930e-01 8.423252701759338379e-01 7.634888291358947754e-01 8.468695282936096191e-01 1.052841067314147949e+00
5.911500453948974609e-01 4.898602366447448730e-01 3.100747466087341309e-01 3.142831623554229736e-01 4.409117102622985840e-01 5.526829957962036133e-01 2.254348248243331909e-01 5.256837606430053711e-01 2.349779605865478516e-01 5.210868716239929199e-01 5.221040844917297363e-01 6.981581449508666992e-01 9.595593214035034180e-01 8.889513015747070312e-01 1.025212764739990234e+00 1.162024497985839844e+00 1.193617105484008789e+00 1.487602710723876953e+00 1.327721357345581055e+00 1.363640308380126953e+00
5.118653774261474609e-01 3.241597712039947510e-01 5.834104418754577637e-01 5.234131217002868652e-01 8.890372514724731445e-01 6.730837225914001465e-01 4.039593636989593506e-01 4.998359680175781250e-01 3.214555680751800537e-01 4.408369064331054688e-01 4.328167438507080078e-01 8.233433961868286133e-01 7.172175645828247070e-01 4.733402132987976074e-01 7.121642827987670898e-01 1.299470543861389160e+00 1.029284715652465820e+00 2.045576572418212891e+00 7.815394401550292969e-01 1.456938982009887695e+00
5.597018003463745117e-01 5.785686969757080078e-01 4.218541383743286133e-01 3.736575245857238770e-01 1.902619302272796631e-01 3.320181965827941895e-01 4.231659770011901855e-01 2.938587069511413574e-01 3.073559999465942383e-01 3.929441869258880615e-01 4.253349304199218750e-01 5.175643563270568848e-01 6.701152324676513672e-01 7.417846322059631348e-01 3.181227147579193115e-01 7.826587557792663574e-01 8.098127841949462891e-01 5.924471616744995117e-01 1.158356189727783203e+00 1.001776456832885742e+00
4.727692306041717529e-01 2.640886902809143066e-01 3.232418596744537354e-01 3.994640111923217773e-01 6.362754106521606445e-01 2.601252794265747070e-01 5.101066827774047852e-01 5.837515592575073242e-01 4.654499590396881104e-01 4.557514190673828125e-01 4.180847704410552979e-01 5.248714685440063477e-01 5.830711722373962402e-01 7.908703684806823730e-01 6.900133490562438965e-01 1.046020507812500000e+00 7.032615542411804199e-01 1.357890605926513672e+00 4.285550117492675781e-01 7.815259695053100586e-01
6.287826299667358398e-01 4.263960719108581543e-01 3.231787085533142090e-01 4.510155916213989258e-01 4.640785157680511475e-01 4.065151810646057129e-01 2.988865673542022705e-01 5.468864440917968750e-01 5.112833380699157715e-01 5.338886976242065430e-01 4.793182015419006348e-01 8.174095153808593750e-01 7.424145936965942383e-01 8.260378837585449219e-01 6.678662300109863281e-01 8.649976253509521484e-01 5.320783257484436035e-01 1.062809705734252930e+00 1.064265251159667969e+00 1.272507905960083008e+00
2.259996384382247925e-01 4.474573731422424316e-01 1.841157525777816772e-01 3.109338283538818359e-01 2.837967276573181152e-01 6.734607219696044922e-01 3.819077014923095703e-01 2.841502428054809570e-01 4.706830382347106934e-01 3.197543621063232422e-01 3.799582421779632568e-01 4.036597013473510742e-01 7.729610800743103027e-01 5.873967409133911133e-01 4.186496436595916748e-01 6.146710515022277832e-01 7.877969145774841309e-01 8.483144044876098633e-01 8.843549489974975586e-01 7.618147134780883789e-01
3.064786493778228760e-01 5.286558866500854492e-01 3.137778937816619873e-01 3.052048683166503906e-01 3.662441670894622803e-01 6.581739187240600586e-01 7.063785195350646973e-02 1.012199878692626953e+00 4.381279945373535156e-01 4.366953372955322266e-01 6.746555566787719727e-01 4.560626745223999023e-01 6.327271461486816406e-01 5.516446828842163086e-01 4.841020405292510986e-01 7.087503671646118164e-01 5.476641058921813965e-01 4.741524159908294678e-01 7.921431660652160645e-01 9.775689244270324707e-01
1.409237533807754517e-01 2.883360683917999268e-01 4.008798599243164062e-01 3.615793883800506592e-01 3.896479606628417969e-01 8.098202347755432129e-01 5.748626589775085449e-01 4.901549220085144043e-01 6.887425184249877930e-01 5.924297571182250977e-01 7.285349369049072266e-01 6.225502490997314453e-01 5.860221385955810547e-01 5.889879465103149414e-01 6.451830267906188965e-01 5.207079648971557617e-01 6.783345937728881836e-01 5.354322195053100586e-01 5.309009552001953125e-01 4.203221797943115234e-01
2.715755999088287354e-01 4.650107920169830322e-01 6.234450340270996094e-01 5.544643402099609375e-01 4.362218379974365234e-01 6.735836267471313477e-01 7.861347198486328125e-01 8.561598658561706543e-01 6.528995633125305176e-01 4.844737648963928223e-01 7.490097880363464355e-01 4.472040534019470215e-01 5.614132285118103027e-01 3.463464379310607910e-01 6.623735427856445312e-01 2.492720186710357666e-01 5.086516737937927246e-01 5.579511523246765137e-01 4.263259172439575195e-01 6.892780065536499023e-01
1.653791964054107666e-01 2.855558991432189941e-01 3.152706325054168701e-01 3.096112608909606934e-01 5.917747020721435547e-01 5.250349044799804688e-01 8.563122749328613281e-01 5.720975399017333984e-01 4.532340764999389648e-01 6.457588672637939453e-01 4.825497269630432129e-01 5.314047932624816895e-01 2.391731142997741699e-01 3.802499175071716309e-01 5.071021318435668945e-01 3.521440029144287109e-01 6.729399561882019043e-01 2.427410781383514404e-01 5.159038305282592773e-01 6.107587814331054688e-01
7.235735058784484863e-01 4.352844953536987305e-01 4.870741069316864014e-01 5.270819664001464844e-01 6.200866103172302246e-01 1.065982818603515625e+00 9.121913909912109375e-01 9.103003740310668945e-01 8.491084575653076172e-01 5.374451875686645508e-01 4.829773902893066406e-01 3.963096737861633301e-01 3.571165502071380615e-01 4.292677342891693115e-01 4.213129281997680664e-01 7.408801913261413574e-01 3.863081336021423340e-01 4.026719629764556885e-01 4.079692363739013672e-01 2.159688323736190796e-01
3.417673110961914062e-01 6.105737686157226562e-01 4.490360319614410400e-01 5.220153927803039551e-01 1.034980297088623047e+00 7.253934144973754883e-01 1.053413748741149902e+00 8.164148330688476562e-01 8.444054126739501953e-01 4.843855798244476318e-01 8.481546640396118164e-01 4.564878344535827637e-01 4.227145910263061523e-01 2.795937657356262207e-01 3.995574116706848145e-01 3.850369751453399658e-01 3.886353671550750732e-01 4.197158217430114746e-01 5.042890310287475586e-01 4.683255255222320557e-01
5.886434316635131836e-01 3.775347471237182617e-01 8.389409780502319336e-01 8.251525163650512695e-01 9.247215986251831055e-01 8.268330097198486328e-01 1.404163241386413574e+00 8.838390707969665527e-01 8.716763854026794434e-01 1.042229890823364258e+00 9.683328866958618164e-01 6.400583982467651367e-01 2.590440213680267334e-01 2.753735482692718506e-01 4.357953667640686035e-01 2.013756036758422852e-01 4.617558419704437256e-01 3.006591200828552246e-01 3.688495159149169922e-01 5.513665676116943359e-01
3.803940117359161377e-01 4.304504990577697754e-01 8.808116912841796875e-01 7.229593992233276367e-01 1.006436228752136230e+00 4.907722473144531250e-01 3.063990175724029541e-01 1.081245779991149902e+00 1.035408258438110352e+00 1.072211265563964844e+00 7.089540958404541016e-01 8.630099892616271973e-01 2.305774092674255371e-01 2.786489427089691162e-01 2.654703855514526367e-01 4.654161632061004639e-01 3.176787495613098145e-01 4.623461663722991943e-01 1.620150208473205566e-01 5.211083889007568359e-01
6.347421407699584961e-01 7.936424612998962402e-01 8.095984458923339844e-01 3.943548798561096191e-01 8.418715000152587891e-01 7.003167867660522461e-01 6.106270551681518555e-01 7.579061388969421387e-01 7.733221054077148438e-01 9.974898695945739746e-01 5.210636854171752930e-01 4.434498548507690430e-01 5.874642133712768555e-01 4.264041483402252197e-01 3.334105610847473145e-01 1.568594127893447876e-01 3.863914608955383301e-01 4.218951463699340820e-01 3.232881426811218262e-01 5.579538345336914062e-01
