2018-07-25 05:30:00
5.192654132843017578e-01 5.380321145057678223e-01 4.737114906311035156e-01 4.090324044227600098e-01 4.366519153118133545e-01 4.460273981094360352e-01 6.496608853340148926e-01 5.043239593505859375e-01 7.450866699218750000e-01 8.442471027374267578e-01 5.206058025360107422e-01 8.450191020965576172e-01 4.297131299972534180e-01 1.350432395935058594e+00 7.970108389854431152e-01 8.010420799255371094e-01 9.400163888931274414e-01 1.124063730239868164e+00 1.174270391464233398e+00 7.517855763435363770e-01
8.992240428924560547e-01 4.234792590141296387e-01 8.998793363571166992e-01 5.480655431747436523e-01 6.872305870056152344e-01 5.561176538467407227e-01 5.392175912857055664e-01 7.692899703979492188e-01 5.175715684890747070e-01 8.292465209960937500e-01 6.177239418029785156e-01 9.669877886772155762e-01 1.199656724929809570e+00 1.009220361709594727e+00 1.233332753181457520e+00 8.776395320892333984e-01 8.121509552001953125e-01 5.799379348754882812e-01 8.963328599929809570e-01 1.335487842559814453e+00
6.177753806114196777e-01 5.167071819305419922e-01 7.902103662490844727e-01 7.442913055419921875e-01 3.694186806678771973e-01 3.775416314601898193e-01 5.247778296470642090e-01 2.927103340625762939e-01 7.443721294403076172e-01 1.024310350418090820e+00 8.042736649513244629e-01 8.844466209411621094e-01 7.023214101791381836e-01 1.086033344268798828e+00 9.205878376960754395e-01 1.152357459068298340e+00 1.785148620605468750e+00 1.127701163291931152e+00 1.888188958168029785e+00 7.934532165527343750e-01
2.743860185146331787e-01 5.480134487152099609e-01 4.701578617095947266e-01 5.356456637382507324e-01 8.516391515731811523e-01 9.686981439590454102e-01 4.377615153789520264e-01 5.377544164657592773e-01 6.330528259277343750e-01 6.587218642234802246e-01 7.044865489006042480e-01 5.954931974411010742e-01 5.577967166900634766e-01 1.154209613800048828e+00 8.381139636039733887e-01 1.145547270774841309e+00 1.318483114242553711e+00 1.383097171783447266e+00 1.544321537017822266e+00 1.441526889801025391e+00
4.921344816684722900e-01 3.405997753143310547e-01 5.996137857437133789e-01 4.125694036483764648e-01 5.215585231781005859e-01 4.791188538074493408e-01 5.185152888298034668e-01 6.152093410491943359e-01 3.807435631752014160e-01 1.858513504266738892e-01 6.917014122009277344e-01 9.589307904243469238e-01 1.468402981758117676e+00 1.281404376029968262e+00 9.613337516784667969e-01 1.263211250305175781e+00 1.412521839141845703e+00 8.560733199119567871e-01 1.539089322090148926e+00 1.289286494255065918e+00
5.012428760528564453e-01 4.052600264549255371e-01 3.618172407150268555e-01 3.486070632934570312e-01 6.604828834533691406e-01 5.343084335327148438e-01 2.967230081558227539e-01 8.179559111595153809e-01 7.621245384216308594e-01 3.577811717987060547e-01 1.226300954818725586e+00 6.952014565467834473e-01 1.018626451492309570e+00 1.371733665466308594e+00 1.398301482200622559e+00 1.435787677764892578e+00 1.310903191566467285e+00 1.481165647506713867e+00 1.387640118598937988e+00 1.093786001205444336e+00
3.021270036697387695e-01 3.073496222496032715e-01 4.841791987419128418e-01 6.646062135696411133e-01 3.816063106060028076e-01 2.880493402481079102e-01 6.351899504661560059e-01 3.845243155956268311e-01 4.370675683021545410e-01 4.214948117733001709e-01 6.606761217117309570e-01 4.410896897315979004e-01 1.079379320144653320e+00 9.251793026924133301e-01 1.201297521591186523e+00 1.122941732406616211e+00 1.156827926635742188e+00 1.335195064544677734e+00 7.004007101058959961e-01 9.813316464424133301e-01
6.788931488990783691e-01 2.848177552223205566e-01 4.963268041610717773e-01 5.055086016654968262e-01 5.052618980407714844e-01 2.446132302284240723e-01 3.458524048328399658e-01 3.976600766181945801e-01 5.917354822158813477e-01 5.956660509109497070e-01 3.856297731399536133e-01 8.814781904220581055e-01 4.013145864009857178e-01 5.380544066429138184e-01 1.236872196197509766e+00 1.085417389869689941e+00 1.383974075317382812e+00 1.562861919403076172e+00 1.049900531768798828e+00 6.047002673149108887e-01
2.374824881553649902e-01 4.719316959381103516e-01 5.524377822875976562e-01 3.970821499824523926e-01 6.560714840888977051e-01 3.801591992378234863e-01 2.670516371726989746e-01 6.738791465759277344e-01 1.947710514068603516e-01 2.763610482215881348e-01 3.431510329246520996e-01 5.763862729072570801e-01 1.019134163856506348e+00 9.141101241111755371e-01 7.235672473907470703e-01 1.577878355979919434e+00 6.477442383766174316e-01 1.574027299880981445e+00 5.118511915206909180e-01 1.609146595001220703e+00
3.735498487949371338e-01 3.315429091453552246e-01 2.162782996892929077e-01 6.299257278442382812e-01 4.560187458992004395e-01 5.482755899429321289e-01 3.060747981071472168e-01 4.268561601638793945e-01 3.790504336357116699e-01 7.570874094963073730e-01 3.865140676498413086e-01 4.359995126724243164e-01 8.998583555221557617e-01 8.491714596748352051e-01 7.384505271911621094e-01 9.689561128616333008e-01 1.259451866149902344e+00 1.329159259796142578e+00 1.055735588073730469e+00 1.201495289802551270e+00
3.841110467910766602e-01 7.952612638473510742e-01 4.776392281055450439e-01 4.360408186912536621e-01 1.361849159002304077e-01 3.191685676574707031e-01 3.758909404277801514e-01 2.624486684799194336e-01 5.634174346923828125e-01 3.924545645713806152e-01 2.186388373374938965e-01 5.866044759750366211e-01 4.286118745803833008e-01 8.889627456665039062e-01 5.388424396514892578e-01 1.087265610694885254e+00 6.877263784408569336e-01 1.134515523910522461e+00 8.976151943206787109e-01 1.028811812400817871e+00
4.362431168556213379e-01 2.733941972255706787e-01 2.660450935363769531e-01 4.919323921203613281e-01 1.944071054458618164e-01 2.389768660068511963e-01 4.533978104591369629e-01 3.946114778518676758e-01 3.033224940299987793e-01 4.115862846374511719e-01 3.616279959678649902e-01 3.250439465045928955e-01 2.340584248304367065e-01 5.858598351478576660e-01 4.628980159759521484e-01 4.550735950469970703e-01 8.108487129211425781e-01 1.016321659088134766e+00 1.015410900115966797e+00 1.112732887268066406e+00
5.149846076965332031e-01 3.497665524482727051e-01 3.242523372173309326e-01 2.133743166923522949e-01 3.500320315361022949e-01 3.670195043087005615e-01 2.126068025827407837e-01 3.094294071197509766e-01 2.652224600315093994e-01 4.849021136760711670e-01 3.028487265110015869e-01 3.225758671760559082e-01 3.576106727123260498e-01 5.481660366058349609e-01 4.626488983631134033e-01 4.111750721931457520e-01 8.751826286315917969e-01 8.019104003906250000e-01 7.756628394126892090e-01 7.112139463424682617e-01
2.708088159561157227e-01 4.320023953914642334e-01 4.546797871589660645e-01 2.365448772907257080e-01 2.714534699916839600e-01 4.128337502479553223e-01 6.589933633804321289e-01 1.949793547391891479e-01 2.930016815662384033e-01 2.818652987480163574e-01 2.727828919887542725e-01 6.388921737670898438e-01 4.209353923797607422e-01 1.773511469364166260e-01 4.401216208934783936e-01 3.767554461956024170e-01 5.692124962806701660e-01 9.053431749343872070e-01 3.557171523571014404e-01 4.280142784118652344e-01
4.313034713268280029e-01 4.467393159866333008e-01 5.900461673736572266e-01 1.928619444370269775e-01 3.131486177444458008e-01 2.248781621456146240e-01 2.925238907337188721e-01 5.073590278625488281e-01 4.456813931465148926e-01 2.818326354026794434e-01 3.699015378952026367e-01 3.863813877105712891e-01 1.952949464321136475e-01 3.549933433532714844e-01 4.153570830821990967e-01 5.738741755485534668e-01 2.573382556438446045e-01 4.563250243663787842e-01 5.337414145469665527e-01 5.335760116577148438e-01
5.103651285171508789e-01 3.847851753234863281e-01 4.879239499568939209e-01 4.048577249050140381e-01 5.006051063537597656e-01 5.055181980133056641e-01 1.900248229503631592e-01 2.796875536441802979e-01 3.721162974834442139e-01 4.321931004524230957e-01 1.101186648011207581e-01 3.046745061874389648e-01 3.872276544570922852e-01 5.667845010757446289e-01 5.275675654411315918e-01 5.013878941535949707e-01 3.633381724357604980e-01 5.918037891387939453e-01 7.457087039947509766e-01 4.960796535015106201e-01
8.574331402778625488e-01 6.637604236602783203e-01 5.538390874862670898e-01 2.676152288913726807e-01 4.654005765914916992e-01 3.667146563529968262e-01 5.383411645889282227e-01 4.140494465827941895e-01 5.212428569793701172e-01 2.534099817276000977e-01 3.517863154411315918e-01 3.616746664047241211e-01 5.053233504295349121e-01 3.642387390136718750e-01 5.870069265365600586e-01 6.462063789367675781e-01 6.754539608955383301e-01 6.736156940460205078e-01 7.626930475234985352e-01 8.463753461837768555e-01
3.786205649375915527e-01 4.731559455394744873e-01 3.180091679096221924e-01 4.061127603054046631e-01 3.235411942005157471e-01 3.586124777793884277e-01 4.814925193786621094e-01 2.381235957145690918e-01 1.822848320007324219e-01 3.831862807273864746e-01 4.499619007110595703e-01 3.181939125061035156e-01 4.772507846355438232e-01 3.176482319831848145e-01 2.271191626787185669e-01 2.957086861133575439e-01 4.768334031105041504e-01 4.774363040924072266e-01 3.095731735229492188e-01 7.950280904769897461e-01
4.863372445106506348e-01 3.570104241371154785e-01 5.908448696136474609e-01 3.496522009372711182e-01 3.209375739097595215e-01 3.699925541877746582e-01 4.337758421897888184e-01 5.549871325492858887e-01 2.218567281961441040e-01 6.592848896980285645e-01 4.869394600391387939e-01 3.401775360107421875e-01 4.165429770946502686e-01 5.078464746475219727e-01 3.055739700794219971e-01 3.897896707057952881e-01 4.429544806480407715e-01 6.697950363159179688e-01 3.847279250621795654e-01 3.655453622341156006e-01
5.619139671325683594e-01 4.876505732536315918e-01 2.888169288635253906e-01 5.133967399597167969e-01 3.160185515880584717e-01 4.085992872714996338e-01 3.922954499721527100e-01 5.833808779716491699e-01 4.261453151702880859e-01 8.066492080688476562e-01 5.057675242424011230e-01 9.074253439903259277e-01 6.637678146362304688e-01 3.548494577407836914e-01 4.514145255088806152e-01 4.915404617786407471e-01 6.887872219085693359e-01 7.433232069015502930e-01 3.641842603683471680e-01 2.932265996932983398e-01
