2018-07-25 06:00:00
4.073216319084167480e-01 2.773527801036834717e-01 5.248353481292724609e-01 5.572905540466308594e-01 1.591831147670745850e-01 3.021864891052246094e-01 4.355837106704711914e-01 2.943511605262756348e-01 3.208231329917907715e-01 8.407177031040191650e-02 1.445235162973403931e-01 1.967267841100692749e-01 -4.886135086417198181e-02 -2.126814424991607666e-02 1.436620801687240601e-01 1.000734567642211914e-01 1.631637960672378540e-01 1.523236036300659180e-01 1.273745298385620117e-01 -3.162607550621032715e-02
1.923880279064178467e-01 3.706476092338562012e-01 5.014392137527465820e-01 3.770163059234619141e-01 4.256148338317871094e-01 1.767443418502807617e-01 3.525523245334625244e-01 4.634662866592407227e-01 1.835058927536010742e-01 2.321087419986724854e-01 1.298656910657882690e-01 1.173993051052093506e-01 3.174056857824325562e-02 -1.182326823472976685e-01 5.538685992360115051e-02 1.509577929973602295e-01 -5.903027951717376709e-03 3.320647776126861572e-01 2.816948592662811279e-01 7.385356724262237549e-02
4.130249619483947754e-01 3.453501462936401367e-01 4.211966395378112793e-01 2.104088664054870605e-01 3.421687185764312744e-01 4.946810901165008545e-01 3.351597785949707031e-01 3.375194370746612549e-01 3.320117294788360596e-01 2.024208009243011475e-01 3.494374454021453857e-01 2.310498058795928955e-01 2.426908016204833984e-01 4.250062257051467896e-02 6.196182221174240112e-03 1.157172024250030518e-03 1.284317374229431152e-01 -3.182271122932434082e-02 3.703499436378479004e-01 4.589887261390686035e-01
3.044615983963012695e-01 3.007999658584594727e-01 4.769046306610107422e-01 5.808507204055786133e-01 7.926538586616516113e-01 6.802461147308349609e-01 4.110436439514160156e-01 5.391621589660644531e-01 3.719238042831420898e-01 4.575983881950378418e-01 3.918647766113281250e-01 1.256065964698791504e-01 4.739215970039367676e-02 2.829221077263355255e-02 2.567673921585083008e-01 1.057391017675399780e-01 5.380019545555114746e-02 1.792757511138916016e-01 2.207819223403930664e-01 1.969344019889831543e-01
3.930576443672180176e-01 2.489204406738281250e-01 3.190894722938537598e-01 6.222555637359619141e-01 7.088441252708435059e-01 5.977625250816345215e-01 3.022664189338684082e-01 4.255390763282775879e-01 5.500361323356628418e-01 3.711918592453002930e-01 3.468976616859436035e-01 1.325233094394207001e-02 -3.387134522199630737e-02 4.619561135768890381e-03 8.843660354614257812e-02 3.289696872234344482e-01 -9.853164851665496826e-02 3.082487583160400391e-01 2.685095369815826416e-02 1.460604965686798096e-01
2.860431373119354248e-01 4.024742841720581055e-01 5.412386655807495117e-01 5.602498650550842285e-01 2.421637475490570068e-01 9.110548496246337891e-01 4.277845621109008789e-01 3.873355686664581299e-01 2.297527492046356201e-01 9.814676642417907715e-02 1.056558564305305481e-01 2.508986741304397583e-02 2.157639712095260620e-01 6.784680485725402832e-02 1.228300556540489197e-01 1.796055734157562256e-01 1.168781965970993042e-01 3.048489987850189209e-01 1.945924013853073120e-01 1.039288938045501709e-01
4.854794144630432129e-01 2.913374304771423340e-01 4.117415547370910645e-01 4.749950170516967773e-01 7.990839481353759766e-01 7.525107860565185547e-01 5.242495536804199219e-01 7.533364295959472656e-01 5.711195468902587891e-01 2.151560187339782715e-01 2.369412481784820557e-01 1.858338415622711182e-01 2.477331161499023438e-01 3.079423606395721436e-01 2.810953259468078613e-01 9.698870778083801270e-02 2.465953528881072998e-01 3.446217775344848633e-01 3.244760632514953613e-02 2.646200656890869141e-01
1.713814884424209595e-01 1.594473272562026978e-01 2.700734436511993408e-01 5.404444336891174316e-01 7.677980661392211914e-01 5.653103590011596680e-01 6.505333781242370605e-01 4.665907621383666992e-01 2.978453338146209717e-01 2.855805754661560059e-01 4.625281989574432373e-01 4.723288416862487793e-01 -9.639646112918853760e-02 1.941250413656234741e-01 3.310631513595581055e-01 8.635565638542175293e-02 9.990058094263076782e-02 2.719588279724121094e-01 2.280401885509490967e-01 2.458015531301498413e-01
2.562327384948730469e-01 2.441319674253463745e-01 4.749852418899536133e-01 3.587213754653930664e-01 5.141543149948120117e-01 1.238610297441482544e-01 4.658887088298797607e-01 5.363286733627319336e-01 5.320147275924682617e-01 3.046168982982635498e-01 4.923894107341766357e-01 2.907699942588806152e-01 3.508668541908264160e-01 8.599063009023666382e-02 2.614743709564208984e-01 3.220879286527633667e-02 -5.623501166701316833e-02 2.921148389577865601e-02 2.828133106231689453e-01 2.410361170768737793e-01
1.621818840503692627e-01 3.763548731803894043e-01 3.050723671913146973e-01 4.942299425601959229e-01 5.309832692146301270e-01 4.328888952732086182e-01 7.459151744842529297e-01 5.635523796081542969e-01 7.670179009437561035e-01 4.145308136940002441e-01 3.582755625247955322e-01 1.968664377927780151e-01 1.706212759017944336e-01 1.800353527069091797e-01 8.976603299379348755e-02 3.308121860027313232e-01 1.179332286119461060e-01 2.155098691582679749e-02 1.661581099033355713e-01 5.144300460815429688e-01
1.755421161651611328e-01 5.076559185981750488e-01 2.784028649330139160e-01 3.669223189353942871e-01 5.354890227317810059e-01 3.320608139038085938e-01 5.092943906784057617e-01 7.408001422882080078e-01 8.133885264396667480e-01 5.579022765159606934e-01 5.774322748184204102e-01 3.157597184181213379e-01 1.003500670194625854e-01 1.624135673046112061e-01 2.406388819217681885e-01 7.700456678867340088e-02 1.612435728311538696e-01 1.409373879432678223e-01 8.555658906698226929e-02 -2.837496250867843628e-02
3.352939784526824951e-01 1.501645445823669434e-01 2.257218509912490845e-01 1.992119550704956055e-01 3.305637836456298828e-01 3.166782855987548828e-01 6.626920700073242188e-01 6.071027517318725586e-01 5.393270254135131836e-01 6.140218377113342285e-01 6.061796545982360840e-01 3.474217951297760010e-01 1.863047480583190918e-01 1.920722275972366333e-01 1.773243844509124756e-01 8.652391284704208374e-02 7.160306721925735474e-02 3.515061140060424805e-01 2.040573954582214355e-01 5.610443651676177979e-02
8.277737349271774292e-02 3.194373250007629395e-01 2.146206498146057129e-01 4.802398681640625000e-01 4.471459984779357910e-01 5.823171138763427734e-01 5.882846117019653320e-01 6.110174655914306641e-01 3.740159571170806885e-01 5.846809744834899902e-01 5.890430212020874023e-01 4.483438134193420410e-01 3.614755272865295410e-01 3.967677950859069824e-01 2.745709419250488281e-01 3.616970777511596680e-01 8.953417837619781494e-02 1.746668815612792969e-01 1.957029849290847778e-01 1.302877664566040039e-01
3.767683207988739014e-01 1.436006128787994385e-01 1.948221027851104736e-01 2.386042475700378418e-01 3.361406922340393066e-01 2.523518502712249756e-01 5.275509357452392578e-01 6.062595844268798828e-01 4.601604044437408447e-01 5.270218253135681152e-01 5.916879177093505859e-01 1.971286237239837646e-01 3.566850125789642334e-01 4.400383830070495605e-01 4.511537849903106689e-01 3.481045067310333252e-01 2.881036400794982910e-01 3.352279961109161377e-02 7.078932970762252808e-02 1.769387573003768921e-01
2.388447970151901245e-01 3.746745884418487549e-01 1.885030269622802734e-01 3.019568026065826416e-01 2.565298974514007568e-01 2.348503768444061279e-01 2.542971968650817871e-01 3.115646243095397949e-01 5.132237672805786133e-01 3.508528470993041992e-01 4.885474741458892822e-01 5.975696444511413574e-01 6.917003393173217773e-01 2.840625941753387451e-01 4.498478174209594727e-01 4.568169713020324707e-01 1.268562525510787964e-01 2.624076604843139648e-01 9.655794501304626465e-02 2.441768646240234375e-01
5.452009439468383789e-01 2.565508186817169189e-01 2.794323563575744629e-01 1.199639290571212769e-01 3.583037853240966797e-01 2.300414294004440308e-01 3.817726373672485352e-01 3.954383432865142822e-01 2.677328884601593018e-01 4.760048389434814453e-01 7.588093876838684082e-01 6.717444062232971191e-01 7.900527715682983398e-01 4.424999952316284180e-01 3.137859106063842773e-01 5.486308336257934570e-01 2.248624265193939209e-01 3.372771143913269043e-01 6.248240917921066284e-02 2.025737464427947998e-01
2.787596583366394043e-01 3.157031834125518799e-01 3.203777372837066650e-01 1.301920861005783081e-01 4.928138852119445801e-01 2.292475700378417969e-01 1.964466571807861328e-01 3.819313645362854004e-01 2.088657021522521973e-01 7.575014829635620117e-01 8.145712614059448242e-01 7.862508296966552734e-01 5.707960128784179688e-01 3.710750341415405273e-01 4.793330430984497070e-01 2.786228954792022705e-01 4.189594089984893799e-01 2.144321501255035400e-01 6.295187026262283325e-02 1.622427701950073242e-01
1.214468330144882202e-01 1.623015701770782471e-01 3.019770979881286621e-01 2.506071627140045166e-01 1.274017989635467529e-01 1.472030282020568848e-01 1.525415033102035522e-01 3.115139007568359375e-01 3.968559503555297852e-01 4.412427544593811035e-01 3.889101147651672363e-01 4.948606789112091064e-01 1.202142462134361267e-01 3.457786440849304199e-01 5.616002082824707031e-01 3.421845436096191406e-01 2.519833445549011230e-01 1.667090356349945068e-01 1.878637969493865967e-01 2.110432684421539307e-01
3.052723407745361328e-01 3.674290478229522705e-01 2.068963199853897095e-01 1.122054904699325562e-01 3.422402441501617432e-01 1.863289475440979004e-01 1.881045848131179810e-01 2.825030088424682617e-01 2.980197072029113770e-01 4.333501458168029785e-01 3.583919405937194824e-01 2.743657231330871582e-01 3.170390129089355469e-01 3.380654156208038330e-01 2.869687080383300781e-01 1.893370598554611206e-01 3.400266468524932861e-01 2.749265432357788086e-01 1.074432432651519775e-01 3.342515230178833008e-01
2.884221971035003662e-01 1.909663677215576172e-01 1.476148143410682678e-03 1.673415899276733398e-01 1.450967490673065186e-01 3.690664172172546387e-01 3.456024229526519775e-01 1.757749319076538086e-01 4.675783514976501465e-01 3.948165774345397949e-01 3.180695772171020508e-01 6.998007893562316895e-01 3.113549351692199707e-01 3.023520112037658691e-01 2.648465931415557861e-01 2.563067078590393066e-01 1.358115077018737793e-01 2.572512626647949219e-01 8.107945322990417480e-02 2.581082582473754883e-01
