2018-07-25 06:30:00
6.337864995002746582e-01 8.063994050025939941e-01 7.360220551490783691e-01 4.911950230598449707e-01 5.278939604759216309e-01 2.923536300659179688e-01 4.978720545768737793e-01 3.561403155326843262e-01 1.929429620504379272e-01 3.198317587375640869e-01 3.973754644393920898e-01 6.853853464126586914e-01 7.757694721221923828e-01 9.477525949478149414e-01 7.469680309295654297e-01 6.596106290817260742e-01 1.111406683921813965e+00 8.698006868362426758e-01 1.113654732704162598e+00 1.041209220886230469e+00
4.350779950618743896e-01 8.260324597358703613e-01 7.258186936378479004e-01 4.701238572597503662e-01 6.750625371932983398e-01 5.242403149604797363e-01 4.353113472461700439e-01 3.262664973735809326e-01 3.298401832580566406e-01 2.858040332794189453e-01 7.727996110916137695e-01 4.675594866275787354e-01 5.770275592803955078e-01 6.582235097885131836e-01 1.231713414192199707e+00 1.141108512878417969e+00 7.592985630035400391e-01 7.487179636955261230e-01 8.220443725585937500e-01 6.076434850692749023e-01
6.383144259452819824e-01 9.711504578590393066e-01 4.740774929523468018e-01 4.850806891918182373e-01 6.708227396011352539e-01 3.471420705318450928e-01 1.603324413299560547e-01 3.279660344123840332e-01 3.440020978450775146e-01 5.242382884025573730e-01 3.829726278781890869e-01 1.490887105464935303e-01 5.110812783241271973e-01 8.402985930442810059e-01 8.041375875473022461e-01 7.006674408912658691e-01 1.241026878356933594e+00 1.157174229621887207e+00 1.372749805450439453e+00 1.530638694763183594e+00
7.257442474365234375e-01 5.425893664360046387e-01 4.756905436515808105e-01 5.240998268127441406e-01 6.842548251152038574e-01 3.607206046581268311e-01 3.720857203006744385e-01 5.779782533645629883e-01 3.325769305229187012e-01 7.154318094253540039e-01 3.890690207481384277e-01 4.412205815315246582e-01 7.293068766593933105e-01 9.234248399734497070e-01 2.310905158519744873e-01 1.275168061256408691e+00 1.750361800193786621e+00 1.014346361160278320e+00 8.672207593917846680e-01 1.000997781753540039e+00
8.294427394866943359e-01 6.985437870025634766e-01 6.622045636177062988e-01 4.577739238739013672e-01 1.826700568199157715e-01 7.133993506431579590e-01 5.778820514678955078e-01 4.556975960731506348e-01 5.578113198280334473e-01 5.886321067810058594e-01 7.547161579132080078e-01 3.076896667480468750e-01 7.260722517967224121e-01 8.393130898475646973e-01 5.572833418846130371e-01 1.100208282470703125e+00 1.725377559661865234e+00 1.035860776901245117e+00 6.937735080718994141e-01 1.400367259979248047e+00
9.217282533645629883e-01 5.021297931671142578e-01 5.836892127990722656e-01 5.829736590385437012e-01 5.268418788909912109e-01 6.798038482666015625e-01 4.134145379066467285e-01 3.691459894180297852e-01 3.434790968894958496e-01 2.346661090850830078e-01 2.175724059343338013e-01 6.055285930633544922e-01 3.666959702968597412e-01 5.897549390792846680e-01 8.188641667366027832e-01 8.285323977470397949e-01 1.084751725196838379e+00 1.396478772163391113e+00 9.692633748054504395e-01 7.169562578201293945e-01
5.479840636253356934e-01 3.885613083839416504e-01 3.190653622150421143e-01 5.440620183944702148e-01 8.527197837829589844e-01 8.366900682449340820e-01 3.562986850738525391e-01 3.591428399085998535e-01 3.537710011005401611e-01 2.737576961517333984e-01 4.199328422546386719e-01 5.487331151962280273e-01 5.932444334030151367e-01 3.539300560951232910e-01 1.141549825668334961e+00 6.901048421859741211e-01 1.209260463714599609e+00 9.944057464599609375e-01 1.148511886596679688e+00 7.704707384109497070e-01
6.023518443107604980e-01 4.596846103668212891e-01 2.539716362953186035e-01 6.133126020431518555e-01 3.295150399208068848e-01 3.503190279006958008e-01 2.509390115737915039e-01 3.725750744342803955e-01 2.751399278640747070e-01 4.642112851142883301e-01 3.841707110404968262e-01 4.409328103065490723e-01 7.143418788909912109e-01 6.086766719818115234e-01 1.085399150848388672e+00 5.844916701316833496e-01 1.433476090431213379e+00 1.328562498092651367e+00 5.778111815452575684e-01 1.117829442024230957e+00
4.117146134376525879e-01 3.604397773742675781e-01 7.390170693397521973e-01 2.230311036109924316e-01 2.569671869277954102e-01 3.386109471321105957e-01 3.559584617614746094e-01 2.637331485748291016e-01 4.788227081298828125e-01 4.450242519378662109e-01 3.531200289726257324e-01 4.629405438899993896e-01 1.115298867225646973e-01 6.943818330764770508e-01 9.097307920455932617e-01 6.343563199043273926e-01 7.771028280258178711e-01 1.130095243453979492e+00 6.216444373130798340e-01 6.582481861114501953e-01
3.619460165500640869e-01 6.887450814247131348e-01 3.461417555809020996e-01 5.078015327453613281e-01 5.575415492057800293e-01 4.020862579345703125e-01 4.430252611637115479e-01 5.344136953353881836e-01 3.909351527690887451e-01 3.832210004329681396e-01 3.075561821460723877e-01 5.214408636093139648e-01 6.215318441390991211e-01 9.185502529144287109e-01 3.952687382698059082e-01 6.523089408874511719e-01 6.482996940612792969e-01 7.964921593666076660e-01 1.165522813796997070e+00 9.054090380668640137e-01
4.717687368392944336e-01 2.008959054946899414e-01 3.735856413841247559e-01 2.502229809761047363e-01 2.105999588966369629e-01 5.753647089004516602e-01 4.895763397216796875e-01 5.756514668464660645e-01 6.799672842025756836e-01 4.328835010528564453e-01 4.054405093193054199e-01 7.561501264572143555e-01 5.820579528808593750e-01 4.933166205883026123e-01 4.734493792057037354e-01 4.699599146842956543e-01 4.435530304908752441e-01 6.175213456153869629e-01 1.115079522132873535e+00 8.966833353042602539e-01
2.613847255706787109e-01 3.608939051628112793e-01 5.273496508598327637e-01 3.756027221679687500e-01 4.447412192821502686e-01 3.229175209999084473e-01 5.863791704177856445e-01 4.497998952865600586e-01 5.214487314224243164e-01 5.227222442626953125e-01 3.125010728836059570e-01 6.697310209274291992e-01 5.531420111656188965e-01 3.617439866065979004e-01 7.365939617156982422e-01 4.986307024955749512e-01 5.383750200271606445e-01 6.446788311004638672e-01 5.554059147834777832e-01 7.255722880363464355e-01
2.634570598602294922e-01 3.098506331443786621e-01 3.389599025249481201e-01 4.143682122230529785e-01 4.677174389362335205e-01 1.819060891866683960e-01 3.925616741180419922e-01 5.120767354965209961e-01 3.867726325988769531e-01 2.601608037948608398e-01 4.875006973743438721e-01 6.763266324996948242e-01 4.821985065937042236e-01 3.944379091262817383e-01 1.997352242469787598e-01 5.541760921478271484e-01 3.336116671562194824e-01 4.015778899192810059e-01 4.464007019996643066e-01 7.106559276580810547e-01
4.698700904846191406e-01 3.101720809936523438e-01 5.829238891601562500e-01 4.821700453758239746e-01 4.711108803749084473e-01 6.967602372169494629e-01 4.020054638385772705e-01 7.233438491821289062e-01 6.784918308258056641e-01 5.075454115867614746e-01 3.659470677375793457e-01 6.434990763664245605e-01 5.069862008094787598e-01 1.858322918415069580e-01 2.709711790084838867e-01 5.873094797134399414e-01 2.412205487489700317e-01 6.022762060165405273e-01 2.524191439151763916e-01 4.611530005931854248e-01
4.452000856399536133e-01 5.545189380645751953e-01 2.223865091800689697e-01 5.246466994285583496e-01 7.370234131813049316e-01 4.711215496063232422e-01 5.703158378601074219e-01 1.090649366378784180e+00 5.267751216888427734e-01 7.160326242446899414e-01 3.935493826866149902e-01 2.762790620326995850e-01 5.346672534942626953e-01 3.743975758552551270e-01 9.735853970050811768e-02 4.306635558605194092e-01 3.241088986396789551e-01 3.511286079883575439e-01 5.206572413444519043e-01 5.888776183128356934e-01
5.266605615615844727e-01 3.231327235698699951e-01 9.389641284942626953e-01 7.173172235488891602e-01 6.505292057991027832e-01 8.048868775367736816e-01 7.438939213752746582e-01 5.086485147476196289e-01 5.260167717933654785e-01 5.548399090766906738e-01 4.444258213043212891e-01 5.326595306396484375e-01 4.860272109508514404e-01 4.782260060310363770e-01 6.210265159606933594e-01 2.689276039600372314e-01 3.806122541427612305e-01 3.571116030216217041e-01 5.474852323532104492e-01 2.850725054740905762e-01
5.838844776153564453e-01 3.132032155990600586e-01 5.074234604835510254e-01 7.270779609680175781e-01 7.891174554824829102e-01 6.923317909240722656e-01 6.943207383155822754e-01 1.366906642913818359e+00 6.356166601181030273e-01 6.582715511322021484e-01 7.845471501350402832e-01 3.071193099021911621e-01 3.210411965847015381e-01 6.253676414489746094e-01 3.862276375293731689e-01 2.810805439949035645e-01 4.265685081481933594e-01 2.511998713016510010e-01 4.115611314773559570e-01 4.130668938159942627e-01
3.826589286327362061e-01 3.778843879699707031e-01 9.029897451400756836e-01 5.184375643730163574e-01 1.141650915145874023e+00 3.748716711997985840e-01 7.609448432922363281e-01 2.664884328842163086e-01 1.294543743133544922e+00 5.539383292198181152e-01 5.793288946151733398e-01 5.033380389213562012e-01 4.965407848358154297e-01 4.688809812068939209e-01 2.442463338375091553e-01 2.519759535789489746e-01 4.258870184421539307e-01 4.057939052581787109e-01 3.833869397640228271e-01 4.234201908111572266e-01
5.048354268074035645e-01 3.793578445911407471e-01 4.890822768211364746e-01 7.157620191574096680e-01 7.128698825836181641e-01 7.288548946380615234e-01 7.306499481201171875e-01 8.868337869644165039e-01 7.277053594589233398e-01 9.236791133880615234e-01 5.148465633392333984e-01 3.199148178100585938e-01 6.837005019187927246e-01 3.758919835090637207e-01 2.969480752944946289e-01 2.725282907485961914e-01 2.653830945491790771e-01 4.283451437950134277e-01 2.661553621292114258e-01 4.328284859657287598e-01
3.757929801940917969e-01 3.700865805149078369e-01 4.214743971824645996e-01 6.741861104965209961e-01 4.401489496231079102e-01 8.398856520652770996e-01 7.737452983856201172e-01 8.480594158172607422e-01 6.280537247657775879e-01 9.692603349685668945e-01 5.923972725868225098e-01 8.620548844337463379e-01 6.049057245254516602e-01 4.778905212879180908e-01 5.469590425491333008e-01 4.030585885047912598e-01 3.677445054054260254e-01 4.515864253044128418e-01 5.185274481773376465e-01 2.477542459964752197e-01
