2018-07-25 06:45:00
6.884106993675231934e-01 8.344453573226928711e-01 6.436507701873779297e-01 4.381940960884094238e-01 9.452179670333862305e-01 4.421620965003967285e-01 7.739956974983215332e-01 6.864825487136840820e-01 5.521246790885925293e-01 7.175611257553100586e-01 1.032418966293334961e+00 7.615511417388916016e-01 1.147848844528198242e+00 1.525988459587097168e+00 9.378486871719360352e-01 1.045473337173461914e+00 9.438788890838623047e-01 1.358840465545654297e+00 9.507569074630737305e-01 9.044618606567382812e-01
1.058482170104980469e+00 8.308523297309875488e-01 6.188120841979980469e-01 5.754134654998779297e-01 5.425025224685668945e-01 6.236215829849243164e-01 7.672090530395507812e-01 8.349500894546508789e-01 7.555512189865112305e-01 4.874112904071807861e-01 1.078217148780822754e+00 7.578744292259216309e-01 1.000093698501586914e+00 1.142048597335815430e+00 1.390493512153625488e+00 1.857222437858581543e+00 1.035668969154357910e+00 1.018054008483886719e+00 1.464208722114562988e+00 1.190454483032226562e+00
8.528174757957458496e-01 4.929022490978240967e-01 4.104998707771301270e-01 6.204186081886291504e-01 6.558170318603515625e-01 5.282158851623535156e-01 8.223534822463989258e-01 4.743886291980743408e-01 6.552926301956176758e-01 7.067709565162658691e-01 8.617365360260009766e-01 6.962603926658630371e-01 1.304678440093994141e+00 8.705949783325195312e-01 1.017487287521362305e+00 1.490383505821228027e+00 1.387529611587524414e+00 1.317638397216796875e+00 1.801210165023803711e+00 1.396526336669921875e+00
7.560137510299682617e-01 6.349437236785888672e-01 8.411748409271240234e-01 3.863953948020935059e-01 6.565626263618469238e-01 8.934715986251831055e-01 5.124815106391906738e-01 7.537231445312500000e-01 3.982484936714172363e-01 6.423926353454589844e-01 9.634769558906555176e-01 5.840229988098144531e-01 8.109465837478637695e-01 9.979172945022583008e-01 8.713546395301818848e-01 1.151012420654296875e+00 1.008089780807495117e+00 1.593039989471435547e+00 1.984150409698486328e+00 1.555705189704895020e+00
9.441513419151306152e-01 1.096379756927490234e+00 6.900008916854858398e-01 9.325425624847412109e-01 3.889855146408081055e-01 3.836393356323242188e-01 4.707995057106018066e-01 4.140726029872894287e-01 5.469856262207031250e-01 4.008629024028778076e-01 7.510234713554382324e-01 7.542287111282348633e-01 8.671206235885620117e-01 1.165070056915283203e+00 1.529659271240234375e+00 1.206663012504577637e+00 1.907084941864013672e+00 1.378389120101928711e+00 1.424132704734802246e+00 1.479326009750366211e+00
7.928674817085266113e-01 6.063659787178039551e-01 6.835153102874755859e-01 9.475132822990417480e-01 5.499316453933715820e-01 3.803649544715881348e-01 2.522494196891784668e-01 9.522573947906494141e-01 3.496680259704589844e-01 6.045079231262207031e-01 9.323810338973999023e-01 5.733425617218017578e-01 9.915698766708374023e-01 9.389608502388000488e-01 1.180261731147766113e+00 1.757799386978149414e+00 2.200684547424316406e+00 9.670341610908508301e-01 1.272327423095703125e+00 1.217876195907592773e+00
4.666338562965393066e-01 6.339437365531921387e-01 5.686454772949218750e-01 4.046027064323425293e-01 6.303573846817016602e-01 5.902616977691650391e-01 4.563019275665283203e-01 4.126327037811279297e-01 5.041824579238891602e-01 3.057001233100891113e-01 4.688699841499328613e-01 5.162967443466186523e-01 5.949826240539550781e-01 7.343524694442749023e-01 8.054671287536621094e-01 1.147458076477050781e+00 9.794469475746154785e-01 1.870507717132568359e+00 1.310781955718994141e+00 6.784570217132568359e-01
5.721269249916076660e-01 4.831760525703430176e-01 4.550920426845550537e-01 6.731814146041870117e-01 3.553722202777862549e-01 4.995604753494262695e-01 2.331743687391281128e-01 3.700425028800964355e-01 5.906347036361694336e-01 5.338099002838134766e-01 6.741663813591003418e-01 9.284225702285766602e-01 5.238089561462402344e-01 1.020944714546203613e+00 1.140377521514892578e+00 1.720510601997375488e+00 1.368919730186462402e+00 1.430552721023559570e+00 1.669148445129394531e+00 1.021101951599121094e+00
6.095217466354370117e-01 4.624996483325958252e-01 3.982614874839782715e-01 4.710505604743957520e-01 6.344183087348937988e-01 6.740297079086303711e-01 5.200369358062744141e-01 4.304544925689697266e-01 7.168638110160827637e-01 4.234044253826141357e-01 7.747477889060974121e-01 7.608522176742553711e-01 8.716542720794677734e-01 9.545149803161621094e-01 1.089535236358642578e+00 1.343462467193603516e+00 8.694922924041748047e-01 1.052572488784790039e+00 8.539533019065856934e-01 1.212009191513061523e+00
2.958538830280303955e-01 3.082082867622375488e-01 3.786389827728271484e-01 4.598928093910217285e-01 4.568912386894226074e-01 7.397313117980957031e-01 4.958446025848388672e-01 7.519941926002502441e-01 3.429838120937347412e-01 6.203542351722717285e-01 6.282105445861816406e-01 6.802655458450317383e-01 7.516927719116210938e-01 8.069998621940612793e-01 8.474671840667724609e-01 8.179885149002075195e-01 1.114530801773071289e+00 1.126026391983032227e+00 1.064321279525756836e+00 9.747223258018493652e-01
7.272074818611145020e-01 4.474207460880279541e-01 4.962868690490722656e-01 3.527157902717590332e-01 3.035372197628021240e-01 7.786074876785278320e-01 4.769694209098815918e-01 5.122486948966979980e-01 6.801023483276367188e-01 4.872274994850158691e-01 8.082568645477294922e-01 7.175079584121704102e-01 9.171561598777770996e-01 7.046822309494018555e-01 1.003021240234375000e+00 8.797513246536254883e-01 1.159689188003540039e+00 6.837654113769531250e-01 7.437136173248291016e-01 1.478521943092346191e+00
4.281508326530456543e-01 5.394195318222045898e-01 5.797933340072631836e-01 4.382218718528747559e-01 9.063190817832946777e-01 3.960858583450317383e-01 4.042545855045318604e-01 7.957414388656616211e-01 5.916116237640380859e-01 4.940949678421020508e-01 6.461527943611145020e-01 3.126928806304931641e-01 3.576059937477111816e-01 4.427632093429565430e-01 6.354366540908813477e-01 3.515313565731048584e-01 1.203507781028747559e+00 7.826597690582275391e-01 1.016413927078247070e+00 5.852656364440917969e-01
3.070299029350280762e-01 5.201864838600158691e-01 8.952809572219848633e-01 3.320021629333496094e-01 7.332446575164794922e-01 7.240915298461914062e-01 5.923887491226196289e-01 5.268148183822631836e-01 6.021840572357177734e-01 3.548111021518707275e-01 6.568515300750732422e-01 5.673854351043701172e-01 4.631496071815490723e-01 4.973246753215789795e-01 3.300435245037078857e-01 4.251656830310821533e-01 4.581813514232635498e-01 4.987257719039916992e-01 7.513056993484497070e-01 1.049675226211547852e+00
4.498794078826904297e-01 5.733250975608825684e-01 5.697917938232421875e-01 6.923986673355102539e-01 6.510667800903320312e-01 4.651827812194824219e-01 1.081444263458251953e+00 6.583728194236755371e-01 8.585329651832580566e-01 4.724669456481933594e-01 8.264316320419311523e-01 1.001863121986389160e+00 4.965259432792663574e-01 4.520091414451599121e-01 2.915616631507873535e-01 6.063402295112609863e-01 2.482185959815979004e-01 7.086680531501770020e-01 4.804173707962036133e-01 6.066046953201293945e-01
4.869990348815917969e-01 6.318520307540893555e-01 7.003558278083801270e-01 6.708000898361206055e-01 8.216711282730102539e-01 7.313868999481201172e-01 7.649015188217163086e-01 9.519668221473693848e-01 6.401938199996948242e-01 8.595365881919860840e-01 6.584202051162719727e-01 5.995845794677734375e-01 6.739006042480468750e-01 3.231868743896484375e-01 3.925461471080780029e-01 3.063434958457946777e-01 3.045771121978759766e-01 4.028849601745605469e-01 5.184412002563476562e-01 6.054613590240478516e-01
6.871626377105712891e-01 7.461752891540527344e-01 6.594859361648559570e-01 8.610810041427612305e-01 8.158922791481018066e-01 4.895840883255004883e-01 1.045029878616333008e+00 7.167474031448364258e-01 7.093997001647949219e-01 8.650461435317993164e-01 6.009334921836853027e-01 6.280880570411682129e-01 2.959043681621551514e-01 4.062656164169311523e-01 5.477337837219238281e-01 3.732141256332397461e-01 4.006016254425048828e-01 4.198741018772125244e-01 7.664803266525268555e-01 8.036722540855407715e-01
4.387333691120147705e-01 9.307773113250732422e-01 8.198981285095214844e-01 9.932968020439147949e-01 1.536336660385131836e+00 7.267349958419799805e-01 9.748811721801757812e-01 1.244811296463012695e+00 8.821877241134643555e-01 8.622065186500549316e-01 7.961816787719726562e-01 1.187455296516418457e+00 7.510232329368591309e-01 4.116020798683166504e-01 3.854090273380279541e-01 5.031299591064453125e-01 5.873314142227172852e-01 3.974650204181671143e-01 4.032877683639526367e-01 4.161979854106903076e-01
6.583288908004760742e-01 8.952854871749877930e-01 1.148562431335449219e+00 1.026056766510009766e+00 7.876836061477661133e-01 9.413310885429382324e-01 1.267057895660400391e+00 8.716962337493896484e-01 8.966736197471618652e-01 1.046386837959289551e+00 9.873926639556884766e-01 8.088153600692749023e-01 6.093087196350097656e-01 3.724737763404846191e-01 4.662277102470397949e-01 5.349866151809692383e-01 4.239331483840942383e-01 3.466907739639282227e-01 3.439871072769165039e-01 5.416060090065002441e-01
1.061834335327148438e+00 7.951140403747558594e-01 7.447224855422973633e-01 6.169329881668090820e-01 6.071720719337463379e-01 1.082055211067199707e+00 1.510231256484985352e+00 8.973511457443237305e-01 1.038155674934387207e+00 9.275445938110351562e-01 5.114974975585937500e-01 6.263447999954223633e-01 4.004787504673004150e-01 5.367180705070495605e-01 5.321695208549499512e-01 5.710035562515258789e-01 4.617928266525268555e-01 3.538351058959960938e-01 7.240977287292480469e-01 4.376294314861297607e-01
8.918542861938476562e-01 7.199100255966186523e-01 6.434624195098876953e-01 8.091763257980346680e-01 1.271501302719116211e+00 9.717840552330017090e-01 6.934870481491088867e-01 7.670328617095947266e-01 5.493434071540832520e-01 6.054341793060302734e-01 7.080992460250854492e-01 4.590997695922851562e-01 8.827757835388183594e-01 5.318974256515502930e-01 3.796319961547851562e-01 5.605500936508178711e-01 6.068142652511596680e-01 5.944905281066894531e-01 7.503533959388732910e-01 4.202682375907897949e-01
