2018-07-25 07:00:00
1.037747144699096680e+00 7.315087914466857910e-01 6.345633268356323242e-01 4.848048090934753418e-01 5.310285091400146484e-01 6.193922758102416992e-01 8.363327980041503906e-01 8.227690458297729492e-01 9.191894531250000000e-01 8.098143339157104492e-01 8.340020179748535156e-01 6.935116052627563477e-01 1.317716717720031738e+00 1.178428411483764648e+00 2.506143093109130859e+00 1.048187613487243652e+00 1.374010801315307617e+00 1.748996138572692871e+00 1.384237766265869141e+00 1.721245527267456055e+00
8.121734857559204102e-01 9.950599670410156250e-01 1.008083820343017578e+00 7.524788379669189453e-01 9.648810625076293945e-01 7.578020691871643066e-01 5.988157391548156738e-01 9.045326113700866699e-01 8.968700170516967773e-01 9.314967393875122070e-01 8.071689605712890625e-01 7.850602269172668457e-01 8.313536643981933594e-01 1.020216464996337891e+00 2.242622613906860352e+00 2.033015012741088867e+00 1.747276544570922852e+00 1.607448816299438477e+00 1.493936657905578613e+00 1.174271345138549805e+00
9.733408689498901367e-01 8.731299638748168945e-01 7.012926340103149414e-01 1.035132050514221191e+00 4.598038792610168457e-01 1.131874084472656250e+00 2.594992220401763916e-01 6.680554747581481934e-01 5.533900856971740723e-01 8.716930747032165527e-01 5.936719179153442383e-01 7.592637538909912109e-01 9.301623702049255371e-01 1.414593935012817383e+00 1.034790515899658203e+00 1.352301359176635742e+00 5.642079114913940430e-01 1.392726540565490723e+00 1.872471570968627930e+00 1.714205741882324219e+00
5.685764551162719727e-01 4.035221040248870850e-01 7.719574570655822754e-01 4.337711334228515625e-01 7.379989624023437500e-01 9.699447154998779297e-01 1.138499736785888672e+00 7.990313768386840820e-01 1.133839011192321777e+00 8.973118066787719727e-01 5.776193141937255859e-01 1.032196998596191406e+00 8.892722725868225098e-01 9.937347173690795898e-01 1.253203749656677246e+00 1.901232600212097168e+00 1.445464849472045898e+00 1.145104765892028809e+00 2.285094022750854492e+00 1.685708761215209961e+00
6.188887953758239746e-01 7.649735808372497559e-01 6.033108234405517578e-01 5.559808015823364258e-01 8.527806401252746582e-01 4.532114863395690918e-01 7.151517868041992188e-01 6.788116097450256348e-01 6.743182539939880371e-01 3.907103538513183594e-01 7.380043268203735352e-01 9.993836283683776855e-01 1.118976473808288574e+00 9.170917272567749023e-01 1.286573648452758789e+00 9.069422483444213867e-01 1.703740239143371582e+00 1.663645267486572266e+00 1.065921306610107422e+00 9.563139677047729492e-01
7.827920913696289062e-01 4.953633248805999756e-01 8.263386487960815430e-01 4.890089631080627441e-01 8.424237966537475586e-01 5.931965112686157227e-01 6.771184802055358887e-01 7.973359227180480957e-01 7.648937106132507324e-01 4.683058261871337891e-01 8.341424465179443359e-01 8.973052501678466797e-01 7.920595407485961914e-01 1.698557257652282715e+00 1.406647205352783203e+00 1.186237335205078125e+00 1.255715608596801758e+00 1.323963403701782227e+00 7.561337947845458984e-01 1.620376586914062500e+00
7.961980104446411133e-01 4.509108066558837891e-01 7.177165746688842773e-01 6.519837379455566406e-01 1.453215181827545166e-01 1.333623170852661133e+00 3.119837939739227295e-01 5.931653380393981934e-01 7.514849901199340820e-01 7.284666299819946289e-01 9.751788377761840820e-01 1.024474620819091797e+00 1.283727049827575684e+00 8.877683281898498535e-01 1.297780394554138184e+00 1.640824198722839355e+00 1.786908388137817383e+00 1.525052547454833984e+00 1.210188984870910645e+00 1.830581665039062500e+00
8.673058748245239258e-01 7.367607355117797852e-01 6.411863565444946289e-01 6.913071870803833008e-01 3.503330647945404053e-01 3.810448348522186279e-01 3.985849022865295410e-01 3.716129660606384277e-01 3.518055975437164307e-01 6.542475819587707520e-01 4.697556495666503906e-01 7.594771385192871094e-01 5.347799062728881836e-01 6.958341598510742188e-01 7.062681913375854492e-01 1.386110067367553711e+00 1.476178050041198730e+00 2.000815868377685547e+00 2.444921731948852539e+00 1.186645269393920898e+00
7.777342796325683594e-01 4.752525985240936279e-01 4.433151483535766602e-01 4.972940683364868164e-01 3.504187762737274170e-01 2.551884651184082031e-01 4.640606045722961426e-01 6.079668998718261719e-01 4.957652091979980469e-01 5.394621491432189941e-01 6.728676557540893555e-01 9.199485778808593750e-01 9.748982191085815430e-01 9.546124339103698730e-01 5.992487668991088867e-01 1.747875690460205078e+00 1.009330272674560547e+00 1.341581344604492188e+00 1.247926950454711914e+00 1.722773075103759766e+00
4.138756394386291504e-01 5.756484866142272949e-01 3.614516556262969971e-01 4.030552506446838379e-01 6.801489591598510742e-01 3.912979960441589355e-01 5.714788436889648438e-01 8.156251907348632812e-01 5.678162574768066406e-01 8.389519453048706055e-01 8.614057302474975586e-01 1.054117918014526367e+00 7.670473456382751465e-01 8.117100000381469727e-01 8.398553133010864258e-01 9.575015306472778320e-01 5.865850448608398438e-01 8.081305623054504395e-01 6.124814748764038086e-01 7.167106866836547852e-01
2.382449954748153687e-01 3.876453042030334473e-01 3.568516969680786133e-01 4.572813510894775391e-01 3.842720985412597656e-01 4.028874337673187256e-01 5.004754066467285156e-01 6.361895799636840820e-01 9.654892683029174805e-01 6.112403869628906250e-01 8.471628427505493164e-01 7.410165667533874512e-01 7.460768222808837891e-01 1.034712672233581543e+00 1.004255533218383789e+00 1.313329935073852539e+00 8.972467184066772461e-01 8.001611232757568359e-01 1.148810625076293945e+00 6.570439934730529785e-01
7.425676584243774414e-01 3.325084447860717773e-01 2.477246373891830444e-01 2.800004184246063232e-01 5.534996986389160156e-01 6.292859315872192383e-01 5.790868997573852539e-01 5.531944036483764648e-01 3.019717931747436523e-01 6.946599483489990234e-01 3.647339344024658203e-01 8.967142105102539062e-01 4.885479509830474854e-01 6.054198741912841797e-01 2.988706231117248535e-01 5.064454078674316406e-01 8.205195665359497070e-01 5.579792857170104980e-01 1.040032863616943359e+00 8.485962152481079102e-01
3.530165851116180420e-01 4.305734038352966309e-01 3.442212343215942383e-01 5.397502183914184570e-01 3.359544277191162109e-01 5.835949182510375977e-01 8.204948306083679199e-01 7.705485224723815918e-01 7.214084863662719727e-01 5.818910598754882812e-01 6.746101379394531250e-01 6.227068901062011719e-01 4.133555293083190918e-01 6.685630679130554199e-01 3.905285298824310303e-01 4.410323202610015869e-01 1.029852628707885742e+00 7.721109390258789062e-01 8.436663746833801270e-01 7.289689779281616211e-01
4.254035055637359619e-01 6.759972572326660156e-01 5.039730072021484375e-01 3.982078433036804199e-01 6.933426856994628906e-01 3.406234383583068848e-01 4.595737159252166748e-01 7.152123451232910156e-01 3.886168897151947021e-01 6.495637297630310059e-01 5.744833946228027344e-01 4.673035740852355957e-01 5.164455175399780273e-01 4.221110641956329346e-01 4.168323278427124023e-01 2.438902258872985840e-01 3.256176114082336426e-01 9.050757884979248047e-01 5.114944577217102051e-01 4.351738691329956055e-01
9.172324538230895996e-01 8.373121023178100586e-01 4.938415884971618652e-01 4.583400785923004150e-01 4.039140641689300537e-01 4.350011348724365234e-01 7.854463458061218262e-01 6.698308587074279785e-01 9.027357697486877441e-01 9.278358221054077148e-01 5.599868297576904297e-01 6.408515572547912598e-01 3.236039876937866211e-01 4.381004869937896729e-01 5.294111967086791992e-01 4.803501963615417480e-01 3.261019587516784668e-01 4.503716230392456055e-01 4.409492015838623047e-01 7.375870943069458008e-01
4.364138543605804443e-01 8.479388952255249023e-01 4.660216569900512695e-01 8.382762670516967773e-01 8.521702289581298828e-01 1.245352745056152344e+00 7.376036643981933594e-01 1.013929247856140137e+00 7.791765332221984863e-01 7.790115475654602051e-01 4.617419838905334473e-01 4.053345620632171631e-01 4.542089700698852539e-01 6.520636677742004395e-01 4.394348561763763428e-01 5.525708198547363281e-01 3.766991794109344482e-01 2.960014343261718750e-01 8.630576133728027344e-01 5.393815636634826660e-01
6.657172441482543945e-01 9.259579181671142578e-01 9.021093845367431641e-01 8.882438540458679199e-01 6.178594827651977539e-01 6.878480315208435059e-01 6.637927293777465820e-01 1.145263671875000000e+00 7.108746767044067383e-01 7.003021240234375000e-01 7.691897749900817871e-01 5.462635755538940430e-01 3.912269473075866699e-01 3.511284589767456055e-01 3.428384065628051758e-01 4.526974260807037354e-01 3.295467495918273926e-01 5.352805852890014648e-01 9.231568574905395508e-01 5.517189502716064453e-01
7.544419765472412109e-01 4.815710484981536865e-01 1.153549194335937500e+00 9.721514582633972168e-01 7.934203147888183594e-01 9.258699417114257812e-01 1.318314313888549805e+00 4.919598996639251709e-01 6.782866716384887695e-01 7.598198652267456055e-01 6.873016357421875000e-01 5.912733078002929688e-01 6.018157005310058594e-01 5.500994324684143066e-01 5.766997933387756348e-01 2.928787469863891602e-01 5.109202861785888672e-01 3.849070668220520020e-01 7.059177160263061523e-01 4.623045325279235840e-01
6.062782406806945801e-01 7.073470354080200195e-01 9.663394093513488770e-01 9.352545738220214844e-01 1.132725238800048828e+00 9.253340363502502441e-01 8.992744684219360352e-01 6.716138124465942383e-01 6.061270236968994141e-01 8.903776407241821289e-01 9.197363853454589844e-01 7.046195268630981445e-01 9.720789194107055664e-01 4.255365431308746338e-01 5.778812170028686523e-01 5.090242028236389160e-01 4.636241197586059570e-01 5.042837262153625488e-01 3.961768150329589844e-01 7.279729843139648438e-01
2.703730165958404541e-01 9.885473251342773438e-01 5.949624180793762207e-01 9.777301549911499023e-01 1.229001402854919434e+00 1.166095256805419922e+00 1.144747734069824219e+00 9.732636213302612305e-01 1.056380987167358398e+00 8.174972534179687500e-01 7.645585536956787109e-01 6.490064859390258789e-01 4.465174078941345215e-01 4.985391795635223389e-01 7.192596793174743652e-01 5.134384036064147949e-01 7.003230452537536621e-01 6.150995492935180664e-01 7.433983087539672852e-01 6.034985780715942383e-01
