2018-07-25 07:30:00
8.464238643646240234e-01 5.947880744934082031e-01 5.788186788558959961e-01 3.029731214046478271e-01 5.757052302360534668e-01 4.575582742691040039e-01 4.386911392211914062e-01 4.467626810073852539e-01 5.772819519042968750e-01 3.976225852966308594e-01 7.425833344459533691e-01 6.169389486312866211e-01 6.664275527000427246e-01 1.146784782409667969e+00 7.970222234725952148e-01 6.439471840858459473e-01 9.148690700531005859e-01 1.338746070861816406e+00 1.074682950973510742e+00 1.484496831893920898e+00
7.807500362396240234e-01 4.657145142555236816e-01 7.451174855232238770e-01 4.330132603645324707e-01 6.221163272857666016e-01 2.886285185813903809e-01 3.977055251598358154e-01 5.643090009689331055e-01 8.712764978408813477e-01 8.943396806716918945e-01 8.568505644798278809e-01 7.241528630256652832e-01 9.657621979713439941e-01 5.745270252227783203e-01 8.432466387748718262e-01 1.029196500778198242e+00 6.754851341247558594e-01 1.205302596092224121e+00 6.768411397933959961e-01 9.496196508407592773e-01
8.922788500785827637e-01 4.323380887508392334e-01 9.313886165618896484e-01 5.563272237777709961e-01 4.972452223300933838e-01 6.660788059234619141e-01 3.277471065521240234e-01 5.157027244567871094e-01 7.336763143539428711e-01 7.142074704170227051e-01 7.599647641181945801e-01 7.484241724014282227e-01 5.701916813850402832e-01 8.393822908401489258e-01 1.129947781562805176e+00 1.618951320648193359e+00 9.385867118835449219e-01 8.469586372375488281e-01 1.312759757041931152e+00 1.179215908050537109e+00
6.723738312721252441e-01 6.131787300109863281e-01 8.691653013229370117e-01 6.556068658828735352e-01 5.194007158279418945e-01 6.077015995979309082e-01 4.068790078163146973e-01 2.775431573390960693e-01 3.644667267799377441e-01 7.916147708892822266e-01 4.284180998802185059e-01 9.733278155326843262e-01 6.090786457061767578e-01 1.092481374740600586e+00 1.266622662544250488e+00 1.617081165313720703e+00 1.736201882362365723e+00 8.923135399818420410e-01 9.182474017143249512e-01 1.253605365753173828e+00
5.703203678131103516e-01 5.591551661491394043e-01 5.705594420433044434e-01 7.457005977630615234e-01 9.748066663742065430e-01 6.316780447959899902e-01 5.821841955184936523e-01 5.600059032440185547e-01 5.767818093299865723e-01 6.457256078720092773e-01 5.924836397171020508e-01 7.198000550270080566e-01 6.212378144264221191e-01 8.601954579353332520e-01 7.661013603210449219e-01 1.110308766365051270e+00 1.033614277839660645e+00 8.215767145156860352e-01 9.459764361381530762e-01 8.866667747497558594e-01
7.696729898452758789e-01 7.679868340492248535e-01 4.786348342895507812e-01 8.316025733947753906e-01 4.588093757629394531e-01 5.753121972084045410e-01 2.541282474994659424e-01 5.430566072463989258e-01 2.416538447141647339e-01 4.014245867729187012e-01 4.706324934959411621e-01 6.899186372756958008e-01 8.325209021568298340e-01 1.003882527351379395e+00 6.391062736511230469e-01 1.410625934600830078e+00 1.076433181762695312e+00 1.680140972137451172e+00 8.760297298431396484e-01 9.821577072143554688e-01
6.046662330627441406e-01 6.629680991172790527e-01 9.247162342071533203e-01 5.950088500976562500e-01 5.193251371383666992e-01 6.220062375068664551e-01 4.194368422031402588e-01 2.788252532482147217e-01 7.095354199409484863e-01 4.982953369617462158e-01 3.337081372737884521e-01 7.492702603340148926e-01 5.856757760047912598e-01 7.165940999984741211e-01 4.980068802833557129e-01 1.089815258979797363e+00 1.981187224388122559e+00 1.082490682601928711e+00 1.379209876060485840e+00 1.006561279296875000e+00
5.525130629539489746e-01 7.247546911239624023e-01 4.390451312065124512e-01 3.698756992816925049e-01 5.048709511756896973e-01 4.401597678661346436e-01 2.953555285930633545e-01 4.939596652984619141e-01 3.854895532131195068e-01 4.559335708618164062e-01 4.148026406764984131e-01 4.563889503479003906e-01 1.011599540710449219e+00 5.535209178924560547e-01 6.844302415847778320e-01 1.224364042282104492e+00 1.698448896408081055e+00 9.952979087829589844e-01 9.334408640861511230e-01 1.490085601806640625e+00
3.455446064472198486e-01 2.675009071826934814e-01 4.859173893928527832e-01 4.672344923019409180e-01 4.238835573196411133e-01 3.860417604446411133e-01 1.889446079730987549e-01 3.662694394588470459e-01 4.572518169879913330e-01 4.194459915161132812e-01 3.999656438827514648e-01 4.049639105796813965e-01 4.876373112201690674e-01 5.748954415321350098e-01 6.331053972244262695e-01 1.261287093162536621e+00 9.224693179130554199e-01 1.403560400009155273e+00 6.940946578979492188e-01 1.176529169082641602e+00
4.171386063098907471e-01 5.895545482635498047e-01 5.519652366638183594e-01 5.407023429870605469e-01 4.125324487686157227e-01 4.084717035293579102e-01 3.493864834308624268e-01 4.329665601253509521e-01 4.527853727340698242e-01 3.865862190723419189e-01 3.658157289028167725e-01 3.932862579822540283e-01 7.776264548301696777e-01 6.502663493156433105e-01 8.349884748458862305e-01 9.985159635543823242e-01 8.632496595382690430e-01 6.871183514595031738e-01 7.723060846328735352e-01 1.102279901504516602e+00
4.118093550205230713e-01 3.041640520095825195e-01 3.819603323936462402e-01 6.396959424018859863e-01 4.334050416946411133e-01 3.608498275279998779e-01 5.314891934394836426e-01 3.949421644210815430e-01 8.019092082977294922e-01 3.154906034469604492e-01 4.021436274051666260e-01 7.176623344421386719e-01 5.461955666542053223e-01 6.515351533889770508e-01 5.654469132423400879e-01 5.402568578720092773e-01 7.854612469673156738e-01 6.638226509094238281e-01 1.149280548095703125e+00 4.860044419765472412e-01
3.798564970493316650e-01 5.901684761047363281e-01 3.527024090290069580e-01 3.737297058105468750e-01 7.558612823486328125e-01 5.170499682426452637e-01 3.993104398250579834e-01 3.069328069686889648e-01 6.403561234474182129e-01 2.893227636814117432e-01 5.159978866577148438e-01 8.979539573192596436e-02 2.561717927455902100e-01 6.602904200553894043e-01 4.647712111473083496e-01 4.573537707328796387e-01 5.722428560256958008e-01 4.656578302383422852e-01 9.594167470932006836e-01 7.067840099334716797e-01
3.127235174179077148e-01 7.190096974372863770e-01 3.473358154296875000e-01 6.867233514785766602e-01 2.906944155693054199e-01 4.751830995082855225e-01 5.442848205566406250e-01 7.005726695060729980e-01 5.388528704643249512e-01 5.618239641189575195e-01 3.960533738136291504e-01 4.335082769393920898e-01 2.939291298389434814e-01 2.917762398719787598e-01 5.670843124389648438e-01 4.590859413146972656e-01 5.321704745292663574e-01 4.855125248432159424e-01 5.651502609252929688e-01 7.038357853889465332e-01
5.649710893630981445e-01 3.618023991584777832e-01 6.154407262802124023e-01 6.329942345619201660e-01 3.698685765266418457e-01 3.528838753700256348e-01 6.971430778503417969e-01 7.250597476959228516e-01 5.451146364212036133e-01 5.680952668190002441e-01 3.635362386703491211e-01 2.127726674079895020e-01 2.218914479017257690e-01 3.277906477451324463e-01 4.342907071113586426e-01 2.163857370615005493e-01 3.244674801826477051e-01 5.888585448265075684e-01 3.482268154621124268e-01 5.559018850326538086e-01
6.061892509460449219e-01 5.680892467498779297e-01 6.700160503387451172e-01 6.439795494079589844e-01 6.509972810745239258e-01 7.775871157646179199e-01 9.068555831909179688e-01 9.566866159439086914e-01 6.339426040649414062e-01 6.433443427085876465e-01 4.570947587490081787e-01 4.156413078308105469e-01 3.675497472286224365e-01 3.622640967369079590e-01 3.598602414131164551e-01 2.848761081695556641e-01 4.128976166248321533e-01 4.618557393550872803e-01 4.590968489646911621e-01 4.684980511665344238e-01
3.582221865653991699e-01 8.305693268775939941e-01 7.061724662780761719e-01 6.002482175827026367e-01 9.947476983070373535e-01 1.143105983734130859e+00 8.199794292449951172e-01 9.585092067718505859e-01 6.134375333786010742e-01 7.240988016128540039e-01 3.987752497196197510e-01 3.051900267601013184e-01 2.679674625396728516e-01 3.201112449169158936e-01 3.091715574264526367e-01 2.731615006923675537e-01 2.660706937313079834e-01 3.487504422664642334e-01 6.590315699577331543e-01 6.300963759422302246e-01
9.563848972320556641e-01 5.150769948959350586e-01 6.977574825286865234e-01 6.188192367553710938e-01 7.700351476669311523e-01 3.672937154769897461e-01 8.633141517639160156e-01 7.364380359649658203e-01 5.707712769508361816e-01 6.911696195602416992e-01 4.930021762847900391e-01 5.103386640548706055e-01 2.888584733009338379e-01 4.040950536727905273e-01 4.294382929801940918e-01 3.158036768436431885e-01 5.447359085083007812e-01 1.754665076732635498e-01 2.846881449222564697e-01 6.147782802581787109e-01
7.756704688072204590e-01 9.523990750312805176e-01 1.005784988403320312e+00 6.521130204200744629e-01 9.099142551422119141e-01 7.269598245620727539e-01 9.995969533920288086e-01 8.586319684982299805e-01 5.697320699691772461e-01 7.235311269760131836e-01 2.892777323722839355e-01 5.881300568580627441e-01 3.821323513984680176e-01 5.023378729820251465e-01 4.086325764656066895e-01 3.941139280796051025e-01 3.927834033966064453e-01 2.087025493383407593e-01 2.642541825771331787e-01 6.018404960632324219e-01
4.140058159828186035e-01 7.253836393356323242e-01 6.937372684478759766e-01 6.491674184799194336e-01 1.165245532989501953e+00 6.073826551437377930e-01 1.153164386749267578e+00 4.983282089233398438e-01 7.109339237213134766e-01 5.682277083396911621e-01 5.741554498672485352e-01 5.246951580047607422e-01 2.282452285289764404e-01 6.049015522003173828e-01 2.991421818733215332e-01 2.896964550018310547e-01 2.589112520217895508e-01 3.210725784301757812e-01 2.965687513351440430e-01 4.023243784904479980e-01
9.243916273117065430e-01 6.083703041076660156e-01 8.518726229667663574e-01 9.534837603569030762e-01 7.875196337699890137e-01 6.052706241607666016e-01 4.875609576702117920e-01 9.654545187950134277e-01 1.098679304122924805e+00 9.182283878326416016e-01 4.846732616424560547e-01 4.815421104431152344e-01 7.382141351699829102e-01 3.774884939193725586e-01 2.932285070419311523e-01 4.485929012298583984e-01 4.501239061355590820e-01 2.497609555721282959e-01 4.604263603687286377e-01 5.739218592643737793e-01
