2018-07-25 08:15:00
5.433946251869201660e-01 2.924119532108306885e-01 3.795332312583923340e-01 6.318051815032958984e-01 2.958476543426513672e-01 5.581142902374267578e-01 5.361427068710327148e-01 2.841124534606933594e-01 2.824401259422302246e-01 6.478075385093688965e-01 4.865472912788391113e-01 5.264381170272827148e-01 4.656967520713806152e-01 8.876233696937561035e-01 7.994506359100341797e-01 6.953529119491577148e-01 5.332996845245361328e-01 7.054463028907775879e-01 8.273216485977172852e-01 4.785210490226745605e-01
6.415175199508666992e-01 4.722785949707031250e-01 3.482653200626373291e-01 2.448482066392898560e-01 7.697407007217407227e-01 3.416052758693695068e-01 5.259279012680053711e-01 4.860974848270416260e-01 5.719822049140930176e-01 3.368733525276184082e-01 5.789325237274169922e-01 5.769814252853393555e-01 3.925898075103759766e-01 7.503768801689147949e-01 7.415658831596374512e-01 4.520637392997741699e-01 9.721680879592895508e-01 6.587764620780944824e-01 3.719012737274169922e-01 4.824284315109252930e-01
5.800822973251342773e-01 3.879150152206420898e-01 5.060486793518066406e-01 5.647501349449157715e-01 3.923870325088500977e-01 4.295711517333984375e-01 5.631647109985351562e-01 5.185219645500183105e-01 4.784364700317382812e-01 4.688352346420288086e-01 5.929017066955566406e-01 7.196772098541259766e-01 4.502364099025726318e-01 3.353325724601745605e-01 4.866270124912261963e-01 1.196471333503723145e+00 5.944130420684814453e-01 7.529231309890747070e-01 4.421076178550720215e-01 8.951131105422973633e-01
4.044623374938964844e-01 7.107284069061279297e-01 4.496775865554809570e-01 3.942437767982482910e-01 5.549129247665405273e-01 5.881972312927246094e-01 6.245514154434204102e-01 3.529101908206939697e-01 3.377744257450103760e-01 9.463548660278320312e-01 5.176023244857788086e-01 4.805946350097656250e-01 8.185088634490966797e-01 5.031063556671142578e-01 4.951579570770263672e-01 6.443855166435241699e-01 1.176388978958129883e+00 8.179227709770202637e-01 7.712117433547973633e-01 6.388894319534301758e-01
4.148799180984497070e-01 6.391259431838989258e-01 3.550958037376403809e-01 5.265443325042724609e-01 4.458994865417480469e-01 6.088861227035522461e-01 1.979644000530242920e-01 3.982731699943542480e-01 6.658329367637634277e-01 8.160269260406494141e-01 3.511756360530853271e-01 5.093754529953002930e-01 4.121199250221252441e-01 8.088207244873046875e-01 9.222213625907897949e-01 5.093978643417358398e-01 1.491486310958862305e+00 7.052372694015502930e-01 1.098572015762329102e+00 7.680765390396118164e-01
6.292855143547058105e-01 3.927497863769531250e-01 3.999561369419097900e-01 3.823443651199340820e-01 8.213447928428649902e-01 3.498205840587615967e-01 6.044952869415283203e-01 4.129941165447235107e-01 2.619691789150238037e-01 5.499559640884399414e-01 5.315666198730468750e-01 4.306865334510803223e-01 5.521199107170104980e-01 7.867899537086486816e-01 5.512760281562805176e-01 7.005419731140136719e-01 1.173996925354003906e+00 9.029526710510253906e-01 8.358805775642395020e-01 1.016215801239013672e+00
2.208216786384582520e-01 2.299238294363021851e-01 8.911477923393249512e-01 7.487739324569702148e-01 5.443246364593505859e-01 3.526695072650909424e-01 5.350840687751770020e-01 5.094102621078491211e-01 4.672703742980957031e-01 1.748589873313903809e-01 3.307264745235443115e-01 6.351461410522460938e-01 2.082380652427673340e-01 5.022979974746704102e-01 4.040060043334960938e-01 6.812115907669067383e-01 9.537671804428100586e-01 6.450941562652587891e-01 1.404515266418457031e+00 9.421339035034179688e-01
4.948207437992095947e-01 3.059067726135253906e-01 2.243552505970001221e-01 1.759498715400695801e-01 3.161256611347198486e-01 3.743636608123779297e-01 3.458071947097778320e-01 3.731261491775512695e-01 3.084772825241088867e-01 3.295145034790039062e-01 3.607380390167236328e-01 4.611308574676513672e-01 4.357461333274841309e-01 1.143972754478454590e+00 5.400214195251464844e-01 6.199578642845153809e-01 8.436427712440490723e-01 1.144147276878356934e+00 7.193518877029418945e-01 7.022742033004760742e-01
1.744568645954132080e-01 5.713233351707458496e-01 4.987856745719909668e-01 5.680550932884216309e-01 6.337938308715820312e-01 4.987864792346954346e-01 4.848579764366149902e-01 5.188303589820861816e-01 3.982645869255065918e-01 4.324203431606292725e-01 3.434223532676696777e-01 4.068309664726257324e-01 5.607586503028869629e-01 5.080863833427429199e-01 4.652783572673797607e-01 4.637141525745391846e-01 3.514381051063537598e-01 7.058384418487548828e-01 4.067576229572296143e-01 6.718580126762390137e-01
4.632544219493865967e-01 3.459820151329040527e-01 3.311636447906494141e-01 2.726025879383087158e-01 3.930844068527221680e-01 3.223280310630798340e-01 3.684549331665039062e-01 3.915929794311523438e-01 1.723803728818893433e-01 6.036473512649536133e-01 2.232261300086975098e-01 5.098483562469482422e-01 4.145470261573791504e-01 6.316434144973754883e-01 5.249820947647094727e-01 5.778569579124450684e-01 6.180632710456848145e-01 1.089062094688415527e+00 5.403935313224792480e-01 5.220079421997070312e-01
4.351861178874969482e-01 3.568944334983825684e-01 3.182190656661987305e-01 2.545467913150787354e-01 4.052329063415527344e-01 3.769648969173431396e-01 3.843377232551574707e-01 2.928907275199890137e-01 2.351739704608917236e-01 8.421334028244018555e-01 4.289585351943969727e-01 2.495997101068496704e-01 4.370500743389129639e-01 6.459412574768066406e-01 4.343625903129577637e-01 3.953288197517395020e-01 5.295281410217285156e-01 8.893712162971496582e-01 8.262646198272705078e-01 5.559560060501098633e-01
4.582831263542175293e-01 6.521301269531250000e-01 4.560078680515289307e-01 1.897562742233276367e-01 7.043948173522949219e-01 3.918403387069702148e-01 5.151463747024536133e-01 4.109442830085754395e-01 3.716797232627868652e-01 5.811465978622436523e-01 2.608199417591094971e-01 3.388473391532897949e-01 3.195234239101409912e-01 4.844388365745544434e-01 5.003654956817626953e-01 3.045764565467834473e-01 4.387887120246887207e-01 5.378297567367553711e-01 3.008234798908233643e-01 5.763198137283325195e-01
4.543676376342773438e-01 2.997952997684478760e-01 2.417367100715637207e-01 3.297671377658843994e-01 4.612154364585876465e-01 3.113713264465332031e-01 3.030431568622589111e-01 3.024246394634246826e-01 6.114627122879028320e-01 4.160722792148590088e-01 3.358930349349975586e-01 2.971916496753692627e-01 6.168401837348937988e-01 2.394006699323654175e-01 2.836393415927886963e-01 3.106951713562011719e-01 5.326977968215942383e-01 3.849847316741943359e-01 5.742948055267333984e-01 7.967301607131958008e-01
3.335746526718139648e-01 5.820925831794738770e-01 1.845800280570983887e-01 5.053595900535583496e-01 5.102387666702270508e-01 2.923454642295837402e-01 4.005790352821350098e-01 2.376847267150878906e-01 4.238883256912231445e-01 2.297204136848449707e-01 6.059257984161376953e-01 4.511026740074157715e-01 3.326210081577301025e-01 3.092142045497894287e-01 4.431365132331848145e-01 7.755019068717956543e-01 3.461612462997436523e-01 2.999426126480102539e-01 3.370001614093780518e-01 5.063847899436950684e-01
4.275501370429992676e-01 5.265660881996154785e-01 3.382146656513214111e-01 4.255262017250061035e-01 3.391348123550415039e-01 2.294800877571105957e-01 7.304183244705200195e-01 2.516981363296508789e-01 4.613857865333557129e-01 2.875128984451293945e-01 3.691543042659759521e-01 6.037995219230651855e-01 4.455995261669158936e-01 3.702263236045837402e-01 3.904128670692443848e-01 3.194119930267333984e-01 4.400190114974975586e-01 5.016837120056152344e-01 5.405302047729492188e-01 3.414437770843505859e-01
2.829327285289764404e-01 4.426494240760803223e-01 6.088380813598632812e-01 5.177078247070312500e-01 6.377999186515808105e-01 6.988747119903564453e-01 8.164411187171936035e-01 3.691032528877258301e-01 3.453298509120941162e-01 2.300120890140533447e-01 3.023603260517120361e-01 2.580711245536804199e-01 2.974224090576171875e-01 3.120203018188476562e-01 4.154258072376251221e-01 3.518265485763549805e-01 2.911632955074310303e-01 2.768790125846862793e-01 3.745325207710266113e-01 4.850709438323974609e-01
6.320309042930603027e-01 4.739665389060974121e-01 5.100381970405578613e-01 5.577380657196044922e-01 2.688785195350646973e-01 2.927603125572204590e-01 5.185736417770385742e-01 4.079084694385528564e-01 4.753764867782592773e-01 7.567409276962280273e-01 5.243682265281677246e-01 6.099309921264648438e-01 5.133228302001953125e-01 3.796188235282897949e-01 1.852087974548339844e-01 5.181185007095336914e-01 4.128467738628387451e-01 2.325267493724822998e-01 5.909678936004638672e-01 4.633091986179351807e-01
4.560084342956542969e-01 4.653809368610382080e-01 5.151879191398620605e-01 4.699468016624450684e-01 6.882638335227966309e-01 5.606650114059448242e-01 3.200910687446594238e-01 4.851161241531372070e-01 4.958430528640747070e-01 4.549268484115600586e-01 4.340385198593139648e-01 6.398555040359497070e-01 3.496949672698974609e-01 5.990141630172729492e-01 3.207910656929016113e-01 2.032765597105026245e-01 2.400302886962890625e-01 4.213957786560058594e-01 4.586641192436218262e-01 7.670721411705017090e-01
5.563646554946899414e-01 4.629124104976654053e-01 5.716040134429931641e-01 7.046910524368286133e-01 5.966253280639648438e-01 4.161491692066192627e-01 3.446054458618164062e-01 5.565583705902099609e-01 4.859553277492523193e-01 4.092698991298675537e-01 6.449322700500488281e-01 3.040623664855957031e-01 1.604243218898773193e-01 3.510291576385498047e-01 2.169974148273468018e-01 4.390323162078857422e-01 2.681432366371154785e-01 3.469887971878051758e-01 4.137673377990722656e-01 2.325958013534545898e-01
4.425336718559265137e-01 3.312985897064208984e-01 7.568932771682739258e-01 4.001274406909942627e-01 4.270724654197692871e-01 5.070164203643798828e-01 2.594897747039794922e-01 3.536965847015380859e-01 3.261228203773498535e-01 5.996429920196533203e-01 4.827516674995422363e-01 5.179976224899291992e-01 7.719266414642333984e-01 4.777487516403198242e-01 3.379969596862792969e-01 6.129964590072631836e-01 3.776569962501525879e-01 2.253162264823913574e-01 2.077666819095611572e-01 3.661410808563232422e-01
