2018-07-25 08:45:00
4.817141592502593994e-01 4.194076061248779297e-01 7.094358801841735840e-01 3.518861532211303711e-01 2.423558831214904785e-01 2.477590441703796387e-01 2.962361574172973633e-01 5.535482168197631836e-01 4.898967146873474121e-01 2.674903273582458496e-01 4.521374106407165527e-01 3.720711171627044678e-01 4.514209032058715820e-01 4.054575562477111816e-01 4.884446859359741211e-01 3.022500872611999512e-01 2.606413066387176514e-01 8.879058957099914551e-01 7.252666950225830078e-01 5.924296379089355469e-01
5.161345005035400391e-01 5.648371577262878418e-01 5.621982812881469727e-01 5.877319574356079102e-01 5.098891854286193848e-01 3.285685181617736816e-01 1.226219907402992249e-01 4.204319715499877930e-01 3.694938123226165771e-01 4.699950814247131348e-01 3.486298322677612305e-01 3.968067169189453125e-01 3.603981137275695801e-01 4.253369569778442383e-01 9.148621559143066406e-01 7.899005413055419922e-01 4.073979258537292480e-01 9.038434028625488281e-01 3.334837555885314941e-01 6.897149085998535156e-01
5.971921682357788086e-01 2.537142634391784668e-01 5.764062404632568359e-01 3.983655571937561035e-01 4.085381329059600830e-01 4.480279684066772461e-01 5.477715730667114258e-01 3.256828188896179199e-01 2.903116941452026367e-01 3.944818973541259766e-01 5.376526117324829102e-01 6.213132739067077637e-01 6.058672666549682617e-01 6.125810146331787109e-01 7.185800075531005859e-01 7.198257446289062500e-01 8.095647096633911133e-01 4.392267167568206787e-01 6.470413208007812500e-01 5.389224886894226074e-01
4.290657937526702881e-01 7.358176112174987793e-01 6.812517642974853516e-01 4.057993888854980469e-01 3.365523815155029297e-01 3.601591885089874268e-01 2.193289995193481445e-01 1.968731284141540527e-01 2.505785822868347168e-01 8.251879364252090454e-03 6.271305680274963379e-01 3.811657130718231201e-01 5.707384347915649414e-01 8.937080502510070801e-01 7.477772831916809082e-01 1.038599252700805664e+00 8.642014861106872559e-01 5.894910097122192383e-01 5.354587435722351074e-01 1.021370768547058105e+00
6.367588639259338379e-01 1.007036209106445312e+00 6.988340616226196289e-01 4.094992876052856445e-01 3.119556903839111328e-01 6.233130693435668945e-01 2.850065827369689941e-01 1.916705369949340820e-01 1.782374531030654907e-01 3.799813389778137207e-01 3.191336989402770996e-01 2.333460152149200439e-01 5.791707038879394531e-01 5.812588334083557129e-01 5.699385404586791992e-01 6.515811085700988770e-01 9.294850826263427734e-01 6.915206313133239746e-01 7.134426832199096680e-01 8.666374683380126953e-01
4.016420245170593262e-01 4.854406714439392090e-01 4.715009331703186035e-01 8.040180802345275879e-01 5.483924150466918945e-01 3.368218541145324707e-01 4.522980153560638428e-01 3.781816959381103516e-01 1.092548221349716187e-01 2.379471659660339355e-01 2.608062624931335449e-01 5.867010354995727539e-01 5.101000070571899414e-01 7.475650906562805176e-01 1.053799510002136230e+00 4.096043705940246582e-01 8.498939275741577148e-01 1.121747493743896484e+00 2.938415706157684326e-01 9.768013358116149902e-01
2.981404662132263184e-01 5.679168701171875000e-01 5.042867064476013184e-01 1.327510327100753784e-01 7.824740409851074219e-01 7.494576573371887207e-01 6.402161121368408203e-01 3.464564085006713867e-01 4.317666888236999512e-01 4.145632982254028320e-01 3.197445571422576904e-01 6.224727630615234375e-01 6.012493968009948730e-01 5.287132859230041504e-01 1.004057049751281738e+00 8.939388990402221680e-01 9.477179050445556641e-01 7.026691436767578125e-01 6.776157617568969727e-01 7.998917102813720703e-01
4.809002876281738281e-01 2.911792993545532227e-01 3.967880606651306152e-01 4.818402230739593506e-01 2.437509298324584961e-01 2.438509166240692139e-01 7.428919076919555664e-01 4.889723062515258789e-01 3.748832345008850098e-01 4.385972917079925537e-01 6.357769370079040527e-01 3.057285547256469727e-01 5.457562208175659180e-01 4.764407277107238770e-01 7.186948060989379883e-01 7.439200878143310547e-01 7.750602364540100098e-01 8.956568837165832520e-01 8.290275335311889648e-01 7.666848897933959961e-01
5.749254822731018066e-01 6.471675038337707520e-01 6.482766270637512207e-01 5.286482572555541992e-01 6.326753497123718262e-01 3.697421848773956299e-01 3.168897628784179688e-01 2.728580236434936523e-01 4.409096539020538330e-01 2.176960408687591553e-01 2.810848653316497803e-01 4.032450020313262939e-01 6.440542936325073242e-01 4.455500841140747070e-01 6.693232059478759766e-01 9.977465271949768066e-01 4.092595577239990234e-01 6.747925877571105957e-01 4.817457795143127441e-01 4.392256140708923340e-01
6.662014126777648926e-01 6.879965066909790039e-01 3.871925473213195801e-01 4.197098016738891602e-01 4.690043926239013672e-01 1.943149119615554810e-01 4.459878504276275635e-01 3.263202905654907227e-01 2.926042079925537109e-01 5.468193292617797852e-01 3.109149932861328125e-01 4.761030673980712891e-01 4.420783519744873047e-01 2.582696974277496338e-01 4.698840379714965820e-01 4.418956041336059570e-01 4.641442000865936279e-01 8.710201382637023926e-01 8.640540838241577148e-01 6.893069744110107422e-01
3.236723542213439941e-01 4.739286899566650391e-01 1.976541876792907715e-01 3.111054301261901855e-01 2.922448515892028809e-01 3.829653263092041016e-01 4.675660729408264160e-01 3.262493610382080078e-01 3.900406956672668457e-01 3.109257221221923828e-01 2.018045485019683838e-01 3.471764326095581055e-01 2.885719537734985352e-01 5.657564401626586914e-01 5.284878611564636230e-01 6.343790888786315918e-01 9.060424566268920898e-01 5.963779687881469727e-01 8.143470287322998047e-01 3.458964228630065918e-01
2.948353886604309082e-01 3.606199920177459717e-01 2.128153890371322632e-01 3.688159286975860596e-01 1.482998281717300415e-01 4.377518296241760254e-01 3.402303457260131836e-01 6.181081533432006836e-01 2.890588939189910889e-01 2.994548976421356201e-01 5.046914815902709961e-01 4.827823340892791748e-01 4.046431481838226318e-01 3.136185705661773682e-01 3.066167831420898438e-01 3.710443675518035889e-01 2.949661016464233398e-01 4.334467053413391113e-01 4.062169492244720459e-01 5.127434134483337402e-01
3.954890668392181396e-01 4.996950626373291016e-01 3.508161306381225586e-01 5.507846474647521973e-01 3.597043454647064209e-01 3.516653478145599365e-01 3.772167861461639404e-01 3.436007499694824219e-01 1.452937722206115723e-01 3.495932519435882568e-01 3.222244083881378174e-01 3.190352320671081543e-01 4.095250368118286133e-01 1.922392249107360840e-01 1.688254177570343018e-01 4.872941672801971436e-01 6.583938598632812500e-01 4.908731579780578613e-01 5.472067594528198242e-01 7.933821082115173340e-01
3.806786239147186279e-01 4.860027134418487549e-01 4.620705842971801758e-01 5.934065580368041992e-01 4.724628925323486328e-01 2.095575332641601562e-01 6.573406457901000977e-01 5.213749408721923828e-01 6.248652935028076172e-01 3.950165212154388428e-01 1.713984608650207520e-01 2.105889916419982910e-01 4.498071968555450439e-01 2.003544270992279053e-01 3.963734805583953857e-01 1.706277132034301758e-01 4.189607203006744385e-01 4.989472627639770508e-01 2.468567788600921631e-01 4.918571710586547852e-01
4.886488616466522217e-01 4.009206891059875488e-01 5.970331430435180664e-01 2.718222141265869141e-01 5.027374029159545898e-01 3.911322951316833496e-01 1.979998499155044556e-01 5.474829077720642090e-01 4.259669780731201172e-01 3.257834613323211670e-01 2.198232412338256836e-01 7.579815387725830078e-01 2.842592000961303711e-01 4.578117132186889648e-01 2.944628000259399414e-01 2.246048897504806519e-01 4.393342137336730957e-01 4.912397861480712891e-01 4.612755775451660156e-01 3.943148255348205566e-01
2.666952013969421387e-01 4.320658445358276367e-01 3.787704706192016602e-01 6.093751192092895508e-01 5.130923986434936523e-01 4.351851940155029297e-01 6.276966333389282227e-01 4.419793188571929932e-01 3.954772949218750000e-01 2.812196314334869385e-01 5.418018698692321777e-01 3.786847591400146484e-01 5.107599496841430664e-01 4.183079600334167480e-01 3.845002055168151855e-01 3.779682219028472900e-01 4.447078108787536621e-01 4.731204509735107422e-01 7.908762693405151367e-01 6.168154478073120117e-01
4.367555975914001465e-01 6.708633899688720703e-01 4.286407232284545898e-01 5.283644199371337891e-01 9.465959668159484863e-01 6.274319887161254883e-01 4.460022449493408203e-01 4.613217711448669434e-01 4.334960579872131348e-01 4.051386713981628418e-01 3.356259465217590332e-01 3.915927410125732422e-01 4.514536857604980469e-01 3.330775797367095947e-01 2.584210336208343506e-01 6.470036506652832031e-01 4.473516941070556641e-01 4.612792432308197021e-01 6.890977025032043457e-01 3.263348340988159180e-01
1.597701013088226318e-01 4.083688855171203613e-01 5.201871991157531738e-01 6.239698529243469238e-01 2.174012660980224609e-01 2.679706215858459473e-01 3.103371262550354004e-01 6.256074905395507812e-01 4.073581695556640625e-01 5.133302211761474609e-01 3.497784137725830078e-01 2.416784465312957764e-01 2.807826697826385498e-01 5.563476085662841797e-01 6.207845211029052734e-01 4.615744948387145996e-01 2.173142880201339722e-01 5.035238862037658691e-01 6.317920684814453125e-01 5.153143405914306641e-01
5.334894061088562012e-01 4.920072257518768311e-01 3.601109385490417480e-01 2.194142639636993408e-01 4.681680202484130859e-01 5.524038672447204590e-01 4.461421072483062744e-01 4.491258263587951660e-01 2.126983702182769775e-01 2.501290440559387207e-01 5.637656450271606445e-01 4.099946022033691406e-01 2.006682157516479492e-01 4.858303368091583252e-01 2.600508928298950195e-01 5.321179628372192383e-01 3.249868154525756836e-01 1.959120184183120728e-01 3.241671621799468994e-01 5.650733113288879395e-01
4.197087883949279785e-01 4.717581570148468018e-01 8.506873846054077148e-01 5.884218811988830566e-01 4.766848087310791016e-01 6.140267848968505859e-01 2.964465022087097168e-01 4.650977253913879395e-01 6.892858147621154785e-01 4.024535119533538818e-01 3.323052525520324707e-01 7.131869196891784668e-01 7.631579637527465820e-01 2.761971354484558105e-01 3.783116340637207031e-01 7.265097498893737793e-01 5.035211443901062012e-01 2.606182396411895752e-01 4.570834636688232422e-01 3.209285438060760498e-01
