2018-07-25 09:15:00
6.438977122306823730e-01 3.611056506633758545e-01 6.287900805473327637e-01 3.736042380332946777e-01 3.320975899696350098e-01 5.683492422103881836e-01 5.871528983116149902e-01 5.376644134521484375e-01 4.754854440689086914e-01 7.591159343719482422e-01 7.418245673179626465e-01 9.595254659652709961e-01 8.396959900856018066e-01 1.274680495262145996e+00 7.611203789710998535e-01 5.911520719528198242e-01 1.051541328430175781e+00 8.004773855209350586e-01 1.049890398979187012e+00 1.145397305488586426e+00
5.540838241577148438e-01 9.866544604301452637e-02 2.464971095323562622e-01 6.104229688644409180e-01 5.807089805603027344e-01 2.852741181850433350e-01 4.369133710861206055e-01 4.522035717964172363e-01 7.735234498977661133e-01 3.376141786575317383e-01 5.524573922157287598e-01 5.009071826934814453e-01 6.632399559020996094e-01 3.419915139675140381e-01 1.114344477653503418e+00 1.058987498283386230e+00 9.414418935775756836e-01 8.704514503479003906e-01 7.659873366355895996e-01 7.610812187194824219e-01
3.089481294155120850e-01 3.713295459747314453e-01 7.203515172004699707e-01 3.273152112960815430e-01 4.719474911689758301e-01 3.936182260513305664e-01 7.028809785842895508e-01 4.477614760398864746e-01 8.604215383529663086e-01 3.761366903781890869e-01 6.219764947891235352e-01 3.400222659111022949e-01 9.849017858505249023e-01 9.105011820793151855e-01 8.018727302551269531e-01 8.617811203002929688e-01 8.644601106643676758e-01 1.427452802658081055e+00 8.672922849655151367e-01 1.516988754272460938e+00
2.943667769432067871e-01 2.275973558425903320e-01 3.948028087615966797e-01 3.573008775711059570e-01 4.462651014328002930e-01 4.991262555122375488e-01 4.058451652526855469e-01 3.131261169910430908e-01 5.464403629302978516e-01 4.059019684791564941e-01 7.043404579162597656e-01 7.549056410789489746e-01 7.837257385253906250e-01 8.955484032630920410e-01 5.335755944252014160e-01 1.390617251396179199e+00 1.840972423553466797e+00 1.107467412948608398e+00 8.649535179138183594e-01 1.152788639068603516e+00
3.167605400085449219e-01 5.018062591552734375e-01 5.174281597137451172e-01 4.740120470523834229e-01 3.882723450660705566e-01 3.023247420787811279e-01 4.138779044151306152e-01 3.274809718132019043e-01 6.762475967407226562e-01 2.805914282798767090e-01 5.319033861160278320e-01 6.632093191146850586e-01 3.833171129226684570e-01 7.232316732406616211e-01 7.839926481246948242e-01 9.019591808319091797e-01 1.241878747940063477e+00 1.105887889862060547e+00 1.194151997566223145e+00 1.316492438316345215e+00
3.196690678596496582e-01 3.722943067550659180e-01 3.106980919837951660e-01 2.258054614067077637e-01 7.589940428733825684e-01 1.828444898128509521e-01 3.055242300033569336e-01 3.945887088775634766e-01 5.072752833366394043e-01 4.457847774028778076e-01 3.335379064083099365e-01 2.946780323982238770e-01 6.968018412590026855e-01 8.927176594734191895e-01 1.036479711532592773e+00 9.371675252914428711e-01 1.313732385635375977e+00 5.947391986846923828e-01 8.671688437461853027e-01 5.859285593032836914e-01
2.229217737913131714e-01 7.056269645690917969e-01 2.608212530612945557e-01 1.269999593496322632e-01 6.435444355010986328e-01 4.969518184661865234e-01 4.764537811279296875e-01 3.217833042144775391e-01 2.287611663341522217e-01 4.851890206336975098e-01 3.728453516960144043e-01 3.598554432392120361e-01 6.166491508483886719e-01 7.356956005096435547e-01 4.490135908126831055e-01 6.274842023849487305e-01 1.173492550849914551e+00 1.008992910385131836e+00 7.877689599990844727e-01 1.101416826248168945e+00
3.263681828975677490e-01 3.287202715873718262e-01 3.725257515907287598e-01 3.914186358451843262e-01 6.836721897125244141e-01 2.941349446773529053e-01 2.133204787969589233e-01 3.420855402946472168e-01 3.977848887443542480e-01 3.664138317108154297e-01 3.213253021240234375e-01 5.934342741966247559e-01 6.250461339950561523e-01 7.390772104263305664e-01 5.445561408996582031e-01 1.076709985733032227e+00 9.426794648170471191e-01 1.020693063735961914e+00 5.596296191215515137e-01 7.071703672409057617e-01
3.976237177848815918e-01 5.321351885795593262e-01 4.665395021438598633e-01 4.716393649578094482e-01 2.109645605087280273e-01 3.764995336532592773e-01 3.115994632244110107e-01 4.555450677871704102e-01 6.070023775100708008e-01 8.300439119338989258e-01 4.578312039375305176e-01 4.988419115543365479e-01 9.937163591384887695e-01 8.882431387901306152e-01 7.165478467941284180e-01 7.659180164337158203e-01 1.385792970657348633e+00 1.228704690933227539e+00 9.686527848243713379e-01 5.868037939071655273e-01
3.391551673412322998e-01 3.144337534904479980e-01 3.704355359077453613e-01 3.643871247768402100e-01 2.652309536933898926e-01 2.984286546707153320e-01 1.501215249300003052e-01 2.843009233474731445e-01 4.900156259536743164e-01 1.032604426145553589e-01 4.373318850994110107e-01 6.421613097190856934e-01 5.010808706283569336e-01 6.289666891098022461e-01 4.887912869453430176e-01 8.546413183212280273e-01 7.158837914466857910e-01 6.745229959487915039e-01 6.988297700881958008e-01 3.595447540283203125e-01
4.724418818950653076e-01 3.578389286994934082e-01 3.133939206600189209e-01 6.755191087722778320e-01 3.145200908184051514e-01 7.523266077041625977e-01 1.678370535373687744e-01 3.533380627632141113e-01 4.131141901016235352e-01 2.501845657825469971e-01 4.083642959594726562e-01 4.074460864067077637e-01 4.550809860229492188e-01 5.963761806488037109e-01 3.551874160766601562e-01 6.102771162986755371e-01 6.708871126174926758e-01 7.555615901947021484e-01 9.499404430389404297e-01 8.493935465812683105e-01
3.360307216644287109e-01 4.547479152679443359e-01 4.358438849449157715e-01 3.364240527153015137e-01 3.979368507862091064e-01 3.324994444847106934e-01 3.214088678359985352e-01 4.943783879280090332e-01 2.576721608638763428e-01 2.961173653602600098e-01 2.967795431613922119e-01 4.522092938423156738e-01 4.888284802436828613e-01 4.417663812637329102e-01 4.179662764072418213e-01 4.133021235466003418e-01 6.291260719299316406e-01 2.960816621780395508e-01 7.526028752326965332e-01 8.687326312065124512e-01
6.248845458030700684e-01 4.876239299774169922e-01 4.065657258033752441e-01 3.178745508193969727e-01 4.675122499465942383e-01 4.301436245441436768e-01 3.228067159652709961e-01 4.430077672004699707e-01 5.240342617034912109e-01 4.601906239986419678e-01 6.322539448738098145e-01 4.965910017490386963e-01 4.308372139930725098e-01 2.525683045387268066e-01 2.685442566871643066e-01 4.859452545642852783e-01 6.802868247032165527e-01 3.513728380203247070e-01 5.465500354766845703e-01 1.111663937568664551e+00
3.690907061100006104e-01 6.186611652374267578e-01 5.609467029571533203e-01 5.857906341552734375e-01 4.293721616268157959e-01 3.156971931457519531e-01 5.850230455398559570e-01 3.705734014511108398e-01 2.947781682014465332e-01 3.284040689468383789e-01 7.845031023025512695e-01 1.999802589416503906e-01 3.795279860496520996e-01 3.172569274902343750e-01 5.135670900344848633e-01 4.947805106639862061e-01 4.020247161388397217e-01 3.086603283882141113e-01 3.862892091274261475e-01 4.612206816673278809e-01
3.890323638916015625e-01 5.372024178504943848e-01 2.138597071170806885e-01 2.867047786712646484e-01 6.239359378814697266e-01 4.467546343803405762e-01 3.845065236091613770e-01 4.054551720619201660e-01 2.382473945617675781e-01 3.429541587829589844e-01 4.139303565025329590e-01 2.908801436424255371e-01 4.387140572071075439e-01 1.929017603397369385e-01 2.740238010883331299e-01 2.901818156242370605e-01 4.108558297157287598e-01 3.019572794437408447e-01 4.427525103092193604e-01 1.622519195079803467e-01
4.176321923732757568e-01 5.899614095687866211e-01 3.577789068222045898e-01 6.555780768394470215e-01 6.571556329727172852e-01 6.155087351799011230e-01 3.644940257072448730e-01 3.586934506893157959e-01 3.392501473426818848e-01 4.680698513984680176e-01 4.331317543983459473e-01 3.607459366321563721e-01 4.233633279800415039e-01 3.469998538494110107e-01 3.332065641880035400e-01 4.900817871093750000e-01 3.405826687812805176e-01 2.201924920082092285e-01 2.479694485664367676e-01 8.212968111038208008e-01
5.868977904319763184e-01 4.941698908805847168e-01 5.459932684898376465e-01 4.549462199211120605e-01 5.305442214012145996e-01 6.989256739616394043e-01 7.698333263397216797e-01 3.834634721279144287e-01 6.301581263542175293e-01 4.450075626373291016e-01 2.739729881286621094e-01 4.717954993247985840e-01 4.932996928691864014e-01 1.828782856464385986e-01 2.806171178817749023e-01 4.211484193801879883e-01 2.939558625221252441e-01 3.757348954677581787e-01 6.735243797302246094e-01 3.320871591567993164e-01
4.985001683235168457e-01 4.174641370773315430e-01 7.012739181518554688e-01 5.220704674720764160e-01 3.412150442600250244e-01 3.577015399932861328e-01 6.478734016418457031e-01 4.670975208282470703e-01 5.251352787017822266e-01 3.519160151481628418e-01 2.337187230587005615e-01 3.842821717262268066e-01 3.444931507110595703e-01 2.810859382152557373e-01 2.484776973724365234e-01 3.513157963752746582e-01 3.530974388122558594e-01 2.180497348308563232e-01 2.981946766376495361e-01 4.629424810409545898e-01
3.229286074638366699e-01 3.055029809474945068e-01 8.462466001510620117e-01 5.626893043518066406e-01 6.232647895812988281e-01 6.868785619735717773e-01 8.430287837982177734e-01 6.091569662094116211e-01 4.564013779163360596e-01 6.682432889938354492e-01 9.791432619094848633e-01 5.021299123764038086e-01 2.377059161663055420e-01 2.407409846782684326e-01 2.413370907306671143e-01 3.531996309757232666e-01 4.502168595790863037e-01 3.984954953193664551e-01 1.034867614507675171e-01 4.338859319686889648e-01
7.595130205154418945e-01 3.805429339408874512e-01 4.578465819358825684e-01 2.803537845611572266e-01 4.283484220504760742e-01 4.233192205429077148e-01 4.692867398262023926e-01 4.346077144145965576e-01 5.069826245307922363e-01 4.133859872817993164e-01 2.806324362754821777e-01 4.220471680164337158e-01 6.443650722503662109e-01 4.357696175575256348e-01 3.229219317436218262e-01 3.501272201538085938e-01 1.826145648956298828e-01 4.496492743492126465e-01 5.003134161233901978e-02 2.740617394447326660e-01
