2018-07-25 09:30:00
6.775475740432739258e-01 5.039025545120239258e-01 5.157394409179687500e-01 3.903090059757232666e-01 2.730866968631744385e-01 5.444957017898559570e-01 3.903324306011199951e-01 6.702487468719482422e-01 4.517405629158020020e-01 3.897368609905242920e-01 5.301600694656372070e-01 8.113308548927307129e-01 9.026645421981811523e-01 1.304807782173156738e+00 1.298989534378051758e+00 9.499945044517517090e-01 1.256691932678222656e+00 8.957739472389221191e-01 1.136745572090148926e+00 1.317960619926452637e+00
4.612261056900024414e-01 5.619947910308837891e-01 5.034474134445190430e-01 3.769432604312896729e-01 6.274718046188354492e-01 3.581647872924804688e-01 2.022467702627182007e-01 4.112094938755035400e-01 5.103819370269775391e-01 4.908774793148040771e-01 6.584711074829101562e-01 8.786005377769470215e-01 6.076533198356628418e-01 9.030629992485046387e-01 8.447348475456237793e-01 5.588393211364746094e-01 5.179197788238525391e-01 1.268925309181213379e+00 9.878160357475280762e-01 1.222618579864501953e+00
6.732715964317321777e-01 3.351466059684753418e-01 3.901048898696899414e-01 2.328848689794540405e-01 3.245090842247009277e-01 4.739973545074462891e-01 5.140722393989562988e-01 4.578722119331359863e-01 6.332441568374633789e-01 6.813993453979492188e-01 6.634528636932373047e-01 5.098539590835571289e-01 6.364504694938659668e-01 6.979750394821166992e-01 1.184452056884765625e+00 1.230668067932128906e+00 1.064888000488281250e+00 1.492922544479370117e+00 7.175376415252685547e-01 1.183174610137939453e+00
4.943216145038604736e-01 6.213421821594238281e-01 2.354394346475601196e-01 3.716726303100585938e-01 5.528144836425781250e-01 5.153149366378784180e-01 4.979866147041320801e-01 4.293402433395385742e-01 5.407668352127075195e-01 3.635317981243133545e-01 5.637452602386474609e-01 7.592926025390625000e-01 7.593488693237304688e-01 1.224035143852233887e+00 9.066973924636840820e-01 1.388294339179992676e+00 1.047793030738830566e+00 1.086208581924438477e+00 9.491357803344726562e-01 8.208915591239929199e-01
4.607146978378295898e-01 4.742501974105834961e-01 5.768629312515258789e-01 4.785172343254089355e-01 4.116742312908172607e-01 9.927945733070373535e-01 8.346650749444961548e-02 5.895205736160278320e-01 3.687514662742614746e-01 5.771273374557495117e-01 2.978597283363342285e-01 7.249183654785156250e-01 1.023251771926879883e+00 1.210919141769409180e+00 9.596045613288879395e-01 8.315966129302978516e-01 1.765684843063354492e+00 1.199533820152282715e+00 8.442761898040771484e-01 8.335254192352294922e-01
5.087099671363830566e-01 2.888144254684448242e-01 3.083546757698059082e-01 5.442324280738830566e-01 7.625685930252075195e-01 6.763634085655212402e-01 2.296375930309295654e-01 1.143181249499320984e-01 2.962256669998168945e-01 4.799367785453796387e-01 5.540811419486999512e-01 6.840674281120300293e-01 4.976703822612762451e-01 1.149468421936035156e+00 5.242043137550354004e-01 7.540500760078430176e-01 1.381225585937500000e+00 8.674027919769287109e-01 1.299843788146972656e+00 8.813506364822387695e-01
3.519410490989685059e-01 6.766988039016723633e-01 4.307533502578735352e-01 5.170773863792419434e-01 3.962224721908569336e-01 6.304126977920532227e-01 3.817253112792968750e-01 5.587673783302307129e-01 4.677079319953918457e-01 5.943910479545593262e-01 2.502103447914123535e-01 8.045310974121093750e-01 5.243725776672363281e-01 7.059811949729919434e-01 9.265888333320617676e-01 8.318445682525634766e-01 1.027777552604675293e+00 1.777049183845520020e+00 1.324875950813293457e+00 8.470470905303955078e-01
6.728727817535400391e-01 3.757565021514892578e-01 2.245993614196777344e-01 4.327637553215026855e-01 4.625588655471801758e-01 4.315020442008972168e-01 6.032946705818176270e-01 3.223458826541900635e-01 2.024228274822235107e-01 3.457916378974914551e-01 2.259284257888793945e-01 5.445247292518615723e-01 7.831673622131347656e-01 5.887322425842285156e-01 1.391590237617492676e+00 1.922153234481811523e+00 1.271925330162048340e+00 1.156729459762573242e+00 9.208607673645019531e-01 8.178637027740478516e-01
4.617915451526641846e-01 7.319625616073608398e-01 5.579098463058471680e-01 5.790529251098632812e-01 4.961954355239868164e-01 4.157029986381530762e-01 4.431000947952270508e-01 3.801450729370117188e-01 6.575255393981933594e-01 4.381976425647735596e-01 3.809558749198913574e-01 5.435359477996826172e-01 2.780873477458953857e-01 6.049596071243286133e-01 7.049444913864135742e-01 9.540263414382934570e-01 1.518820285797119141e+00 1.609146356582641602e+00 1.044121623039245605e+00 1.027491569519042969e+00
3.645763993263244629e-01 7.173685431480407715e-01 6.158865094184875488e-01 5.841472148895263672e-01 2.725320458412170410e-01 4.717786908149719238e-01 4.366354048252105713e-01 4.127677977085113525e-01 4.036049246788024902e-01 5.280057191848754883e-01 4.462929964065551758e-01 9.076665639877319336e-01 6.562706828117370605e-01 7.068601846694946289e-01 9.071839451789855957e-01 1.542648553848266602e+00 9.172400236129760742e-01 1.646055459976196289e+00 1.148891568183898926e+00 9.622977972030639648e-01
6.620972156524658203e-01 5.959274768829345703e-01 7.757744789123535156e-01 3.866436481475830078e-01 6.306967735290527344e-01 5.454557538032531738e-01 2.922441363334655762e-01 4.131107330322265625e-01 4.961361885070800781e-01 4.912628531455993652e-01 4.169384241104125977e-01 6.293009519577026367e-01 5.173976421356201172e-01 4.525026679039001465e-01 3.868468701839447021e-01 4.735386073589324951e-01 8.908341526985168457e-01 8.857564330101013184e-01 1.533361673355102539e+00 6.256156563758850098e-01
3.968310654163360596e-01 6.704734563827514648e-01 5.597770810127258301e-01 6.668033003807067871e-01 2.565358579158782959e-01 3.595946431159973145e-01 6.607773900032043457e-01 3.761717677116394043e-01 2.993035316467285156e-01 2.345214784145355225e-01 6.188459992408752441e-01 4.613102674484252930e-01 4.084125757217407227e-01 4.139227569103240967e-01 5.071992874145507812e-01 5.995378494262695312e-01 7.863339781761169434e-01 5.820477008819580078e-01 1.082403659820556641e+00 9.074118137359619141e-01
3.447995781898498535e-01 4.697004556655883789e-01 6.047831773757934570e-01 3.252030909061431885e-01 9.903170466423034668e-01 5.144895911216735840e-01 6.544182300567626953e-01 5.364620089530944824e-01 5.047866106033325195e-01 5.852444171905517578e-01 4.398041665554046631e-01 4.295166730880737305e-01 5.021664500236511230e-01 6.394848823547363281e-01 4.269027709960937500e-01 1.601934283971786499e-01 5.047826766967773438e-01 9.522281289100646973e-01 6.370101571083068848e-01 4.693553149700164795e-01
3.885704874992370605e-01 4.932347536087036133e-01 6.722341775894165039e-01 4.730876684188842773e-01 7.312305569648742676e-01 9.045238494873046875e-01 5.881257057189941406e-01 4.704061150550842285e-01 2.025393843650817871e-01 4.899843931198120117e-01 3.214142620563507080e-01 2.714024782180786133e-01 4.636100828647613525e-01 3.038031160831451416e-01 3.486794233322143555e-01 2.797187566757202148e-01 1.360557824373245239e-01 4.797886908054351807e-01 3.566130697727203369e-01 3.438006639480590820e-01
6.244395971298217773e-01 7.318229675292968750e-01 1.118717432022094727e+00 4.815784096717834473e-01 4.448950290679931641e-01 5.206297636032104492e-01 5.799525380134582520e-01 3.764868080615997314e-01 3.961285650730133057e-01 2.494477927684783936e-01 6.199544668197631836e-01 4.959695935249328613e-01 4.899132549762725830e-01 1.903776228427886963e-01 2.547257840633392334e-01 3.905864953994750977e-01 1.521276384592056274e-01 3.505849242210388184e-01 5.539897084236145020e-01 5.575047731399536133e-01
8.983287811279296875e-01 3.250731229782104492e-01 8.881040811538696289e-01 5.082631707191467285e-01 3.527967035770416260e-01 4.825172722339630127e-01 6.025651693344116211e-01 6.278784871101379395e-01 5.768384933471679688e-01 4.752714335918426514e-01 4.926998615264892578e-01 4.026122093200683594e-01 4.111493825912475586e-01 9.153450280427932739e-02 4.612073898315429688e-01 5.098305940628051758e-01 4.746259450912475586e-01 4.757831692695617676e-01 5.563874244689941406e-01 5.617718696594238281e-01
4.525510072708129883e-01 8.151391744613647461e-01 8.396841883659362793e-01 5.894299745559692383e-01 1.152571439743041992e+00 6.416194438934326172e-01 6.344257593154907227e-01 3.612888455390930176e-01 5.679546594619750977e-01 3.608897924423217773e-01 5.348120927810668945e-01 2.673601508140563965e-01 2.055237293243408203e-01 4.174980521202087402e-01 2.984864115715026855e-01 3.516431748867034912e-01 2.945091128349304199e-01 3.789702951908111572e-01 6.088358759880065918e-01 2.958886623382568359e-01
5.248380303382873535e-01 5.788991451263427734e-01 8.356720209121704102e-01 7.911084890365600586e-01 7.159836888313293457e-01 5.161971449851989746e-01 5.948700308799743652e-01 6.776173114776611328e-01 3.985857963562011719e-01 7.656981945037841797e-01 2.800205945968627930e-01 3.652171492576599121e-01 5.357563495635986328e-01 3.258155584335327148e-01 3.358256220817565918e-01 5.472469329833984375e-01 1.699190735816955566e-01 3.896942734718322754e-01 6.458643674850463867e-01 5.816175937652587891e-01
4.910808503627777100e-01 3.289349973201751709e-01 5.568639039993286133e-01 7.199040651321411133e-01 5.155369043350219727e-01 5.550574064254760742e-01 5.983936786651611328e-01 4.584906995296478271e-01 3.429279327392578125e-01 2.790973186492919922e-01 3.186062276363372803e-01 3.890638947486877441e-01 3.892168700695037842e-01 3.103936314582824707e-01 4.321094155311584473e-01 3.730372488498687744e-01 3.069417476654052734e-01 5.037909746170043945e-01 2.901808023452758789e-01 8.159199357032775879e-01
5.274300575256347656e-01 3.523315191268920898e-01 6.161884069442749023e-01 6.617115736007690430e-01 5.798641443252563477e-01 3.539232015609741211e-01 5.713766813278198242e-01 7.570368051528930664e-01 7.633551955223083496e-01 7.186198830604553223e-01 6.903861761093139648e-01 3.733350932598114014e-01 4.209471940994262695e-01 4.436917304992675781e-01 4.876538813114166260e-01 4.932337999343872070e-01 4.332715272903442383e-01 4.282175302505493164e-01 4.413233399391174316e-01 4.516375064849853516e-01
