2018-07-25 09:45:00
6.668263673782348633e-01 7.775648236274719238e-01 6.658514738082885742e-01 5.029375553131103516e-01 3.772709667682647705e-01 4.319028854370117188e-01 2.538341581821441650e-01 4.713392853736877441e-01 2.394077479839324951e-01 1.987684667110443115e-01 5.742495059967041016e-01 4.148239493370056152e-01 4.135225415229797363e-01 1.128249406814575195e+00 9.724988937377929688e-01 7.329840660095214844e-01 5.764453411102294922e-01 8.497315049171447754e-01 8.493727445602416992e-01 1.039422512054443359e+00
7.247285842895507812e-01 9.268267750740051270e-01 4.685584306716918945e-01 6.739862561225891113e-01 6.838935017585754395e-01 4.508715271949768066e-01 3.753224015235900879e-01 5.394951701164245605e-01 2.321005463600158691e-01 4.119833111763000488e-01 4.348583519458770752e-01 4.758184850215911865e-01 5.609639883041381836e-01 6.903523206710815430e-01 9.778897166252136230e-01 8.569632768630981445e-01 5.974470376968383789e-01 6.724436879158020020e-01 8.189917802810668945e-01 8.841375112533569336e-01
6.084686517715454102e-01 4.302202761173248291e-01 4.522778391838073730e-01 5.566227436065673828e-01 8.154811859130859375e-01 3.395776152610778809e-01 3.059511184692382812e-01 3.707367777824401855e-01 5.117311477661132812e-01 3.506969809532165527e-01 3.637949824333190918e-01 5.914777517318725586e-01 7.942135930061340332e-01 7.948798537254333496e-01 9.171459674835205078e-01 7.866304516792297363e-01 7.009803652763366699e-01 5.953910350799560547e-01 1.269803047180175781e+00 9.580532312393188477e-01
4.799447059631347656e-01 4.408957958221435547e-01 6.179301142692565918e-01 7.448050975799560547e-01 6.229515671730041504e-01 4.240928888320922852e-01 3.102628588676452637e-01 4.652584791183471680e-01 2.972070574760437012e-01 8.433957099914550781e-01 5.948184728622436523e-01 5.083405971527099609e-01 7.299468517303466797e-01 1.067487955093383789e+00 6.476982831954956055e-01 1.175968408584594727e+00 9.801555871963500977e-01 9.589633345603942871e-01 1.224665164947509766e+00 7.934229373931884766e-01
6.780822277069091797e-01 5.762561559677124023e-01 7.442954778671264648e-01 4.233284890651702881e-01 3.854203224182128906e-01 4.577825665473937988e-01 3.955568671226501465e-01 4.457529783248901367e-01 5.394434928894042969e-01 4.984122216701507568e-01 3.307132124900817871e-01 6.884137392044067383e-01 4.039818644523620605e-01 8.888379931449890137e-01 1.113137364387512207e+00 6.446447968482971191e-01 1.527059555053710938e+00 7.961375713348388672e-01 1.183376550674438477e+00 1.008023977279663086e+00
6.455327272415161133e-01 3.812368512153625488e-01 6.499900817871093750e-01 5.145025253295898438e-01 5.804012417793273926e-01 1.514212191104888916e-01 3.406984508037567139e-01 4.263350665569305420e-01 4.662624001502990723e-01 4.671052098274230957e-01 8.311708569526672363e-01 5.246770977973937988e-01 5.386977791786193848e-01 6.801531910896301270e-01 7.578321695327758789e-01 5.532249212265014648e-01 1.339284181594848633e+00 1.062805056571960449e+00 1.213396310806274414e+00 1.012814044952392578e+00
7.876985073089599609e-01 5.264524221420288086e-01 4.684524536132812500e-01 2.151481211185455322e-01 2.309686094522476196e-01 2.644187808036804199e-01 2.682706415653228760e-01 4.254610836505889893e-01 4.439541101455688477e-01 3.917456865310668945e-01 3.448319435119628906e-01 3.247516453266143799e-01 3.917707204818725586e-01 9.555080533027648926e-01 8.758951425552368164e-01 9.880063533782958984e-01 1.150094032287597656e+00 1.577303647994995117e+00 6.484899520874023438e-01 8.507893085479736328e-01
2.379537820816040039e-01 5.244982242584228516e-01 4.960402846336364746e-01 4.625667631626129150e-01 6.537809371948242188e-01 3.476774096488952637e-01 2.257758527994155884e-01 3.901271224021911621e-01 4.856843948364257812e-01 3.918333351612091064e-01 4.542883634567260742e-01 6.635445356369018555e-01 4.092201590538024902e-01 6.041929721832275391e-01 8.353487253189086914e-01 6.818721890449523926e-01 1.065199017524719238e+00 4.511865675449371338e-01 1.162130355834960938e+00 1.088713645935058594e+00
2.936868369579315186e-01 4.042356312274932861e-01 5.128585100173950195e-01 2.440916299819946289e-01 4.137035906314849854e-01 4.714820384979248047e-01 3.937438726425170898e-01 4.030940830707550049e-01 4.293451309204101562e-01 2.312382459640502930e-01 2.671396434307098389e-01 1.931598484516143799e-01 4.158138036727905273e-01 6.593881845474243164e-01 6.560722589492797852e-01 1.058004140853881836e+00 5.430170297622680664e-01 1.256470322608947754e+00 1.188233017921447754e+00 7.061977982521057129e-01
2.876962423324584961e-01 3.329564034938812256e-01 4.801399707794189453e-01 5.343868136405944824e-01 1.218946501612663269e-01 4.637482464313507080e-01 2.416835725307464600e-01 3.600090146064758301e-01 7.072481513023376465e-02 2.390572428703308105e-01 5.029548406600952148e-01 6.426427364349365234e-01 5.158965587615966797e-01 4.496207237243652344e-01 6.473981738090515137e-01 7.155845165252685547e-01 7.470519542694091797e-01 8.873493671417236328e-01 1.184945940971374512e+00 5.705085396766662598e-01
2.934030890464782715e-01 3.397204875946044922e-01 2.835917770862579346e-01 4.425332248210906982e-01 3.788005709648132324e-01 2.573964595794677734e-01 2.161907553672790527e-01 3.173420429229736328e-01 3.438397049903869629e-01 4.815787672996520996e-01 3.340868055820465088e-01 2.046362906694412231e-01 2.528248131275177002e-01 4.317882061004638672e-01 4.542513787746429443e-01 4.637182354927062988e-01 5.680881738662719727e-01 5.986096858978271484e-01 7.332506775856018066e-01 5.387040972709655762e-01
1.146819740533828735e-01 3.287738561630249023e-01 6.449584364891052246e-01 2.986579835414886475e-01 2.982231378555297852e-01 2.808842957019805908e-01 5.950194597244262695e-01 3.354890346527099609e-01 2.499355077743530273e-01 2.367357164621353149e-01 5.084563493728637695e-01 2.601964771747589111e-01 5.086835622787475586e-01 4.722591340541839600e-01 4.687715172767639160e-01 4.361044764518737793e-01 4.330046772956848145e-01 4.789818227291107178e-01 6.697628498077392578e-01 7.412933707237243652e-01
2.956593632698059082e-01 3.487625122070312500e-01 5.221396684646606445e-01 2.815820574760437012e-01 3.974479436874389648e-01 4.379114508628845215e-01 3.475309312343597412e-01 3.435974717140197754e-01 5.569142103195190430e-01 2.686468660831451416e-01 3.379862904548645020e-01 4.238393306732177734e-01 1.435417383909225464e-01 4.520118832588195801e-01 3.783399462699890137e-01 3.932509422302246094e-01 3.398287296295166016e-01 2.462840676307678223e-01 2.894632518291473389e-01 3.809804022312164307e-01
1.386923789978027344e-01 7.896626740694046021e-02 2.996213138103485107e-01 2.894924879074096680e-01 4.031709730625152588e-01 5.065146684646606445e-01 9.873530268669128418e-02 2.646565437316894531e-01 3.957165181636810303e-01 6.265043020248413086e-01 3.808452188968658447e-01 1.604379117488861084e-01 3.433707654476165771e-01 3.253938257694244385e-01 3.691436946392059326e-01 2.615646421909332275e-01 2.784229218959808350e-01 5.957144498825073242e-01 2.798818647861480713e-01 4.172448813915252686e-01
4.723476767539978027e-01 4.683687090873718262e-01 3.212964236736297607e-01 2.815267145633697510e-01 4.022756814956665039e-01 2.452230751514434814e-01 4.188177883625030518e-01 3.136038780212402344e-01 2.304051965475082397e-01 3.185021281242370605e-01 1.964926719665527344e-01 3.756664693355560303e-01 3.124253153800964355e-01 2.718410789966583252e-01 4.736190140247344971e-01 3.789543509483337402e-01 1.276217103004455566e-01 3.287952542304992676e-01 6.385294198989868164e-01 3.156158924102783203e-01
4.649762511253356934e-01 5.078660249710083008e-01 2.266784012317657471e-01 2.632346749305725098e-01 3.681553006172180176e-01 4.692094027996063232e-01 3.911662101745605469e-01 5.641511082649230957e-01 5.503199100494384766e-01 1.556091308593750000e-01 3.251935541629791260e-01 2.173963040113449097e-01 3.183950781822204590e-01 2.688856124877929688e-01 3.669951558113098145e-01 2.913284301757812500e-01 2.558016777038574219e-01 2.799535393714904785e-01 3.968390822410583496e-01 5.228263139724731445e-01
3.715453147888183594e-01 5.073732137680053711e-01 2.831469774246215820e-01 4.125480353832244873e-01 4.709799885749816895e-01 4.780198931694030762e-01 4.124872386455535889e-01 4.505774974822998047e-01 6.448233723640441895e-01 6.790553331375122070e-01 4.246723651885986328e-01 4.270282983779907227e-01 3.431177139282226562e-01 2.294019311666488647e-01 3.343138694763183594e-01 4.495664834976196289e-01 2.792364358901977539e-01 2.830684483051300049e-01 3.063442409038543701e-01 3.173455893993377686e-01
4.410344362258911133e-01 6.888260841369628906e-01 4.864552915096282959e-01 2.499014586210250854e-01 6.137189269065856934e-01 4.768916964530944824e-01 5.132918953895568848e-01 2.736568450927734375e-01 2.648852765560150146e-01 3.805972635746002197e-01 4.086807668209075928e-01 3.711903095245361328e-01 2.991059720516204834e-01 3.346147835254669189e-01 2.519465684890747070e-01 3.196761012077331543e-01 4.042601287364959717e-01 1.796808540821075439e-01 3.351779282093048096e-01 4.370647668838500977e-01
4.783556759357452393e-01 4.634673595428466797e-01 3.696084618568420410e-01 4.491318464279174805e-01 5.562489628791809082e-01 6.684280633926391602e-01 3.113963305950164795e-01 4.394153356552124023e-01 6.243041753768920898e-01 5.637260675430297852e-01 4.205515384674072266e-01 6.169552803039550781e-01 2.502199709415435791e-01 3.612596094608306885e-01 3.322055935859680176e-01 2.874760627746582031e-01 3.297426402568817139e-01 2.831941246986389160e-01 2.076238542795181274e-01 3.812576532363891602e-01
4.410426020622253418e-01 4.850000143051147461e-01 2.618542909622192383e-01 3.304190337657928467e-01 3.859900832176208496e-01 5.137063860893249512e-01 4.812535643577575684e-01 5.938565731048583984e-01 6.160303354263305664e-01 3.304342627525329590e-01 6.205532550811767578e-01 2.708299756050109863e-01 2.239771485328674316e-01 2.113033235073089600e-01 4.768103957176208496e-01 5.254337787628173828e-01 2.906632423400878906e-01 2.950943708419799805e-01 4.790899753570556641e-01 3.201386332511901855e-01
