2018-07-25 01:00:00
2.255370020866394043e-01 3.621481359004974365e-01 6.532169580459594727e-01 3.142893016338348389e-01 4.433063566684722900e-01 2.393113076686859131e-01 2.141005247831344604e-01 2.360238730907440186e-01 3.201711475849151611e-01 3.050702810287475586e-01 3.212581872940063477e-01 3.882542550563812256e-01 3.449884355068206787e-01 5.535581111907958984e-01 5.496819615364074707e-01 5.715852975845336914e-01 7.042181491851806641e-01 2.930826544761657715e-01 2.262699306011199951e-01 3.819310665130615234e-01
5.077385902404785156e-01 3.517899513244628906e-01 2.111522555351257324e-01 4.062204957008361816e-01 3.331985771656036377e-01 4.045933783054351807e-01 2.499545514583587646e-01 1.508168876171112061e-01 2.760359644889831543e-01 3.214207291603088379e-01 3.467710316181182861e-01 3.498716950416564941e-01 3.021186292171478271e-01 2.930561900138854980e-01 5.932965278625488281e-01 4.570244252681732178e-01 3.653830587863922119e-01 4.150709509849548340e-01 2.507237792015075684e-01 2.952378690242767334e-01
2.349323332309722900e-01 4.105592966079711914e-01 4.581452608108520508e-01 4.015235900878906250e-01 7.363208532333374023e-01 4.588156938552856445e-01 4.535637199878692627e-01 3.980524539947509766e-01 2.376554906368255615e-01 2.475218772888183594e-01 4.671852886676788330e-01 7.340294718742370605e-01 3.488130271434783936e-01 4.181346893310546875e-01 1.915706396102905273e-01 4.036958813667297363e-01 6.322527527809143066e-01 5.453028082847595215e-01 4.948004484176635742e-01 4.942458570003509521e-01
2.424607574939727783e-01 5.579984188079833984e-01 2.355818748474121094e-01 2.756742835044860840e-01 2.383267879486083984e-01 1.364851891994476318e-01 1.865255236625671387e-01 1.661388278007507324e-01 2.381873726844787598e-01 6.150069236755371094e-01 7.191687226295471191e-01 2.466772645711898804e-01 2.843587994575500488e-01 4.358364045619964600e-01 3.960063457489013672e-01 6.382544040679931641e-01 4.998985826969146729e-01 2.830341458320617676e-01 4.782794117927551270e-01 4.195931851863861084e-01
1.841975003480911255e-01 3.450261950492858887e-01 6.044330596923828125e-01 2.332849204540252686e-01 1.417158246040344238e-01 2.977259159088134766e-01 1.001760661602020264e-01 3.865422606468200684e-01 5.188952088356018066e-01 3.514968454837799072e-01 3.067400753498077393e-01 2.485971301794052124e-01 7.762473821640014648e-01 4.834656119346618652e-01 3.018494844436645508e-01 1.291161179542541504e-01 8.136195540428161621e-01 4.620836675167083740e-01 3.537488877773284912e-01 2.717142701148986816e-01
3.421218097209930420e-01 3.879581689834594727e-01 1.351805627346038818e-01 1.720044612884521484e-01 2.806373536586761475e-01 3.258771896362304688e-01 3.909623622894287109e-01 2.486758083105087280e-01 4.179086983203887939e-01 1.205473393201828003e-01 2.866467237472534180e-01 2.777475118637084961e-01 3.139854073524475098e-01 3.949226140975952148e-01 4.617429077625274658e-01 4.571413099765777588e-01 5.075169205665588379e-01 5.494111776351928711e-01 3.105671703815460205e-01 5.999087095260620117e-01
4.631447196006774902e-01 2.775412797927856445e-01 3.157245516777038574e-01 3.918825387954711914e-01 1.000886857509613037e-01 2.844403684139251709e-01 7.102242112159729004e-02 3.693538308143615723e-01 1.017913669347763062e-01 3.981696367263793945e-01 3.822836875915527344e-01 3.948820829391479492e-01 4.414819777011871338e-01 6.198536157608032227e-01 7.775939702987670898e-01 3.761805295944213867e-01 7.523095607757568359e-01 6.023678779602050781e-01 3.974167108535766602e-01 2.277489900588989258e-01
2.322343587875366211e-01 3.729682266712188721e-01 1.957611739635467529e-01 4.357924759387969971e-01 3.816370368003845215e-01 3.147473335266113281e-01 1.359750926494598389e-01 2.815472483634948730e-01 2.681551575660705566e-01 4.211401045322418213e-01 3.706802427768707275e-01 3.243451416492462158e-01 1.567693203687667847e-01 3.328487873077392578e-01 6.184511184692382812e-01 3.345618844032287598e-01 6.537880301475524902e-01 6.214179992675781250e-01 2.998762726783752441e-01 3.418732061982154846e-02
3.195066750049591064e-01 2.815867662429809570e-01 3.158460259437561035e-01 3.193762302398681641e-01 1.469631195068359375e-01 1.336336284875869751e-01 2.375974208116531372e-01 2.132969200611114502e-01 1.941180676221847534e-01 2.718821465969085693e-01 4.882806241512298584e-01 1.799172163009643555e-01 1.852992773056030273e-01 4.269468784332275391e-01 3.426714539527893066e-01 6.665433645248413086e-01 5.370119810104370117e-01 4.333544373512268066e-01 6.394429206848144531e-01 1.612531840801239014e-01
5.153369307518005371e-01 2.636448740959167480e-01 2.299636006355285645e-01 6.902959942817687988e-02 4.473608732223510742e-01 3.323649764060974121e-01 2.199462354183197021e-01 5.383397936820983887e-01 4.934733510017395020e-01 3.321672081947326660e-01 3.693595826625823975e-01 4.850422739982604980e-01 3.659403324127197266e-01 2.618423998355865479e-01 4.066682755947113037e-01 3.754275143146514893e-01 3.955260813236236572e-01 5.429464578628540039e-01 2.160174995660781860e-01 3.263349533081054688e-01
4.386523962020874023e-01 4.683206081390380859e-01 4.046829640865325928e-01 4.633346796035766602e-01 3.424817323684692383e-01 3.534153103828430176e-01 4.001256823539733887e-01 5.219777226448059082e-01 2.514535486698150635e-01 4.885894060134887695e-01 4.742000102996826172e-01 4.553834199905395508e-01 3.883785009384155273e-01 3.248927295207977295e-01 6.166793704032897949e-01 3.916448056697845459e-01 4.693464934825897217e-01 4.735709726810455322e-01 4.673094153404235840e-01 2.636745274066925049e-01
5.242415666580200195e-01 3.100487291812896729e-01 3.234229385852813721e-01 5.046083927154541016e-01 4.281471371650695801e-01 3.660882115364074707e-01 3.451477885246276855e-01 2.842999100685119629e-01 4.942265152931213379e-01 5.167555212974548340e-01 2.567982375621795654e-01 3.263460695743560791e-01 4.117822647094726562e-01 2.534140944480895996e-01 3.252957463264465332e-01 3.000367283821105957e-01 2.025033086538314819e-01 3.872603476047515869e-01 4.513050317764282227e-01 3.157719969749450684e-01
4.624794423580169678e-01 4.657175540924072266e-01 4.216893911361694336e-01 2.829845547676086426e-01 5.309630632400512695e-01 3.819662332534790039e-01 3.539713621139526367e-01 1.497156620025634766e-01 3.489708900451660156e-01 4.149457812309265137e-01 2.851378321647644043e-01 3.144380450248718262e-01 4.292045235633850098e-01 3.676608800888061523e-01 4.242055714130401611e-01 2.294638454914093018e-01 1.989597678184509277e-01 4.867009520530700684e-01 3.583331108093261719e-01 4.083198308944702148e-01
4.038883447647094727e-01 5.802389979362487793e-01 3.294345736503601074e-01 1.010111570358276367e-01 1.468584090471267700e-01 3.069728016853332520e-01 6.190482378005981445e-01 3.901922106742858887e-01 2.610262930393218994e-01 3.869678378105163574e-01 4.152581691741943359e-01 3.027942180633544922e-01 4.590747654438018799e-01 5.086989402770996094e-01 3.416212201118469238e-01 2.183877825736999512e-01 1.772660911083221436e-01 3.786652684211730957e-01 4.641140103340148926e-01 3.053647577762603760e-01
5.471302270889282227e-01 2.710831463336944580e-01 1.616434007883071899e-01 6.104959249496459961e-01 2.418701350688934326e-01 3.514706790447235107e-01 2.962518632411956787e-01 3.678379654884338379e-01 4.160597324371337891e-01 2.583344280719757080e-01 4.785526990890502930e-01 4.720812737941741943e-01 3.389074504375457764e-01 4.438540339469909668e-01 3.027370572090148926e-01 2.722383737564086914e-01 1.876695007085800171e-01 3.054631352424621582e-01 2.878621220588684082e-01 2.577173709869384766e-01
2.967427074909210205e-01 3.502403795719146729e-01 4.552867710590362549e-01 3.646301925182342529e-01 4.568342864513397217e-01 6.608847379684448242e-01 4.153176844120025635e-01 1.684348285198211670e-01 4.086784720420837402e-01 3.289868235588073730e-01 1.529139280319213867e-01 3.868614435195922852e-01 2.379350960254669189e-01 3.310810923576354980e-01 4.216736257076263428e-01 4.498790800571441650e-01 2.193901985883712769e-01 4.605775177478790283e-01 3.508202731609344482e-01 1.850261688232421875e-01
3.794807791709899902e-01 3.234965205192565918e-01 2.574112713336944580e-01 2.715449929237365723e-01 7.479784488677978516e-01 3.003829121589660645e-01 6.149597167968750000e-01 2.445823252201080322e-01 2.854159474372863770e-01 6.895696520805358887e-01 2.899033427238464355e-01 3.256513476371765137e-01 2.932496666908264160e-01 4.597398340702056885e-01 2.243522703647613525e-01 2.843247652053833008e-01 6.272259354591369629e-01 3.882855772972106934e-01 5.826768875122070312e-01 4.016353487968444824e-01
4.626348018646240234e-01 4.174257218837738037e-01 4.744492173194885254e-01 3.275011479854583740e-01 1.962379068136215210e-01 3.280690014362335205e-01 2.206270396709442139e-01 4.944609999656677246e-01 4.620577096939086914e-01 3.170469403266906738e-01 1.884089857339859009e-01 3.423931598663330078e-01 4.707829952239990234e-01 5.841469168663024902e-01 3.712977170944213867e-01 3.525940477848052979e-01 5.205805301666259766e-01 2.244742512702941895e-01 2.864784598350524902e-01 3.442111611366271973e-01
2.482869774103164673e-01 5.432889461517333984e-01 5.370001792907714844e-01 4.345980286598205566e-01 2.836865484714508057e-01 3.671109676361083984e-01 5.235326290130615234e-01 3.078111410140991211e-01 5.100885629653930664e-01 3.455840647220611572e-01 6.329091787338256836e-01 1.726767122745513916e-01 4.893948435783386230e-01 5.241122841835021973e-01 2.535756826400756836e-01 3.119380772113800049e-01 2.373822778463363647e-01 2.274515777826309204e-01 2.167516648769378662e-01 4.239018559455871582e-01
2.607296705245971680e-01 4.856146574020385742e-01 3.672839999198913574e-01 3.548945188522338867e-01 2.989689111709594727e-01 2.939497232437133789e-01 2.473281621932983398e-01 3.600111603736877441e-01 4.215660393238067627e-01 4.491706192493438721e-01 3.346883356571197510e-01 4.284920692443847656e-01 4.766125380992889404e-01 2.774000763893127441e-01 3.261776268482208252e-01 3.718752861022949219e-01 3.626464903354644775e-01 3.645828664302825928e-01 4.981538951396942139e-01 3.946346044540405273e-01
