2018-07-25 10:00:00
5.954366922378540039e-01 9.226146936416625977e-01 9.069139957427978516e-01 7.932916879653930664e-01 3.126641511917114258e-01 6.826113462448120117e-01 6.124198436737060547e-01 8.335075974464416504e-01 7.672450542449951172e-01 4.898102879524230957e-01 6.405642628669738770e-01 7.009136676788330078e-01 1.100200891494750977e+00 9.230348467826843262e-01 5.069292783737182617e-01 1.390982627868652344e+00 5.492397546768188477e-01 7.370879054069519043e-01 6.435259580612182617e-01 5.869696736335754395e-01
5.451456308364868164e-01 2.046767771244049072e-01 7.679762244224548340e-01 9.424088597297668457e-01 1.041484594345092773e+00 6.178792119026184082e-01 6.274973154067993164e-01 6.168481111526489258e-01 8.793280124664306641e-01 6.790305972099304199e-01 5.456259250640869141e-01 8.036446571350097656e-01 9.881000518798828125e-01 7.201061248779296875e-01 9.364260435104370117e-01 9.397189617156982422e-01 7.160534858703613281e-01 6.621827483177185059e-01 5.740405321121215820e-01 6.654084920883178711e-01
1.236465930938720703e+00 6.994045972824096680e-01 6.177645921707153320e-01 7.888683676719665527e-01 9.661056995391845703e-01 7.236451506614685059e-01 8.778991103172302246e-01 4.936385154724121094e-01 5.799578428268432617e-01 6.140757203102111816e-01 5.949701070785522461e-01 5.827147960662841797e-01 3.736315071582794189e-01 9.703785777091979980e-01 7.418365478515625000e-01 8.179471492767333984e-01 1.103868722915649414e+00 6.888474822044372559e-01 1.191480040550231934e+00 9.021216630935668945e-01
7.314549684524536133e-01 1.073867678642272949e+00 6.228947639465332031e-01 7.494866251945495605e-01 9.456090927124023438e-01 7.941542267799377441e-01 4.627560377120971680e-01 7.927595376968383789e-01 7.860774993896484375e-01 9.700608849525451660e-01 5.310826301574707031e-01 8.072897195816040039e-01 4.542776346206665039e-01 8.822236061096191406e-01 3.560571372509002686e-01 8.561969995498657227e-01 8.364861607551574707e-01 8.791671991348266602e-01 4.110840260982513428e-01 4.948617815971374512e-01
8.785625100135803223e-01 7.278296947479248047e-01 3.780447840690612793e-01 8.423468470573425293e-01 8.181520700454711914e-01 4.424572587013244629e-01 6.518530845642089844e-01 7.094731330871582031e-01 4.220215678215026855e-01 4.944335520267486572e-01 7.024730443954467773e-01 1.055482864379882812e+00 8.440510034561157227e-01 5.575580000877380371e-01 5.155172348022460938e-01 7.989399433135986328e-01 9.230609536170959473e-01 7.015100717544555664e-01 7.038865089416503906e-01 1.121763110160827637e+00
9.825806021690368652e-01 5.612219572067260742e-01 7.842959165573120117e-01 7.752188444137573242e-01 8.681879043579101562e-01 9.596593379974365234e-01 9.130347967147827148e-01 1.043592095375061035e+00 3.246082067489624023e-01 9.831441044807434082e-01 9.747474789619445801e-01 7.682220339775085449e-01 9.036259055137634277e-01 8.253080844879150391e-01 7.337591648101806641e-01 5.335338115692138672e-01 6.900649070739746094e-01 6.592022776603698730e-01 4.555886387825012207e-01 8.818624019622802734e-01
8.024186491966247559e-01 6.404561996459960938e-01 7.751728296279907227e-01 1.179006218910217285e+00 5.329613089561462402e-01 5.158346295356750488e-01 6.993544101715087891e-01 7.111304998397827148e-01 7.219533920288085938e-01 6.948472261428833008e-01 6.086177825927734375e-01 5.610970258712768555e-01 1.151955604553222656e+00 4.720215201377868652e-01 8.281617164611816406e-01 1.040689468383789062e+00 1.034129381179809570e+00 1.126858234405517578e+00 6.592418551445007324e-01 9.853714108467102051e-01
7.931076884269714355e-01 6.165168285369873047e-01 6.488441824913024902e-01 8.100003004074096680e-01 8.019835948944091797e-01 4.543293118476867676e-01 5.614007115364074707e-01 7.957264184951782227e-01 6.924546957015991211e-01 5.087957978248596191e-01 5.688922405242919922e-01 3.878063559532165527e-01 7.683640122413635254e-01 7.158011198043823242e-01 7.691128849983215332e-01 1.090066194534301758e+00 5.678931474685668945e-01 8.714087605476379395e-01 4.735962748527526855e-01 4.090780019760131836e-01
6.853268146514892578e-01 6.172959804534912109e-01 4.175312519073486328e-01 9.661856889724731445e-01 3.664932250976562500e-01 6.580008864402770996e-01 4.261797666549682617e-01 6.723329424858093262e-01 6.548684835433959961e-01 6.786727905273437500e-01 5.346581339836120605e-01 1.101919412612915039e+00 6.700894832611083984e-01 7.214088439941406250e-01 6.798573732376098633e-01 6.922056078910827637e-01 5.401822328567504883e-01 6.627084016799926758e-01 7.839671969413757324e-01 8.544538021087646484e-01
6.044901609420776367e-01 8.369711637496948242e-01 4.532126188278198242e-01 5.644631385803222656e-01 6.216942071914672852e-01 7.302548885345458984e-01 5.774357318878173828e-01 7.376587390899658203e-01 7.203619480133056641e-01 7.458152174949645996e-01 8.668914437294006348e-01 6.609942913055419922e-01 8.065552711486816406e-01 5.082602500915527344e-01 9.358316063880920410e-01 4.633620381355285645e-01 5.267765522003173828e-01 1.093658804893493652e+00 7.843269109725952148e-01 9.843927621841430664e-01
4.788011610507965088e-01 4.715459048748016357e-01 6.905556321144104004e-01 5.595424175262451172e-01 5.139340758323669434e-01 6.616905927658081055e-01 3.417536616325378418e-01 4.877763390541076660e-01 7.984881997108459473e-01 8.362226486206054688e-01 6.282022595405578613e-01 5.945721268653869629e-01 8.070230484008789062e-01 5.446279048919677734e-01 8.886437416076660156e-01 6.662976145744323730e-01 8.165209293365478516e-01 8.221102356910705566e-01 8.686040639877319336e-01 4.070914983749389648e-01
3.532213568687438965e-01 6.636336445808410645e-01 4.481531381607055664e-01 2.578229010105133057e-01 4.727843999862670898e-01 8.175942897796630859e-01 7.855856418609619141e-01 5.524183511734008789e-01 6.806596517562866211e-01 5.919169783592224121e-01 4.444248974323272705e-01 4.938060641288757324e-01 4.305974245071411133e-01 5.169858336448669434e-01 5.806468725204467773e-01 7.365112304687500000e-01 6.373124122619628906e-01 6.616833209991455078e-01 6.906703710556030273e-01 8.654054403305053711e-01
6.686986684799194336e-01 7.831037640571594238e-01 3.913430571556091309e-01 6.842979192733764648e-01 9.945188164710998535e-01 7.969799041748046875e-01 6.989318132400512695e-01 4.569590091705322266e-01 7.630218863487243652e-01 4.976866245269775391e-01 4.933800697326660156e-01 4.748356938362121582e-01 7.607467174530029297e-01 8.902326822280883789e-01 5.938373208045959473e-01 3.906071782112121582e-01 6.584280729293823242e-01 6.488289237022399902e-01 8.716220855712890625e-01 9.298278689384460449e-01
7.029324769973754883e-01 4.748017787933349609e-01 5.662530064582824707e-01 5.116770267486572266e-01 6.890139579772949219e-01 5.429705381393432617e-01 9.680166244506835938e-01 4.649943113327026367e-01 3.026519417762756348e-01 3.027472496032714844e-01 1.029425740242004395e+00 6.005313992500305176e-01 6.473903656005859375e-01 7.502958178520202637e-01 7.415844202041625977e-01 4.176234006881713867e-01 4.912599325180053711e-01 3.292467296123504639e-01 6.572909355163574219e-01 5.923470854759216309e-01
5.123854875564575195e-01 7.543703317642211914e-01 8.732283115386962891e-01 6.215248107910156250e-01 5.608062744140625000e-01 4.480708837509155273e-01 5.632562637329101562e-01 4.726507961750030518e-01 8.059653043746948242e-01 6.186239719390869141e-01 3.769302964210510254e-01 6.545946002006530762e-01 6.117390990257263184e-01 8.244525194168090820e-01 5.930706262588500977e-01 7.445716857910156250e-01 5.549219846725463867e-01 1.046681284904479980e+00 8.264883756637573242e-01 6.171385049819946289e-01
6.199714541435241699e-01 1.000406503677368164e+00 9.876467585563659668e-01 8.245818018913269043e-01 7.627394199371337891e-01 6.276524662971496582e-01 3.894772529602050781e-01 5.863272547721862793e-01 7.218239903450012207e-01 5.443568825721740723e-01 4.822387099266052246e-01 4.998925328254699707e-01 5.139863491058349609e-01 7.725515961647033691e-01 5.804604887962341309e-01 8.509047031402587891e-01 9.280790090560913086e-01 7.563105225563049316e-01 8.858858346939086914e-01 8.740457892417907715e-01
9.643791317939758301e-01 8.457158803939819336e-01 1.104798555374145508e+00 8.247082233428955078e-01 4.330701828002929688e-01 4.841930270195007324e-01 1.192860126495361328e+00 4.097636342048645020e-01 5.568581819534301758e-01 9.154485464096069336e-01 5.711299180984497070e-01 9.035656452178955078e-01 7.747930288314819336e-01 6.862506866455078125e-01 6.376343369483947754e-01 5.369645357131958008e-01 7.507888078689575195e-01 6.985517740249633789e-01 6.380445957183837891e-01 6.620428562164306641e-01
6.268275976181030273e-01 4.928960502147674561e-01 8.551096916198730469e-01 6.817855834960937500e-01 8.986701965332031250e-01 6.391091942787170410e-01 6.798292994499206543e-01 7.166023254394531250e-01 3.428112864494323730e-01 5.115553140640258789e-01 6.584650874137878418e-01 4.123733043670654297e-01 4.404942989349365234e-01 7.297424077987670898e-01 6.657270193099975586e-01 6.332199573516845703e-01 7.369453907012939453e-01 9.265114665031433105e-01 9.915227890014648438e-01 8.471449017524719238e-01
3.673838973045349121e-01 6.046156883239746094e-01 3.800619840621948242e-01 3.814910948276519775e-01 4.333994984626770020e-01 7.693377733230590820e-01 1.019473433494567871e+00 5.558786988258361816e-01 8.844618797302246094e-01 6.072854399681091309e-01 6.661561727523803711e-01 7.232107520103454590e-01 4.937580525875091553e-01 3.306281268596649170e-01 5.769419074058532715e-01 6.687530279159545898e-01 4.762706756591796875e-01 4.192588925361633301e-01 7.620755434036254883e-01 8.335568904876708984e-01
6.854861974716186523e-01 8.751190900802612305e-01 8.965343236923217773e-01 7.750672101974487305e-01 6.900623440742492676e-01 1.157680034637451172e+00 4.856194853782653809e-01 7.254791855812072754e-01 7.898729443550109863e-01 6.556141972541809082e-01 3.925266861915588379e-01 6.750629544258117676e-01 7.480093836784362793e-01 6.822644472122192383e-01 3.036446571350097656e-01 5.264220833778381348e-01 6.938685774803161621e-01 5.789109468460083008e-01 3.863395452499389648e-01 5.826945304870605469e-01
