2018-07-25 10:15:00
9.178077578544616699e-01 8.594189286231994629e-01 9.229131937026977539e-01 5.155732631683349609e-01 2.535693943500518799e-01 5.026454925537109375e-01 5.384773612022399902e-01 7.536795735359191895e-01 2.886637449264526367e-01 8.644928932189941406e-01 5.240153670310974121e-01 5.016406774520874023e-01 6.093624830245971680e-01 1.581682920455932617e+00 1.027226090431213379e+00 1.361005902290344238e+00 1.193892955780029297e+00 7.681319713592529297e-01 7.405647039413452148e-01 6.569051742553710938e-01
9.127290844917297363e-01 4.945521354675292969e-01 1.006293416023254395e+00 5.879034996032714844e-01 6.699860692024230957e-01 3.501465618610382080e-01 4.627954959869384766e-01 6.300379037857055664e-01 4.589676260948181152e-01 5.579789280891418457e-01 4.333775937557220459e-01 1.013521671295166016e+00 7.564611434936523438e-01 1.072314023971557617e+00 1.193075776100158691e+00 1.059718132019042969e+00 1.196221947669982910e+00 8.450657725334167480e-01 7.946161627769470215e-01 1.200442790985107422e+00
7.701140642166137695e-01 6.896756291389465332e-01 7.875314950942993164e-01 6.172159910202026367e-01 8.767234086990356445e-01 3.209860920906066895e-01 3.594280779361724854e-01 4.080708622932434082e-01 5.561849474906921387e-01 5.781689286231994629e-01 8.079828023910522461e-01 6.446634531021118164e-01 6.736431121826171875e-01 6.095534563064575195e-01 9.437766075134277344e-01 6.804115772247314453e-01 6.357747316360473633e-01 1.223525524139404297e+00 1.231118440628051758e+00 6.388327479362487793e-01
5.968713760375976562e-01 8.844552040100097656e-01 4.237055778503417969e-01 3.690143823623657227e-01 4.294402599334716797e-01 6.769306659698486328e-01 5.931216478347778320e-01 4.238499701023101807e-01 6.869891285896301270e-01 5.825965404510498047e-01 6.748403310775756836e-01 4.793285727500915527e-01 8.085621595382690430e-01 7.681226730346679688e-01 1.079123616218566895e+00 1.016694426536560059e+00 1.229254961013793945e+00 1.003535270690917969e+00 1.445066094398498535e+00 1.265677332878112793e+00
9.450675249099731445e-01 7.371347546577453613e-01 6.018326282501220703e-01 4.961572289466857910e-01 7.601830959320068359e-01 6.252416968345642090e-01 5.740564465522766113e-01 4.653131365776062012e-01 4.960964322090148926e-01 5.201921463012695312e-01 4.866142272949218750e-01 6.734051704406738281e-01 5.920126438140869141e-01 5.110500454902648926e-01 8.349770307540893555e-01 1.382964134216308594e+00 1.914104938507080078e+00 1.244403600692749023e+00 1.149738550186157227e+00 1.598702073097229004e+00
5.559409856796264648e-01 2.666434943675994873e-01 3.919807672500610352e-01 9.261716604232788086e-01 8.060250878334045410e-01 4.305970668792724609e-01 1.750547736883163452e-01 5.562584996223449707e-01 4.372945427894592285e-01 3.634690642356872559e-01 7.055983543395996094e-01 5.020034909248352051e-01 7.262052297592163086e-01 6.981958150863647461e-01 9.596261978149414062e-01 7.894062995910644531e-01 1.709131360054016113e+00 1.236974000930786133e+00 1.012867927551269531e+00 1.817927241325378418e+00
5.490974187850952148e-01 5.156747698783874512e-01 8.756047487258911133e-01 5.158381462097167969e-01 2.456046193838119507e-01 5.492346286773681641e-01 4.136107563972473145e-01 4.044783711433410645e-01 3.823651075363159180e-01 3.963524997234344482e-01 5.457407236099243164e-01 7.570974826812744141e-01 1.132238268852233887e+00 9.347949028015136719e-01 7.613209486007690430e-01 8.408153057098388672e-01 1.065130233764648438e+00 7.844896316528320312e-01 1.141239404678344727e+00 1.358692169189453125e+00
5.426061153411865234e-01 4.404420554637908936e-01 2.488339543342590332e-01 5.844409465789794922e-01 5.112366080284118652e-01 2.861694693565368652e-01 3.116852939128875732e-01 5.129402875900268555e-01 4.039081335067749023e-01 3.185655772686004639e-01 3.385505974292755127e-01 3.322916626930236816e-01 6.863750219345092773e-01 1.007753849029541016e+00 4.371621310710906982e-01 1.034807801246643066e+00 1.224005937576293945e+00 1.226702332496643066e+00 1.080466985702514648e+00 7.760487794876098633e-01
3.393541574478149414e-01 3.383586108684539795e-01 2.828240990638732910e-01 8.815509080886840820e-01 5.478628873825073242e-01 2.817985117435455322e-01 4.021977186203002930e-01 5.598505735397338867e-01 4.760637879371643066e-01 5.202450752258300781e-01 4.712672233581542969e-01 2.336213588714599609e-01 8.690101504325866699e-01 5.601314306259155273e-01 1.030205011367797852e+00 8.106676340103149414e-01 1.156796455383300781e+00 1.214930653572082520e+00 9.822038412094116211e-01 1.328721523284912109e+00
7.113109230995178223e-01 2.233897000551223755e-01 3.952238559722900391e-01 2.519337832927703857e-01 3.549108505249023438e-01 2.865393757820129395e-01 3.839316368103027344e-01 5.033162832260131836e-01 5.171341896057128906e-01 5.122126340866088867e-01 4.093160033226013184e-01 7.665587663650512695e-01 3.676855564117431641e-01 6.018431186676025391e-01 7.569755315780639648e-01 6.025878190994262695e-01 7.734302878379821777e-01 9.810025691986083984e-01 6.516971588134765625e-01 1.054275274276733398e+00
4.498878121376037598e-01 1.872362494468688965e-01 2.153531163930892944e-01 3.359038829803466797e-01 2.934061288833618164e-01 4.036921560764312744e-01 4.298084974288940430e-01 3.965325355529785156e-01 4.958015084266662598e-01 3.141361474990844727e-01 4.866606593132019043e-01 2.269015163183212280e-01 4.239117205142974854e-01 4.482191503047943115e-01 5.625847578048706055e-01 8.548861742019653320e-01 7.399646639823913574e-01 1.383705615997314453e+00 7.624524831771850586e-01 7.285979986190795898e-01
4.056402444839477539e-01 2.655351161956787109e-01 4.377833902835845947e-01 1.798005104064941406e-01 3.530077934265136719e-01 4.553493857383728027e-01 5.464206933975219727e-01 2.194985747337341309e-01 4.427220225334167480e-01 3.282112479209899902e-01 2.871031761169433594e-01 3.430085778236389160e-01 4.618948101997375488e-01 3.150128722190856934e-01 4.599418640136718750e-01 4.641703367233276367e-01 5.660856962203979492e-01 6.128603219985961914e-01 3.824408650398254395e-01 5.893918275833129883e-01
4.973000586032867432e-01 3.526301383972167969e-01 2.574877142906188965e-01 3.253626823425292969e-01 3.325936794281005859e-01 4.617139399051666260e-01 6.060110330581665039e-01 3.452739119529724121e-01 3.883738219738006592e-01 4.156602621078491211e-01 4.837050735950469971e-01 5.709599256515502930e-01 3.359491825103759766e-01 3.204118609428405762e-01 2.749218046665191650e-01 3.878049254417419434e-01 6.131619215011596680e-01 7.075926065444946289e-01 4.336169958114624023e-01 7.584732770919799805e-01
3.558399081230163574e-01 4.681903719902038574e-01 2.244807183742523193e-01 3.163758516311645508e-01 4.444158673286437988e-01 4.414458870887756348e-01 5.733293294906616211e-01 1.895397305488586426e-01 2.927055358886718750e-01 4.848624169826507568e-01 2.104073613882064819e-01 4.959989190101623535e-01 2.951320409774780273e-01 4.138434529304504395e-01 5.335451364517211914e-01 5.918602347373962402e-01 5.990086793899536133e-01 3.840843141078948975e-01 3.218569159507751465e-01 5.192965269088745117e-01
4.948890805244445801e-01 6.120887994766235352e-01 2.214116752147674561e-01 3.819559812545776367e-01 5.546337366104125977e-01 4.354346990585327148e-01 5.803575515747070312e-01 2.349764108657836914e-01 4.486486911773681641e-01 4.819416701793670654e-01 2.398689091205596924e-01 5.128302574157714844e-01 3.323183059692382812e-01 2.508065104484558105e-01 2.245707213878631592e-01 3.045865297317504883e-01 4.143221676349639893e-01 2.846028804779052734e-01 7.423914670944213867e-01 3.412774205207824707e-01
4.395312666893005371e-01 2.534811496734619141e-01 4.543518722057342529e-01 4.409410953521728516e-01 4.268277883529663086e-01 3.199903368949890137e-01 9.371572732925415039e-01 4.995218217372894287e-01 5.119564533233642578e-01 6.292715072631835938e-01 6.416497230529785156e-01 4.941087365150451660e-01 3.644309639930725098e-01 4.559743404388427734e-01 3.680599629878997803e-01 5.670047998428344727e-01 4.211727976799011230e-01 4.442622661590576172e-01 6.597131490707397461e-01 2.916985452175140381e-01
4.681206941604614258e-01 6.653714179992675781e-01 6.625341176986694336e-01 5.840936899185180664e-01 6.514787673950195312e-01 5.195393562316894531e-01 4.927211403846740723e-01 6.547732353210449219e-01 2.905851602554321289e-01 6.199371814727783203e-01 4.549847841262817383e-01 5.975898504257202148e-01 2.602242827415466309e-01 3.051425218582153320e-01 2.040634006261825562e-01 2.443033903837203979e-01 3.068706393241882324e-01 3.734474778175354004e-01 4.024657905101776123e-01 4.001093208789825439e-01
4.774164557456970215e-01 8.024194836616516113e-01 5.169564485549926758e-01 4.564282596111297607e-01 9.790748357772827148e-01 5.271146297454833984e-01 8.611044883728027344e-01 4.852107465267181396e-01 7.567409276962280273e-01 6.568167209625244141e-01 5.366160869598388672e-01 3.775890469551086426e-01 5.471671223640441895e-01 3.999298810958862305e-01 4.333930909633636475e-01 2.743657827377319336e-01 2.945395410060882568e-01 1.679097115993499756e-01 2.853966355323791504e-01 5.071102976799011230e-01
5.126259326934814453e-01 3.496505022048950195e-01 6.152510643005371094e-01 4.485388398170471191e-01 6.832491159439086914e-01 4.499577879905700684e-01 6.731434464454650879e-01 7.501013278961181641e-01 7.312233448028564453e-01 9.370097517967224121e-01 4.514966011047363281e-01 4.228848218917846680e-01 4.664875864982604980e-01 2.999596297740936279e-01 5.399030447006225586e-01 4.520551264286041260e-01 3.365079760551452637e-01 5.521291494369506836e-01 5.038508176803588867e-01 3.141374588012695312e-01
7.058873176574707031e-01 4.809290170669555664e-01 5.989190936088562012e-01 6.447757482528686523e-01 6.603977680206298828e-01 4.285995662212371826e-01 8.449280261993408203e-01 7.112226486206054688e-01 7.400943040847778320e-01 6.094881892204284668e-01 5.791779756546020508e-01 5.473746061325073242e-01 2.206665873527526855e-01 4.923968613147735596e-01 4.109288454055786133e-01 6.354960203170776367e-01 5.828179121017456055e-01 3.114557266235351562e-01 4.429273903369903564e-01 4.275444447994232178e-01
