2018-07-25 10:45:00
8.020419478416442871e-01 5.262935161590576172e-01 7.435956001281738281e-01 1.075299382209777832e-01 3.514946401119232178e-01 4.313890635967254639e-01 5.160609483718872070e-01 3.841850161552429199e-01 3.028706908226013184e-01 6.599658131599426270e-01 3.779084086418151855e-01 4.166930913925170898e-01 5.862379670143127441e-01 5.195282101631164551e-01 6.202161312103271484e-01 5.954105854034423828e-01 5.568581819534301758e-01 5.746771097183227539e-01 5.321762561798095703e-01 4.176129400730133057e-01
5.530984401702880859e-01 7.070723772048950195e-01 5.810257196426391602e-01 2.981979548931121826e-01 8.646873235702514648e-01 3.943843841552734375e-01 3.650174140930175781e-01 4.234806895256042480e-01 5.123116970062255859e-01 4.751837253570556641e-01 5.039001703262329102e-01 4.841623306274414062e-01 5.601446032524108887e-01 3.813104927539825439e-01 1.026399016380310059e+00 1.081181883811950684e+00 1.063537001609802246e+00 6.399475336074829102e-01 5.886349081993103027e-01 8.195055127143859863e-01
3.950453996658325195e-01 3.271176218986511230e-01 7.165657281875610352e-01 5.068678855895996094e-01 4.623674154281616211e-01 6.203968077898025513e-02 6.223423480987548828e-01 3.122614026069641113e-01 5.003000497817993164e-01 4.533528089523315430e-01 2.967284023761749268e-01 5.489184856414794922e-01 4.063235521316528320e-01 5.626421570777893066e-01 6.470016241073608398e-01 6.764509677886962891e-01 6.844075322151184082e-01 6.682588458061218262e-01 5.808990597724914551e-01 3.256046175956726074e-01
2.897168695926666260e-01 6.535632014274597168e-01 5.858370065689086914e-01 6.264995932579040527e-01 3.635718822479248047e-01 3.690451383590698242e-01 3.177974224090576172e-01 2.215257287025451660e-01 4.290434122085571289e-01 2.708057761192321777e-01 4.490463733673095703e-01 3.932175338268280029e-01 5.412099361419677734e-01 6.430363655090332031e-01 6.244230270385742188e-01 6.420091390609741211e-01 8.576408028602600098e-01 9.510882496833801270e-01 1.185632944107055664e+00 9.451543688774108887e-01
6.125379800796508789e-01 5.592170357704162598e-01 5.258752107620239258e-01 4.393768906593322754e-01 3.828011155128479004e-01 4.916096329689025879e-01 4.688187241554260254e-01 2.260540127754211426e-01 5.249328613281250000e-01 5.552407503128051758e-01 3.808565139770507812e-01 2.901044785976409912e-01 6.437498331069946289e-01 8.561222553253173828e-01 5.801509022712707520e-01 6.182993650436401367e-01 1.263842105865478516e+00 1.114742755889892578e+00 7.816169261932373047e-01 7.828584909439086914e-01
4.704784750938415527e-01 2.910969853401184082e-01 5.410096645355224609e-01 4.012089371681213379e-01 3.025551140308380127e-01 3.822880983352661133e-01 2.292456626892089844e-01 5.709842443466186523e-01 4.312093853950500488e-01 3.388816714286804199e-01 5.618187785148620605e-01 4.602668285369873047e-01 3.137741088867187500e-01 6.293910741806030273e-01 8.498725295066833496e-01 7.636781930923461914e-01 6.979624032974243164e-01 5.956850051879882812e-01 7.354868650436401367e-01 6.187417507171630859e-01
4.899235963821411133e-01 2.929393947124481201e-01 2.116879224777221680e-01 5.244936347007751465e-01 8.201280832290649414e-01 5.415468811988830566e-01 3.372742533683776855e-01 3.030660748481750488e-01 2.231709510087966919e-01 3.596208691596984863e-01 1.786806285381317139e-01 4.110918641090393066e-01 6.014059782028198242e-01 7.453674077987670898e-01 4.554482400417327881e-01 1.012873291969299316e+00 6.245828270912170410e-01 9.587012529373168945e-01 8.593027591705322266e-01 6.126390695571899414e-01
4.021604359149932861e-01 3.089348077774047852e-01 2.672131061553955078e-01 1.595538556575775146e-01 5.829138159751892090e-01 2.721496224403381348e-01 4.658855199813842773e-01 3.797172307968139648e-01 4.828876852989196777e-01 2.398452758789062500e-01 2.503476738929748535e-01 4.585328400135040283e-01 6.610677242279052734e-01 4.905777275562286377e-01 3.601629734039306641e-01 1.011693477630615234e+00 7.504475712776184082e-01 8.906660676002502441e-01 8.731517195701599121e-01 6.964531540870666504e-01
4.410954415798187256e-01 3.194907903671264648e-01 3.968123197555541992e-01 3.452732861042022705e-01 4.786256551742553711e-01 4.585565030574798584e-01 4.341418147087097168e-01 5.659290552139282227e-01 5.073555707931518555e-01 3.124277591705322266e-01 7.847451567649841309e-01 3.221030235290527344e-01 6.804975867271423340e-01 2.877217233180999756e-01 5.455772280693054199e-01 8.147079348564147949e-01 5.678912997245788574e-01 9.368862509727478027e-01 4.944063723087310791e-01 6.778330206871032715e-01
3.789525628089904785e-01 4.350457191467285156e-01 3.087542057037353516e-01 8.645949512720108032e-02 3.906987607479095459e-01 2.082031965255737305e-01 4.581887423992156982e-01 5.772999525070190430e-01 3.314109444618225098e-01 5.792604684829711914e-01 2.419717013835906982e-01 4.441027641296386719e-01 4.395319223403930664e-01 3.108595609664916992e-01 5.075224637985229492e-01 4.376746416091918945e-01 8.130405545234680176e-01 8.079311251640319824e-01 5.073587894439697266e-01 9.442492723464965820e-01
2.387275099754333496e-01 4.248777627944946289e-01 2.851496040821075439e-01 5.003271102905273438e-01 3.461207449436187744e-01 4.929494261741638184e-01 5.201752185821533203e-01 3.067261874675750732e-01 5.271714925765991211e-01 3.617617189884185791e-01 4.110831618309020996e-01 4.852088689804077148e-01 4.058129787445068359e-01 4.066418707370758057e-01 3.246464133262634277e-01 3.154456615447998047e-01 5.473786592483520508e-01 5.206704139709472656e-01 1.134777426719665527e+00 5.213705897331237793e-01
5.179004669189453125e-01 5.315636992454528809e-01 2.569666802883148193e-01 2.495441883802413940e-01 5.088715553283691406e-01 3.548802137374877930e-01 3.333175182342529297e-01 2.923792898654937744e-01 2.823268771171569824e-01 2.250292897224426270e-01 4.388039112091064453e-01 3.288362324237823486e-01 1.511381417512893677e-01 2.419806122779846191e-01 3.384848535060882568e-01 6.623493432998657227e-01 5.235018134117126465e-01 2.504439949989318848e-01 4.101061224937438965e-01 4.995533823966979980e-01
2.257610857486724854e-01 1.808091253042221069e-01 5.971374511718750000e-01 4.259703159332275391e-01 1.513244807720184326e-01 4.343634843826293945e-01 4.075547456741333008e-01 3.102754354476928711e-01 4.906894564628601074e-01 5.119389295578002930e-01 5.090019702911376953e-01 2.768629789352416992e-01 3.695410490036010742e-01 3.757853806018829346e-01 3.542486429214477539e-01 2.644883394241333008e-01 3.539363145828247070e-01 5.064673423767089844e-01 2.650497555732727051e-01 4.991282820701599121e-01
2.362217456102371216e-01 2.564501166343688965e-01 9.600976109504699707e-02 2.721222341060638428e-01 2.574476897716522217e-01 2.778400182723999023e-01 3.401953577995300293e-01 3.514608144760131836e-01 5.079846382141113281e-01 3.237926959991455078e-01 4.520146250724792480e-01 2.323776781558990479e-01 2.332047224044799805e-01 2.938127517700195312e-01 3.121704757213592529e-01 3.086869120597839355e-01 5.141057372093200684e-01 4.934724271297454834e-01 1.218461170792579651e-01 4.048966765403747559e-01
3.273904323577880859e-01 3.173995912075042725e-01 3.300863504409790039e-01 3.419140577316284180e-01 2.744238972663879395e-01 3.329664170742034912e-01 2.428755164146423340e-01 5.711420178413391113e-01 3.288803994655609131e-01 5.882530212402343750e-01 5.011267662048339844e-01 3.427685201168060303e-01 4.988256692886352539e-01 5.272914171218872070e-01 1.727555543184280396e-01 2.738347649574279785e-01 3.874219655990600586e-01 3.652884066104888916e-01 2.758994102478027344e-01 5.591067075729370117e-01
5.594062209129333496e-01 4.432767331600189209e-01 3.830901980400085449e-01 3.550634682178497314e-01 4.145946204662322998e-01 5.252287983894348145e-01 2.224187850952148438e-01 3.202762603759765625e-01 2.647668719291687012e-01 4.868323802947998047e-01 5.226020216941833496e-01 4.257552623748779297e-01 4.274211227893829346e-01 3.575011193752288818e-01 2.149455696344375610e-01 2.684072852134704590e-01 2.721675932407379150e-01 1.929784715175628662e-01 3.884813785552978516e-01 7.633538246154785156e-01
4.451826214790344238e-01 5.795165896415710449e-01 2.706742882728576660e-01 6.774656176567077637e-01 4.135327935218811035e-01 4.969274401664733887e-01 4.033278822898864746e-01 6.765149831771850586e-01 2.925107479095458984e-01 5.139700770378112793e-01 1.878695487976074219e-01 4.350236654281616211e-01 4.677686691284179688e-01 2.977262735366821289e-01 1.737122982740402222e-01 3.315959274768829346e-01 1.954920440912246704e-01 2.336788177490234375e-01 3.224741220474243164e-01 2.935565114021301270e-01
3.261291384696960449e-01 3.259502351284027100e-01 4.250773787498474121e-01 3.772759437561035156e-01 4.678178429603576660e-01 4.877414107322692871e-01 2.588275671005249023e-01 4.837431311607360840e-01 4.205044209957122803e-01 5.152933597564697266e-01 4.680242538452148438e-01 1.910416185855865479e-01 3.801841139793395996e-01 5.051777362823486328e-01 4.705603420734405518e-01 2.457889616489410400e-01 2.501643896102905273e-01 4.508489072322845459e-01 3.302063345909118652e-01 3.397123217582702637e-01
3.731411695480346680e-01 1.416873037815093994e-01 4.784973263740539551e-01 3.061213493347167969e-01 1.438759267330169678e-01 5.430272817611694336e-01 7.560259699821472168e-01 4.352218210697174072e-01 3.727198243141174316e-01 3.613054156303405762e-01 3.444986641407012939e-01 5.531086921691894531e-01 2.290911525487899780e-01 4.713079631328582764e-01 3.326132893562316895e-01 4.678053259849548340e-01 2.350403070449829102e-01 2.654267549514770508e-01 3.337421417236328125e-01 2.532070279121398926e-01
3.722761273384094238e-01 6.022714376449584961e-01 4.156019687652587891e-01 3.598557412624359131e-01 4.237263202667236328e-01 1.794811934232711792e-01 6.378996372222900391e-01 4.570750594139099121e-01 5.220587253570556641e-01 4.891273975372314453e-01 4.007360935211181641e-01 2.005870938301086426e-01 2.778748869895935059e-01 4.723449945449829102e-01 2.830371856689453125e-01 3.524559736251831055e-01 3.290234804153442383e-01 2.306734174489974976e-01 1.531738042831420898e-01 3.715212941169738770e-01
