2018-07-25 11:15:00
4.926480650901794434e-01 6.255263686180114746e-01 2.241781353950500488e-01 2.955135107040405273e-01 3.860087394714355469e-01 2.669247984886169434e-01 3.339905142784118652e-01 3.492374420166015625e-01 2.065862864255905151e-01 4.445365667343139648e-01 5.021604299545288086e-01 4.500519633293151855e-01 6.317104101181030273e-01 8.084728717803955078e-01 6.829224228858947754e-01 6.873735785484313965e-01 6.987704038619995117e-01 5.069500803947448730e-01 6.695526242256164551e-01 6.080761551856994629e-01
5.782941579818725586e-01 4.338523447513580322e-01 4.842940568923950195e-01 4.126645326614379883e-01 7.415207624435424805e-01 2.327263057231903076e-01 3.495917320251464844e-01 4.527563750743865967e-01 5.034864544868469238e-01 3.739176392555236816e-01 4.658342301845550537e-01 3.851217031478881836e-01 4.444651603698730469e-01 4.961072504520416260e-01 9.134082794189453125e-01 6.988820433616638184e-01 9.080269336700439453e-01 7.316731214523315430e-01 4.512209296226501465e-01 7.749109268188476562e-01
3.767412602901458740e-01 2.963809669017791748e-01 4.380226433277130127e-01 3.554313182830810547e-01 7.961308956146240234e-01 5.377337336540222168e-01 5.511277914047241211e-01 2.408071011304855347e-01 4.688694477081298828e-01 4.887019097805023193e-01 7.454268336296081543e-01 6.852461099624633789e-01 6.630002260208129883e-01 7.708600759506225586e-01 5.128062367439270020e-01 7.434334754943847656e-01 9.581957459449768066e-01 9.775022268295288086e-01 4.930612444877624512e-01 6.118148565292358398e-01
2.775304317474365234e-01 2.494086921215057373e-01 5.311348438262939453e-01 4.688963592052459717e-01 4.138401746749877930e-01 3.539869189262390137e-01 2.268210202455520630e-01 3.436015844345092773e-01 4.170811772346496582e-01 4.850117862224578857e-01 2.127281278371810913e-01 3.138800561428070068e-01 5.259065628051757812e-01 6.680369377136230469e-01 8.094136714935302734e-01 1.053712368011474609e+00 7.165694832801818848e-01 6.613967418670654297e-01 8.325530290603637695e-01 8.920902013778686523e-01
4.075515270233154297e-01 7.312160730361938477e-01 2.688062787055969238e-01 7.055485248565673828e-01 4.260131716728210449e-01 5.777837038040161133e-01 3.168997168540954590e-01 4.582402408123016357e-01 7.309057712554931641e-01 4.978383481502532959e-01 4.653236269950866699e-01 4.073622822761535645e-01 8.115519285202026367e-01 6.941409111022949219e-01 8.890813589096069336e-01 7.385616302490234375e-01 8.134869337081909180e-01 1.030665755271911621e+00 6.456452608108520508e-01 5.030384063720703125e-01
4.112632870674133301e-01 5.836744904518127441e-01 2.312458902597427368e-01 6.052666902542114258e-01 6.476697325706481934e-01 3.170692920684814453e-01 1.542243063449859619e-01 5.642362833023071289e-01 5.945354700088500977e-01 3.157241344451904297e-01 3.153905868530273438e-01 2.823038399219512939e-01 4.032270014286041260e-01 3.953481912612915039e-01 7.273452281951904297e-01 6.604451537132263184e-01 1.282177925109863281e+00 8.315058350563049316e-01 1.028033018112182617e+00 9.077172279357910156e-01
6.090645194053649902e-01 2.067140787839889526e-01 2.921596169471740723e-01 2.415698617696762085e-01 6.710720062255859375e-02 6.362758874893188477e-01 3.592089414596557617e-01 2.371852099895477295e-01 3.104707002639770508e-01 2.646567523479461670e-01 3.698161244392395020e-01 3.649280369281768799e-01 7.241231203079223633e-01 7.571299076080322266e-01 3.825404047966003418e-01 7.159525156021118164e-01 9.710679054260253906e-01 8.476363420486450195e-01 5.578175783157348633e-01 6.780877113342285156e-01
2.662272751331329346e-01 1.940961480140686035e-01 4.788440465927124023e-01 3.240568935871124268e-01 4.493128657341003418e-01 3.214713037014007568e-01 2.691946029663085938e-01 5.825623273849487305e-01 1.570560932159423828e-01 3.428087234497070312e-01 2.282603234052658081e-01 2.580919861793518066e-01 6.434748172760009766e-01 3.094532191753387451e-01 5.055959820747375488e-01 7.479395270347595215e-01 4.112192094326019287e-01 5.212726593017578125e-01 1.340370416641235352e+00 7.858700156211853027e-01
3.619993925094604492e-01 3.887858092784881592e-01 4.811429977416992188e-01 4.175270795822143555e-01 1.788945198059082031e-01 1.446781158447265625e-01 5.239961147308349609e-01 5.071385502815246582e-01 3.885326981544494629e-01 1.909790337085723877e-01 3.655321002006530762e-01 2.723562121391296387e-01 6.038941144943237305e-01 3.861543536186218262e-01 5.674988031387329102e-01 7.431193590164184570e-01 5.606450438499450684e-01 4.287194013595581055e-01 7.293863296508789062e-01 7.237636446952819824e-01
5.072234869003295898e-01 3.327400684356689453e-01 2.739924788475036621e-01 3.056765496730804443e-01 4.471454024314880371e-01 1.877514123916625977e-01 3.587342500686645508e-01 4.291433095932006836e-01 2.255594581365585327e-01 3.838258683681488037e-01 3.075517714023590088e-01 2.427643686532974243e-01 5.708007812500000000e-01 4.122717380523681641e-01 2.892571389675140381e-01 4.525379240512847900e-01 4.283522367477416992e-01 9.930597543716430664e-01 3.518126606941223145e-01 7.411193847656250000e-01
3.859086632728576660e-01 3.647933900356292725e-01 1.854046732187271118e-01 3.785303831100463867e-01 5.778591632843017578e-01 3.108870983123779297e-01 2.725615501403808594e-01 2.522758841514587402e-01 4.712572097778320312e-01 2.100816518068313599e-01 3.636498451232910156e-01 3.398754298686981201e-01 6.963188648223876953e-01 2.448349297046661377e-01 2.373226583003997803e-01 3.281809389591217041e-01 6.406803131103515625e-01 7.404639720916748047e-01 4.749338328838348389e-01 2.742379903793334961e-01
4.635902047157287598e-01 6.370336413383483887e-01 4.058181047439575195e-01 3.109911978244781494e-01 4.170322716236114502e-01 6.510626077651977539e-01 2.267531305551528931e-01 3.356941342353820801e-01 3.357908129692077637e-01 4.896050095558166504e-01 4.321678876876831055e-01 3.857846558094024658e-01 3.643332719802856445e-01 4.672837853431701660e-01 2.933050692081451416e-01 5.381282567977905273e-01 4.500067830085754395e-01 3.864622712135314941e-01 6.876673698425292969e-01 6.424647569656372070e-01
1.809537708759307861e-01 4.905931949615478516e-01 2.669032514095306396e-01 5.989854931831359863e-01 3.565043807029724121e-01 3.368978500366210938e-01 4.576457738876342773e-01 7.866108417510986328e-01 6.402055025100708008e-01 1.493894457817077637e-01 3.528021275997161865e-01 1.846465766429901123e-01 2.262711822986602783e-01 3.613046407699584961e-01 3.105508089065551758e-01 2.542673945426940918e-01 3.024271428585052490e-01 5.832666158676147461e-01 4.385448098182678223e-01 6.195876598358154297e-01
2.577186226844787598e-01 4.613138437271118164e-01 2.749757766723632812e-01 4.863469600677490234e-01 3.474884033203125000e-01 3.544614911079406738e-01 5.407671332359313965e-01 2.417338788509368896e-01 3.510096669197082520e-01 5.834490060806274414e-01 4.489849209785461426e-01 3.492485880851745605e-01 4.721139669418334961e-01 4.453598856925964355e-01 1.920944452285766602e-01 3.747199475765228271e-01 4.660301208496093750e-01 3.887147307395935059e-01 5.078409910202026367e-01 3.397725522518157959e-01
5.618274807929992676e-01 3.769494295120239258e-01 4.269025623798370361e-01 6.985486149787902832e-01 6.108886003494262695e-01 3.981388807296752930e-01 3.544762730598449707e-01 4.086364507675170898e-01 8.255480527877807617e-01 2.377961874008178711e-01 3.706230521202087402e-01 3.330057561397552490e-01 4.318271279335021973e-01 3.516599535942077637e-01 2.724936008453369141e-01 3.478097915649414062e-01 4.055589437484741211e-01 6.163223385810852051e-01 4.551799297332763672e-01 4.762679934501647949e-01
3.150536417961120605e-01 5.529398918151855469e-01 4.487738013267517090e-01 5.841624736785888672e-01 7.946873903274536133e-01 3.604796230792999268e-01 6.747115254402160645e-01 2.750810384750366211e-01 4.125185608863830566e-01 4.789333343505859375e-01 2.251991480588912964e-01 1.576612889766693115e-01 3.540822565555572510e-01 2.725243866443634033e-01 4.687758684158325195e-01 3.337589502334594727e-01 4.305570721626281738e-01 3.995707035064697266e-01 3.660886883735656738e-01 7.213387489318847656e-01
4.676653742790222168e-01 4.643319249153137207e-01 4.072912931442260742e-01 5.690889358520507812e-01 5.412100553512573242e-01 3.495390415191650391e-01 4.510583877563476562e-01 7.192016839981079102e-01 3.975308835506439209e-01 4.397617876529693604e-01 3.524867296218872070e-01 3.676513731479644775e-01 2.565217018127441406e-01 2.499155849218368530e-01 1.542288661003112793e-01 2.083784639835357666e-01 2.589393258094787598e-01 3.163796067237854004e-01 5.250021219253540039e-01 1.478853672742843628e-01
3.081060945987701416e-01 5.920870900154113770e-01 3.470641672611236572e-01 7.263412475585937500e-01 5.476421117782592773e-01 3.579058051109313965e-01 3.768262267112731934e-01 2.725010514259338379e-01 5.933085083961486816e-01 5.050953626632690430e-01 2.928794622421264648e-01 3.972395062446594238e-01 4.081120193004608154e-01 4.314259886741638184e-01 4.278500080108642578e-01 2.033803313970565796e-01 2.684743106365203857e-01 2.455787658691406250e-01 2.578288316726684570e-01 3.198585808277130127e-01
3.724591732025146484e-01 2.861288785934448242e-01 5.607573986053466797e-01 4.586847424507141113e-01 2.964133024215698242e-01 3.397303223609924316e-01 4.769000113010406494e-01 4.105326533317565918e-01 4.721892476081848145e-01 3.536433577537536621e-01 6.288385391235351562e-01 5.361266136169433594e-01 3.091644644737243652e-01 3.690507411956787109e-01 1.896593272686004639e-01 1.323905587196350098e-01 2.344437837600708008e-01 3.932723402976989746e-01 3.203317224979400635e-01 2.933416962623596191e-01
3.190888762474060059e-01 2.282486855983734131e-01 4.110175371170043945e-01 3.592088818550109863e-01 3.955944776535034180e-01 3.936984837055206299e-01 3.420078158378601074e-01 4.716736078262329102e-01 5.592268109321594238e-01 5.783312320709228516e-01 5.047535300254821777e-01 5.993033647537231445e-01 2.250960171222686768e-01 3.225979804992675781e-01 4.800864458084106445e-01 4.726802110671997070e-01 2.154496461153030396e-01 3.132565617561340332e-01 3.768080174922943115e-01 3.955901265144348145e-01
