2018-07-25 12:00:00
7.864739298820495605e-01 9.427628517150878906e-01 6.362403035163879395e-01 6.698521375656127930e-01 9.657701253890991211e-01 9.424918889999389648e-01 1.366080880165100098e+00 1.122981071472167969e+00 1.192432880401611328e+00 1.265620827674865723e+00 5.526331067085266113e-01 1.164765357971191406e+00 1.448569774627685547e+00 1.534737348556518555e+00 1.567945599555969238e+00 9.188882708549499512e-01 1.663909196853637695e+00 8.964021801948547363e-01 1.870070815086364746e+00 1.307343959808349609e+00
1.087835550308227539e+00 1.265357494354248047e+00 6.952468752861022949e-01 6.538772583007812500e-01 1.463974952697753906e+00 9.269219636917114258e-01 1.160283565521240234e+00 1.195937275886535645e+00 1.528674006462097168e+00 9.246251583099365234e-01 1.002564907073974609e+00 1.534535884857177734e+00 1.260606765747070312e+00 1.360066890716552734e+00 1.851657629013061523e+00 2.368842601776123047e+00 9.329854846000671387e-01 1.734169960021972656e+00 1.712155818939208984e+00 2.160506010055541992e+00
8.656474947929382324e-01 8.153721690177917480e-01 3.833239674568176270e-01 5.930134654045104980e-01 3.806673288345336914e-01 6.801358461380004883e-01 7.313324213027954102e-01 5.848042368888854980e-01 8.532039523124694824e-01 7.830672264099121094e-01 7.948796749114990234e-01 1.266453623771667480e+00 1.661170244216918945e+00 1.230543732643127441e+00 8.263621330261230469e-01 7.830002903938293457e-01 1.519479036331176758e+00 2.212470769882202148e+00 7.490580677986145020e-01 1.465795159339904785e+00
1.905585825443267822e-01 6.410393714904785156e-01 6.732847690582275391e-01 7.472229003906250000e-01 8.303765654563903809e-01 7.751573324203491211e-01 9.961096048355102539e-01 8.345022797584533691e-01 8.352560997009277344e-01 8.197793960571289062e-01 5.350180268287658691e-01 1.794052124023437500e+00 5.674898624420166016e-01 9.131387472152709961e-01 1.302667140960693359e+00 1.377052307128906250e+00 1.481168508529663086e+00 1.169331312179565430e+00 1.658519268035888672e+00 1.212054967880249023e+00
5.838398933410644531e-01 6.854255199432373047e-01 9.842252731323242188e-01 9.609389305114746094e-01 7.360610961914062500e-01 9.340294599533081055e-01 5.611658096313476562e-01 9.791617989540100098e-01 9.322301745414733887e-01 9.992725849151611328e-01 1.600980520248413086e+00 1.264741301536560059e+00 1.373455047607421875e+00 1.871310949325561523e+00 1.351477265357971191e+00 1.025657534599304199e+00 1.697012662887573242e+00 1.208496093750000000e+00 1.057427644729614258e+00 1.678908705711364746e+00
1.173102855682373047e+00 8.796302080154418945e-01 7.979325056076049805e-01 8.401565551757812500e-01 1.372984170913696289e+00 8.094415664672851562e-01 7.665305137634277344e-01 6.113744378089904785e-01 1.163674831390380859e+00 8.170689940452575684e-01 1.607265949249267578e+00 1.812151432037353516e+00 1.039922237396240234e+00 1.281699776649475098e+00 1.851139187812805176e+00 1.338389396667480469e+00 1.410415768623352051e+00 1.888646125793457031e+00 1.282074689865112305e+00 9.378169178962707520e-01
1.251566410064697266e+00 1.456754922866821289e+00 7.786533832550048828e-01 5.133868455886840820e-01 6.551779508590698242e-01 6.394119262695312500e-01 8.075337409973144531e-01 9.069708585739135742e-01 9.872546792030334473e-01 1.114861249923706055e+00 9.925851821899414062e-01 1.635747313499450684e+00 1.462662696838378906e+00 1.059338331222534180e+00 1.658165216445922852e+00 6.598014235496520996e-01 9.012449979782104492e-01 1.739396214485168457e+00 2.167741775512695312e+00 1.287103295326232910e+00
8.795254826545715332e-01 9.300018548965454102e-01 7.842131853103637695e-01 1.128800630569458008e+00 8.709067702293395996e-01 6.204404830932617188e-01 1.063733220100402832e+00 1.183504343032836914e+00 7.771651744842529297e-01 1.385276317596435547e+00 8.114067316055297852e-01 6.509879827499389648e-01 1.789769768714904785e+00 1.108519315719604492e+00 1.402668595314025879e+00 2.029438495635986328e+00 1.585704565048217773e+00 1.741887688636779785e+00 7.230800390243530273e-01 1.737552165985107422e+00
1.448571681976318359e+00 9.132151603698730469e-01 7.690474987030029297e-01 7.400969266891479492e-01 6.532751321792602539e-01 5.571745038032531738e-01 8.419734239578247070e-01 5.946208834648132324e-01 9.160460829734802246e-01 1.123724460601806641e+00 1.356451749801635742e+00 1.226016044616699219e+00 1.171969771385192871e+00 1.901227712631225586e+00 1.152208805084228516e+00 2.174861192703247070e+00 1.551062107086181641e+00 2.216286897659301758e+00 1.503551244735717773e+00 1.992964506149291992e+00
1.241727590560913086e+00 1.250041484832763672e+00 1.193278551101684570e+00 8.246376514434814453e-01 7.763654589653015137e-01 7.138727903366088867e-01 6.279690861701965332e-01 9.535555839538574219e-01 8.714867830276489258e-01 6.706686019897460938e-01 1.049380779266357422e+00 1.418951749801635742e+00 1.255582332611083984e+00 1.408874750137329102e+00 1.671429157257080078e+00 1.986158132553100586e+00 1.185772418975830078e+00 1.932941675186157227e+00 2.304446697235107422e+00 1.514348030090332031e+00
1.353340864181518555e+00 1.314612865447998047e+00 9.292127490043640137e-01 1.072904229164123535e+00 1.154646992683410645e+00 8.738566040992736816e-01 7.765482664108276367e-01 3.840210139751434326e-01 1.020510673522949219e+00 1.161652565002441406e+00 1.045221328735351562e+00 7.501969337463378906e-01 1.251609802246093750e+00 1.651066541671752930e+00 1.226564049720764160e+00 1.656394600868225098e+00 1.626001477241516113e+00 1.729957580566406250e+00 1.202412366867065430e+00 2.326184749603271484e+00
1.431663990020751953e+00 1.139793038368225098e+00 1.427394866943359375e+00 1.293879270553588867e+00 9.616819620132446289e-01 1.073494195938110352e+00 9.774050712585449219e-01 5.932710170745849609e-01 9.199237823486328125e-01 9.190981388092041016e-01 9.426262974739074707e-01 8.490414619445800781e-01 1.124111175537109375e+00 1.101268529891967773e+00 9.471967220306396484e-01 1.121340274810791016e+00 2.185006856918334961e+00 1.915741205215454102e+00 1.949156641960144043e+00 3.548848867416381836e+00
1.657433986663818359e+00 1.971166968345642090e+00 1.293692827224731445e+00 1.115311145782470703e+00 1.387725114822387695e+00 1.335838079452514648e+00 9.204020500183105469e-01 9.756017923355102539e-01 9.613956809043884277e-01 1.040510773658752441e+00 9.462158679962158203e-01 1.106046676635742188e+00 1.335584521293640137e+00 1.358522772789001465e+00 1.816272020339965820e+00 2.016182422637939453e+00 2.407974958419799805e+00 1.965752005577087402e+00 1.947085857391357422e+00 1.685541272163391113e+00
1.339771270751953125e+00 1.084100246429443359e+00 1.753619432449340820e+00 1.639250993728637695e+00 8.991267681121826172e-01 9.354070425033569336e-01 6.387234330177307129e-01 6.541894674301147461e-01 1.009558320045471191e+00 9.624735116958618164e-01 7.762296199798583984e-01 9.017439484596252441e-01 1.042270302772521973e+00 1.498245716094970703e+00 1.154367208480834961e+00 1.645412445068359375e+00 1.703942418098449707e+00 1.396568059921264648e+00 1.495063781738281250e+00 1.700193881988525391e+00
1.244286775588989258e+00 1.309953689575195312e+00 1.376435279846191406e+00 2.069219350814819336e+00 1.164079904556274414e+00 9.239113330841064453e-01 7.675740122795104980e-01 6.712458133697509766e-01 7.197097539901733398e-01 7.353218793869018555e-01 7.880446910858154297e-01 1.019027948379516602e+00 1.048213601112365723e+00 1.664710640907287598e+00 1.402170181274414062e+00 1.811395287513732910e+00 1.395460844039916992e+00 1.373161673545837402e+00 2.692588329315185547e+00 1.730745553970336914e+00
1.046632051467895508e+00 1.976919293403625488e+00 1.943487167358398438e+00 1.494155645370483398e+00 1.086963415145874023e+00 1.285735487937927246e+00 1.004692912101745605e+00 5.955300927162170410e-01 6.469275951385498047e-01 7.863857746124267578e-01 1.077512979507446289e+00 1.207305908203125000e+00 1.424623250961303711e+00 1.441222906112670898e+00 1.847443103790283203e+00 1.634351491928100586e+00 8.788999319076538086e-01 1.387646436691284180e+00 9.451876282691955566e-01 1.184816956520080566e+00
1.557787299156188965e+00 1.179936408996582031e+00 1.372206807136535645e+00 1.588627099990844727e+00 8.467691540718078613e-01 9.487835168838500977e-01 9.213017225265502930e-01 1.017224550247192383e+00 6.989824771881103516e-01 1.004465579986572266e+00 9.979888200759887695e-01 1.857552886009216309e+00 2.177145957946777344e+00 1.637516617774963379e+00 1.516874790191650391e+00 1.172986030578613281e+00 1.327219247817993164e+00 1.617585778236389160e+00 1.583628654479980469e+00 1.822104454040527344e+00
1.835758209228515625e+00 1.340706229209899902e+00 1.314948797225952148e+00 1.026736497879028320e+00 9.773867726325988770e-01 9.179388880729675293e-01 8.193140029907226562e-01 9.812523722648620605e-01 1.306008934974670410e+00 8.736212253570556641e-01 1.602824926376342773e+00 1.526293516159057617e+00 1.353968024253845215e+00 9.660000205039978027e-01 1.065963745117187500e+00 1.065733790397644043e+00 1.893423318862915039e+00 1.188452243804931641e+00 1.769065380096435547e+00 1.232733011245727539e+00
1.557355523109436035e+00 6.507186293601989746e-01 1.544571042060852051e+00 1.429466247558593750e+00 1.028033018112182617e+00 8.689872026443481445e-01 8.216006159782409668e-01 8.236186504364013672e-01 8.780806064605712891e-01 6.219635009765625000e-01 1.471387386322021484e+00 1.208575606346130371e+00 1.277522087097167969e+00 1.379385590553283691e+00 1.073055982589721680e+00 1.752759933471679688e+00 1.590306282043457031e+00 1.076681613922119141e+00 1.218689322471618652e+00 1.141707777976989746e+00
1.238224864006042480e+00 1.805428743362426758e+00 1.354933261871337891e+00 1.212370634078979492e+00 9.832326173782348633e-01 9.443273544311523438e-01 1.401498198509216309e+00 9.152504205703735352e-01 9.631007909774780273e-01 9.291556477546691895e-01 7.516409158706665039e-01 9.955452680587768555e-01 7.785663604736328125e-01 1.020026087760925293e+00 2.114329576492309570e+00 9.485602378845214844e-01 8.935276269912719727e-01 1.495273947715759277e+00 1.533947706222534180e+00 2.019364356994628906e+00
