2018-07-25 12:15:00
3.418243527412414551e-01 3.323609232902526855e-01 5.871351957321166992e-01 3.157355785369873047e-01 3.778852224349975586e-01 6.887723803520202637e-01 5.950304269790649414e-01 6.931726932525634766e-01 3.249196112155914307e-01 6.413878202438354492e-01 6.921257972717285156e-01 5.993512868881225586e-01 8.319306373596191406e-01 5.377396941184997559e-01 6.279574036598205566e-01 8.375382423400878906e-01 5.803850293159484863e-01 3.767963349819183350e-01 6.485098600387573242e-01 4.991073310375213623e-01
3.866798877716064453e-01 5.892460346221923828e-01 1.138522252440452576e-01 3.963847458362579346e-01 2.487255036830902100e-01 1.451345682144165039e-01 5.696238875389099121e-01 6.133458018302917480e-01 9.669528007507324219e-01 5.721413493156433105e-01 9.291275143623352051e-01 5.727124214172363281e-01 8.644932508468627930e-01 5.959499478340148926e-01 7.937456965446472168e-01 1.062523722648620605e+00 5.658986568450927734e-01 2.870441675186157227e-01 3.795003294944763184e-01 7.511373758316040039e-01
2.924226820468902588e-01 3.857887983322143555e-01 3.437634110450744629e-01 2.354080528020858765e-01 4.199270904064178467e-01 5.077782273292541504e-01 5.533933639526367188e-01 4.852457046508789062e-01 5.761651992797851562e-01 5.465538501739501953e-01 1.177572250366210938e+00 7.876735925674438477e-01 9.134278893470764160e-01 3.965855836868286133e-01 4.730221033096313477e-01 8.430161476135253906e-01 5.378420948982238770e-01 2.841309607028961182e-01 7.614964842796325684e-01 3.816736936569213867e-01
4.166267514228820801e-01 4.660651087760925293e-01 1.062110066413879395e-01 3.468911051750183105e-01 2.998670339584350586e-01 5.423392057418823242e-01 7.446839809417724609e-01 7.163647413253784180e-01 9.947371482849121094e-01 5.365250110626220703e-01 7.625068426132202148e-01 9.557050466537475586e-01 7.455523014068603516e-01 6.921880245208740234e-01 6.246458888053894043e-01 1.139031648635864258e+00 5.095818638801574707e-01 4.564623236656188965e-01 8.080413341522216797e-01 5.269938707351684570e-01
1.235516816377639771e-01 2.192912548780441284e-01 2.948446273803710938e-01 2.648494839668273926e-01 4.468265175819396973e-01 6.049320101737976074e-01 5.521225929260253906e-01 3.714476823806762695e-01 7.220083475112915039e-01 6.202504634857177734e-01 3.538643121719360352e-01 1.131399154663085938e+00 6.748650074005126953e-01 8.819164633750915527e-01 7.619720101356506348e-01 5.507860779762268066e-01 6.511881947517395020e-01 1.001687526702880859e+00 9.167420864105224609e-01 6.698569655418395996e-01
1.659620702266693115e-01 2.835519611835479736e-01 8.972252160310745239e-02 2.460028380155563354e-01 3.503428697586059570e-01 4.455198645591735840e-01 3.278793990612030029e-01 8.077236413955688477e-01 5.710334777832031250e-01 9.614892005920410156e-01 1.051970481872558594e+00 8.063974976539611816e-01 7.722678184509277344e-01 9.254070520401000977e-01 9.418101310729980469e-01 7.486445903778076172e-01 5.263364315032958984e-01 4.988915920257568359e-01 3.868134319782257080e-01 6.184740066528320312e-01
3.626038432121276855e-01 4.667890965938568115e-01 1.441960632801055908e-01 3.065390884876251221e-01 3.889978528022766113e-01 5.346447825431823730e-01 3.838797807693481445e-01 5.488088130950927734e-01 5.748014450073242188e-01 1.114345550537109375e+00 6.317287683486938477e-01 6.006599664688110352e-01 3.718876540660858154e-01 6.523921489715576172e-01 5.981161594390869141e-01 6.108007431030273438e-01 1.129935741424560547e+00 1.153223514556884766e+00 4.184749126434326172e-01 4.756970405578613281e-01
1.583243608474731445e-01 3.479545712471008301e-01 1.285515427589416504e-01 1.606393158435821533e-01 3.126650750637054443e-01 3.046380877494812012e-01 2.099586278200149536e-01 4.184600710868835449e-01 3.835908174514770508e-01 5.564011335372924805e-01 7.533255815505981445e-01 7.385545372962951660e-01 4.185402691364288330e-01 7.093905806541442871e-01 7.065030336380004883e-01 6.886102557182312012e-01 1.053605556488037109e+00 6.991351246833801270e-01 4.418832063674926758e-01 5.666530132293701172e-01
3.634711802005767822e-01 2.097086757421493530e-01 2.185619473457336426e-01 2.638632059097290039e-01 3.311749696731567383e-01 1.976073235273361206e-01 4.775294065475463867e-01 6.999282836914062500e-01 4.756280779838562012e-01 3.455913066864013672e-01 3.722637891769409180e-01 3.045105934143066406e-01 6.560620665550231934e-01 5.676409006118774414e-01 4.446519017219543457e-01 5.750101804733276367e-01 4.398022890090942383e-01 3.486320376396179199e-01 5.192155838012695312e-01 5.157730579376220703e-01
4.026649296283721924e-01 4.371175169944763184e-01 2.546491026878356934e-01 2.507200539112091064e-01 1.633176505565643311e-01 2.724424600601196289e-01 2.474380135536193848e-01 3.105207979679107666e-01 6.387516260147094727e-01 9.122822284698486328e-01 6.398829817771911621e-01 4.657476246356964111e-01 6.505737900733947754e-01 2.507539391517639160e-01 4.328196346759796143e-01 5.868092775344848633e-01 6.638813018798828125e-01 6.365480422973632812e-01 5.427378416061401367e-01 2.849188446998596191e-01
2.409153729677200317e-01 3.260606527328491211e-01 2.105287611484527588e-01 3.704150915145874023e-01 4.133859574794769287e-01 2.880220413208007812e-01 3.682428300380706787e-01 2.929005622863769531e-01 3.073827624320983887e-01 3.531486093997955322e-01 3.307267725467681885e-01 2.238551527261734009e-01 1.651262491941452026e-01 3.080495297908782959e-01 1.880645602941513062e-01 3.970180749893188477e-01 4.813242852687835693e-01 2.929116785526275635e-01 5.077002048492431641e-01 3.404720723628997803e-01
5.495297312736511230e-01 4.685523808002471924e-01 1.428451538085937500e-01 1.751541197299957275e-01 1.892206668853759766e-01 3.397987782955169678e-01 3.589388430118560791e-01 4.129566550254821777e-01 9.686036407947540283e-02 3.541015386581420898e-01 3.812889456748962402e-01 2.313962131738662720e-01 1.954190135002136230e-01 4.234727025032043457e-01 1.214884966611862183e-01 5.289334058761596680e-01 2.708597481250762939e-01 1.000286713242530823e-01 5.341157913208007812e-01 2.708805203437805176e-01
6.549971103668212891e-01 3.025629520416259766e-01 2.126866132020950317e-01 3.369643390178680420e-01 2.713824808597564697e-01 4.585011005401611328e-01 2.892897129058837891e-01 3.012820482254028320e-01 2.238279581069946289e-01 3.269230723381042480e-01 2.589615285396575928e-01 1.878996491432189941e-01 4.891161024570465088e-01 2.604610323905944824e-01 1.289408206939697266e-01 5.014901980757713318e-02 2.478778511285781860e-01 4.839186072349548340e-01 3.754934370517730713e-01 3.532721698284149170e-01
4.738982319831848145e-01 4.153312146663665771e-01 2.807235419750213623e-01 2.359581291675567627e-01 2.733961343765258789e-01 4.600514173507690430e-01 2.136441171169281006e-01 2.058747261762619019e-01 1.378305107355117798e-01 2.578673064708709717e-01 3.328273892402648926e-01 1.137382835149765015e-01 3.116186261177062988e-01 1.952421665191650391e-01 1.672284156084060669e-01 3.010063469409942627e-01 3.866502940654754639e-01 3.165665268898010254e-01 1.713642179965972900e-01 2.097228169441223145e-01
4.369083642959594727e-01 2.607656121253967285e-01 1.151458248496055603e-01 3.048714399337768555e-01 3.307293951511383057e-01 1.669520437717437744e-01 2.018956542015075684e-01 4.097353816032409668e-01 1.424220353364944458e-01 1.560025811195373535e-01 3.110978007316589355e-01 2.017316818237304688e-01 2.270042300224304199e-01 1.511282622814178467e-01 1.166325062513351440e-01 1.943193674087524414e-01 3.434877991676330566e-01 3.799348175525665283e-01 3.633651137351989746e-01 4.410814046859741211e-01
2.972682118415832520e-01 3.269608020782470703e-01 3.107927143573760986e-01 4.632185101509094238e-01 1.478167176246643066e-01 2.169638723134994507e-01 4.685521721839904785e-01 2.546865344047546387e-01 2.657531797885894775e-01 2.724385857582092285e-01 1.646386981010437012e-01 4.128699898719787598e-01 2.260656654834747314e-01 2.304460108280181885e-01 2.753906250000000000e-01 2.263336330652236938e-01 2.470714151859283447e-01 4.167258739471435547e-01 4.003003239631652832e-01 5.243311524391174316e-01
2.085656523704528809e-01 1.814678311347961426e-01 3.188598155975341797e-01 3.953140974044799805e-01 7.040672302246093750e-01 3.503484129905700684e-01 4.463873207569122314e-01 4.170041084289550781e-01 2.757860422134399414e-01 1.658363938331604004e-01 2.178083956241607666e-01 2.112238109111785889e-01 1.938796788454055786e-01 2.009159624576568604e-01 3.110384643077850342e-01 2.849681973457336426e-01 3.823989629745483398e-01 2.349953204393386841e-01 4.704126715660095215e-01 1.278046667575836182e-01
5.516161918640136719e-01 3.114705085754394531e-01 5.112230777740478516e-01 2.499855309724807739e-01 2.168261557817459106e-01 1.184613257646560669e-01 3.600098192691802979e-01 4.092607498168945312e-01 1.646583676338195801e-01 1.262189000844955444e-01 1.702353656291961670e-01 2.491115927696228027e-01 1.238675191998481750e-01 3.959531486034393311e-01 1.218761429190635681e-01 2.698009014129638672e-01 2.606849670410156250e-01 2.819924354553222656e-01 1.640000045299530029e-01 2.551017701625823975e-01
4.234501123428344727e-01 2.247456610202789307e-01 3.082333803176879883e-01 5.802456140518188477e-01 3.382061719894409180e-01 3.694513738155364990e-01 1.835357546806335449e-01 1.532446742057800293e-01 3.673067092895507812e-01 3.552970290184020996e-01 3.418254256248474121e-01 1.428115516901016235e-01 3.254529833793640137e-01 5.587930083274841309e-01 1.963410973548889160e-01 2.751807570457458496e-01 2.043155133724212646e-01 2.967313826084136963e-01 2.619020938873291016e-01 6.054449081420898438e-01
4.779496490955352783e-01 3.629511594772338867e-01 2.013479173183441162e-01 3.544856309890747070e-01 2.166020572185516357e-01 2.210699319839477539e-01 4.457699656486511230e-01 4.774684309959411621e-01 1.425189077854156494e-01 2.466754019260406494e-01 2.830743193626403809e-01 3.397178649902343750e-01 6.581101417541503906e-01 4.445052742958068848e-01 2.396263480186462402e-01 3.185834288597106934e-01 2.979958355426788330e-01 2.336757332086563110e-01 5.110956430435180664e-01 3.609011769294738770e-01
