2018-07-25 01:15:00
5.064263343811035156e-01 4.051764011383056641e-01 4.977729916572570801e-01 4.264863729476928711e-01 3.133779764175415039e-01 1.548405885696411133e-01 5.906653404235839844e-01 3.309984505176544189e-01 4.067375659942626953e-01 5.073390007019042969e-01 3.867104053497314453e-01 3.570663332939147949e-01 5.814533233642578125e-01 6.681353449821472168e-01 6.605323553085327148e-01 4.309414029121398926e-01 6.222173571586608887e-01 6.626386642456054688e-01 4.745182394981384277e-01 5.982691049575805664e-01
5.280929207801818848e-01 5.278884172439575195e-01 6.057718992233276367e-01 4.534375369548797607e-01 1.627193093299865723e-01 1.991036981344223022e-01 1.365033090114593506e-01 3.730877637863159180e-01 2.290719896554946899e-01 2.979654371738433838e-01 3.979721069335937500e-01 4.712947607040405273e-01 4.819867014884948730e-01 5.026681423187255859e-01 5.305783152580261230e-01 7.662643194198608398e-01 5.558006763458251953e-01 4.951262176036834717e-01 3.939729034900665283e-01 7.346494197845458984e-01
3.929343223571777344e-01 4.296308755874633789e-01 4.378404617309570312e-01 4.391906261444091797e-01 3.494146168231964111e-01 4.082570374011993408e-01 1.571860015392303467e-01 2.397538125514984131e-01 2.396650761365890503e-01 1.554084420204162598e-01 1.092976257205009460e-01 4.690894782543182373e-01 3.789896965026855469e-01 3.851358294486999512e-01 4.022397696971893311e-01 6.529300212860107422e-01 5.808713436126708984e-01 6.691883206367492676e-01 5.692465305328369141e-01 8.444639444351196289e-01
2.298830747604370117e-01 4.035181999206542969e-01 7.709801197052001953e-01 5.253562927246093750e-01 2.337310016155242920e-01 2.591976523399353027e-01 2.603417634963989258e-01 1.729212403297424316e-01 2.854719758033752441e-01 5.186187624931335449e-01 5.054221153259277344e-01 3.352174460887908936e-01 3.663501143455505371e-01 5.628846287727355957e-01 7.259302139282226562e-01 6.383094787597656250e-01 4.361104369163513184e-01 5.021715760231018066e-01 5.768350958824157715e-01 5.542183518409729004e-01
3.178765177726745605e-01 3.168137073516845703e-01 1.041926443576812744e-01 3.834379911422729492e-01 1.594881564378738403e-01 1.485227495431900024e-01 2.130762189626693726e-01 2.289849370718002319e-01 2.274373620748519897e-01 5.321036577224731445e-01 7.503935694694519043e-01 5.392548441886901855e-01 4.258701801300048828e-01 4.791043400764465332e-01 4.490534961223602295e-01 7.278777956962585449e-01 9.372600913047790527e-01 4.968934059143066406e-01 5.716879963874816895e-01 7.334754467010498047e-01
3.578478693962097168e-01 4.522047340869903564e-01 3.246071934700012207e-01 4.160321354866027832e-01 2.392382919788360596e-01 3.219524919986724854e-01 3.156781792640686035e-01 6.353712081909179688e-01 5.393657684326171875e-01 3.126087784767150879e-01 3.072708547115325928e-01 5.090896487236022949e-01 2.097451090812683105e-01 6.731765866279602051e-01 4.654162824153900146e-01 4.751221537590026855e-01 6.567557454109191895e-01 5.443217754364013672e-01 7.418359518051147461e-01 3.915746212005615234e-01
4.639333188533782959e-01 4.881248474121093750e-01 2.724412679672241211e-01 4.678512215614318848e-01 8.402075171470642090e-01 5.044432878494262695e-01 4.560940861701965332e-01 4.199713170528411865e-01 3.519633412361145020e-01 2.491904944181442261e-01 2.870492935180664062e-01 5.158132314682006836e-01 3.987841606140136719e-01 3.811987042427062988e-01 5.797789096832275391e-01 6.478264331817626953e-01 1.113785862922668457e+00 6.779438257217407227e-01 5.471045374870300293e-01 2.078549712896347046e-01
3.881755769252777100e-01 3.336872458457946777e-01 2.803207039833068848e-01 2.825648486614227295e-01 3.246927857398986816e-01 2.852758765220642090e-01 2.423103749752044678e-01 3.530585169792175293e-01 1.929641962051391602e-01 2.687643468379974365e-01 2.709017097949981689e-01 2.863655686378479004e-01 5.763953924179077148e-01 6.083786487579345703e-01 2.254156768321990967e-01 5.405728816986083984e-01 4.853377640247344971e-01 3.910095989704132080e-01 5.733548402786254883e-01 5.246976613998413086e-01
1.710312664508819580e-01 1.949438154697418213e-01 1.665556132793426514e-01 2.517473399639129639e-01 3.414623737335205078e-01 2.447864115238189697e-01 2.410358190536499023e-01 4.188501238822937012e-01 3.825499117374420166e-01 3.158314228057861328e-01 5.733603239059448242e-01 2.737877368927001953e-01 4.836744666099548340e-01 4.426724314689636230e-01 5.282490253448486328e-01 5.930834412574768066e-01 2.452293634414672852e-01 5.327798724174499512e-01 3.562073111534118652e-01 7.122682332992553711e-01
2.414431869983673096e-01 4.522611200809478760e-01 2.615649700164794922e-01 4.284377098083496094e-01 4.301967024803161621e-01 3.271201848983764648e-01 2.380625605583190918e-01 3.710605502128601074e-01 4.144787490367889404e-01 4.285708069801330566e-01 4.364657998085021973e-01 2.854821085929870605e-01 2.876223921775817871e-01 3.448517918586730957e-01 3.409008979797363281e-01 5.280610918998718262e-01 3.643181920051574707e-01 7.785266637802124023e-01 4.628342092037200928e-01 5.298551321029663086e-01
3.392035961151123047e-01 3.550387024879455566e-01 3.243451118469238281e-01 2.169760465621948242e-01 5.025621652603149414e-01 3.758323788642883301e-01 3.152075409889221191e-01 3.916173577308654785e-01 2.390913963317871094e-01 2.639383077621459961e-01 4.323953986167907715e-01 3.566606640815734863e-01 4.543028473854064941e-01 4.145856797695159912e-01 2.861990928649902344e-01 2.551505565643310547e-01 5.362288951873779297e-01 4.342434406280517578e-01 5.299068689346313477e-01 4.380711913108825684e-01
2.008313834667205811e-01 1.978900134563446045e-01 2.856863439083099365e-01 3.688217997550964355e-01 4.220491051673889160e-01 2.472455650568008423e-01 3.405533432960510254e-01 2.403891384601593018e-01 3.374759554862976074e-01 3.750357925891876221e-01 3.285588026046752930e-01 2.231163233518600464e-01 4.565373063087463379e-01 2.697816491127014160e-01 3.919705152511596680e-01 2.960458099842071533e-01 3.452875614166259766e-01 5.324838161468505859e-01 3.142875134944915771e-01 2.834522128105163574e-01
2.882577478885650635e-01 2.358477711677551270e-01 2.177250385284423828e-01 3.450231552124023438e-01 4.391334056854248047e-01 5.812470316886901855e-01 2.882840633392333984e-01 3.359881639480590820e-01 2.841734886169433594e-01 5.186576843261718750e-01 2.976482808589935303e-01 2.567622959613800049e-01 3.830552697181701660e-01 3.956312835216522217e-01 1.623157709836959839e-01 1.802140474319458008e-01 1.872244477272033691e-01 3.571688532829284668e-01 9.000290185213088989e-02 3.822265267372131348e-01
3.236056566238403320e-01 2.050313949584960938e-01 2.362444251775741577e-01 2.468253374099731445e-01 5.704373121261596680e-01 4.232917428016662598e-01 1.547378301620483398e-01 2.567748427391052246e-01 4.613360166549682617e-01 6.435167789459228516e-01 6.004129648208618164e-01 2.810826897621154785e-01 3.218571543693542480e-01 2.869580984115600586e-01 2.302456200122833252e-01 1.316441595554351807e-01 2.264745235443115234e-01 2.208780944347381592e-01 4.443624615669250488e-01 3.418137431144714355e-01
3.144639134407043457e-01 4.152347743511199951e-01 1.465911418199539185e-01 3.250691890716552734e-01 4.112131595611572266e-01 2.844730913639068604e-01 4.732020795345306396e-01 3.940102458000183105e-01 3.738431930541992188e-01 3.059369325637817383e-01 3.767373263835906982e-01 2.229146659374237061e-01 2.653689980506896973e-01 3.016257286071777344e-01 2.459284365177154541e-01 4.880872368812561035e-01 3.169275820255279541e-01 3.114996552467346191e-01 3.265118896961212158e-01 3.446213603019714355e-01
2.706503868103027344e-01 3.033369779586791992e-01 3.687274158000946045e-01 4.465174973011016846e-01 4.303206801414489746e-01 4.839625358581542969e-01 5.248535871505737305e-01 3.568094372749328613e-01 6.467809677124023438e-01 2.481091618537902832e-01 6.584651470184326172e-01 2.666261792182922363e-01 1.618115454912185669e-01 1.196603402495384216e-01 1.856507956981658936e-01 1.850154548883438110e-01 2.823221385478973389e-01 3.006175160408020020e-01 1.724390089511871338e-01 1.162210851907730103e-01
1.894667744636535645e-01 2.912671864032745361e-01 2.733281850814819336e-01 4.129881262779235840e-01 5.445377826690673828e-01 3.119371235370635986e-01 4.099997878074645996e-01 6.666807532310485840e-01 3.156767189502716064e-01 5.103007555007934570e-01 3.656770586967468262e-01 3.982892930507659912e-01 3.873356878757476807e-01 6.233103871345520020e-01 2.768695950508117676e-01 3.317236304283142090e-01 4.260650575160980225e-01 2.290080040693283081e-01 3.363448977470397949e-01 4.325227737426757812e-01
2.977211773395538330e-01 4.201005697250366211e-01 2.289926111698150635e-01 3.026568293571472168e-01 4.153988957405090332e-01 4.625445306301116943e-01 3.956825733184814453e-01 4.322625994682312012e-01 4.331410229206085205e-01 2.241365015506744385e-01 3.510726094245910645e-01 2.912750244140625000e-01 3.642394542694091797e-01 1.597833931446075439e-01 2.419920116662979126e-01 1.916784942150115967e-01 3.246497809886932373e-01 3.137014508247375488e-01 1.774970442056655884e-01 2.553487718105316162e-01
4.501060247421264648e-01 3.296967148780822754e-01 5.498218536376953125e-01 3.518289029598236084e-01 4.382233619689941406e-01 4.629839658737182617e-01 2.107175588607788086e-01 2.580224275588989258e-01 3.155935406684875488e-01 4.121285676956176758e-01 5.025423765182495117e-01 3.237619996070861816e-01 3.158277869224548340e-01 2.696671783924102783e-01 2.253031879663467407e-01 3.692358136177062988e-01 3.184998035430908203e-01 3.192543685436248779e-01 1.868521571159362793e-01 2.314843237400054932e-01
3.099738359451293945e-01 4.123672842979431152e-01 3.163492083549499512e-01 4.919141829013824463e-01 2.607333958148956299e-01 1.935628950595855713e-01 3.192567527294158936e-01 3.800225257873535156e-01 2.469885945320129395e-01 3.813613653182983398e-01 3.610251843929290771e-01 2.603971958160400391e-01 3.840469121932983398e-01 4.714024662971496582e-01 5.004822015762329102e-01 2.349013984203338623e-01 2.615316212177276611e-01 2.401089519262313843e-01 2.553402483463287354e-01 4.158836007118225098e-01
