2018-07-25 12:45:00
1.066684126853942871e+00 1.364041924476623535e+00 6.887193322181701660e-01 6.455330848693847656e-01 1.173409461975097656e+00 8.325136899948120117e-01 3.894651830196380615e-01 1.175000190734863281e+00 1.118039250373840332e+00 6.996780633926391602e-01 1.148650646209716797e+00 1.031576275825500488e+00 8.099499940872192383e-01 8.580837249755859375e-01 9.642796516418457031e-01 1.091646194458007812e+00 7.009723186492919922e-01 1.048375844955444336e+00 8.353712558746337891e-01 1.150830864906311035e+00
1.115319967269897461e+00 9.548494815826416016e-01 8.524559736251831055e-01 8.919091820716857910e-01 7.536777853965759277e-01 1.020919919013977051e+00 1.009290456771850586e+00 1.218843698501586914e+00 7.758045792579650879e-01 8.854047060012817383e-01 8.347585797309875488e-01 1.123063564300537109e+00 6.094975471496582031e-01 1.323567628860473633e+00 1.445306062698364258e+00 7.407724261283874512e-01 1.271072864532470703e+00 1.287191867828369141e+00 1.702434778213500977e+00 1.169892072677612305e+00
7.070792317390441895e-01 8.832993507385253906e-01 1.107933640480041504e+00 1.273488521575927734e+00 4.247046709060668945e-01 4.969897866249084473e-01 6.199222803115844727e-01 7.787172198295593262e-01 8.917345404624938965e-01 7.710253000259399414e-01 1.260638713836669922e+00 8.982511758804321289e-01 5.232894420623779297e-01 9.814832806587219238e-01 1.237661480903625488e+00 1.355494618415832520e+00 7.709137201309204102e-01 1.144551753997802734e+00 1.333577752113342285e+00 1.366870164871215820e+00
1.361858606338500977e+00 1.206102967262268066e+00 1.006873965263366699e+00 1.190108060836791992e+00 8.065155744552612305e-01 9.437814950942993164e-01 9.398329257965087891e-01 1.037981748580932617e+00 8.346170783042907715e-01 5.354218482971191406e-01 6.576148271560668945e-01 1.012957692146301270e+00 1.178514361381530762e+00 1.690883517265319824e+00 1.059418082237243652e+00 1.788466453552246094e+00 2.113330125808715820e+00 1.078196048736572266e+00 1.235192418098449707e+00 1.543376207351684570e+00
1.044843912124633789e+00 9.809123277664184570e-01 1.290522336959838867e+00 1.041514396667480469e+00 1.009049892425537109e+00 9.959920644760131836e-01 6.256927251815795898e-01 8.466311097145080566e-01 3.884111046791076660e-01 1.035903930664062500e+00 1.071861505508422852e+00 8.704551458358764648e-01 8.267675042152404785e-01 1.127241253852844238e+00 9.620059132575988770e-01 1.091669797897338867e+00 1.760465145111083984e+00 1.205435752868652344e+00 2.155847787857055664e+00 1.054980754852294922e+00
7.927618026733398438e-01 1.317618966102600098e+00 7.390070557594299316e-01 8.626042604446411133e-01 1.201203823089599609e+00 9.897617697715759277e-01 4.931434988975524902e-01 8.722347021102905273e-01 5.897538065910339355e-01 6.934988498687744141e-01 1.051180243492126465e+00 1.089464426040649414e+00 8.397559523582458496e-01 9.399546980857849121e-01 1.313686370849609375e+00 1.034129381179809570e+00 1.262602090835571289e+00 9.206269979476928711e-01 1.281391501426696777e+00 1.658563971519470215e+00
6.581118702888488770e-01 9.518205523490905762e-01 9.765806794166564941e-01 1.479479074478149414e+00 9.074202775955200195e-01 1.045071125030517578e+00 5.333189368247985840e-01 8.929300308227539062e-01 6.217995882034301758e-01 4.929776191711425781e-01 5.448527336120605469e-01 7.056757211685180664e-01 1.427614569664001465e+00 9.461919069290161133e-01 1.513672351837158203e+00 1.347744584083557129e+00 1.241958618164062500e+00 1.881691575050354004e+00 1.133399128913879395e+00 1.199832201004028320e+00
1.354527235031127930e+00 8.503654599189758301e-01 1.054859876632690430e+00 7.029712200164794922e-01 1.357546210289001465e+00 8.420002460479736328e-01 9.515137672424316406e-01 5.851124525070190430e-01 9.862247705459594727e-01 8.178250789642333984e-01 6.308598518371582031e-01 6.501598954200744629e-01 9.155343174934387207e-01 7.384932041168212891e-01 1.434293270111083984e+00 1.830645680427551270e+00 1.821315526962280273e+00 3.365669250488281250e+00 9.588055014610290527e-01 1.015125751495361328e+00
1.646735906600952148e+00 1.833922624588012695e+00 1.237187862396240234e+00 9.526238441467285156e-01 1.252415776252746582e+00 1.082242488861083984e+00 5.486036539077758789e-01 5.054422616958618164e-01 6.713480353355407715e-01 7.593451738357543945e-01 7.659642696380615234e-01 8.867163658142089844e-01 6.316958665847778320e-01 1.615179538726806641e+00 1.211411952972412109e+00 2.057572603225708008e+00 1.432979822158813477e+00 1.826148271560668945e+00 1.351018786430358887e+00 1.843127727508544922e+00
1.020766973495483398e+00 1.638214349746704102e+00 1.474918842315673828e+00 1.522547006607055664e+00 1.578454494476318359e+00 1.279809951782226562e+00 1.232024192810058594e+00 7.734701037406921387e-01 6.154042482376098633e-01 2.814663052558898926e-01 5.577081441879272461e-01 1.224612116813659668e+00 8.699939250946044922e-01 1.042539596557617188e+00 1.059974551200866699e+00 1.039844870567321777e+00 1.090760111808776855e+00 1.122181892395019531e+00 1.160806417465209961e+00 1.170389890670776367e+00
1.324872970581054688e+00 1.125343918800354004e+00 1.320237755775451660e+00 1.214487910270690918e+00 1.691819787025451660e+00 8.962993621826171875e-01 8.160693645477294922e-01 7.519413232803344727e-01 8.942446112632751465e-01 5.728091001510620117e-01 8.092924356460571289e-01 1.087721705436706543e+00 9.674832224845886230e-01 1.508455276489257812e+00 1.010328888893127441e+00 1.171983122825622559e+00 1.443565368652343750e+00 1.320345044136047363e+00 1.009577274322509766e+00 1.776778936386108398e+00
1.364350914955139160e+00 1.389200568199157715e+00 9.214817285537719727e-01 1.282458543777465820e+00 8.663760423660278320e-01 8.632353544235229492e-01 1.014657378196716309e+00 4.272038638591766357e-01 4.089775085449218750e-01 6.730739474296569824e-01 7.366406917572021484e-01 6.419514417648315430e-01 5.376908779144287109e-01 9.750550389289855957e-01 8.767476081848144531e-01 1.282135963439941406e+00 1.341024875640869141e+00 7.012424468994140625e-01 1.635548710823059082e+00 8.012825250625610352e-01
1.064636707305908203e+00 7.629936933517456055e-01 1.065449118614196777e+00 1.160216689109802246e+00 1.616313576698303223e+00 8.845644593238830566e-01 1.028491735458374023e+00 5.926721692085266113e-01 5.167709589004516602e-01 2.245305180549621582e-01 6.173928380012512207e-01 4.270666837692260742e-01 8.160552978515625000e-01 5.944301486015319824e-01 5.948331356048583984e-01 1.121962070465087891e+00 8.781342506408691406e-01 1.276232838630676270e+00 1.194863080978393555e+00 1.125355124473571777e+00
1.062360286712646484e+00 7.975586652755737305e-01 1.176275730133056641e+00 8.049688935279846191e-01 6.072493791580200195e-01 9.191109538078308105e-01 6.635442972183227539e-01 7.950684428215026855e-01 2.676126360893249512e-01 5.870540142059326172e-01 3.404435813426971436e-01 3.882004618644714355e-01 8.794288635253906250e-01 7.830120921134948730e-01 5.534000396728515625e-01 6.050485372543334961e-01 6.268834471702575684e-01 8.834638595581054688e-01 1.187051653861999512e+00 1.168516278266906738e+00
1.457473039627075195e+00 9.358555078506469727e-01 1.350800037384033203e+00 1.349296569824218750e+00 3.751492500305175781e-01 1.003788471221923828e+00 8.422151803970336914e-01 3.955571055412292480e-01 5.165053606033325195e-01 3.736456930637359619e-01 6.941714286804199219e-01 7.685865163803100586e-01 5.646607279777526855e-01 6.102483272552490234e-01 1.060451388359069824e+00 9.862588644027709961e-01 1.061254024505615234e+00 1.315079689025878906e+00 1.794276952743530273e+00 1.501006007194519043e+00
1.085027933120727539e+00 1.096294522285461426e+00 1.538371920585632324e+00 1.147914648056030273e+00 1.842403054237365723e+00 1.021694421768188477e+00 7.748006582260131836e-01 4.420132637023925781e-01 8.089507222175598145e-01 2.468250393867492676e-01 6.528373360633850098e-01 9.058514237403869629e-01 5.150237083435058594e-01 9.656186103820800781e-01 5.688229799270629883e-01 1.151459455490112305e+00 9.337733387947082520e-01 1.176573276519775391e+00 1.656890392303466797e+00 9.053905606269836426e-01
7.992876768112182617e-01 9.648200273513793945e-01 7.953788638114929199e-01 8.727803230285644531e-01 4.888224601745605469e-01 1.149203538894653320e+00 1.132569193840026855e+00 6.949895620346069336e-01 9.514261484146118164e-01 5.877356529235839844e-01 9.763363003730773926e-01 8.061046600341796875e-01 9.159963130950927734e-01 6.980940103530883789e-01 8.684610128402709961e-01 7.305508255958557129e-01 9.416559934616088867e-01 1.288894414901733398e+00 1.549624204635620117e+00 8.609621524810791016e-01
8.928313255310058594e-01 8.008468151092529297e-01 1.282294511795043945e+00 8.086619377136230469e-01 4.080421924591064453e-01 6.284437179565429688e-01 1.305030822753906250e+00 5.662245750427246094e-01 9.144142866134643555e-01 9.710782766342163086e-01 8.989709019660949707e-01 5.897586345672607422e-01 1.062959432601928711e+00 7.938705682754516602e-01 7.500767707824707031e-01 8.563739061355590820e-01 6.909363269805908203e-01 9.577177762985229492e-01 1.174479246139526367e+00 1.077625870704650879e+00
6.427960991859436035e-01 1.228496074676513672e+00 6.138002872467041016e-01 1.014519810676574707e+00 1.173557043075561523e+00 6.549052000045776367e-01 1.098825454711914062e+00 9.771518111228942871e-01 1.098327755928039551e+00 1.124083280563354492e+00 3.558057248592376709e-01 1.245989084243774414e+00 1.239728569984436035e+00 1.068745851516723633e+00 1.214814424514770508e+00 8.366965055465698242e-01 1.128610134124755859e+00 1.279519796371459961e+00 1.298432111740112305e+00 1.175973534584045410e+00
1.207331418991088867e+00 8.862299919128417969e-01 1.246774196624755859e+00 9.653285741806030273e-01 7.970073223114013672e-01 9.615883231163024902e-01 8.233927488327026367e-01 7.000944614410400391e-01 1.390594005584716797e+00 1.074940443038940430e+00 9.590753316879272461e-01 9.911627769470214844e-01 6.871995329856872559e-01 1.294319391250610352e+00 1.221870422363281250e+00 8.994098901748657227e-01 1.079744458198547363e+00 7.875428199768066406e-01 1.084465026855468750e+00 7.625684142112731934e-01
