2018-07-25 13:00:00
4.962905645370483398e-01 1.336121857166290283e-01 3.029475212097167969e-01 2.850748300552368164e-01 3.862806856632232666e-01 4.583049714565277100e-01 2.629473209381103516e-01 1.524815261363983154e-01 2.116017490625381470e-01 1.568973064422607422e-01 1.170076951384544373e-01 1.958650648593902588e-01 4.649329185485839844e-01 1.426633894443511963e-01 2.107332050800323486e-01 4.978669285774230957e-01 2.145067304372787476e-01 4.370022714138031006e-01 8.788731694221496582e-02 2.726127207279205322e-01
8.206549286842346191e-02 2.359650731086730957e-01 3.699023127555847168e-01 2.891147732734680176e-01 1.497111618518829346e-01 1.742685586214065552e-01 2.399958670139312744e-01 1.059837192296981812e-01 1.396994143724441528e-01 2.962224185466766357e-01 1.704629808664321899e-01 1.044712215662002563e-01 5.035141855478286743e-02 3.242786228656768799e-01 2.878330349922180176e-01 3.621147871017456055e-01 2.145055085420608521e-01 7.779163122177124023e-01 4.241186976432800293e-01 3.590137362480163574e-01
3.561127185821533203e-01 1.952073574066162109e-01 2.727772295475006104e-01 4.708962738513946533e-01 6.883777379989624023e-01 1.941061317920684814e-01 1.297916471958160400e-01 2.579557895660400391e-01 1.161403134465217590e-01 1.939322650432586670e-01 4.288699626922607422e-01 2.089664340019226074e-01 2.416462153196334839e-01 1.591055989265441895e-01 3.893793523311614990e-01 1.420143842697143555e-01 4.971523284912109375e-01 3.275011181831359863e-01 5.747340917587280273e-01 4.660829901695251465e-01
3.285109996795654297e-01 2.816536128520965576e-01 1.663918793201446533e-01 1.966792792081832886e-01 1.117652282118797302e-01 7.920488715171813965e-02 7.864995300769805908e-02 1.419721245765686035e-01 1.141853183507919312e-01 3.172722160816192627e-01 5.614225864410400391e-01 1.835723817348480225e-01 5.710511282086372375e-02 1.727764010429382324e-01 1.236328408122062683e-01 5.820129513740539551e-01 6.228721141815185547e-01 4.890866279602050781e-01 3.833798766136169434e-01 6.120469570159912109e-01
2.078696787357330322e-01 2.528714537620544434e-01 1.473134160041809082e-01 1.244948804378509521e-01 9.904657304286956787e-02 2.834300398826599121e-01 5.845321714878082275e-02 2.405976057052612305e-01 5.305565148591995239e-02 1.138248294591903687e-01 1.749980263411998749e-03 1.291199028491973877e-01 2.983680963516235352e-01 1.335819065570831299e-01 2.763928771018981934e-01 3.979569673538208008e-01 3.451029956340789795e-01 5.226932764053344727e-01 4.408641457557678223e-01 3.123632371425628662e-01
2.834665179252624512e-01 2.577522993087768555e-01 1.391371339559555054e-01 4.105676412582397461e-01 2.099732905626296997e-01 3.608267307281494141e-01 2.720141708850860596e-01 3.452543020248413086e-01 1.533978879451751709e-01 1.557242274284362793e-01 2.041892409324645996e-01 3.151471912860870361e-01 2.755460143089294434e-01 2.379477918148040771e-01 1.290451735258102417e-01 6.904229521751403809e-01 4.525827765464782715e-01 3.749817013740539551e-01 6.779826283454895020e-01 5.755575299263000488e-01
4.191272556781768799e-01 2.937877774238586426e-01 2.957334816455841064e-01 2.428983151912689209e-01 2.749700248241424561e-01 3.167310357093811035e-01 2.359617650508880615e-01 2.964872717857360840e-01 2.763901650905609131e-01 3.545415401458740234e-01 3.063644170761108398e-01 3.328763246536254883e-01 2.452769726514816284e-01 7.613812386989593506e-02 4.118861854076385498e-01 2.048160880804061890e-01 4.115164279937744141e-01 3.340425193309783936e-01 5.560703277587890625e-01 5.273187756538391113e-01
4.018993973731994629e-01 3.055586516857147217e-01 1.502494961023330688e-01 1.523633897304534912e-01 1.471939235925674438e-01 1.848544776439666748e-01 2.994856834411621094e-01 9.511510282754898071e-02 3.196223974227905273e-01 2.772259712219238281e-01 2.405251860618591309e-01 3.239935934543609619e-01 3.637600541114807129e-01 6.052947640419006348e-01 2.548703253269195557e-01 2.588477730751037598e-01 2.815973460674285889e-01 3.862472772598266602e-01 1.438180059194564819e-01 4.636240005493164062e-01
2.297587543725967407e-01 2.209799736738204956e-01 3.146527409553527832e-01 1.725934892892837524e-01 2.973712086677551270e-01 3.625386953353881836e-01 2.852732241153717041e-01 8.192956447601318359e-02 1.589634418487548828e-01 1.952926367521286011e-01 6.623691320419311523e-02 1.157524138689041138e-01 4.128148555755615234e-01 3.821192979812622070e-01 6.509311497211456299e-02 1.633774042129516602e-01 4.057085812091827393e-01 3.076697289943695068e-01 4.488734900951385498e-01 3.856118619441986084e-01
4.035294055938720703e-01 2.034775018692016602e-01 4.772837162017822266e-01 2.739954292774200439e-01 2.814556360244750977e-01 4.998984932899475098e-01 2.393852025270462036e-01 1.330368369817733765e-01 1.906718015670776367e-01 5.511564016342163086e-01 1.641630977392196655e-01 1.188172847032546997e-01 1.143426168709993362e-02 1.979890167713165283e-01 1.219895035028457642e-01 1.752615720033645630e-01 2.552645802497863770e-01 2.602913677692413330e-01 1.949738115072250366e-01 2.389798313379287720e-01
1.900303065776824951e-01 2.097111940383911133e-01 1.819658726453781128e-01 1.591052412986755371e-01 2.856925725936889648e-01 3.487830162048339844e-01 8.184522390365600586e-02 2.900620102882385254e-01 1.811494231224060059e-01 1.501227617263793945e-01 2.444946765899658203e-01 2.103531509637832642e-01 1.604748666286468506e-01 9.918349981307983398e-02 1.701585054397583008e-01 1.333170980215072632e-01 9.312888979911804199e-02 3.774501085281372070e-01 1.723112761974334717e-01 3.212445676326751709e-01
3.669477403163909912e-01 2.760727405548095703e-01 3.355349004268646240e-01 1.500597596168518066e-01 1.641643643379211426e-01 4.242928624153137207e-01 1.242402866482734680e-01 3.618435859680175781e-01 3.177812993526458740e-01 1.658303290605545044e-01 1.711798086762428284e-02 3.145174086093902588e-01 4.360716044902801514e-01 2.110662758350372314e-01 2.670037150382995605e-01 1.490727663040161133e-01 6.048793345689773560e-02 2.774978280067443848e-01 2.428189516067504883e-01 1.354648172855377197e-01
1.943711638450622559e-01 2.554844617843627930e-01 2.816959023475646973e-01 2.216552495956420898e-01 1.710816025733947754e-01 2.372113168239593506e-01 3.860865831375122070e-01 2.415999770164489746e-01 1.863495856523513794e-01 2.505441606044769287e-01 3.642027378082275391e-01 3.965426087379455566e-01 4.029147624969482422e-01 4.083332717418670654e-01 2.757897377014160156e-01 3.200102970004081726e-02 8.462235331535339355e-02 1.552062481641769409e-01 2.635693550109863281e-01 8.434556424617767334e-02
2.786216139793395996e-01 2.479496747255325317e-01 2.301164269447326660e-01 2.136450111865997314e-01 2.616095840930938721e-01 2.469661533832550049e-01 4.071669280529022217e-01 3.401435613632202148e-01 2.873238921165466309e-01 3.009539842605590820e-01 3.028075993061065674e-01 1.067995727062225342e-01 3.769493401050567627e-01 3.411280512809753418e-01 1.496147215366363525e-01 4.045326709747314453e-01 2.819830775260925293e-01 2.092590183019638062e-01 3.647687435150146484e-01 2.195495069026947021e-01
1.914779543876647949e-01 3.819481432437896729e-01 8.879971504211425781e-02 6.022882461547851562e-01 3.111091256141662598e-01 1.251913011074066162e-01 6.683297157287597656e-01 4.958820939064025879e-01 3.122150003910064697e-01 2.896427810192108154e-01 1.870939731597900391e-01 1.833719760179519653e-01 2.325561493635177612e-01 2.152330279350280762e-01 5.140907764434814453e-01 2.758405804634094238e-01 3.177771866321563721e-01 1.936460733413696289e-01 1.039540916681289673e-01 1.328443139791488647e-01
3.826964497566223145e-01 2.501952052116394043e-01 2.179040908813476562e-01 2.733147740364074707e-01 3.422884345054626465e-01 3.301456272602081299e-01 2.284279912710189819e-01 3.616729080677032471e-01 1.138756126165390015e-01 3.978387117385864258e-01 3.068043589591979980e-01 2.611000239849090576e-01 1.213521510362625122e-01 2.069756686687469482e-01 1.257230937480926514e-01 1.943283081054687500e-01 2.648280858993530273e-01 3.405812680721282959e-01 8.137885481119155884e-03 2.005432099103927612e-01
3.394747376441955566e-01 1.616188585758209229e-01 1.895373165607452393e-01 2.202510535717010498e-01 2.323201596736907959e-01 4.053583741188049316e-01 3.424413502216339111e-01 3.341732919216156006e-01 2.494238018989562988e-01 2.556371688842773438e-01 3.284853994846343994e-01 1.640415340662002563e-01 2.057701498270034790e-01 1.609409302473068237e-01 2.557436823844909668e-01 3.785715997219085693e-01 2.482399046421051025e-01 5.742404609918594360e-02 1.030940413475036621e-01 1.290787458419799805e-01
2.448997497558593750e-01 1.653747558593750000e-01 2.493962794542312622e-01 2.071855962276458740e-01 1.220702826976776123e-01 4.253399372100830078e-01 2.029625475406646729e-01 7.060973346233367920e-02 1.152534708380699158e-01 4.193672910332679749e-02 2.507886886596679688e-01 1.325605809688568115e-01 1.787347197532653809e-01 2.703629434108734131e-01 3.264870047569274902e-01 2.151802927255630493e-01 2.638589143753051758e-01 1.511279940605163574e-01 9.470671415328979492e-02 -5.258109420537948608e-02
2.663375139236450195e-01 1.673326492309570312e-01 1.026104241609573364e-01 2.989566624164581299e-01 2.274549007415771484e-01 2.704098224639892578e-01 2.618166804313659668e-01 1.717631816864013672e-01 1.355177015066146851e-01 2.471416294574737549e-01 2.381688207387924194e-01 6.115948781371116638e-02 7.913707196712493896e-02 3.465562760829925537e-01 1.009406745433807373e-01 2.001211047172546387e-01 3.427433967590332031e-01 1.876984834671020508e-01 1.687506884336471558e-01 1.736452281475067139e-01
1.529356837272644043e-01 1.887470483779907227e-01 2.639475166797637939e-01 1.054490804672241211e-01 1.990641653537750244e-01 1.539071351289749146e-01 8.641281723976135254e-02 2.511895895004272461e-01 3.408738672733306885e-01 3.231652677059173584e-01 1.238012164831161499e-01 4.859449267387390137e-01 1.251627504825592041e-01 2.050537168979644775e-01 1.585628986358642578e-01 2.524952888488769531e-01 1.543617695569992065e-01 2.505461573600769043e-01 2.787981033325195312e-01 1.354701817035675049e-01
