2018-07-25 13:15:00
9.415115118026733398e-01 4.021055400371551514e-01 6.493954658508300781e-01 5.166285634040832520e-01 5.300022363662719727e-01 3.012687563896179199e-01 7.723032236099243164e-01 9.644695520401000977e-01 7.373622655868530273e-01 6.223608255386352539e-01 8.418681025505065918e-01 6.077442765235900879e-01 8.121362924575805664e-01 7.317284345626831055e-01 6.019647121429443359e-01 7.233769893646240234e-01 2.605174481868743896e-01 3.538500070571899414e-01 4.687574505805969238e-01 9.741324186325073242e-01
4.675158560276031494e-01 8.036955595016479492e-01 1.974260956048965454e-01 3.026206493377685547e-01 6.072067022323608398e-01 4.005697965621948242e-01 3.123250305652618408e-01 6.631126403808593750e-01 6.963870525360107422e-01 6.380790472030639648e-01 4.396529197692871094e-01 6.164028644561767578e-01 5.541527271270751953e-01 4.761293828487396240e-01 6.247661709785461426e-01 8.167393207550048828e-01 5.378398895263671875e-01 7.800124287605285645e-01 5.228783488273620605e-01 4.125047922134399414e-01
8.223999738693237305e-01 3.412420153617858887e-01 6.561508178710937500e-01 6.446319818496704102e-01 5.147346854209899902e-01 5.361254215240478516e-01 7.955536842346191406e-01 6.360711455345153809e-01 3.839778900146484375e-01 5.533500909805297852e-01 7.530634403228759766e-01 4.908188581466674805e-01 5.059620141983032227e-01 4.773652553558349609e-01 5.840541124343872070e-01 7.555505037307739258e-01 4.475421011447906494e-01 6.151976585388183594e-01 3.629215359687805176e-01 4.819512665271759033e-01
7.292097806930541992e-01 6.375362873077392578e-01 5.702660083770751953e-01 6.015818715095520020e-01 5.294616222381591797e-01 8.314772248268127441e-01 6.849801540374755859e-01 6.858780384063720703e-01 4.785996079444885254e-01 6.678454875946044922e-01 4.324997365474700928e-01 5.166845917701721191e-01 4.706299901008605957e-01 7.716101408004760742e-01 6.692376732826232910e-01 5.443319678306579590e-01 7.328475117683410645e-01 5.880165100097656250e-01 4.979820549488067627e-01 7.684320211410522461e-01
6.891525983810424805e-01 6.724604368209838867e-01 4.353459477424621582e-01 6.040014624595642090e-01 4.652593433856964111e-01 7.545894384384155273e-01 3.113206624984741211e-01 4.630628824234008789e-01 8.341929316520690918e-01 2.611405551433563232e-01 8.323302268981933594e-01 5.559730529785156250e-01 2.787273228168487549e-01 5.903400182723999023e-01 4.680328071117401123e-01 5.283241868019104004e-01 5.333758592605590820e-01 7.555859088897705078e-01 7.781496047973632812e-01 9.159764647483825684e-01
6.021265983581542969e-01 4.449640512466430664e-01 7.023850679397583008e-01 5.273060798645019531e-01 6.809048056602478027e-01 3.631000518798828125e-01 3.266264796257019043e-01 5.625250339508056641e-01 3.932813405990600586e-01 6.855655908584594727e-01 5.445380806922912598e-01 3.389886021614074707e-01 5.237153768539428711e-01 5.090505480766296387e-01 5.689442753791809082e-01 6.704592704772949219e-01 7.141908407211303711e-01 7.915308475494384766e-01 9.894987344741821289e-01 7.408645153045654297e-01
5.201396346092224121e-01 4.787109494209289551e-01 4.938171803951263428e-01 7.208999395370483398e-01 6.960725784301757812e-02 5.432450771331787109e-01 4.913392663002014160e-01 6.468764543533325195e-01 4.731775522232055664e-01 5.725105404853820801e-01 6.968388557434082031e-01 7.864640355110168457e-01 6.004772186279296875e-01 5.355814695358276367e-01 4.650053381919860840e-01 3.714776635169982910e-01 1.314852237701416016e+00 7.937500476837158203e-01 4.333173632621765137e-01 5.100640058517456055e-01
3.883185386657714844e-01 3.045445978641510010e-01 2.702810764312744141e-01 7.412712574005126953e-01 4.907232820987701416e-01 6.903774142265319824e-01 5.572487711906433105e-01 6.803610324859619141e-01 3.455948829650878906e-01 5.565100908279418945e-01 3.517613410949707031e-01 4.531489610671997070e-01 6.886723637580871582e-01 3.198696374893188477e-01 5.654785633087158203e-01 5.132791399955749512e-01 5.910670757293701172e-01 6.368729472160339355e-01 4.727677404880523682e-01 4.980516433715820312e-01
6.202790737152099609e-01 4.471899867057800293e-01 3.859399557113647461e-01 4.707790911197662354e-01 5.634949207305908203e-01 3.742704987525939941e-01 5.581046342849731445e-01 7.273751497268676758e-01 4.550302624702453613e-01 3.849158287048339844e-01 3.808398842811584473e-01 4.879859089851379395e-01 7.529426813125610352e-01 8.220788240432739258e-01 3.785569071769714355e-01 6.928769946098327637e-01 4.817960858345031738e-01 8.338894844055175781e-01 3.755053877830505371e-01 5.623158216476440430e-01
5.162005424499511719e-01 5.226609110832214355e-01 3.451257348060607910e-01 5.000859498977661133e-01 4.794679582118988037e-01 3.822676539421081543e-01 1.518258154392242432e-01 4.269124269485473633e-01 7.489520907402038574e-01 4.482215642929077148e-01 5.892142653465270996e-01 5.559983849525451660e-01 7.527005076408386230e-01 6.156904101371765137e-01 7.262260913848876953e-01 3.470824956893920898e-01 4.618865549564361572e-01 5.838111639022827148e-01 7.223521471023559570e-01 4.153759479522705078e-01
3.712490797042846680e-01 6.276936531066894531e-01 5.705955028533935547e-01 4.711529910564422607e-01 3.951380252838134766e-01 4.343104362487792969e-01 4.104569554328918457e-01 4.688823819160461426e-01 3.354110419750213623e-01 5.168191194534301758e-01 3.958998620510101318e-01 6.524845361709594727e-01 5.629508495330810547e-01 5.632627010345458984e-01 4.306415319442749023e-01 7.261475920677185059e-01 6.044019460678100586e-01 3.175919055938720703e-01 9.507996439933776855e-01 5.290206670761108398e-01
4.550097584724426270e-01 4.364808797836303711e-01 5.529714822769165039e-01 5.792648792266845703e-01 4.482126533985137939e-01 3.831249475479125977e-01 2.447864562273025513e-01 6.173586249351501465e-01 3.424300551414489746e-01 6.298263072967529297e-01 4.665883183479309082e-01 4.807699918746948242e-01 6.948539018630981445e-01 5.126895904541015625e-01 3.969124853610992432e-01 6.818093061447143555e-01 7.191785573959350586e-01 7.169943451881408691e-01 5.512580871582031250e-01 5.478934049606323242e-01
4.297494590282440186e-01 4.397017955780029297e-01 4.061963558197021484e-01 4.729288816452026367e-01 7.000353932380676270e-01 6.198504567146301270e-01 4.632384479045867920e-01 8.252634406089782715e-01 2.898772060871124268e-01 6.436183452606201172e-01 4.297870397567749023e-01 4.512591063976287842e-01 5.076180696487426758e-01 4.852420687675476074e-01 4.869505167007446289e-01 4.350367784500122070e-01 5.831707715988159180e-01 7.939531803131103516e-01 2.810159325599670410e-01 8.153694272041320801e-01
2.986717820167541504e-01 2.031840682029724121e-01 4.092488586902618408e-01 4.617922902107238770e-01 4.369496703147888184e-01 4.319500923156738281e-01 5.844769477844238281e-01 4.431353807449340820e-01 4.179100394248962402e-01 3.156832754611968994e-01 5.027318000793457031e-01 3.065505623817443848e-01 3.829112946987152100e-01 6.701993942260742188e-01 5.268036127090454102e-01 3.437012434005737305e-01 4.803350567817687988e-01 4.745252728462219238e-01 4.187987148761749268e-01 5.286223292350769043e-01
1.992208361625671387e-01 5.247110128402709961e-01 3.768324255943298340e-01 9.541822075843811035e-01 3.882047533988952637e-01 3.741105794906616211e-01 4.818781316280364990e-01 5.352408885955810547e-01 3.850842416286468506e-01 6.837001442909240723e-01 5.954868197441101074e-01 5.975816845893859863e-01 3.187353909015655518e-01 3.440780043601989746e-01 5.213481187820434570e-01 4.225768446922302246e-01 3.185943961143493652e-01 5.241046547889709473e-01 6.012395620346069336e-01 4.314125478267669678e-01
4.500064551830291748e-01 6.040692329406738281e-01 3.290983736515045166e-01 6.030833125114440918e-01 3.831517100334167480e-01 4.717667400836944580e-01 6.231842041015625000e-01 4.033776521682739258e-01 6.192996501922607422e-01 5.275331735610961914e-01 3.421518802642822266e-01 5.554869174957275391e-01 4.463459253311157227e-01 5.163142681121826172e-01 3.589153289794921875e-01 4.385054111480712891e-01 4.283037781715393066e-01 5.899141430854797363e-01 1.009550094604492188e+00 9.348362684249877930e-01
7.218392491340637207e-01 2.412917613983154297e-01 5.230264663696289062e-01 5.239375829696655273e-01 6.989212632179260254e-01 4.488883912563323975e-01 4.760985076427459717e-01 4.007395803928375244e-01 5.960371494293212891e-01 3.804298043251037598e-01 6.215188503265380859e-01 4.363291263580322266e-01 4.434593319892883301e-01 5.880324840545654297e-01 4.374815821647644043e-01 5.190259218215942383e-01 3.725948333740234375e-01 5.433732271194458008e-01 6.141797304153442383e-01 5.211050510406494141e-01
4.640731811523437500e-01 6.700912117958068848e-01 5.807171463966369629e-01 6.283788681030273438e-01 5.389304161071777344e-01 4.164021611213684082e-01 4.750856161117553711e-01 3.651727437973022461e-01 3.838683962821960449e-01 4.515601992607116699e-01 5.928256511688232422e-01 3.801392316818237305e-01 5.263024568557739258e-01 2.876985669136047363e-01 4.751581549644470215e-01 5.049706697463989258e-01 5.497133731842041016e-01 3.940231204032897949e-01 4.589663743972778320e-01 6.381355524063110352e-01
4.975533485412597656e-01 5.743965506553649902e-01 8.735404014587402344e-01 4.346981644630432129e-01 7.970674633979797363e-01 6.065738201141357422e-01 5.876508951187133789e-01 5.955706238746643066e-01 3.496583104133605957e-01 5.244257450103759766e-01 4.741092026233673096e-01 6.912513971328735352e-01 5.001835227012634277e-01 5.641417503356933594e-01 3.221038579940795898e-01 3.307830095291137695e-01 6.464214324951171875e-01 5.480560064315795898e-01 5.041509866714477539e-01 4.875501394271850586e-01
5.243718624114990234e-01 2.974922060966491699e-01 6.891855001449584961e-01 4.718720316886901855e-01 4.889247417449951172e-01 5.469202399253845215e-01 7.141561508178710938e-01 3.903361260890960693e-01 5.338119268417358398e-01 8.220870494842529297e-01 5.319676399230957031e-01 5.544584989547729492e-01 6.976553201675415039e-01 7.810380458831787109e-01 3.993224203586578369e-01 4.406504034996032715e-01 4.303143918514251709e-01 5.505280494689941406e-01 4.351363182067871094e-01 6.673963069915771484e-01
