2018-07-25 01:30:00
3.121939301490783691e-01 5.231959819793701172e-01 4.194288253784179688e-01 3.330919444561004639e-01 1.618115454912185669e-01 3.122075796127319336e-01 3.615059852600097656e-01 5.738523602485656738e-01 4.718376100063323975e-01 4.260468482971191406e-01 3.647887706756591797e-01 3.666903972625732422e-01 3.593983650207519531e-01 4.873169064521789551e-01 4.706559777259826660e-01 4.865148067474365234e-01 3.676697909832000732e-01 4.759031534194946289e-01 5.071936845779418945e-01 4.554992318153381348e-01
5.482838749885559082e-01 3.807618021965026855e-01 3.179987072944641113e-01 3.452569842338562012e-01 7.467001676559448242e-01 3.601603507995605469e-01 9.752881526947021484e-02 2.822960019111633301e-01 3.285200595855712891e-01 3.377286791801452637e-01 4.096845686435699463e-01 4.659789204597473145e-01 3.997181951999664307e-01 5.645847320556640625e-01 6.558167934417724609e-01 4.925644099712371826e-01 5.018016099929809570e-01 5.706070065498352051e-01 4.584026038646697998e-01 5.078119039535522461e-01
4.662730693817138672e-01 5.394775271415710449e-01 3.899177908897399902e-01 2.826069593429565430e-01 4.866872429847717285e-01 5.264984965324401855e-01 3.499447107315063477e-01 4.613943099975585938e-01 2.099429517984390259e-01 3.708829283714294434e-01 4.531365633010864258e-01 2.622088193893432617e-01 4.208357036113739014e-01 2.012199759483337402e-01 4.879515171051025391e-01 5.520882010459899902e-01 6.066465377807617188e-01 6.132122874259948730e-01 5.254817605018615723e-01 4.874726533889770508e-01
1.932761669158935547e-01 1.035340800881385803e-01 2.541463673114776611e-01 3.738328516483306885e-01 3.314971327781677246e-01 2.452124506235122681e-01 2.767504155635833740e-01 1.811805665493011475e-01 2.136293202638626099e-01 3.777321577072143555e-01 2.089740633964538574e-01 3.258532285690307617e-01 3.829622268676757812e-01 4.071895778179168701e-01 8.969562053680419922e-01 7.344277501106262207e-01 8.536666035652160645e-01 4.382642507553100586e-01 5.710291266441345215e-01 3.589969277381896973e-01
4.508917927742004395e-01 3.042070865631103516e-01 2.657280564308166504e-01 3.124905228614807129e-01 1.198502928018569946e-01 7.919635772705078125e-01 3.902540802955627441e-01 1.935768723487854004e-01 3.374434411525726318e-01 3.159720301628112793e-01 2.511964142322540283e-01 2.384016215801239014e-01 2.102021127939224243e-01 5.100333690643310547e-01 6.158894300460815430e-01 6.549885272979736328e-01 4.479775428771972656e-01 7.504112720489501953e-01 5.287055373191833496e-01 6.116989254951477051e-01
2.441717684268951416e-01 2.429713308811187744e-01 4.507969915866851807e-01 2.374339103698730469e-01 2.214277833700180054e-01 6.722367405891418457e-01 2.883490324020385742e-01 4.674090445041656494e-01 2.931176424026489258e-01 2.596574723720550537e-01 2.624003589153289795e-01 2.857674956321716309e-01 2.509425580501556396e-01 4.198390841484069824e-01 5.948765277862548828e-01 5.745995640754699707e-01 2.924780249595642090e-01 5.304072499275207520e-01 5.903702974319458008e-01 6.686336994171142578e-01
8.746708929538726807e-02 2.049398422241210938e-01 3.441099226474761963e-01 2.166226506233215332e-01 3.517584204673767090e-01 4.930742681026458740e-01 2.818655371665954590e-01 1.635148674249649048e-01 2.703275084495544434e-01 4.752067327499389648e-01 3.111412227153778076e-01 3.622347414493560791e-01 3.927927017211914062e-01 5.456352233886718750e-01 4.497907161712646484e-01 4.794900715351104736e-01 7.116383314132690430e-01 1.034255146980285645e+00 5.410349369049072266e-01 4.343489110469818115e-01
2.992420196533203125e-01 2.542746961116790771e-01 2.473802566528320312e-01 5.534916520118713379e-01 1.509442776441574097e-01 4.708211421966552734e-01 2.973726391792297363e-01 2.285026460886001587e-01 3.409665822982788086e-01 4.175757169723510742e-01 3.022239804267883301e-01 4.222816824913024902e-01 4.761820435523986816e-01 7.628412246704101562e-01 6.180074214935302734e-01 4.771635532379150391e-01 6.604486703872680664e-01 8.510133028030395508e-01 8.002215623855590820e-01 6.482143998146057129e-01
3.973986208438873291e-01 1.625670194625854492e-01 4.443344473838806152e-01 2.200081199407577515e-01 4.230355322360992432e-01 2.320977896451950073e-01 2.808467745780944824e-01 3.793271780014038086e-01 3.015726804733276367e-01 4.129077196121215820e-01 2.257481813430786133e-01 5.609847307205200195e-01 4.080516099929809570e-01 5.015502572059631348e-01 4.179950058460235596e-01 6.662917733192443848e-01 4.958495497703552246e-01 4.269278347492218018e-01 5.307049751281738281e-01 5.742633342742919922e-01
4.035948812961578369e-01 2.223332375288009644e-01 2.983137965202331543e-01 6.127433776855468750e-01 8.078560233116149902e-02 3.509167730808258057e-01 1.926096975803375244e-01 4.377630352973937988e-01 2.830573618412017822e-01 1.026771068572998047e+00 3.671968579292297363e-01 4.515174031257629395e-01 3.784914612770080566e-01 2.683646082878112793e-01 3.502544760704040527e-01 5.823096036911010742e-01 6.141790151596069336e-01 6.449124813079833984e-01 6.228156089782714844e-01 5.592588186264038086e-01
1.584725230932235718e-01 4.379609823226928711e-01 2.230405807495117188e-01 3.524989187717437744e-01 3.508241176605224609e-01 3.950614631175994873e-01 2.477957904338836670e-01 6.713458299636840820e-01 6.376394629478454590e-01 3.003997206687927246e-01 3.324204087257385254e-01 3.341974616050720215e-01 2.788130939006805420e-01 1.982566416263580322e-01 4.601436257362365723e-01 4.892723560333251953e-01 4.115567803382873535e-01 8.299598693847656250e-01 9.588046669960021973e-01 3.478366732597351074e-01
1.596457958221435547e-01 2.104764133691787720e-01 2.440751045942306519e-01 3.438898622989654541e-01 2.175443023443222046e-01 1.457361578941345215e-01 3.673487901687622070e-01 5.808269977569580078e-01 4.434609711170196533e-01 4.969952404499053955e-01 4.001396894454956055e-01 4.369507431983947754e-01 1.051596701145172119e-01 4.921383261680603027e-01 4.464885890483856201e-01 2.666008770465850830e-01 4.053251743316650391e-01 5.731798410415649414e-01 3.829094469547271729e-01 6.460734605789184570e-01
4.567046761512756348e-01 1.991033405065536499e-01 1.956827044486999512e-01 3.369529545307159424e-01 3.659533262252807617e-01 3.690894544124603271e-01 2.734165191650390625e-01 4.118351340293884277e-01 3.518569469451904297e-01 5.373106002807617188e-01 4.410781860351562500e-01 1.946882158517837524e-01 4.246955513954162598e-01 2.494151145219802856e-01 4.155665636062622070e-01 3.287132978439331055e-01 2.330810129642486572e-01 3.902688026428222656e-01 4.448488652706146240e-01 6.532587409019470215e-01
4.422308206558227539e-01 4.843256771564483643e-01 3.365288376808166504e-01 4.552190303802490234e-01 3.407811522483825684e-01 4.574971199035644531e-01 1.876970380544662476e-01 2.868480682373046875e-01 4.239645600318908691e-01 5.088028311729431152e-01 3.837808370590209961e-01 6.132403612136840820e-01 2.873508334159851074e-01 1.878218650817871094e-01 3.833715319633483887e-01 1.983432024717330933e-01 2.407199293375015259e-01 4.312086105346679688e-01 2.748132348060607910e-01 1.985332667827606201e-01
1.821118742227554321e-01 5.392896533012390137e-01 2.711527347564697266e-01 4.971101880073547363e-01 4.084096550941467285e-01 5.119698047637939453e-01 3.426181674003601074e-01 3.644269406795501709e-01 4.073355197906494141e-01 3.855109214782714844e-01 3.190246224403381348e-01 3.757174909114837646e-01 4.648536443710327148e-01 4.809629917144775391e-01 3.190677762031555176e-01 4.058525562286376953e-01 4.270662665367126465e-01 2.764476835727691650e-01 4.022387564182281494e-01 5.218318104743957520e-01
4.096307456493377686e-01 5.391402244567871094e-01 4.611767530441284180e-01 6.683723926544189453e-01 3.046565651893615723e-01 6.621851325035095215e-01 6.174039244651794434e-01 3.884088993072509766e-01 5.930019021034240723e-01 6.012368202209472656e-01 2.742813825607299805e-01 3.088978528976440430e-01 3.681693077087402344e-01 3.134726881980895996e-01 2.553757727146148682e-01 2.372380644083023071e-01 4.514623880386352539e-01 2.322982996702194214e-01 4.890183508396148682e-01 6.011335849761962891e-01
2.161655128002166748e-01 5.573992729187011719e-01 2.524823844432830811e-01 2.621465027332305908e-01 2.129090130329132080e-01 2.226811051368713379e-01 4.399414658546447754e-01 2.604135870933532715e-01 2.473266720771789551e-01 4.751775264739990234e-01 3.990110754966735840e-01 2.881971597671508789e-01 3.966051042079925537e-01 4.553001374006271362e-02 6.290175318717956543e-01 3.991448283195495605e-01 3.397714495658874512e-01 3.533029556274414062e-01 3.954938650131225586e-01 2.874111533164978027e-01
4.221255779266357422e-01 3.686869442462921143e-01 4.092819094657897949e-01 2.556911706924438477e-01 3.526664376258850098e-01 3.947725892066955566e-01 3.472913205623626709e-01 6.974511146545410156e-01 4.760529100894927979e-01 3.472806215286254883e-01 3.144837319850921631e-01 3.408076167106628418e-01 2.176641523838043213e-01 3.930612802505493164e-01 3.180096447467803955e-01 5.248378515243530273e-01 3.822469115257263184e-01 1.277371495962142944e-01 4.940243959426879883e-01 3.807770013809204102e-01
3.728840649127960205e-01 3.889280557632446289e-01 3.805212676525115967e-01 4.945719838142395020e-01 3.116977810859680176e-01 3.958589732646942139e-01 2.458275854587554932e-01 1.644209921360015869e-01 3.501974642276763916e-01 2.608686685562133789e-01 7.743926048278808594e-01 3.752067983150482178e-01 1.547913551330566406e-01 3.412581086158752441e-01 2.140224277973175049e-01 2.689046859741210938e-01 2.343573272228240967e-01 1.892732679843902588e-01 2.432199418544769287e-01 3.193381130695343018e-01
2.829207181930541992e-01 3.360615968704223633e-01 2.677296400070190430e-01 3.335040211677551270e-01 3.678245246410369873e-01 4.526453614234924316e-01 3.721977472305297852e-01 4.094760715961456299e-01 3.968738913536071777e-01 3.127454221248626709e-01 4.757623672485351562e-01 7.747929096221923828e-01 5.681673288345336914e-01 4.050095975399017334e-01 4.908377528190612793e-01 2.038421928882598877e-01 3.874580860137939453e-01 1.370071172714233398e-01 4.137571156024932861e-01 4.037953019142150879e-01
