2018-07-25 02:00:00
4.178241789340972900e-01 2.667480707168579102e-01 2.580073773860931396e-01 2.559208273887634277e-01 2.460443228483200073e-01 1.629002988338470459e-01 3.179778754711151123e-01 2.214277088642120361e-01 4.334312677383422852e-01 4.529591202735900879e-01 3.819178044795989990e-01 4.175574779510498047e-01 3.862389922142028809e-02 3.794381916522979736e-01 4.888508915901184082e-01 4.581921696662902832e-01 3.418283462524414062e-01 3.312678933143615723e-01 2.268158048391342163e-01 3.251224160194396973e-01
6.873820424079895020e-01 3.906971216201782227e-01 2.759116888046264648e-01 1.852209270000457764e-01 3.528795242309570312e-01 4.953767657279968262e-01 1.955825835466384888e-01 3.358792066574096680e-01 4.169047474861145020e-01 4.180044531822204590e-01 1.998033821582794189e-01 2.288615405559539795e-01 4.288235008716583252e-01 3.203945159912109375e-01 5.002540349960327148e-01 2.907461822032928467e-01 4.359319806098937988e-01 3.661890327930450439e-02 3.129775524139404297e-01 2.912787795066833496e-01
2.980752587318420410e-01 7.331523895263671875e-01 4.619137048721313477e-01 2.099717110395431519e-01 2.849108576774597168e-01 4.910019040107727051e-01 7.094603776931762695e-01 1.930144429206848145e-01 4.355064034461975098e-01 3.292563557624816895e-01 3.042378723621368408e-01 2.762523889541625977e-01 2.794212400913238525e-01 3.084519505500793457e-01 3.056529462337493896e-01 5.913088917732238770e-01 4.663371443748474121e-01 3.931035995483398438e-01 2.012776732444763184e-01 3.177997171878814697e-01
4.041307568550109863e-01 2.334790229797363281e-01 2.209797501564025879e-01 3.256068229675292969e-01 3.385586738586425781e-01 4.357461929321289062e-01 4.566135108470916748e-01 3.402586877346038818e-01 4.654322564601898193e-01 1.718116402626037598e-01 2.136000990867614746e-01 4.064812660217285156e-01 3.050178289413452148e-01 3.303331136703491211e-01 2.563027739524841309e-01 3.894348442554473877e-01 4.342523217201232910e-01 2.764973938465118408e-01 2.531836628913879395e-01 4.100428819656372070e-01
2.889772057533264160e-01 2.448499947786331177e-01 3.233199715614318848e-01 3.656216859817504883e-01 4.393786191940307617e-01 4.755308330059051514e-01 4.066352844238281250e-01 3.982125520706176758e-01 2.379013150930404663e-01 6.367037892341613770e-01 4.767061173915863037e-01 3.605794608592987061e-01 2.675332427024841309e-01 2.670576274394989014e-01 1.962402909994125366e-01 4.210188984870910645e-01 3.827133178710937500e-01 3.876563310623168945e-01 4.435953795909881592e-01 3.573522567749023438e-01
4.157667756080627441e-01 2.321557849645614624e-01 4.815781712532043457e-01 3.108091950416564941e-01 4.479082822799682617e-01 2.473735362291336060e-01 6.228538751602172852e-01 5.204690694808959961e-01 3.341466784477233887e-01 2.104604244232177734e-01 6.076397895812988281e-01 3.282889723777770996e-01 3.427043259143829346e-01 2.843554615974426270e-01 3.606490790843963623e-01 1.606469899415969849e-01 2.692238092422485352e-01 2.497436404228210449e-01 2.247917950153350830e-01 3.944717049598693848e-01
2.837631702423095703e-01 2.691722810268402100e-01 3.987239599227905273e-01 2.909938097000122070e-01 2.388855218887329102e-01 2.253962308168411255e-01 3.069649934768676758e-01 2.500792741775512695e-01 3.416788578033447266e-01 5.843520164489746094e-01 2.728208899497985840e-01 2.894864082336425781e-01 2.963178753852844238e-01 3.020669221878051758e-01 2.993876039981842041e-01 1.132330745458602905e-01 5.845899581909179688e-01 7.199691534042358398e-01 3.514508008956909180e-01 7.667351961135864258e-01
1.176280528306961060e-01 1.482942551374435425e-01 2.289767116308212280e-01 1.947752982378005981e-01 3.386905789375305176e-01 4.104527235031127930e-01 2.049643844366073608e-01 3.627508878707885742e-01 1.938475668430328369e-01 1.993758678436279297e-01 3.896237015724182129e-01 3.224915266036987305e-01 4.578170776367187500e-01 5.706614851951599121e-01 4.777830541133880615e-01 3.447148203849792480e-01 3.122020065784454346e-01 3.484808802604675293e-01 2.558179199695587158e-01 2.941063046455383301e-01
2.041393071413040161e-01 3.178296685218811035e-01 1.753843426704406738e-01 4.937501549720764160e-01 4.920198917388916016e-01 3.253424167633056641e-01 3.062686026096343994e-01 3.698989748954772949e-01 3.868883848190307617e-01 1.759426146745681763e-01 3.111346364021301270e-01 5.900111198425292969e-01 8.395142108201980591e-02 2.814770936965942383e-01 2.793456614017486572e-01 3.445347547531127930e-01 2.874357700347900391e-01 2.978065013885498047e-01 3.663403987884521484e-01 3.752785921096801758e-01
2.676234245300292969e-01 2.602900564670562744e-01 6.744183897972106934e-01 3.375660777091979980e-01 3.812376260757446289e-01 3.339423835277557373e-01 2.386085391044616699e-01 4.656044244766235352e-01 4.196428656578063965e-01 8.450760841369628906e-01 2.847422361373901367e-01 2.500280141830444336e-01 2.058060467243194580e-01 2.269211709499359131e-01 3.726543784141540527e-01 3.870900273323059082e-01 3.615948557853698730e-01 5.412297844886779785e-01 2.398498505353927612e-01 3.811899423599243164e-01
3.407731652259826660e-01 1.248643398284912109e-01 5.836286544799804688e-01 5.656555891036987305e-01 3.747556805610656738e-01 4.587504863739013672e-01 3.957625627517700195e-01 2.046171724796295166e-01 3.527010381221771240e-01 4.660775065422058105e-01 3.692692518234252930e-01 2.953537702560424805e-01 2.119842767715454102e-01 2.556110620498657227e-01 2.237369865179061890e-01 5.190351009368896484e-01 2.374739646911621094e-01 3.985230624675750732e-01 4.261886477470397949e-01 1.938832998275756836e-01
3.072456717491149902e-01 2.611778080463409424e-01 3.052155971527099609e-01 3.071079552173614502e-01 2.435955405235290527e-01 2.373604774475097656e-01 3.350396752357482910e-01 1.961575746536254883e-01 2.780913114547729492e-01 2.276584208011627197e-01 5.135999321937561035e-01 2.253909260034561157e-01 5.455417037010192871e-01 2.589792013168334961e-01 2.198241949081420898e-01 4.677681028842926025e-01 2.749293446540832520e-01 2.388981282711029053e-01 2.625439763069152832e-01 4.546586275100708008e-01
5.952035188674926758e-01 4.495877027511596680e-01 3.377209305763244629e-01 2.929003238677978516e-01 3.429238796234130859e-01 4.722883999347686768e-01 2.208367288112640381e-01 3.098528981208801270e-01 1.502958834171295166e-01 3.350920975208282471e-01 3.643164336681365967e-01 2.473661899566650391e-01 2.325573563575744629e-01 3.449060916900634766e-01 2.106544822454452515e-01 4.302971065044403076e-01 3.044350147247314453e-01 3.017165064811706543e-01 4.339155554771423340e-01 3.810408115386962891e-01
3.477284610271453857e-01 3.422279953956604004e-01 3.557542562484741211e-01 3.418944776058197021e-01 3.723333477973937988e-01 2.368338108062744141e-01 5.435147881507873535e-01 3.188436627388000488e-01 2.521253824234008789e-01 2.453596144914627075e-01 5.620771646499633789e-01 4.530859887599945068e-01 2.640526592731475830e-01 4.042327702045440674e-01 1.673684567213058472e-01 2.629985213279724121e-01 2.774002552032470703e-01 4.675614237785339355e-01 5.356273651123046875e-01 2.418650388717651367e-01
4.505896568298339844e-01 5.910147428512573242e-01 3.922819197177886963e-01 3.602428436279296875e-01 3.338204324245452881e-01 3.880476355552673340e-01 3.519992232322692871e-01 1.256371438503265381e-01 3.596814274787902832e-01 5.379458665847778320e-01 3.178150951862335205e-01 4.134041666984558105e-01 2.346296310424804688e-01 3.414333462715148926e-01 3.389121592044830322e-01 1.310866773128509521e-01 4.255208373069763184e-01 5.438576340675354004e-01 4.430347383022308350e-01 5.281938314437866211e-01
3.946399092674255371e-01 3.115275502204895020e-01 3.977600932121276855e-01 5.216114521026611328e-01 5.775524973869323730e-01 3.825322985649108887e-01 4.281504154205322266e-01 4.195397198200225830e-01 4.222098588943481445e-01 3.001807332038879395e-01 2.390623390674591064e-01 3.265586495399475098e-01 3.027041554450988770e-01 4.208351373672485352e-01 2.138459384441375732e-01 4.760533869266510010e-01 1.713617146015167236e-01 4.043618440628051758e-01 5.091794133186340332e-01 5.079866647720336914e-01
4.536796212196350098e-01 5.296598672866821289e-01 2.727835476398468018e-01 2.620667815208435059e-01 2.593658305704593658e-02 3.272016048431396484e-01 3.192220330238342285e-01 4.104848504066467285e-01 2.293426692485809326e-01 4.739303588867187500e-01 1.926473975181579590e-01 5.081844329833984375e-01 2.568728625774383545e-01 2.531515359878540039e-01 5.459707975387573242e-01 5.893101692199707031e-01 3.742666840553283691e-01 3.243080079555511475e-01 2.720408439636230469e-01 2.857569456100463867e-01
5.850456953048706055e-01 5.408813953399658203e-01 4.500194489955902100e-01 2.773266434669494629e-01 4.520571827888488770e-01 6.070512533187866211e-01 2.727594077587127686e-01 2.873116731643676758e-01 3.065006732940673828e-01 1.102133318781852722e-01 6.435403227806091309e-02 3.184422850608825684e-01 4.705322682857513428e-01 5.272555351257324219e-01 7.070267200469970703e-01 2.503872513771057129e-01 4.640099406242370605e-01 8.246520161628723145e-02 4.172394275665283203e-01 2.681446075439453125e-01
4.731336832046508789e-01 4.751416444778442383e-01 2.161019742488861084e-01 5.331953167915344238e-01 3.422014415264129639e-01 3.323010802268981934e-01 3.917172849178314209e-01 3.285011351108551025e-01 4.128377139568328857e-01 3.889408707618713379e-01 2.670968174934387207e-01 3.912868797779083252e-01 2.841475307941436768e-01 4.456146061420440674e-01 1.815296560525894165e-01 1.941435039043426514e-01 4.358889460563659668e-01 3.050803542137145996e-01 1.908108294010162354e-01 2.559106349945068359e-01
2.572537660598754883e-01 1.975172162055969238e-01 2.815482616424560547e-01 2.851906418800354004e-01 3.165635466575622559e-01 2.913429439067840576e-01 4.318329691886901855e-01 4.274943470954895020e-01 5.123375058174133301e-01 6.178783774375915527e-01 6.129359602928161621e-01 5.633361339569091797e-01 3.485468327999114990e-01 4.182063937187194824e-01 4.038676023483276367e-01 3.393347859382629395e-01 3.416315913200378418e-01 2.660835683345794678e-01 2.853643596172332764e-01 4.452325403690338135e-01
