2018-07-25 02:15:00
4.043978452682495117e-01 6.080176681280136108e-02 5.469759106636047363e-01 5.241463780403137207e-01 2.373584359884262085e-01 4.679588973522186279e-01 4.248457551002502441e-01 2.417215108871459961e-01 2.630988955497741699e-01 3.819983005523681641e-01 3.201591968536376953e-01 2.518381178379058838e-01 2.774366140365600586e-01 3.917391896247863770e-01 2.356821894645690918e-01 2.067647427320480347e-01 5.113502740859985352e-01 2.107406854629516602e-01 4.163193702697753906e-01 3.884080648422241211e-01
5.697015523910522461e-01 5.670817494392395020e-01 2.868183851242065430e-01 6.187360286712646484e-01 2.164848148822784424e-01 3.157013654708862305e-01 2.232646644115447998e-01 3.028100132942199707e-01 3.604020774364471436e-01 2.324098795652389526e-01 2.515830397605895996e-01 4.197682738304138184e-01 2.639988660812377930e-01 3.354658782482147217e-01 3.824319541454315186e-01 6.286315917968750000e-01 4.566460549831390381e-01 6.534373760223388672e-01 2.910499870777130127e-01 3.294097781181335449e-01
4.005488157272338867e-01 3.380209207534790039e-01 5.849252939224243164e-01 1.765754818916320801e-01 2.534642517566680908e-01 4.755519628524780273e-01 2.325347065925598145e-01 3.715446293354034424e-01 1.624995619058609009e-01 3.143854141235351562e-01 4.827151298522949219e-01 2.955058217048645020e-01 2.256667464971542358e-01 3.332495689392089844e-01 4.050140976905822754e-01 3.026031255722045898e-01 6.905089020729064941e-01 3.099658489227294922e-01 3.688749074935913086e-01 3.518193960189819336e-01
3.815502524375915527e-01 3.681645095348358154e-01 4.605959355831146240e-01 3.170998394489288330e-01 3.077831268310546875e-01 1.746287643909454346e-01 3.227298259735107422e-01 2.608565092086791992e-01 2.509079873561859131e-01 6.517403125762939453e-01 7.530747652053833008e-01 2.975366115570068359e-01 3.180051743984222412e-01 3.169077336788177490e-01 2.929450869560241699e-01 4.326596558094024658e-01 4.754982590675354004e-01 5.934646129608154297e-01 3.136885762214660645e-01 3.596334159374237061e-01
3.382400870323181152e-01 2.447901964187622070e-01 2.596800625324249268e-01 1.413839310407638550e-01 2.395194023847579956e-01 3.387328684329986572e-01 2.812122702598571777e-01 5.164726972579956055e-01 1.181129068136215210e-01 5.781650543212890625e-01 3.611087501049041748e-01 3.583385944366455078e-01 4.618496894836425781e-01 3.370335400104522705e-01 2.795809805393218994e-01 4.839425384998321533e-01 6.206997632980346680e-01 4.957583546638488770e-01 4.751351177692413330e-01 3.024157583713531494e-01
3.351763486862182617e-01 4.967219829559326172e-01 3.547617793083190918e-01 3.650337755680084229e-01 5.200579166412353516e-01 7.778767943382263184e-01 3.866077661514282227e-01 1.250117570161819458e-01 5.435267686843872070e-01 2.035514414310455322e-01 3.181718289852142334e-01 1.886163651943206787e-01 2.968291044235229492e-01 2.937370836734771729e-01 3.623474240303039551e-01 6.139184236526489258e-01 4.269604682922363281e-01 2.372659146785736084e-01 4.821653366088867188e-01 2.952557802200317383e-01
2.258301526308059692e-01 4.442896842956542969e-01 4.436388611793518066e-01 2.440059781074523926e-01 4.949125349521636963e-01 4.870442748069763184e-01 4.017479419708251953e-01 3.301156163215637207e-01 2.193154096603393555e-01 2.919851839542388916e-01 4.274184703826904297e-01 3.584715425968170166e-01 4.060202836990356445e-01 4.054466485977172852e-01 2.905404269695281982e-01 3.163002133369445801e-01 5.861914157867431641e-01 7.725744247436523438e-01 3.978433012962341309e-01 3.960390686988830566e-01
2.368503659963607788e-01 1.913446933031082153e-01 2.382962852716445923e-01 5.007191896438598633e-01 1.635127663612365723e-01 4.035788476467132568e-01 3.463877439498901367e-01 3.011987805366516113e-01 3.640943169593811035e-01 1.681044995784759521e-01 2.841439247131347656e-01 2.151543796062469482e-01 4.063403010368347168e-01 5.248375535011291504e-01 3.568908572196960449e-01 3.842705190181732178e-01 5.009340047836303711e-01 2.372418195009231567e-01 5.793136954307556152e-01 4.902485013008117676e-01
1.609425693750381470e-01 3.545457124710083008e-01 2.073191851377487183e-01 3.143225908279418945e-01 3.488256335258483887e-01 2.243221700191497803e-01 3.471869230270385742e-01 2.454280257225036621e-01 3.682939410209655762e-01 4.137193560600280762e-01 5.772033333778381348e-01 3.543791770935058594e-01 3.708843588829040527e-01 3.279120922088623047e-01 4.217850565910339355e-01 3.847025334835052490e-01 4.778634309768676758e-01 5.409967899322509766e-01 1.585023701190948486e-01 3.592660427093505859e-01
4.070109128952026367e-01 2.648696303367614746e-01 3.636378347873687744e-01 1.122364029288291931e-01 5.616705417633056641e-01 2.699985802173614502e-01 2.403401434421539307e-01 5.000712871551513672e-01 1.929417848587036133e-01 7.380602359771728516e-01 3.320662379264831543e-01 2.551990151405334473e-01 4.891094565391540527e-01 2.517903149127960205e-01 2.688258290290832520e-01 4.818166494369506836e-01 3.375360369682312012e-01 3.869683146476745605e-01 2.839946746826171875e-01 3.886660635471343994e-01
3.827179372310638428e-01 2.507628500461578369e-01 4.234758615493774414e-01 3.686785101890563965e-01 4.184495508670806885e-01 3.754922747611999512e-01 3.781550824642181396e-01 2.838153243064880371e-01 5.952280163764953613e-01 4.131774008274078369e-01 4.371886253356933594e-01 4.096378087997436523e-01 2.476976811885833740e-01 2.529968917369842529e-01 4.171118736267089844e-01 5.731754302978515625e-01 3.315045237541198730e-01 3.848283290863037109e-01 4.959463477134704590e-01 3.554915189743041992e-01
3.849090933799743652e-01 1.658369600772857666e-01 4.898366034030914307e-01 3.184597194194793701e-01 3.781120181083679199e-01 4.295886158943176270e-01 4.157141447067260742e-01 3.976599574089050293e-01 2.169268429279327393e-01 3.875408768653869629e-01 3.552365303039550781e-01 1.947489976882934570e-01 4.194233417510986328e-01 3.403265178203582764e-01 2.275174707174301147e-01 4.579521417617797852e-01 3.027958869934082031e-01 2.716665863990783691e-01 4.746636450290679932e-01 3.681041896343231201e-01
2.106773555278778076e-01 5.855656862258911133e-01 2.616941928863525391e-01 3.000254333019256592e-01 3.543854355812072754e-01 3.906437158584594727e-01 1.606821268796920776e-01 3.024829030036926270e-01 2.137089073657989502e-01 4.255557954311370850e-01 3.237095475196838379e-01 4.579605758190155029e-01 3.542627692222595215e-01 1.182798668742179871e-01 2.831924259662628174e-01 3.186106979846954346e-01 3.369596004486083984e-01 5.781788825988769531e-01 4.538421928882598877e-01 3.062716126441955566e-01
4.664525985717773438e-01 4.153816103935241699e-01 3.540445864200592041e-01 2.993453443050384521e-01 2.788449227809906006e-01 4.688264727592468262e-01 3.444248735904693604e-01 6.159219741821289062e-01 4.195868372917175293e-01 3.384874761104583740e-01 5.979014039039611816e-01 3.260065019130706787e-01 2.493105232715606689e-01 3.686225116252899170e-01 4.078621566295623779e-01 3.526278734207153320e-01 2.941517233848571777e-01 2.091467976570129395e-01 5.692619085311889648e-01 2.946804761886596680e-01
3.788822889328002930e-01 2.658423483371734619e-01 2.290763854980468750e-01 6.254131793975830078e-01 4.346244335174560547e-01 2.818602025508880615e-01 1.840614080429077148e-01 3.785573244094848633e-01 4.103947281837463379e-01 4.208761453628540039e-01 5.909031629562377930e-01 3.159372806549072266e-01 1.828648149967193604e-01 1.975032687187194824e-01 3.905165791511535645e-01 5.487979054450988770e-01 2.143281698226928711e-01 1.937794536352157593e-01 4.379661679267883301e-01 3.311529755592346191e-01
3.022388219833374023e-01 2.637983262538909912e-01 4.218133091926574707e-01 5.445383787155151367e-01 3.866078257560729980e-01 1.853263974189758301e-01 4.899137914180755615e-01 3.945754468441009521e-01 4.924355447292327881e-01 2.288429737091064453e-01 3.256391882896423340e-01 2.613954842090606689e-01 3.416299521923065186e-01 5.173748731613159180e-01 4.050340950489044189e-01 4.413571953773498535e-01 4.113459885120391846e-01 2.371573597192764282e-01 3.731760084629058838e-01 5.008718371391296387e-01
2.817230224609375000e-01 3.774644136428833008e-01 3.542550504207611084e-01 2.339607179164886475e-01 3.896140456199645996e-01 2.732749879360198975e-01 1.205536127090454102e-01 4.310954213142395020e-01 6.365817785263061523e-01 4.515511095523834229e-01 3.240901231765747070e-01 2.338776588439941406e-01 2.213486433029174805e-01 5.421760082244873047e-01 2.982699871063232422e-01 2.592752277851104736e-01 3.845012187957763672e-01 2.857441306114196777e-01 3.007017374038696289e-01 1.596943885087966919e-01
2.284328937530517578e-01 2.904489040374755859e-01 2.447338551282882690e-01 2.884235382080078125e-01 3.527875840663909912e-01 2.629855275154113770e-01 3.913072049617767334e-01 3.134139776229858398e-01 2.459503114223480225e-01 3.077764809131622314e-01 4.051579236984252930e-01 1.986252963542938232e-01 1.412696838378906250e-01 4.835914969444274902e-01 2.614997029304504395e-01 4.372533261775970459e-01 3.511871695518493652e-01 3.040280044078826904e-01 3.103856444358825684e-01 3.271369934082031250e-01
3.087354898452758789e-01 3.504981398582458496e-01 3.917109966278076172e-01 3.672716617584228516e-01 2.197893261909484863e-01 1.706984639167785645e-01 3.039814829826354980e-01 5.912897586822509766e-01 1.823333352804183960e-01 3.455890119075775146e-01 5.797367095947265625e-01 5.014835000038146973e-01 5.320396423339843750e-01 3.468164503574371338e-01 3.446551263332366943e-01 2.836277186870574951e-01 3.294358253479003906e-01 2.966676354408264160e-01 3.730456233024597168e-01 3.801702260971069336e-01
2.380561232566833496e-01 1.987746059894561768e-01 4.192223548889160156e-01 3.543528616428375244e-01 3.267610669136047363e-01 4.217520356178283691e-01 3.049479722976684570e-01 1.679214239120483398e-01 4.093170464038848877e-01 1.978013217449188232e-01 2.783098220825195312e-01 3.450969755649566650e-01 3.848993182182312012e-01 2.973937988281250000e-01 2.692769467830657959e-01 5.406758785247802734e-01 1.883947253227233887e-01 2.443681210279464722e-01 4.333950877189636230e-01 2.416821420192718506e-01
