2018-07-23 00:00:00
9.630327820777893066e-01 8.705372214317321777e-01 1.632102251052856445e+00 8.478114604949951172e-01 1.181099057197570801e+00 1.556535959243774414e+00 1.020481586456298828e+00 8.500158786773681641e-01 1.112388610839843750e+00 7.446530461311340332e-01 1.240667700767517090e+00 1.063990235328674316e+00 1.111045479774475098e+00 1.120412826538085938e+00 1.130040884017944336e+00 1.491318464279174805e+00 1.420010328292846680e+00 1.163191914558410645e+00 7.708897590637207031e-01 1.405911326408386230e+00
7.777476310729980469e-01 1.246032714843750000e+00 8.489292860031127930e-01 7.721658945083618164e-01 9.518054723739624023e-01 1.526450395584106445e+00 1.583810210227966309e+00 1.534431695938110352e+00 1.708652496337890625e+00 1.592872381210327148e+00 9.992499351501464844e-01 1.902937889099121094e+00 5.292376279830932617e-01 8.223169445991516113e-01 1.494523763656616211e+00 1.012838602066040039e+00 1.354507207870483398e+00 1.365295767784118652e+00 1.007198333740234375e+00 7.964718341827392578e-01
1.208532333374023438e+00 9.940007328987121582e-01 9.217271208763122559e-01 1.091295719146728516e+00 8.821885585784912109e-01 1.084222912788391113e+00 1.071153402328491211e+00 1.037299036979675293e+00 1.015053749084472656e+00 1.136699438095092773e+00 1.362507700920104980e+00 1.244090318679809570e+00 1.671370863914489746e+00 9.529570341110229492e-01 9.576096534729003906e-01 9.980890154838562012e-01 1.392494201660156250e+00 7.816953659057617188e-01 1.245081424713134766e+00 1.085823655128479004e+00
1.189284682273864746e+00 9.791256189346313477e-01 1.021988034248352051e+00 1.695504665374755859e+00 9.999082088470458984e-01 1.339425683021545410e+00 1.112864613533020020e+00 1.520743727684020996e+00 1.092355728149414062e+00 8.262376189231872559e-01 1.564871191978454590e+00 9.880944490432739258e-01 1.283707380294799805e+00 1.410985350608825684e+00 1.131354808807373047e+00 1.736121058464050293e+00 1.511044263839721680e+00 8.745647072792053223e-01 1.275002837181091309e+00 1.300493478775024414e+00
9.112443923950195312e-01 1.057192564010620117e+00 1.394160389900207520e+00 1.034740209579467773e+00 1.175857543945312500e+00 1.479575276374816895e+00 8.070088624954223633e-01 1.190916657447814941e+00 6.984488964080810547e-01 1.088038682937622070e+00 1.011433720588684082e+00 1.000280499458312988e+00 1.019220590591430664e+00 9.538652896881103516e-01 7.164050340652465820e-01 7.421318888664245605e-01 1.595299482345581055e+00 8.607472181320190430e-01 1.144474148750305176e+00 1.288491368293762207e+00
1.241642236709594727e+00 1.038968563079833984e+00 1.268958330154418945e+00 1.583375930786132812e+00 9.526647329330444336e-01 1.586901664733886719e+00 1.146355032920837402e+00 1.334098577499389648e+00 8.602601289749145508e-01 1.096914529800415039e+00 1.301028490066528320e+00 1.065043330192565918e+00 9.953731894493103027e-01 9.374941587448120117e-01 1.247914552688598633e+00 9.763464927673339844e-01 8.396636247634887695e-01 9.897528290748596191e-01 5.022400617599487305e-01 1.146908521652221680e+00
1.418987512588500977e+00 1.127154827117919922e+00 8.853800296783447266e-01 8.811806440353393555e-01 1.150062680244445801e+00 8.549729585647583008e-01 1.458657979965209961e+00 1.315651655197143555e+00 1.228589773178100586e+00 8.663788437843322754e-01 9.683053493499755859e-01 1.544424891471862793e+00 1.070983052253723145e+00 9.047267436981201172e-01 8.466811180114746094e-01 8.495095372200012207e-01 2.256319046020507812e+00 9.629516005516052246e-01 7.587536573410034180e-01 6.682910323143005371e-01
7.379038333892822266e-01 1.314234495162963867e+00 1.240290641784667969e+00 6.842622756958007812e-01 1.000403165817260742e+00 1.100672721862792969e+00 7.489296197891235352e-01 1.543581247329711914e+00 5.748770236968994141e-01 1.295713782310485840e+00 1.064270138740539551e+00 1.327020049095153809e+00 1.230719566345214844e+00 1.107648849487304688e+00 1.122850298881530762e+00 1.405719518661499023e+00 1.003013491630554199e+00 2.012314796447753906e+00 1.218044400215148926e+00 1.706763744354248047e+00
1.263998031616210938e+00 1.063815712928771973e+00 1.211739063262939453e+00 9.717466831207275391e-01 1.280004501342773438e+00 1.236205458641052246e+00 1.018946528434753418e+00 1.956654548645019531e+00 1.235556960105895996e+00 1.356132149696350098e+00 1.087053656578063965e+00 1.427876710891723633e+00 9.940826892852783203e-01 1.481739282608032227e+00 8.220046758651733398e-01 7.483564615249633789e-01 1.707639694213867188e+00 1.049632191658020020e+00 1.171639800071716309e+00 1.630023002624511719e+00
7.987005710601806641e-01 1.182210803031921387e+00 1.323518753051757812e+00 9.555234313011169434e-01 1.043562889099121094e+00 1.263446450233459473e+00 9.754347801208496094e-01 1.469155550003051758e+00 1.144023895263671875e+00 1.160104036331176758e+00 1.124804496765136719e+00 9.936039447784423828e-01 1.645375490188598633e+00 8.730304837226867676e-01 1.018289446830749512e+00 1.196825027465820312e+00 1.324460625648498535e+00 1.576076269149780273e+00 1.124344706535339355e+00 1.355396270751953125e+00
9.427365064620971680e-01 1.249711632728576660e+00 1.173645138740539551e+00 1.444289565086364746e+00 1.160155653953552246e+00 1.092096567153930664e+00 8.774897456169128418e-01 7.160956859588623047e-01 1.217738747596740723e+00 1.195937991142272949e+00 1.360052585601806641e+00 1.655240297317504883e+00 1.592877149581909180e+00 8.622975349426269531e-01 1.788916230201721191e+00 1.174026966094970703e+00 1.064326286315917969e+00 9.721570014953613281e-01 1.886891126632690430e+00 8.717575669288635254e-01
9.229454994201660156e-01 1.153124570846557617e+00 8.910065293312072754e-01 1.286361932754516602e+00 9.827249646186828613e-01 1.437321424484252930e+00 1.284794330596923828e+00 1.106693387031555176e+00 1.282749891281127930e+00 6.335105299949645996e-01 1.037473201751708984e+00 9.151492118835449219e-01 1.523792982101440430e+00 9.036130905151367188e-01 1.677837133407592773e+00 9.686950445175170898e-01 1.890841007232666016e+00 1.303335428237915039e+00 1.571359634399414062e+00 9.152184724807739258e-01
1.339575767517089844e+00 8.912333250045776367e-01 1.098689556121826172e+00 1.077030777931213379e+00 1.089000940322875977e+00 1.246812701225280762e+00 9.717354178428649902e-01 1.248285174369812012e+00 1.108499288558959961e+00 7.588959932327270508e-01 1.099003553390502930e+00 9.975808262825012207e-01 1.071956157684326172e+00 1.019622564315795898e+00 1.253506898880004883e+00 1.134344220161437988e+00 9.552603960037231445e-01 1.581700086593627930e+00 1.258689165115356445e+00 1.780386924743652344e+00
6.878299117088317871e-01 8.204758763313293457e-01 7.925128936767578125e-01 1.181717157363891602e+00 1.375403404235839844e+00 8.047204017639160156e-01 1.110098242759704590e+00 8.677294254302978516e-01 1.023104906082153320e+00 1.150501012802124023e+00 6.738655567169189453e-01 7.708458900451660156e-01 1.175600886344909668e+00 1.589590191841125488e+00 7.442152500152587891e-01 1.436024427413940430e+00 8.492700457572937012e-01 1.516447067260742188e+00 1.365851163864135742e+00 1.139713048934936523e+00
1.081768751144409180e+00 1.419504404067993164e+00 1.311088919639587402e+00 1.084853768348693848e+00 9.790664315223693848e-01 1.111407160758972168e+00 9.851796627044677734e-01 1.044136524200439453e+00 1.158380150794982910e+00 1.443980932235717773e+00 1.116890430450439453e+00 1.009505271911621094e+00 1.279357075691223145e+00 1.435601949691772461e+00 1.056044578552246094e+00 1.241062283515930176e+00 1.326923847198486328e+00 1.152693986892700195e+00 1.390666604042053223e+00 1.245202064514160156e+00
1.263438940048217773e+00 1.313746809959411621e+00 1.070434212684631348e+00 1.480835795402526855e+00 1.313323020935058594e+00 8.293330669403076172e-01 1.281115770339965820e+00 1.437585234642028809e+00 1.016293287277221680e+00 1.703072071075439453e+00 1.490059375762939453e+00 9.881870746612548828e-01 1.138619303703308105e+00 1.678478598594665527e+00 1.148732185363769531e+00 9.497965574264526367e-01 6.895587444305419922e-01 4.176385402679443359e-01 1.564967155456542969e+00 1.497617483139038086e+00
1.058682799339294434e+00 1.204201698303222656e+00 8.769119977951049805e-01 8.898212313652038574e-01 1.486725568771362305e+00 1.290677905082702637e+00 1.101810693740844727e+00 1.323254585266113281e+00 1.344669580459594727e+00 1.291622042655944824e+00 1.411964416503906250e+00 9.746022224426269531e-01 1.659822344779968262e+00 1.448042750358581543e+00 1.137897491455078125e+00 1.218561291694641113e+00 1.392486095428466797e+00 1.383008480072021484e+00 1.779699087142944336e+00 6.566679477691650391e-01
1.039536476135253906e+00 1.432287454605102539e+00 7.175281047821044922e-01 1.177254796028137207e+00 1.339382529258728027e+00 9.111981391906738281e-01 1.946275949478149414e+00 1.231649875640869141e+00 1.830999374389648438e+00 1.876769542694091797e+00 1.217574715614318848e+00 1.362807989120483398e+00 1.184247255325317383e+00 1.147791504859924316e+00 1.077882289886474609e+00 1.041063785552978516e+00 1.153787136077880859e+00 9.851018190383911133e-01 1.005893707275390625e+00 1.751603603363037109e+00
1.382113099098205566e+00 1.298691630363464355e+00 1.610930204391479492e+00 1.170047044754028320e+00 1.232404947280883789e+00 1.003370285034179688e+00 1.219268202781677246e+00 1.119269847869873047e+00 1.421725034713745117e+00 1.223755359649658203e+00 1.354104757308959961e+00 1.553168416023254395e+00 1.008925676345825195e+00 1.306244373321533203e+00 1.267113089561462402e+00 8.516192436218261719e-01 1.261191606521606445e+00 1.077790975570678711e+00 9.639365673065185547e-01 1.095000505447387695e+00
1.538134098052978516e+00 1.314404964447021484e+00 1.601078271865844727e+00 1.287199020385742188e+00 8.735947608947753906e-01 6.420650482177734375e-01 1.263190746307373047e+00 1.235138177871704102e+00 1.108420848846435547e+00 1.342922925949096680e+00 5.509376525878906250e-01 9.845877885818481445e-01 1.130375862121582031e+00 1.343885183334350586e+00 1.136738181114196777e+00 7.045552730560302734e-01 1.182161331176757812e+00 1.332766771316528320e+00 1.206831216812133789e+00 4.353597760200500488e-01
