2018-07-23 00:15:00
8.792976737022399902e-01 9.156965017318725586e-01 5.710679292678833008e-01 6.286303400993347168e-01 7.705976366996765137e-01 5.761438608169555664e-01 7.905744910240173340e-01 7.348285317420959473e-01 6.507588028907775879e-01 6.117919087409973145e-01 9.398816823959350586e-01 1.300641179084777832e+00 1.155365705490112305e+00 1.172992348670959473e+00 9.988826513290405273e-01 1.011285305023193359e+00 8.875411748886108398e-01 9.853097200393676758e-01 1.085301756858825684e+00 1.267671585083007812e+00
1.229935169219970703e+00 9.917836785316467285e-01 7.707369923591613770e-01 1.302141189575195312e+00 5.594882369041442871e-01 8.369539976119995117e-01 8.898094892501831055e-01 1.026303172111511230e+00 9.428783059120178223e-01 8.648114204406738281e-01 1.417455315589904785e+00 7.920870780944824219e-01 1.452614784240722656e+00 1.535737276077270508e+00 1.276690483093261719e+00 1.973486185073852539e+00 8.487831354141235352e-01 6.598155498504638672e-01 1.511557102203369141e+00 1.324167251586914062e+00
1.775692462921142578e+00 6.707462072372436523e-01 1.141763210296630859e+00 9.198484420776367188e-01 7.029083371162414551e-01 7.819235920906066895e-01 8.357912302017211914e-01 1.153098106384277344e+00 1.060562729835510254e+00 6.378056406974792480e-01 1.269055128097534180e+00 1.003081679344177246e+00 1.575133800506591797e+00 1.435424566268920898e+00 1.040236234664916992e+00 1.424508094787597656e+00 1.244605302810668945e+00 1.661548733711242676e+00 9.174881577491760254e-01 1.247291088104248047e+00
7.353219985961914062e-01 8.336812257766723633e-01 5.573972463607788086e-01 7.626485824584960938e-01 6.975058317184448242e-01 6.495366096496582031e-01 7.733803391456604004e-01 1.582576990127563477e+00 1.064926743507385254e+00 1.067736744880676270e+00 9.136231541633605957e-01 1.107097148895263672e+00 1.173256754875183105e+00 1.550991892814636230e+00 1.121933221817016602e+00 1.649086236953735352e+00 1.905602931976318359e+00 1.494733810424804688e+00 1.026265621185302734e+00 1.318841099739074707e+00
9.079776406288146973e-01 6.023262739181518555e-01 1.066072940826416016e+00 9.683962464332580566e-01 6.012624502182006836e-01 8.965328931808471680e-01 7.819108963012695312e-01 7.755799293518066406e-01 1.118173122406005859e+00 8.662533760070800781e-01 7.486544847488403320e-01 8.838667869567871094e-01 4.928627014160156250e-01 1.030125260353088379e+00 1.285965442657470703e+00 9.304000139236450195e-01 1.480871319770812988e+00 7.541755437850952148e-01 1.448913097381591797e+00 7.846871018409729004e-01
8.176773786544799805e-01 6.388886570930480957e-01 8.839432001113891602e-01 6.569344997406005859e-01 1.134821891784667969e+00 8.894410133361816406e-01 9.558783769607543945e-01 7.910056114196777344e-01 9.424433708190917969e-01 1.293643593788146973e+00 7.940784692764282227e-01 1.023227214813232422e+00 9.349004030227661133e-01 1.583196759223937988e+00 1.431159377098083496e+00 7.458376884460449219e-01 1.640624046325683594e+00 1.263167858123779297e+00 1.340988636016845703e+00 1.442586660385131836e+00
8.656133413314819336e-01 1.080044984817504883e+00 7.515114545822143555e-01 3.905242085456848145e-01 3.454332947731018066e-01 1.356691837310791016e+00 4.906512796878814697e-01 9.451141357421875000e-01 8.022553920745849609e-01 1.059348106384277344e+00 1.271202325820922852e+00 9.547343254089355469e-01 1.111661672592163086e+00 1.117738485336303711e+00 2.039584636688232422e+00 1.011154890060424805e+00 1.908562660217285156e+00 1.252641677856445312e+00 1.398307800292968750e+00 6.402513980865478516e-01
8.058555126190185547e-01 7.649773955345153809e-01 6.754276156425476074e-01 9.591470360755920410e-01 8.921744227409362793e-01 7.475495338439941406e-01 8.822102546691894531e-01 5.060453414916992188e-01 7.286061048507690430e-01 7.144903540611267090e-01 9.775689840316772461e-01 1.009636163711547852e+00 1.375920295715332031e+00 7.386987209320068359e-01 1.038631558418273926e+00 1.967868447303771973e+00 9.814683794975280762e-01 1.887456059455871582e+00 1.226314067840576172e+00 1.139829516410827637e+00
9.971978664398193359e-01 9.356366395950317383e-01 6.710265874862670898e-01 8.473950624465942383e-01 7.049494981765747070e-01 4.761385619640350342e-01 6.607972383499145508e-01 1.239287495613098145e+00 5.667870044708251953e-01 9.332945942878723145e-01 1.008358240127563477e+00 7.158944010734558105e-01 9.418227076530456543e-01 1.428064823150634766e+00 1.008022785186767578e+00 1.425157546997070312e+00 1.673887968063354492e+00 9.011642932891845703e-01 1.185671091079711914e+00 1.518844366073608398e+00
1.070707082748413086e+00 8.279679417610168457e-01 6.721860170364379883e-01 7.763691544532775879e-01 8.817716240882873535e-01 9.425329566001892090e-01 8.382394313812255859e-01 5.374704599380493164e-01 6.167981624603271484e-01 8.231217265129089355e-01 9.178016185760498047e-01 1.070050716400146484e+00 1.029039978981018066e+00 1.125826120376586914e+00 9.821037054061889648e-01 6.195250749588012695e-01 1.386450171470642090e+00 1.963674664497375488e+00 1.003357172012329102e+00 1.349407911300659180e+00
6.994914412498474121e-01 1.259743452072143555e+00 9.396604299545288086e-01 5.931811332702636719e-01 7.202461957931518555e-01 7.334259748458862305e-01 5.804797410964965820e-01 9.756906628608703613e-01 1.248382806777954102e+00 1.216916918754577637e+00 6.764466166496276855e-01 7.438743114471435547e-01 1.368260383605957031e+00 8.613662719726562500e-01 1.460398912429809570e+00 7.334036827087402344e-01 1.070189118385314941e+00 1.180603027343750000e+00 1.993686437606811523e+00 1.166422486305236816e+00
8.517497777938842773e-01 1.435109972953796387e+00 1.248012423515319824e+00 7.313764095306396484e-01 1.045369744300842285e+00 9.395676851272583008e-01 1.122476816177368164e+00 8.649563789367675781e-01 1.007789373397827148e+00 9.805718660354614258e-01 1.388859748840332031e+00 1.565351247787475586e+00 1.021249413490295410e+00 1.135896682739257812e+00 1.709891438484191895e+00 1.548709273338317871e+00 8.911563754081726074e-01 1.542128801345825195e+00 2.005862712860107422e+00 8.946573138236999512e-01
1.122132420539855957e+00 1.314168453216552734e+00 9.867358803749084473e-01 5.457900762557983398e-01 9.090143442153930664e-01 1.156736731529235840e+00 1.084470152854919434e+00 1.001639485359191895e+00 8.412818908691406250e-01 1.132616281509399414e+00 1.445452690124511719e+00 1.189108133316040039e+00 1.292097330093383789e+00 1.380341768264770508e+00 1.093553662300109863e+00 1.248096227645874023e+00 1.886367797851562500e+00 2.122859954833984375e+00 1.417642712593078613e+00 9.797838926315307617e-01
1.102320194244384766e+00 9.376320838928222656e-01 1.105962276458740234e+00 1.031642436981201172e+00 1.129737615585327148e+00 9.221998453140258789e-01 6.456649899482727051e-01 9.107058048248291016e-01 6.857323646545410156e-01 9.061233997344970703e-01 1.085186243057250977e+00 1.519535303115844727e+00 1.322249889373779297e+00 1.657394647598266602e+00 1.842159867286682129e+00 1.409044742584228516e+00 1.176324248313903809e+00 1.603470325469970703e+00 1.317145109176635742e+00 9.677088260650634766e-01
1.047928571701049805e+00 9.201593399047851562e-01 1.558613300323486328e+00 1.100727677345275879e+00 8.307790756225585938e-01 8.327587246894836426e-01 4.510980844497680664e-01 9.659255146980285645e-01 1.445915579795837402e+00 1.417116284370422363e+00 6.525989770889282227e-01 1.270972490310668945e+00 8.529702425003051758e-01 1.347465872764587402e+00 1.158522129058837891e+00 1.281803011894226074e+00 1.691455125808715820e+00 1.135465383529663086e+00 1.565036177635192871e+00 8.301897048950195312e-01
1.054147005081176758e+00 1.529740571975708008e+00 1.014618158340454102e+00 1.600845336914062500e+00 9.551293253898620605e-01 8.410999178886413574e-01 1.310080170631408691e+00 1.243764996528625488e+00 1.128477096557617188e+00 1.019904136657714844e+00 8.829028606414794922e-01 1.342758774757385254e+00 1.365649223327636719e+00 1.649048805236816406e+00 1.473263263702392578e+00 1.270382165908813477e+00 1.813521385192871094e+00 1.454936265945434570e+00 1.620866417884826660e+00 7.591255903244018555e-01
1.430045723915100098e+00 1.369556665420532227e+00 1.070880532264709473e+00 1.625990509986877441e+00 1.235608935356140137e+00 1.534177064895629883e+00 1.194805860519409180e+00 1.283504486083984375e+00 9.555632472038269043e-01 1.020771026611328125e+00 6.909149885177612305e-01 8.333559036254882812e-01 1.388406872749328613e+00 8.426824808120727539e-01 1.418963670730590820e+00 1.035563945770263672e+00 1.159189105033874512e+00 1.092175841331481934e+00 1.490289568901062012e+00 1.571832418441772461e+00
1.135068535804748535e+00 1.292381286621093750e+00 1.263774156570434570e+00 1.018788814544677734e+00 9.970024824142456055e-01 7.937464714050292969e-01 1.160178303718566895e+00 6.470627784729003906e-01 1.201054334640502930e+00 1.179636001586914062e+00 1.505185365676879883e+00 1.140505552291870117e+00 8.023517131805419922e-01 9.751462936401367188e-01 1.167443275451660156e+00 7.876738309860229492e-01 1.002713680267333984e+00 1.036601305007934570e+00 1.741854667663574219e+00 1.246124625205993652e+00
1.062964677810668945e+00 1.446282148361206055e+00 1.731419444084167480e+00 5.713326334953308105e-01 9.526203870773315430e-01 1.185805916786193848e+00 9.773454666137695312e-01 9.955047369003295898e-01 1.466788768768310547e+00 1.095290064811706543e+00 6.855481863021850586e-01 1.739552497863769531e+00 1.273028135299682617e+00 8.339978456497192383e-01 1.230255365371704102e+00 1.610011816024780273e+00 1.108257532119750977e+00 1.490179300308227539e+00 7.138860225677490234e-01 1.153121590614318848e+00
6.706879138946533203e-01 9.607586860656738281e-01 1.515696763992309570e+00 1.119274973869323730e+00 8.592728972434997559e-01 7.820317149162292480e-01 1.018828153610229492e+00 9.992328882217407227e-01 1.352486729621887207e+00 1.332481145858764648e+00 1.176562309265136719e+00 9.437316656112670898e-01 1.457894682884216309e+00 1.712465524673461914e+00 1.088091611862182617e+00 1.349281191825866699e+00 1.107841372489929199e+00 9.270340204238891602e-01 1.549070239067077637e+00 7.875787019729614258e-01
