2018-07-23 03:15:00
2.394095510244369507e-01 1.910367906093597412e-01 2.033893465995788574e-01 3.692075014114379883e-01 4.554376006126403809e-01 4.154973626136779785e-01 2.144020646810531616e-01 8.212587237358093262e-02 1.303886175155639648e-01 2.763930559158325195e-01 1.924543380737304688e-01 3.467794656753540039e-01 5.662173628807067871e-01 3.736512064933776855e-01 5.840662717819213867e-01 3.647618889808654785e-01 3.332388997077941895e-01 2.659148275852203369e-01 2.788352072238922119e-01 5.258997678756713867e-01
2.518016993999481201e-01 4.061967432498931885e-01 3.741167187690734863e-01 3.818750977516174316e-01 5.424088239669799805e-01 3.526255786418914795e-01 4.256538152694702148e-01 4.933083057403564453e-02 1.128030344843864441e-01 3.849007487297058105e-01 1.889761090278625488e-01 1.611075699329376221e-01 2.560031414031982422e-01 1.770533025264739990e-01 3.821341991424560547e-01 4.324690699577331543e-01 3.686576485633850098e-01 7.565175294876098633e-01 2.323421090841293335e-01 4.608648717403411865e-01
3.195827603340148926e-01 1.360736489295959473e-01 2.356713712215423584e-01 1.379254162311553955e-01 2.377245426177978516e-01 4.770313501358032227e-01 3.698395490646362305e-01 1.695909649133682251e-01 1.941510438919067383e-01 1.289468407630920410e-01 2.733483016490936279e-01 2.895922064781188965e-01 4.364739656448364258e-01 3.098401427268981934e-01 4.090612530708312988e-01 5.733231306076049805e-01 4.359023869037628174e-01 4.307512342929840088e-01 4.885887503623962402e-01 5.564574003219604492e-01
1.989981830120086670e-01 5.244619250297546387e-01 2.334622740745544434e-01 4.098393321037292480e-01 1.493339538574218750e-01 1.698082089424133301e-01 1.050548702478408813e-01 2.142511904239654541e-01 8.839748799800872803e-02 5.113859176635742188e-01 3.942441344261169434e-01 3.351299166679382324e-01 2.286545038223266602e-01 4.022264480590820312e-01 6.922252178192138672e-01 6.932555437088012695e-01 9.924380779266357422e-01 7.159866094589233398e-01 4.778617918491363525e-01 4.852381050586700439e-01
2.247154116630554199e-01 1.380549371242523193e-01 2.966460287570953369e-01 7.464781403541564941e-02 1.401430070400238037e-01 1.717605143785476685e-01 2.302044928073883057e-01 2.718736827373504639e-01 1.974110156297683716e-01 3.720785677433013916e-01 2.056654691696166992e-01 2.356753051280975342e-01 3.393496870994567871e-01 1.697605848312377930e-01 2.935824990272521973e-01 4.162862300872802734e-01 6.958605647087097168e-01 3.505278229713439941e-01 4.329898357391357422e-01 3.568041324615478516e-01
1.518253982067108154e-01 2.910511493682861328e-01 3.052395284175872803e-01 4.725289940834045410e-01 3.703431487083435059e-01 2.650422751903533936e-01 3.710901141166687012e-01 1.054972484707832336e-01 -8.945986628532409668e-02 2.679282426834106445e-01 2.105050384998321533e-01 3.238397240638732910e-01 2.615894079208374023e-01 3.467834591865539551e-01 6.030918955802917480e-01 3.094693422317504883e-01 3.387584090232849121e-01 7.510775327682495117e-01 2.155216038227081299e-01 3.881457149982452393e-01
2.683844566345214844e-01 3.595620691776275635e-01 4.330519139766693115e-01 1.819039136171340942e-01 1.822334527969360352e-01 2.820189595222473145e-01 4.084866344928741455e-01 2.779235541820526123e-01 3.352006077766418457e-01 2.021367549896240234e-01 5.457617044448852539e-01 3.085855841636657715e-01 1.812855452299118042e-01 1.804665476083755493e-01 3.888367414474487305e-01 4.832631647586822510e-01 3.823445439338684082e-01 8.464701175689697266e-01 5.718284845352172852e-01 1.930875778198242188e-01
1.757044643163681030e-01 1.106550544500350952e-01 4.800572991371154785e-01 2.549648582935333252e-01 4.826031625270843506e-01 2.683749496936798096e-01 3.906643986701965332e-01 3.919798135757446289e-01 3.696239292621612549e-01 2.537539899349212646e-01 3.057279586791992188e-01 4.275556206703186035e-01 4.900984168052673340e-01 2.763398587703704834e-01 4.076426923274993896e-01 4.721106588840484619e-01 4.035030901432037354e-01 5.976843833923339844e-01 5.780026912689208984e-01 4.318922162055969238e-01
3.757508397102355957e-01 2.357652634382247925e-01 4.802122712135314941e-01 1.428111195564270020e-01 2.229596078395843506e-01 2.540243268013000488e-01 4.320378005504608154e-01 1.473325341939926147e-01 5.854649543762207031e-01 1.626273691654205322e-01 4.550985097885131836e-01 4.665551185607910156e-01 4.731469750404357910e-01 3.715001344680786133e-01 2.548823654651641846e-01 3.559650182723999023e-01 4.282321333885192871e-01 5.881469249725341797e-01 4.875023961067199707e-01 3.798895478248596191e-01
4.419328570365905762e-01 2.423585355281829834e-01 3.629186749458312988e-01 4.205636382102966309e-01 3.225546181201934814e-01 2.576383352279663086e-01 5.427579879760742188e-01 3.189777731895446777e-01 1.865196228027343750e-01 1.514263898134231567e-01 1.966769099235534668e-01 1.038953587412834167e-01 2.631160020828247070e-01 2.661373913288116455e-01 1.910301893949508667e-01 3.625027537345886230e-01 6.137633323669433594e-01 4.901181757450103760e-01 3.712084889411926270e-01 5.328891277313232422e-01
2.497209459543228149e-01 3.257740139961242676e-01 4.372600317001342773e-01 3.591153919696807861e-01 4.689512848854064941e-01 3.373178839683532715e-01 3.363591730594635010e-01 4.872784316539764404e-01 2.365766614675521851e-01 2.823365032672882080e-01 3.062599301338195801e-01 3.432824611663818359e-01 1.795501410961151123e-01 4.687304198741912842e-01 1.965771317481994629e-01 5.272623896598815918e-01 3.787903785705566406e-01 1.206099241971969604e-01 6.330669522285461426e-01 4.095209240913391113e-01
4.077404141426086426e-01 1.378106921911239624e-01 4.357791841030120850e-01 1.949033439159393311e-01 3.225350677967071533e-01 4.025433957576751709e-01 6.281200647354125977e-01 3.512394428253173828e-01 5.272198915481567383e-01 2.848674654960632324e-01 5.225862860679626465e-01 4.138833284378051758e-02 3.255476653575897217e-01 3.842940032482147217e-01 3.367817401885986328e-01 2.917881906032562256e-01 2.527241706848144531e-01 3.973816931247711182e-01 2.495740354061126709e-01 4.149666428565979004e-01
4.000261425971984863e-01 5.118392109870910645e-01 1.833389252424240112e-01 4.167784750461578369e-01 3.539699018001556396e-01 4.619198143482208252e-01 3.024789988994598389e-01 3.197394013404846191e-01 3.926553726196289062e-01 3.683508038520812988e-01 3.087034225463867188e-01 3.109968602657318115e-01 3.458350598812103271e-01 3.152230381965637207e-01 9.477881342172622681e-02 3.765441775321960449e-01 3.007752001285552979e-01 2.511368393898010254e-01 3.156100511550903320e-01 4.236298501491546631e-01
5.476029515266418457e-01 3.242897391319274902e-01 5.245136618614196777e-01 1.982474178075790405e-01 4.014770984649658203e-01 2.083679437637329102e-01 1.512331962585449219e-01 3.337446749210357666e-01 2.421823292970657349e-01 4.596675038337707520e-01 2.660719156265258789e-01 3.634629845619201660e-01 3.430601358413696289e-01 3.610061705112457275e-01 2.615645527839660645e-01 2.554263472557067871e-01 1.535360068082809448e-01 3.385104835033416748e-01 2.002079784870147705e-01 1.462326198816299438e-01
3.683413267135620117e-01 8.946040272712707520e-02 1.254614740610122681e-01 3.643352985382080078e-01 3.566247820854187012e-01 4.264209866523742676e-01 3.724516630172729492e-01 4.799458980560302734e-01 1.134855449199676514e-01 3.233101367950439453e-01 2.070031166076660156e-01 4.362178444862365723e-01 3.192615509033203125e-01 5.547395944595336914e-01 4.870179295539855957e-01 3.270381689071655273e-01 2.307578325271606445e-01 4.438352286815643311e-01 1.026533320546150208e-01 2.210100442171096802e-01
2.578307390213012695e-01 4.656659960746765137e-01 3.571841120719909668e-01 3.499113321304321289e-01 3.599128127098083496e-01 4.252309203147888184e-01 1.410904824733734131e-01 2.554866075515747070e-01 4.539103507995605469e-01 2.766600251197814941e-01 2.053218185901641846e-01 2.233165055513381958e-01 4.212944209575653076e-01 2.087974846363067627e-01 2.270189672708511353e-01 3.229734301567077637e-01 3.514536917209625244e-01 2.828962504863739014e-01 1.472472846508026123e-01 3.815135955810546875e-01
4.518692493438720703e-01 3.477925062179565430e-01 3.938073217868804932e-01 5.840975642204284668e-01 4.943662881851196289e-01 3.607378005981445312e-01 3.296268582344055176e-01 3.607335984706878662e-01 2.179699838161468506e-01 3.722269535064697266e-01 3.153009414672851562e-01 2.148458212614059448e-01 3.908248543739318848e-01 2.342414557933807373e-01 2.603773772716522217e-01 5.615878105163574219e-01 1.822669208049774170e-01 1.788648068904876709e-01 1.456601619720458984e-01 1.725967526435852051e-01
2.400134801864624023e-01 3.936093449592590332e-01 2.951251566410064697e-01 1.307846456766128540e-01 3.611319661140441895e-01 2.861042618751525879e-01 2.443230152130126953e-01 3.411880135536193848e-01 3.728247284889221191e-01 3.875265121459960938e-01 3.195024132728576660e-01 2.377060651779174805e-01 2.510189116001129150e-01 1.984811723232269287e-01 2.073931992053985596e-01 1.828431487083435059e-01 2.096858322620391846e-01 4.278999269008636475e-01 1.746806800365447998e-01 1.820107102394104004e-01
5.441870689392089844e-01 3.027027249336242676e-01 2.852016985416412354e-01 1.857881993055343628e-01 3.422532677650451660e-01 2.478191256523132324e-01 2.610938251018524170e-01 3.888364434242248535e-01 3.680401444435119629e-01 2.232230603694915771e-01 6.025323867797851562e-01 3.587325215339660645e-01 2.534423470497131348e-01 3.054636716842651367e-01 1.340170204639434814e-01 3.490199148654937744e-01 2.531446516513824463e-01 2.726234495639801025e-01 4.283547401428222656e-01 3.057718276977539062e-01
1.668378114700317383e-01 2.431249320507049561e-01 2.601482570171356201e-01 2.597327828407287598e-01 3.145375847816467285e-01 2.669838070869445801e-01 2.879796624183654785e-01 1.310727298259735107e-01 4.783376455307006836e-01 9.236809611320495605e-02 4.735214710235595703e-01 3.662103414535522461e-01 2.286221385002136230e-01 2.130394577980041504e-01 2.545709609985351562e-01 8.302787691354751587e-02 3.763835430145263672e-01 2.622387409210205078e-01 1.657554358243942261e-01 2.614895105361938477e-01
