2018-07-23 04:15:00
6.258314847946166992e-01 3.781855106353759766e-01 3.610642552375793457e-01 1.909027546644210815e-01 4.146635234355926514e-01 4.983005821704864502e-01 2.646277546882629395e-01 2.260608673095703125e-01 3.728977143764495850e-01 7.008163928985595703e-01 1.624958515167236328e-01 3.772425353527069092e-01 3.259619772434234619e-01 3.638840317726135254e-01 3.633064925670623779e-01 5.579386949539184570e-01 4.073268771171569824e-01 4.378124475479125977e-01 4.208682775497436523e-01 3.106398582458496094e-01
3.283340632915496826e-01 1.117427051067352295e-01 3.969575166702270508e-01 2.073131054639816284e-01 6.135867238044738770e-01 4.546462893486022949e-01 2.163047343492507935e-01 3.069128096103668213e-01 2.926999926567077637e-01 4.306265711784362793e-01 4.595966935157775879e-01 3.214130997657775879e-01 3.448677062988281250e-01 4.938357472419738770e-01 4.580918550491333008e-01 5.560332536697387695e-01 3.284031748771667480e-01 6.051443219184875488e-01 3.881330490112304688e-01 2.620994448661804199e-01
3.228042721748352051e-01 3.976243734359741211e-01 2.759260833263397217e-01 5.327087640762329102e-01 4.728384613990783691e-01 4.008235335350036621e-01 4.830853044986724854e-01 3.792556226253509521e-01 2.608705759048461914e-01 3.342352509498596191e-01 4.000556468963623047e-01 3.312106728553771973e-01 2.991399168968200684e-01 2.556685805320739746e-01 1.766470223665237427e-01 2.817096710205078125e-01 4.105592370033264160e-01 4.242089688777923584e-01 3.214162588119506836e-01 4.132915139198303223e-01
3.518775105476379395e-01 4.671208262443542480e-01 5.744804143905639648e-01 2.861152589321136475e-01 2.982372045516967773e-01 4.137983024120330811e-01 3.808512687683105469e-01 2.654426395893096924e-01 3.113381862640380859e-01 6.068142056465148926e-01 4.483702182769775391e-01 3.609538972377777100e-01 4.684603214263916016e-01 2.389089167118072510e-01 3.231035768985748291e-01 4.755680859088897705e-01 5.325146317481994629e-01 2.752833962440490723e-01 3.134182095527648926e-01 3.127246201038360596e-01
4.030385613441467285e-01 2.571518421173095703e-01 4.295967221260070801e-01 2.600163221359252930e-01 2.789725959300994873e-01 5.844496488571166992e-01 3.002479970455169678e-01 4.566916823387145996e-01 4.897451698780059814e-01 6.034977436065673828e-01 5.540145635604858398e-01 3.193363249301910400e-01 2.771012187004089355e-01 4.039086699485778809e-01 4.464917480945587158e-01 4.278374016284942627e-01 3.486929833889007568e-01 3.353631794452667236e-01 2.743276357650756836e-01 2.781430482864379883e-01
2.480677962303161621e-01 3.492915332317352295e-01 5.287740230560302734e-01 3.408809304237365723e-01 4.727773070335388184e-01 2.761071920394897461e-01 3.571994900703430176e-01 5.417887568473815918e-01 4.307282567024230957e-01 4.295507371425628662e-01 1.975537240505218506e-01 2.698219418525695801e-01 3.235977590084075928e-01 3.646218180656433105e-01 3.529853224754333496e-01 5.113918185234069824e-01 5.320476889610290527e-01 5.976415872573852539e-01 4.393147528171539307e-01 3.147200644016265869e-01
9.056790173053741455e-02 3.935961723327636719e-01 5.717118382453918457e-01 4.187867641448974609e-01 2.676440477371215820e-01 5.957154035568237305e-01 3.221868872642517090e-01 3.129604756832122803e-01 4.250248074531555176e-01 2.446373105049133301e-01 2.714863419532775879e-01 3.587452471256256104e-01 5.441756248474121094e-01 4.579350054264068604e-01 2.941146790981292725e-01 3.181322813034057617e-01 6.512416005134582520e-01 3.777061104774475098e-01 3.622869253158569336e-01 5.483558773994445801e-01
3.776153326034545898e-01 2.380699813365936279e-01 3.869475722312927246e-01 5.003487467765808105e-01 4.326133131980895996e-01 2.325062006711959839e-01 3.904183506965637207e-01 2.611750960350036621e-01 2.550878524780273438e-01 3.803467750549316406e-01 1.593944132328033447e-01 4.030497074127197266e-01 6.606301069259643555e-01 5.438510179519653320e-01 4.135472476482391357e-01 3.051731288433074951e-01 4.283111989498138428e-01 4.722561836242675781e-01 3.186576664447784424e-01 3.661476075649261475e-01
3.693327307701110840e-01 3.142091929912567139e-01 2.023583948612213135e-01 3.039034008979797363e-01 7.513044774532318115e-02 4.506918787956237793e-01 2.782335281372070312e-01 3.435300886631011963e-01 2.312991619110107422e-01 3.068888187408447266e-01 2.159791141748428345e-01 1.351495236158370972e-01 3.591265380382537842e-01 4.109522104263305664e-01 4.942296743392944336e-01 2.703747153282165527e-01 2.828899919986724854e-01 4.105963408946990967e-01 2.509047389030456543e-01 3.129782974720001221e-01
6.801921129226684570e-01 1.745158433914184570e-01 1.567231565713882446e-01 2.597125768661499023e-01 4.275105297565460205e-01 1.988215148448944092e-01 3.279457092285156250e-01 5.959941744804382324e-01 4.312814772129058838e-01 4.362440109252929688e-01 3.190554380416870117e-01 3.833715617656707764e-01 4.477249085903167725e-01 2.344752550125122070e-01 3.940511345863342285e-01 3.198819458484649658e-01 5.680935382843017578e-01 4.626598954200744629e-01 4.152206182479858398e-01 2.353568375110626221e-01
5.400353670120239258e-01 1.977663338184356689e-01 2.822813987731933594e-01 2.736570239067077637e-01 2.248674482107162476e-01 1.974559873342514038e-01 3.489252626895904541e-01 4.745803475379943848e-01 4.198404550552368164e-01 2.932188510894775391e-01 2.756599187850952148e-01 2.021484076976776123e-01 3.184418678283691406e-01 1.729570329189300537e-01 1.837499439716339111e-01 4.291521906852722168e-01 3.313694000244140625e-01 2.445380240678787231e-01 5.624251365661621094e-01 2.012172788381576538e-01
3.975241780281066895e-01 2.927765250205993652e-01 4.173638820648193359e-01 2.372623831033706665e-01 1.996524333953857422e-01 4.020412564277648926e-01 3.624977171421051025e-01 4.029631614685058594e-01 4.796205759048461914e-01 2.934697270393371582e-01 2.278949618339538574e-01 4.528456628322601318e-01 4.045451879501342773e-01 2.767924368381500244e-01 3.594433665275573730e-01 5.102811455726623535e-01 2.126874923706054688e-01 3.065111339092254639e-01 2.147467732429504395e-01 3.711706995964050293e-01
4.833238124847412109e-01 3.124935626983642578e-01 2.211302816867828369e-01 4.646693766117095947e-01 4.315610229969024658e-01 6.515725851058959961e-01 4.940839409828186035e-01 3.397721052169799805e-01 3.687017560005187988e-01 3.462075591087341309e-01 4.607008397579193115e-01 6.020963191986083984e-01 1.934424340724945068e-01 1.593787223100662231e-01 3.832371830940246582e-01 2.383375018835067749e-01 3.130905926227569580e-01 4.665928781032562256e-01 3.524710536003112793e-01 3.213921189308166504e-01
2.623395919799804688e-01 3.894765973091125488e-01 3.956919908523559570e-01 2.859676480293273926e-01 4.750246107578277588e-01 3.212917447090148926e-01 3.652360737323760986e-01 2.562071979045867920e-01 2.234555184841156006e-01 4.274171590805053711e-01 4.745283722877502441e-01 3.515304327011108398e-01 5.274773240089416504e-01 5.721615552902221680e-01 4.588047862052917480e-01 3.293163180351257324e-01 3.479058146476745605e-01 4.334987699985504150e-01 3.018370568752288818e-01 1.686094701290130615e-01
3.035147488117218018e-01 4.577217698097229004e-01 4.615020751953125000e-01 3.490306138992309570e-01 3.669874072074890137e-01 4.399674832820892334e-01 1.768264919519424438e-01 2.724939882755279541e-01 4.031059741973876953e-01 2.159565389156341553e-01 2.613919079303741455e-01 3.735337555408477783e-01 3.718962073326110840e-01 3.053579330444335938e-01 4.201627373695373535e-01 2.711207866668701172e-01 3.349900245666503906e-01 1.535674780607223511e-01 2.394899427890777588e-01 3.917640149593353271e-01
3.168386220932006836e-01 2.860780060291290283e-01 4.894605875015258789e-01 4.991964995861053467e-01 3.484190702438354492e-01 7.198404073715209961e-01 2.845664620399475098e-01 5.316461324691772461e-01 3.307643830776214600e-01 3.806554973125457764e-01 4.507555365562438965e-01 4.469854831695556641e-01 2.957754731178283691e-01 5.585255622863769531e-01 2.454999536275863647e-01 4.965551495552062988e-01 1.680728495121002197e-01 2.816865444183349609e-01 3.465410172939300537e-01 5.486503839492797852e-01
2.975964248180389404e-01 3.349949717521667480e-01 3.647126555442810059e-01 5.527962446212768555e-01 5.135552287101745605e-01 1.388150900602340698e-01 3.635197281837463379e-01 1.723316609859466553e-01 1.189019456505775452e-01 2.792879045009613037e-01 3.318856358528137207e-01 2.504492402076721191e-01 3.038464784622192383e-01 2.207267433404922485e-01 6.633437275886535645e-01 2.903384268283843994e-01 4.212233424186706543e-01 3.654578030109405518e-01 4.334034025669097900e-01 1.606829613447189331e-01
3.977640271186828613e-01 5.152683258056640625e-01 3.283296823501586914e-01 2.840580344200134277e-01 2.234903723001480103e-01 3.692907691001892090e-01 3.311090469360351562e-01 4.681454300880432129e-01 1.789533048868179321e-01 3.141213059425354004e-01 3.933808207511901855e-01 1.592516899108886719e-01 3.097540438175201416e-01 3.403531312942504883e-01 3.004251122474670410e-01 3.906361460685729980e-01 2.747721374034881592e-01 3.373363018035888672e-01 3.772500753402709961e-01 2.353411167860031128e-01
4.951632618904113770e-01 2.117423117160797119e-01 4.133563637733459473e-01 3.986124694347381592e-01 2.763617634773254395e-01 3.076280057430267334e-01 2.448467016220092773e-01 3.947941660881042480e-01 1.824724078178405762e-01 4.078911542892456055e-01 2.315874695777893066e-01 2.804650664329528809e-01 2.696322202682495117e-01 1.689418554306030273e-01 2.316369712352752686e-01 4.438403844833374023e-01 3.536875247955322266e-01 4.164283275604248047e-01 3.389494717121124268e-01 3.139052391052246094e-01
3.042925596237182617e-01 3.461323380470275879e-01 3.802448511123657227e-01 1.648827046155929565e-01 2.574476599693298340e-01 2.745924890041351318e-01 2.115831822156906128e-01 2.780377864837646484e-01 3.017204403877258301e-01 3.523697555065155029e-01 4.118903577327728271e-01 6.793705224990844727e-01 2.621639668941497803e-01 5.194169878959655762e-01 2.306926548480987549e-01 2.655885815620422363e-01 3.446976542472839355e-01 3.892043232917785645e-01 2.194669246673583984e-01 2.717148065567016602e-01
