2018-07-23 00:30:00
3.427701592445373535e-01 8.539132475852966309e-01 6.132574677467346191e-01 8.765825033187866211e-01 6.651815176010131836e-01 7.363554835319519043e-01 6.134783029556274414e-01 8.617760539054870605e-01 1.166175723075866699e+00 1.086409091949462891e+00 1.109738469123840332e+00 1.021817445755004883e+00 1.167988419532775879e+00 9.890199303627014160e-01 1.055622816085815430e+00 5.552492737770080566e-01 8.795038461685180664e-01 5.875352621078491211e-01 1.034657955169677734e+00 6.731113195419311523e-01
6.929423809051513672e-01 1.037285327911376953e+00 7.629840373992919922e-01 1.028262853622436523e+00 6.025677323341369629e-01 9.629646539688110352e-01 8.008714914321899414e-01 8.359265327453613281e-01 9.651458859443664551e-01 1.031344056129455566e+00 8.619567155838012695e-01 1.094447016716003418e+00 9.439009428024291992e-01 1.111801981925964355e+00 9.248794913291931152e-01 6.547564268112182617e-01 6.004369258880615234e-01 8.692824840545654297e-01 8.118458986282348633e-01 8.761067390441894531e-01
9.361209273338317871e-01 8.090749979019165039e-01 8.212940096855163574e-01 1.114169001579284668e+00 7.804938554763793945e-01 8.061867952346801758e-01 6.712258458137512207e-01 1.160142421722412109e+00 9.372154474258422852e-01 1.050929307937622070e+00 4.793874621391296387e-01 9.898149967193603516e-01 5.704203844070434570e-01 1.078240513801574707e+00 6.974042057991027832e-01 1.185885787010192871e+00 8.818848133087158203e-01 6.090731620788574219e-01 5.939316749572753906e-01 9.164606332778930664e-01
6.919347047805786133e-01 7.341129779815673828e-01 5.561041831970214844e-01 8.963919281959533691e-01 1.078854560852050781e+00 6.630361080169677734e-01 1.086927533149719238e+00 1.069242000579833984e+00 6.995815038681030273e-01 8.873813152313232422e-01 8.452748060226440430e-01 1.067967414855957031e+00 9.653758406639099121e-01 9.841485023498535156e-01 6.010484695434570312e-01 1.307196855545043945e+00 9.518026709556579590e-01 1.036318063735961914e+00 1.156780958175659180e+00 1.102272033691406250e+00
1.221243023872375488e+00 1.097324490547180176e+00 7.706430554389953613e-01 9.325250387191772461e-01 1.109786033630371094e+00 9.089071750640869141e-01 5.523734092712402344e-01 9.706704616546630859e-01 6.635164618492126465e-01 9.711208343505859375e-01 7.435047626495361328e-01 8.917106986045837402e-01 6.013430356979370117e-01 5.033432841300964355e-01 1.104435920715332031e+00 7.764672040939331055e-01 7.105659842491149902e-01 9.832614660263061523e-01 1.101867079734802246e+00 1.055840492248535156e+00
9.326736927032470703e-01 4.795168042182922363e-01 8.752831220626831055e-01 4.149403274059295654e-01 5.810202360153198242e-01 7.023438215255737305e-01 5.715199708938598633e-01 6.633501052856445312e-01 8.870159983634948730e-01 8.014408349990844727e-01 1.087544322013854980e+00 9.956053495407104492e-01 9.106343984603881836e-01 6.732484102249145508e-01 1.285482883453369141e+00 7.825164794921875000e-01 1.005666255950927734e+00 1.041734218597412109e+00 5.701366662979125977e-01 1.085132837295532227e+00
1.149986505508422852e+00 8.736293911933898926e-01 6.150516271591186523e-01 5.243109464645385742e-01 7.365697026252746582e-01 5.186862945556640625e-01 9.391256570816040039e-01 7.928089499473571777e-01 7.835934162139892578e-01 3.750367164611816406e-01 5.734605789184570312e-01 8.417397141456604004e-01 9.207819700241088867e-01 4.677954018115997314e-01 6.377203464508056641e-01 9.064034819602966309e-01 9.399009943008422852e-01 8.779575228691101074e-01 6.016973257064819336e-01 8.638610839843750000e-01
5.765472650527954102e-01 7.432879209518432617e-01 5.749039649963378906e-01 8.793365955352783203e-01 1.046406626701354980e+00 5.168747305870056152e-01 8.019356727600097656e-01 5.364469289779663086e-01 8.393992185592651367e-01 7.249051332473754883e-01 5.875442028045654297e-01 7.403275966644287109e-01 1.155894160270690918e+00 5.025211572647094727e-01 8.006855845451354980e-01 7.158852815628051758e-01 7.029500603675842285e-01 1.096314430236816406e+00 1.065289974212646484e+00 7.833888530731201172e-01
7.242575883865356445e-01 7.621175050735473633e-01 9.928769469261169434e-01 6.068443059921264648e-01 8.495063781738281250e-01 6.773501634597778320e-01 4.886786341667175293e-01 1.003882408142089844e+00 6.380286216735839844e-01 8.278188705444335938e-01 6.347699165344238281e-01 7.230324745178222656e-01 6.040313243865966797e-01 9.171415567398071289e-01 7.541955709457397461e-01 8.639780879020690918e-01 5.948466062545776367e-01 9.643076658248901367e-01 9.859929084777832031e-01 7.395861148834228516e-01
3.572235107421875000e-01 7.591823935508728027e-01 6.390973925590515137e-01 3.774469494819641113e-01 5.931820869445800781e-01 7.600185871124267578e-01 9.892429113388061523e-01 8.324773907661437988e-01 8.135175704956054688e-01 8.907107710838317871e-01 7.634545564651489258e-01 6.933618783950805664e-01 8.106872439384460449e-01 8.392851352691650391e-01 1.051623344421386719e+00 6.199591755867004395e-01 7.989335060119628906e-01 1.232912778854370117e+00 1.125643014907836914e+00 4.685793220996856689e-01
5.880555510520935059e-01 6.315733194351196289e-01 7.208360433578491211e-01 1.000090599060058594e+00 4.985474348068237305e-01 1.022699356079101562e+00 7.344381213188171387e-01 1.012139320373535156e+00 8.023957014083862305e-01 1.282326698303222656e+00 8.787094354629516602e-01 6.876831054687500000e-01 9.264870285987854004e-01 1.213325500488281250e+00 9.030801653861999512e-01 5.871497392654418945e-01 6.295155882835388184e-01 5.594959855079650879e-01 6.807427406311035156e-01 7.836602926254272461e-01
5.708321928977966309e-01 5.032873153686523438e-01 6.123443841934204102e-01 6.679939627647399902e-01 5.678498744964599609e-01 2.747068405151367188e-01 7.694399356842041016e-01 6.423646211624145508e-01 4.552745223045349121e-01 7.688468098640441895e-01 5.825702548027038574e-01 3.949278593063354492e-01 8.030396699905395508e-01 7.164651155471801758e-01 5.990728735923767090e-01 8.270006775856018066e-01 8.453716039657592773e-01 8.411169052124023438e-01 9.593448638916015625e-01 1.166467428207397461e+00
9.062536954879760742e-01 6.382752060890197754e-01 7.864015102386474609e-01 8.465002775192260742e-01 6.820662617683410645e-01 4.934350252151489258e-01 8.370482921600341797e-01 6.322243213653564453e-01 5.856454968452453613e-01 1.046848893165588379e+00 4.743681550025939941e-01 5.860620737075805664e-01 6.537631750106811523e-01 9.597336053848266602e-01 7.988923788070678711e-01 7.336548566818237305e-01 1.305248737335205078e+00 9.020019173622131348e-01 1.162304401397705078e+00 1.250208139419555664e+00
5.938135385513305664e-01 8.851714730262756348e-01 6.809230446815490723e-01 5.968746542930603027e-01 5.629850625991821289e-01 5.184029340744018555e-01 5.516251921653747559e-01 4.918979406356811523e-01 7.073446512222290039e-01 7.303466200828552246e-01 7.765932083129882812e-01 6.557427644729614258e-01 5.004520416259765625e-01 8.281418085098266602e-01 8.690994381904602051e-01 4.993671774864196777e-01 6.764107942581176758e-01 7.969508171081542969e-01 8.097805976867675781e-01 6.700178384780883789e-01
8.453707695007324219e-01 8.229088783264160156e-01 8.747248053550720215e-01 5.944200754165649414e-01 5.456432104110717773e-01 7.779442071914672852e-01 5.436454415321350098e-01 9.043134450912475586e-01 9.141465425491333008e-01 7.417982220649719238e-01 9.221453666687011719e-01 6.155215501785278320e-01 7.624937891960144043e-01 1.066950798034667969e+00 6.351329088211059570e-01 6.041175723075866699e-01 5.737953782081604004e-01 1.077386140823364258e+00 8.361892104148864746e-01 9.418965578079223633e-01
7.896004915237426758e-01 6.025387048721313477e-01 7.919493913650512695e-01 1.065621018409729004e+00 5.802909135818481445e-01 9.729580879211425781e-01 8.580169677734375000e-01 7.089679241180419922e-01 7.135797739028930664e-01 7.425737380981445312e-01 6.435726881027221680e-01 8.830472230911254883e-01 8.192167282104492188e-01 9.284014105796813965e-01 8.772749900817871094e-01 6.602821946144104004e-01 4.301924109458923340e-01 9.041271805763244629e-01 1.259606838226318359e+00 5.809979438781738281e-01
1.213696002960205078e+00 1.165549516677856445e+00 1.266025781631469727e+00 8.865039348602294922e-01 6.805356740951538086e-01 7.985621690750122070e-01 1.149174690246582031e+00 7.555228471755981445e-01 7.457555532455444336e-01 6.776513457298278809e-01 7.718071937561035156e-01 5.893782377243041992e-01 8.216891288757324219e-01 1.404492855072021484e+00 9.257627129554748535e-01 8.348808288574218750e-01 8.371778726577758789e-01 8.603135943412780762e-01 6.633182764053344727e-01 9.698814749717712402e-01
7.911471724510192871e-01 5.558966398239135742e-01 8.773186802864074707e-01 1.136294603347778320e+00 6.916307210922241211e-01 7.878947257995605469e-01 8.941763043403625488e-01 6.845254898071289062e-01 6.756843328475952148e-01 6.626884937286376953e-01 4.929236769676208496e-01 8.822830915451049805e-01 8.127674460411071777e-01 6.832339763641357422e-01 9.182595014572143555e-01 7.026801109313964844e-01 7.659536600112915039e-01 4.497544169425964355e-01 1.031841754913330078e+00 8.727427721023559570e-01
7.106590270996093750e-01 6.026608943939208984e-01 9.111871123313903809e-01 7.842541933059692383e-01 6.875802278518676758e-01 9.203453660011291504e-01 8.504121303558349609e-01 5.637506246566772461e-01 7.521088123321533203e-01 1.002468109130859375e+00 9.153093099594116211e-01 7.121019363403320312e-01 5.253909826278686523e-01 8.614999055862426758e-01 8.820527791976928711e-01 5.395946502685546875e-01 6.690989732742309570e-01 7.205757498741149902e-01 8.137586116790771484e-01 1.138211488723754883e+00
7.001623511314392090e-01 8.527445793151855469e-01 7.555843591690063477e-01 8.016613125801086426e-01 9.902958869934082031e-01 7.259049415588378906e-01 7.760831713676452637e-01 7.775132060050964355e-01 9.380754232406616211e-01 7.871402502059936523e-01 8.002656698226928711e-01 4.808693528175354004e-01 6.644787788391113281e-01 1.128901362419128418e+00 4.774065017700195312e-01 8.157263398170471191e-01 1.054826617240905762e+00 8.963216543197631836e-01 9.841194152832031250e-01 7.504804134368896484e-01
