2018-07-23 05:30:00
2.323464602231979370e-01 3.114214241504669189e-01 4.515314698219299316e-01 2.566564977169036865e-01 2.579377591609954834e-01 3.817677497863769531e-01 1.551947593688964844e-01 2.685509622097015381e-01 2.177526950836181641e-01 1.621977388858795166e-01 2.354842424392700195e-01 3.398818075656890869e-01 4.225142598152160645e-01 3.588621020317077637e-01 4.270897507667541504e-01 3.840549588203430176e-01 2.981703877449035645e-01 2.756389975547790527e-01 2.407518476247787476e-01 3.367154300212860107e-01
1.729949861764907837e-01 3.710064888000488281e-01 2.143502533435821533e-01 4.431192874908447266e-01 6.834998130798339844e-01 4.130699634552001953e-01 2.329505383968353271e-01 2.679787874221801758e-01 2.799445986747741699e-01 3.561772108078002930e-01 2.537262141704559326e-01 2.280009090900421143e-01 3.069471120834350586e-01 3.164169192314147949e-01 3.373959064483642578e-01 3.287802040576934814e-01 4.086081087589263916e-01 5.837659835815429688e-01 5.085535049438476562e-01 3.199587464332580566e-01
2.586641907691955566e-01 2.979405820369720459e-01 4.671418964862823486e-01 7.137600183486938477e-01 2.077379524707794189e-01 7.961612343788146973e-01 6.488473415374755859e-01 2.000904530286788940e-01 3.526960313320159912e-01 2.965778708457946777e-01 6.562480926513671875e-01 3.078033030033111572e-01 2.819119393825531006e-01 3.953636884689331055e-01 1.744397729635238647e-01 2.298003882169723511e-01 4.887171387672424316e-01 2.788763940334320068e-01 5.136711597442626953e-01 3.162243962287902832e-01
4.772569835186004639e-01 3.785977363586425781e-01 1.181598156690597534e-01 3.384834825992584229e-01 1.449662446975708008e-01 2.967108488082885742e-01 2.306328415870666504e-01 3.018904328346252441e-01 4.284225106239318848e-01 5.178917646408081055e-01 4.840553402900695801e-01 4.412136673927307129e-01 2.641202211380004883e-01 2.611741125583648682e-01 2.686443924903869629e-01 3.911675810813903809e-01 3.046525418758392334e-01 1.739849895238876343e-01 1.827587187290191650e-01 2.341778427362442017e-01
2.108773589134216309e-01 2.924441993236541748e-01 2.137396037578582764e-01 3.757734894752502441e-01 2.100038081407546997e-01 6.785452365875244141e-02 2.280795574188232422e-01 2.649418115615844727e-01 6.077566146850585938e-01 4.905583262443542480e-01 1.574336588382720947e-01 2.934779524803161621e-01 5.209237337112426758e-01 2.240659594535827637e-01 3.318362534046173096e-01 1.270437836647033691e-01 2.962784469127655029e-01 4.281099736690521240e-01 1.315502226352691650e-01 3.232835829257965088e-01
1.850809901952743530e-01 4.253134727478027344e-01 5.386201739311218262e-01 4.794089198112487793e-01 7.537362575531005859e-01 4.003336131572723389e-01 1.896960139274597168e-01 5.144044756889343262e-01 3.583102822303771973e-01 2.803021669387817383e-01 4.658543169498443604e-01 5.197889804840087891e-01 3.717739284038543701e-01 2.163168489933013916e-01 2.617912888526916504e-01 1.832107007503509521e-01 2.441700547933578491e-01 4.339825510978698730e-01 7.854546606540679932e-02 4.352509081363677979e-01
1.358603239059448242e-01 7.461795210838317871e-02 3.318577408790588379e-01 3.147372007369995117e-01 3.457884192466735840e-01 8.589705228805541992e-01 1.949764490127563477e-01 2.127836644649505615e-01 2.541728615760803223e-01 1.698880642652511597e-01 5.598347187042236328e-01 3.212943673133850098e-01 3.895208537578582764e-01 2.601588070392608643e-01 3.100405335426330566e-01 1.937034875154495239e-01 2.697134017944335938e-01 5.279493927955627441e-01 2.944624722003936768e-01 3.677166402339935303e-01
4.086279273033142090e-01 4.097991287708282471e-01 4.718866050243377686e-01 4.163264930248260498e-01 7.623695135116577148e-01 2.750389575958251953e-01 3.110809028148651123e-01 4.675364494323730469e-01 2.675053477287292480e-01 3.674234449863433838e-01 3.908654153347015381e-01 1.549797952175140381e-01 5.236894488334655762e-01 3.370726108551025391e-01 5.610033273696899414e-01 1.685448437929153442e-01 4.592743515968322754e-01 3.426068723201751709e-01 2.703699171543121338e-01 2.397313565015792847e-01
2.101476788520812988e-01 2.702611684799194336e-01 2.846703529357910156e-01 4.779380559921264648e-01 2.768576145172119141e-01 3.260987401008605957e-01 1.615834832191467285e-01 4.001403152942657471e-01 3.442492187023162842e-01 3.266901969909667969e-01 2.738208174705505371e-01 2.811785340309143066e-01 4.689300954341888428e-01 3.503445386886596680e-01 2.024243772029876709e-01 1.763668954372406006e-01 3.586716055870056152e-01 1.377389729022979736e-01 3.403247892856597900e-01 2.416674792766571045e-01
3.501578569412231445e-01 3.141508102416992188e-01 4.113555550575256348e-01 4.882788658142089844e-01 4.175748229026794434e-01 2.185809910297393799e-01 3.834321498870849609e-01 3.907145261764526367e-01 2.876791656017303467e-01 3.970384597778320312e-01 3.264200091361999512e-01 1.734407991170883179e-01 3.268513083457946777e-01 1.617803126573562622e-01 2.767598628997802734e-01 1.992971003055572510e-01 3.027065992355346680e-01 4.375086426734924316e-01 3.331386446952819824e-01 4.526956677436828613e-01
4.391596317291259766e-01 2.004906535148620605e-01 1.448977291584014893e-01 1.618342399597167969e-01 2.154904752969741821e-01 4.595016539096832275e-01 3.635495901107788086e-01 2.531858086585998535e-01 1.704260408878326416e-01 4.252323210239410400e-01 2.808348834514617920e-01 3.529553711414337158e-01 2.797994613647460938e-01 3.545102477073669434e-01 1.843564957380294800e-01 2.875703871250152588e-01 2.336221933364868164e-01 4.048067331314086914e-01 2.676441669464111328e-01 2.852147221565246582e-01
2.269617915153503418e-01 1.639066040515899658e-01 1.822642683982849121e-01 4.356968998908996582e-01 2.845239341259002686e-01 2.899026274681091309e-01 4.069826900959014893e-01 4.444732069969177246e-01 3.059360682964324951e-01 3.298974633216857910e-01 3.423787355422973633e-01 3.790317475795745850e-01 2.094893455505371094e-01 4.498600363731384277e-01 3.224562406539916992e-01 4.779491722583770752e-01 2.668048143386840820e-01 3.103264868259429932e-01 1.823765039443969727e-01 1.309665441513061523e-01
1.557722389698028564e-01 3.948547840118408203e-01 3.090766966342926025e-01 2.281107008457183838e-01 2.229619771242141724e-01 2.868290543556213379e-01 7.502785325050354004e-02 1.183116585016250610e-01 2.346369624137878418e-01 2.894046306610107422e-01 4.145357608795166016e-01 1.865924149751663208e-01 1.650218814611434937e-01 2.798072397708892822e-01 2.580432891845703125e-01 3.719295263290405273e-01 2.146327793598175049e-01 2.965317368507385254e-01 1.339207589626312256e-01 2.110042273998260498e-01
3.895452320575714111e-01 2.047416418790817261e-01 2.232270985841751099e-01 2.935496270656585693e-01 3.934141099452972412e-01 1.675059348344802856e-01 3.583437502384185791e-01 4.919037222862243652e-01 4.568192958831787109e-01 2.093781679868698120e-01 2.873584628105163574e-01 4.253292381763458252e-01 4.009488523006439209e-01 1.849004179239273071e-01 2.282802313566207886e-01 2.219012826681137085e-01 1.937801539897918701e-01 4.268989264965057373e-01 3.869561254978179932e-01 3.174946308135986328e-01
2.257482409477233887e-01 3.224471211433410645e-01 3.841781616210937500e-01 2.061253786087036133e-01 3.521679639816284180e-01 4.633762240409851074e-01 1.864767819643020630e-01 2.942155003547668457e-01 1.191293448209762573e-01 3.478437066078186035e-01 3.253993988037109375e-01 2.503763437271118164e-01 2.793277800083160400e-01 5.687574148178100586e-01 2.981360852718353271e-01 4.140096306800842285e-01 3.861640393733978271e-01 2.348797172307968140e-01 2.926321625709533691e-01 3.254586458206176758e-01
2.281848788261413574e-01 2.911152243614196777e-01 3.220292627811431885e-01 3.794973492622375488e-01 2.312568724155426025e-01 3.608325123786926270e-01 2.465678751468658447e-01 3.170996606349945068e-01 3.502608239650726318e-01 4.988948702812194824e-01 2.947579026222229004e-01 5.685547590255737305e-01 4.181707203388214111e-01 3.338397741317749023e-01 2.666319012641906738e-01 4.228604435920715332e-01 3.193501830101013184e-01 3.422352075576782227e-01 4.561440944671630859e-01 3.235466480255126953e-01
3.888972997665405273e-01 4.933871328830718994e-01 1.446647793054580688e-01 2.212952673435211182e-01 3.804199397563934326e-01 2.516799867153167725e-01 2.791785895824432373e-01 4.539926350116729736e-01 4.284478425979614258e-01 2.909835278987884521e-01 1.746268868446350098e-01 5.717809796333312988e-01 1.891413480043411255e-01 4.034663438796997070e-01 4.554373323917388916e-01 2.855210602283477783e-01 4.156401157379150391e-01 2.620460093021392822e-01 3.354892134666442871e-01 2.278988957405090332e-01
2.189853489398956299e-01 3.085936307907104492e-01 2.581590414047241211e-01 2.456641793251037598e-01 9.017796814441680908e-02 3.285642266273498535e-01 3.453486263751983643e-01 5.485132336616516113e-01 3.109296560287475586e-01 1.700852364301681519e-01 4.377816319465637207e-01 3.547441363334655762e-01 4.030152559280395508e-01 4.471157193183898926e-01 3.541346192359924316e-01 5.636694431304931641e-01 1.410367041826248169e-01 1.825614571571350098e-01 3.907018303871154785e-01 2.329678833484649658e-01
3.285836577415466309e-01 2.953005433082580566e-01 1.759532988071441650e-01 2.408794313669204712e-01 3.427841961383819580e-01 3.468185067176818848e-01 3.991453647613525391e-01 2.282091826200485229e-01 3.525979518890380859e-01 4.424612224102020264e-01 1.326743960380554199e-01 2.295199930667877197e-01 3.550540208816528320e-01 4.379040002822875977e-01 3.113735318183898926e-01 4.233481585979461670e-01 6.550494581460952759e-02 2.637161910533905029e-01 3.476261496543884277e-01 3.635067641735076904e-01
2.648290991783142090e-01 1.180119439959526062e-01 3.148063421249389648e-01 3.048670589923858643e-01 2.431802451610565186e-01 2.668825387954711914e-01 2.951188385486602783e-01 3.490000963211059570e-01 5.307955741882324219e-01 1.872490495443344116e-01 4.155983626842498779e-01 4.064743518829345703e-01 2.324905991554260254e-01 4.693898558616638184e-01 3.694044351577758789e-01 3.023651838302612305e-01 2.611774802207946777e-01 3.467244207859039307e-01 2.242165505886077881e-01 1.520051956176757812e-01
