2018-07-23 05:45:00
3.167779147624969482e-01 3.680243194103240967e-01 4.567252695560455322e-01 5.685658454895019531e-01 4.054827392101287842e-01 2.770165801048278809e-01 2.604660987854003906e-01 3.779318034648895264e-01 6.215732097625732422e-01 3.391622900962829590e-01 3.303438127040863037e-01 3.619759976863861084e-01 2.256446480751037598e-01 4.816674590110778809e-01 3.479158282279968262e-01 4.461923539638519287e-01 6.885734200477600098e-01 3.719453215599060059e-01 4.960493445396423340e-01 3.322179913520812988e-01
5.615860223770141602e-01 5.253473520278930664e-01 5.669183731079101562e-01 4.493595063686370850e-01 3.722392916679382324e-01 3.567647635936737061e-01 3.661297857761383057e-01 3.013117313385009766e-01 3.820202648639678955e-01 4.933214187622070312e-01 4.522240757942199707e-01 4.001111388206481934e-01 5.086410045623779297e-01 3.837577998638153076e-01 4.167656004428863525e-01 2.789156436920166016e-01 5.578275918960571289e-01 3.828111588954925537e-01 3.404067754745483398e-01 4.751702547073364258e-01
4.878879487514495850e-01 4.543488621711730957e-01 1.508971154689788818e-01 4.192568063735961914e-01 6.724134087562561035e-01 8.043394088745117188e-01 2.226022630929946899e-01 3.894050717353820801e-01 2.996492385864257812e-01 3.579011857509613037e-01 4.545159935951232910e-01 3.928215503692626953e-01 4.437845945358276367e-01 3.229726552963256836e-01 5.042492151260375977e-01 5.219107270240783691e-01 5.951740741729736328e-01 3.308034539222717285e-01 3.104326725006103516e-01 3.806268572807312012e-01
4.285364151000976562e-01 2.918188571929931641e-01 1.644346117973327637e-01 6.984006166458129883e-01 2.071925997734069824e-01 3.729614019393920898e-01 3.543656468391418457e-01 2.977255284786224365e-01 3.164745271205902100e-01 2.827810049057006836e-01 3.541543185710906982e-01 4.171074628829956055e-01 4.449944794178009033e-01 3.792356550693511963e-01 7.814236879348754883e-01 8.161071538925170898e-01 4.258000254631042480e-01 6.921432018280029297e-01 5.849432945251464844e-01 5.481787323951721191e-01
3.032563924789428711e-01 2.995194494724273682e-01 2.395130246877670288e-01 1.607250869274139404e-01 1.474102437496185303e-01 5.347828865051269531e-01 2.905657291412353516e-01 9.469042718410491943e-02 5.416136384010314941e-01 4.596421122550964355e-01 5.379635095596313477e-01 3.730019629001617432e-01 3.558013737201690674e-01 7.613193988800048828e-01 4.286469519138336182e-01 6.388909816741943359e-01 7.777310609817504883e-01 6.321380138397216797e-01 4.761393666267395020e-01 6.840115785598754883e-01
2.107999473810195923e-01 4.190869331359863281e-01 2.261399924755096436e-01 4.988793730735778809e-01 3.776997327804565430e-01 3.442281782627105713e-01 4.234274625778198242e-01 3.253288865089416504e-01 2.950733006000518799e-01 4.330872297286987305e-01 1.007605344057083130e-01 3.888453841209411621e-01 4.246406257152557373e-01 6.099359989166259766e-01 5.504456162452697754e-01 6.944024562835693359e-01 6.499937176704406738e-01 3.978606462478637695e-01 4.666043519973754883e-01 6.384832859039306641e-01
3.667686581611633301e-01 3.278059959411621094e-01 2.353793084621429443e-01 4.128304719924926758e-01 4.807724952697753906e-01 3.005136847496032715e-01 3.050868213176727295e-01 2.250618785619735718e-01 4.021497964859008789e-01 3.552055954933166504e-01 1.819112598896026611e-01 8.240960240364074707e-01 3.413774669170379639e-01 7.293690443038940430e-01 6.884683966636657715e-01 4.212527275085449219e-01 8.031836748123168945e-01 8.366438746452331543e-01 4.323232471942901611e-01 5.217207670211791992e-01
1.519992053508758545e-01 2.589446902275085449e-01 1.666304171085357666e-01 5.007801055908203125e-01 2.984904050827026367e-01 2.403914332389831543e-01 4.328565001487731934e-01 3.136514425277709961e-01 3.775228261947631836e-01 3.521532416343688965e-01 1.747050881385803223e-01 3.756976425647735596e-01 4.446955919265747070e-01 2.707824110984802246e-01 5.968728065490722656e-01 4.985235333442687988e-01 5.477641820907592773e-01 4.887150526046752930e-01 5.399595499038696289e-01 5.784858465194702148e-01
1.868538856506347656e-01 2.276460826396942139e-01 2.476915866136550903e-01 3.646937608718872070e-01 1.873557269573211670e-01 4.278395771980285645e-01 3.566551208496093750e-01 5.106024742126464844e-01 7.205137610435485840e-01 3.463917970657348633e-01 2.203636318445205688e-01 3.353504538536071777e-01 3.243376016616821289e-01 4.381277859210968018e-01 6.262248754501342773e-01 4.030719697475433350e-01 5.578483343124389648e-01 5.325863361358642578e-01 7.617392539978027344e-01 4.605905413627624512e-01
2.904691696166992188e-01 1.566877067089080811e-01 1.964882761240005493e-01 5.036869049072265625e-01 3.112809658050537109e-01 2.545529305934906006e-01 3.640297353267669678e-01 5.379323363304138184e-01 4.208736717700958252e-01 4.104585647583007812e-01 3.571260273456573486e-01 4.731160104274749756e-01 4.343406260013580322e-01 4.875110089778900146e-01 3.202274441719055176e-01 4.124467968940734863e-01 3.323730826377868652e-01 7.948738336563110352e-01 4.057415127754211426e-01 5.579946637153625488e-01
5.695743560791015625e-01 3.246135115623474121e-01 3.165500760078430176e-01 2.968730032444000244e-01 2.777860164642333984e-01 3.404023349285125732e-01 2.904136478900909424e-01 6.243806481361389160e-01 5.208699703216552734e-01 7.222838401794433594e-01 3.890552222728729248e-01 4.104546904563903809e-01 4.465035200119018555e-01 2.741252183914184570e-01 4.137178957462310791e-01 6.393589973449707031e-01 3.719072639942169189e-01 7.048987746238708496e-01 5.565319061279296875e-01 3.506274819374084473e-01
4.329438209533691406e-01 2.754128277301788330e-01 4.339007139205932617e-01 4.517937302589416504e-01 2.614275217056274414e-01 3.514322638511657715e-01 4.637615084648132324e-01 3.692312240600585938e-01 3.370855450630187988e-01 5.457637310028076172e-01 4.386577606201171875e-01 2.810882627964019775e-01 5.160028934478759766e-01 1.937941461801528931e-01 5.124439597129821777e-01 4.442342519760131836e-01 3.442466259002685547e-01 4.204702079296112061e-01 3.920621871948242188e-01 5.665696263313293457e-01
2.484059631824493408e-01 3.002448081970214844e-01 2.015873044729232788e-01 3.951460421085357666e-01 4.341315031051635742e-01 5.268860608339309692e-02 4.074589014053344727e-01 4.753660857677459717e-01 4.161232709884643555e-01 3.064028024673461914e-01 1.350914239883422852e-01 3.197631835937500000e-01 3.434870243072509766e-01 3.336708545684814453e-01 2.296351194381713867e-01 2.271936982870101929e-01 4.806628525257110596e-01 4.800529181957244873e-01 4.320849776268005371e-01 3.521108031272888184e-01
4.286384582519531250e-01 2.953299582004547119e-01 5.131683349609375000e-01 4.309163391590118408e-01 2.680468261241912842e-01 2.211831808090209961e-01 5.074035525321960449e-01 5.581073760986328125e-01 6.021645665168762207e-01 5.711388587951660156e-01 2.439276874065399170e-01 6.826322078704833984e-01 6.102395653724670410e-01 4.683777689933776855e-01 1.999272853136062622e-01 4.103580415248870850e-01 3.894411921501159668e-01 3.859272003173828125e-01 4.541960656642913818e-01 1.775793880224227905e-01
1.139127984642982483e-01 4.460363984107971191e-01 4.431816637516021729e-01 2.128244787454605103e-01 4.337981641292572021e-01 2.986070811748504639e-01 4.511702060699462891e-01 4.997012019157409668e-01 1.349875926971435547e-01 4.314759075641632080e-01 3.463586568832397461e-01 3.385695219039916992e-01 1.859477907419204712e-01 3.504477441310882568e-01 3.041816055774688721e-01 1.110361590981483459e-01 3.607292175292968750e-01 2.935440242290496826e-01 4.043489694595336914e-01 4.443406760692596436e-01
4.561162590980529785e-01 3.387373089790344238e-01 2.870244681835174561e-01 2.763511240482330322e-01 6.039084196090698242e-01 4.973621368408203125e-01 4.304528534412384033e-01 5.005353093147277832e-01 2.613549828529357910e-01 1.448947936296463013e-01 4.990179240703582764e-01 2.217258065938949585e-01 6.132694482803344727e-01 3.426671624183654785e-01 3.863281309604644775e-01 2.275931984186172485e-01 6.321481466293334961e-01 4.011888206005096436e-01 3.623070716857910156e-01 6.417253017425537109e-01
2.982811331748962402e-01 4.066458940505981445e-01 2.128866314888000488e-01 3.151757121086120605e-01 4.274979233741760254e-01 3.324511945247650146e-01 4.866105318069458008e-01 4.331417083740234375e-01 3.986373841762542725e-01 6.295133829116821289e-01 4.864615201950073242e-01 4.143131971359252930e-01 2.667798995971679688e-01 5.024570226669311523e-01 1.319535374641418457e-01 3.894759416580200195e-01 3.184069991111755371e-01 4.439641833305358887e-01 5.528548955917358398e-01 4.596411883831024170e-01
6.546987593173980713e-02 4.526364207267761230e-01 3.197522461414337158e-01 2.923927307128906250e-01 3.227084279060363770e-01 3.940262496471405029e-01 3.755702376365661621e-01 4.109084308147430420e-01 2.628469169139862061e-01 3.006298243999481201e-01 4.314495623111724854e-01 3.948912620544433594e-01 1.303020119667053223e-01 3.966159820556640625e-01 2.277444303035736084e-01 8.689735829830169678e-02 4.445344209671020508e-01 3.766871690750122070e-01 4.725437760353088379e-01 3.503046631813049316e-01
3.147081136703491211e-01 3.242832422256469727e-01 3.186351656913757324e-01 3.634359836578369141e-01 2.550224661827087402e-01 4.390263557434082031e-01 4.273511171340942383e-01 5.600767731666564941e-01 2.825787067413330078e-01 4.490766227245330811e-01 5.249528288841247559e-01 5.805505514144897461e-01 3.209324479103088379e-01 3.875909447669982910e-01 2.504490613937377930e-01 1.363944560289382935e-01 5.052027702331542969e-01 3.433656096458435059e-01 3.099272251129150391e-01 4.253868460655212402e-01
3.623549342155456543e-01 4.469857513904571533e-01 2.809263169765472412e-01 1.576055586338043213e-01 3.411447405815124512e-01 3.705537319183349609e-01 3.571657538414001465e-01 6.092537641525268555e-01 3.005050122737884521e-01 1.963447779417037964e-01 3.890247642993927002e-01 7.145464420318603516e-01 4.543110728263854980e-01 3.106037676334381104e-01 9.829630702733993530e-02 1.818919777870178223e-01 3.032806515693664551e-01 3.645092546939849854e-01 4.721381068229675293e-01 2.533712983131408691e-01
