2018-07-23 07:15:00
6.274364590644836426e-01 4.302324056625366211e-01 2.871141433715820312e-01 2.874782681465148926e-01 5.368804335594177246e-01 4.549976885318756104e-01 2.049901783466339111e-01 2.975745797157287598e-01 4.254793524742126465e-01 2.880069017410278320e-01 2.233863174915313721e-01 2.685835957527160645e-01 5.198235511779785156e-01 2.075606286525726318e-01 7.716383934020996094e-01 6.295828819274902344e-01 3.757016062736511230e-01 2.208097577095031738e-01 5.971127152442932129e-01 4.910907745361328125e-01
4.132215678691864014e-01 4.872032701969146729e-01 2.533592581748962402e-01 4.941853880882263184e-01 5.157353878021240234e-01 4.108302295207977295e-01 2.504548728466033936e-01 1.998556405305862427e-01 2.481276094913482666e-01 4.900051951408386230e-01 3.205504417419433594e-01 2.006076872348785400e-01 3.899833559989929199e-01 4.688888490200042725e-01 4.570259451866149902e-01 4.915568828582763672e-01 3.107131719589233398e-01 5.395477414131164551e-01 4.760807454586029053e-01 2.950559854507446289e-01
4.455893635749816895e-01 3.883890509605407715e-01 6.228997111320495605e-01 6.091735959053039551e-01 3.114978373050689697e-01 1.278124451637268066e-01 2.744710743427276611e-01 2.006718218326568604e-01 2.256626039743423462e-01 1.936483681201934814e-01 6.924384236335754395e-01 4.490455389022827148e-01 2.344111502170562744e-01 5.261445641517639160e-01 3.277581930160522461e-01 3.229613304138183594e-01 5.478486418724060059e-01 5.566815137863159180e-01 4.154035747051239014e-01 7.487065196037292480e-01
2.645519375801086426e-01 3.856222629547119141e-01 2.884650826454162598e-01 3.286250531673431396e-01 3.614378571510314941e-01 1.708741188049316406e-01 2.833908200263977051e-01 2.441275119781494141e-01 1.949703395366668701e-01 4.503096342086791992e-01 3.196951150894165039e-01 3.780973553657531738e-01 5.014888048171997070e-01 6.749712228775024414e-01 6.097665429115295410e-01 5.074198842048645020e-01 7.298307418823242188e-01 5.683532953262329102e-01 3.742309212684631348e-01 4.697815775871276855e-01
2.322104573249816895e-01 3.577442467212677002e-01 3.977631330490112305e-01 1.889638602733612061e-01 2.944792211055755615e-01 3.128572106361389160e-01 3.029301762580871582e-01 4.299342632293701172e-01 4.096818566322326660e-01 6.197494864463806152e-01 5.295674204826354980e-01 2.853486537933349609e-01 2.824142873287200928e-01 4.693762063980102539e-01 6.763426065444946289e-01 4.830596148967742920e-01 9.568729400634765625e-01 6.166554689407348633e-01 6.436961293220520020e-01 6.132622957229614258e-01
2.678490877151489258e-01 3.340053856372833252e-01 1.376628875732421875e-01 4.749458730220794678e-01 2.128687053918838501e-01 3.514087200164794922e-01 2.202729433774948120e-01 1.900517195463180542e-01 2.053159773349761963e-01 2.016351521015167236e-01 2.503248453140258789e-01 3.983784317970275879e-01 3.459771573543548584e-01 4.189531505107879639e-01 5.789540410041809082e-01 2.537485957145690918e-01 4.225885868072509766e-01 7.685302495956420898e-01 6.513344049453735352e-01 4.654521942138671875e-01
5.669873356819152832e-01 8.556941151618957520e-01 3.742189705371856689e-01 4.241370260715484619e-01 3.146068751811981201e-01 2.565425932407379150e-01 2.526937127113342285e-01 1.740103363990783691e-01 3.483502268791198730e-01 1.969061046838760376e-01 4.030130505561828613e-01 3.430812358856201172e-01 3.569080829620361328e-01 2.052925825119018555e-01 2.959958314895629883e-01 5.096154212951660156e-01 7.208876609802246094e-01 7.814315557479858398e-01 6.231930255889892578e-01 3.335509300231933594e-01
1.856519281864166260e-01 2.199685424566268921e-01 3.494677543640136719e-01 2.962924540042877197e-01 5.924154818058013916e-02 2.217656224966049194e-01 3.898055553436279297e-01 3.736518621444702148e-01 2.151442766189575195e-01 3.797994554042816162e-01 4.132041335105895996e-01 1.498219817876815796e-01 5.843814611434936523e-01 5.578984022140502930e-01 2.301027476787567139e-01 5.888335704803466797e-01 2.767387926578521729e-01 8.007684946060180664e-01 5.485122799873352051e-01 2.993145883083343506e-01
2.625092267990112305e-01 3.453202247619628906e-01 4.173243045806884766e-01 3.324199914932250977e-01 2.114625275135040283e-01 3.381385803222656250e-01 2.635498344898223877e-01 3.811657428741455078e-01 3.684676885604858398e-01 4.261719882488250732e-01 2.836923301219940186e-01 3.857079148292541504e-01 2.336720377206802368e-01 4.852805435657501221e-01 6.133379936218261719e-01 6.655017137527465820e-01 4.610255360603332520e-01 5.642871856689453125e-01 4.057011008262634277e-01 3.097521066665649414e-01
2.451373785734176636e-01 2.149468362331390381e-01 4.137289524078369141e-01 2.944781184196472168e-01 4.936585426330566406e-01 3.051012456417083740e-01 4.826188087463378906e-01 7.171273231506347656e-01 1.879212409257888794e-01 8.196995258331298828e-01 2.359835803508758545e-01 2.371519804000854492e-01 4.125440716743469238e-01 3.044229745864868164e-01 2.270762622356414795e-01 4.653194248676300049e-01 3.859913051128387451e-01 9.393359422683715820e-01 6.682882905006408691e-01 4.724639058113098145e-01
3.851985931396484375e-01 3.624072968959808350e-01 2.888976931571960449e-01 3.118291497230529785e-01 5.113890767097473145e-01 4.528992176055908203e-01 5.195955038070678711e-01 2.500620782375335693e-01 4.966699182987213135e-01 5.248221755027770996e-01 7.252755165100097656e-01 3.589630126953125000e-01 4.012502431869506836e-01 4.885230362415313721e-01 4.239955544471740723e-01 4.005004763603210449e-01 5.752872228622436523e-01 1.871214509010314941e-01 3.500837683677673340e-01 2.838950157165527344e-01
3.354957103729248047e-01 3.734377324581146240e-01 2.088358849287033081e-01 2.853241562843322754e-01 3.937456905841827393e-01 2.077508717775344849e-01 4.384035170078277588e-01 4.505384266376495361e-01 2.703964114189147949e-01 3.459354043006896973e-01 3.899208307266235352e-01 3.545320034027099609e-01 1.963289827108383179e-01 4.353159070014953613e-01 3.478081226348876953e-01 2.923490703105926514e-01 3.794943988323211670e-01 2.396058887243270874e-01 1.840580403804779053e-01 2.830014824867248535e-01
5.733088254928588867e-01 1.703043133020401001e-01 1.821551620960235596e-01 3.128616511821746826e-01 4.228261113166809082e-01 6.101374030113220215e-01 3.275883495807647705e-01 4.907078146934509277e-01 2.895942032337188721e-01 2.385620027780532837e-01 8.198177814483642578e-02 2.088032960891723633e-01 4.046714007854461670e-01 3.623019456863403320e-01 3.390276432037353516e-02 1.664621978998184204e-01 1.451538354158401489e-01 3.870497941970825195e-01 3.543560802936553955e-01 5.287404060363769531e-01
3.049170374870300293e-01 3.363174796104431152e-01 1.113103628158569336e-01 4.090455174446105957e-01 4.167102575302124023e-01 5.154440402984619141e-01 3.380009531974792480e-01 4.935588836669921875e-01 3.779414892196655273e-01 2.101753354072570801e-01 5.509008765220642090e-01 3.683741390705108643e-01 3.856449127197265625e-01 2.861266732215881348e-01 1.866799592971801758e-01 2.704043090343475342e-01 5.247743129730224609e-01 3.898075819015502930e-01 2.834997773170471191e-01 3.186398148536682129e-01
3.114445805549621582e-01 4.132212400436401367e-01 3.776075839996337891e-01 4.580403268337249756e-01 5.260716676712036133e-01 3.848848640918731689e-01 2.916108071804046631e-01 5.708384513854980469e-01 3.955154418945312500e-01 6.248392462730407715e-01 3.420577347278594971e-01 1.822712123394012451e-01 2.359426915645599365e-01 2.457130849361419678e-01 3.674926161766052246e-01 1.806065142154693604e-01 2.498976141214370728e-01 3.104567527770996094e-01 2.818896770477294922e-01 7.178793847560882568e-02
1.999767720699310303e-01 2.284884452819824219e-01 4.725401401519775391e-01 2.948163151741027832e-01 5.101767778396606445e-01 4.137977957725524902e-01 6.019561886787414551e-01 2.935246229171752930e-01 4.265394806861877441e-01 4.212194681167602539e-01 3.226366043090820312e-01 3.510266542434692383e-01 2.547582983970642090e-01 2.606983184814453125e-01 3.608505725860595703e-01 4.250150918960571289e-01 3.471329808235168457e-01 2.101430147886276245e-01 4.307093620300292969e-01 7.206535339355468750e-01
3.148215413093566895e-01 2.995010018348693848e-01 4.354413747787475586e-01 1.885021179914474487e-01 3.822136223316192627e-01 4.028018712997436523e-01 5.044398307800292969e-01 6.047221422195434570e-01 5.361317396163940430e-01 3.967378735542297363e-01 4.823908209800720215e-01 6.206000447273254395e-01 3.390645980834960938e-01 3.937414884567260742e-01 1.407316774129867554e-01 3.736482560634613037e-01 4.841441214084625244e-01 2.050400972366333008e-01 3.111137151718139648e-01 3.543144762516021729e-01
1.907122880220413208e-01 4.144278168678283691e-01 3.464381396770477295e-01 5.005599856376647949e-01 2.594216465950012207e-01 4.301790595054626465e-01 3.160863518714904785e-01 4.502428472042083740e-01 4.555962979793548584e-01 2.126844525337219238e-01 4.998474717140197754e-01 5.056369304656982422e-01 2.547934353351593018e-01 2.202007919549942017e-01 1.216871216893196106e-01 4.726684093475341797e-01 4.411845803260803223e-01 4.059060215950012207e-01 4.641219973564147949e-01 4.845221340656280518e-01
4.238748252391815186e-01 5.521204471588134766e-01 2.091080248355865479e-01 2.972787320613861084e-01 4.363308548927307129e-01 2.746464908123016357e-01 4.500368237495422363e-01 2.954543232917785645e-01 3.490431606769561768e-01 6.041092872619628906e-01 5.946707725524902344e-01 4.464142322540283203e-01 3.728595972061157227e-01 3.061165809631347656e-01 2.190058380365371704e-01 4.267513751983642578e-01 1.808546930551528931e-01 3.115955591201782227e-01 2.325897365808486938e-01 2.115777134895324707e-01
3.278169929981231689e-01 2.995562553405761719e-01 3.641112148761749268e-01 2.572615742683410645e-01 5.180857777595520020e-01 3.924283683300018311e-01 5.324100255966186523e-01 4.151180088520050049e-01 5.948832035064697266e-01 2.569063603878021240e-01 1.616626828908920288e-01 5.400280952453613281e-01 5.118742585182189941e-01 4.783749282360076904e-01 2.170518934726715088e-01 2.683015465736389160e-01 3.876279592514038086e-01 3.782266378402709961e-01 3.604146242141723633e-01 6.068322062492370605e-01
