2018-07-23 07:45:00
4.012639522552490234e-01 1.795910000801086426e-01 2.065478265285491943e-01 1.248139739036560059e-01 4.806902706623077393e-01 4.656816720962524414e-01 3.975022435188293457e-01 3.382781744003295898e-01 4.512611627578735352e-01 6.879153251647949219e-01 2.219388931989669800e-01 2.148363739252090454e-01 2.681177556514739990e-01 1.840219497680664062e-01 3.809280395507812500e-01 1.738407164812088013e-01 3.433536887168884277e-01 4.751174151897430420e-01 4.588800072669982910e-01 3.882891535758972168e-01
2.942904829978942871e-01 3.149372935295104980e-01 3.711670637130737305e-01 4.693077206611633301e-01 6.812828779220581055e-01 3.341371417045593262e-01 4.746145009994506836e-01 3.953076004981994629e-01 3.015562593936920166e-01 2.949646115303039551e-01 3.799410164356231689e-01 3.862034678459167480e-01 2.970601916313171387e-01 2.139322161674499512e-01 4.075712561607360840e-01 5.181604623794555664e-01 4.176664948463439941e-01 2.440468370914459229e-01 2.410680502653121948e-01 3.349480032920837402e-01
8.666676282882690430e-01 4.238833487033843994e-01 3.367229700088500977e-01 3.137122094631195068e-01 6.656620502471923828e-01 6.611614227294921875e-01 3.877531886100769043e-01 2.573126554489135742e-01 6.027559041976928711e-01 3.232124447822570801e-01 4.577593803405761719e-01 3.020121157169342041e-01 3.526741266250610352e-01 3.919756412506103516e-01 2.687179148197174072e-01 3.229932487010955811e-01 2.916504740715026855e-01 3.404386937618255615e-01 4.708994030952453613e-01 3.343173265457153320e-01
3.562734723091125488e-01 3.995903134346008301e-01 4.638426005840301514e-01 4.186125993728637695e-01 3.406307399272918701e-01 3.027536273002624512e-01 2.900404632091522217e-01 3.609739542007446289e-01 2.883740067481994629e-01 7.028346061706542969e-01 9.222411513328552246e-01 1.755954772233963013e-01 2.996482849121093750e-01 2.156947255134582520e-01 4.651776552200317383e-01 3.900021314620971680e-01 2.902947068214416504e-01 2.280496060848236084e-01 1.991375982761383057e-01 4.610110819339752197e-01
5.515301823616027832e-01 2.332358509302139282e-01 1.980577111244201660e-01 4.867028594017028809e-01 4.646934866905212402e-01 1.625769585371017456e-01 2.306519597768783569e-01 6.348608732223510742e-01 3.076159656047821045e-01 4.665970206260681152e-01 3.722262382507324219e-01 5.259720087051391602e-01 4.383593797683715820e-01 2.956934273242950439e-01 4.776206612586975098e-01 2.219148725271224976e-01 3.795128166675567627e-01 3.622606396675109863e-01 3.309065699577331543e-01 3.671525120735168457e-01
3.348730504512786865e-01 4.795382320880889893e-01 4.043706953525543213e-01 3.232069611549377441e-01 3.205813765525817871e-01 8.263500332832336426e-01 3.815332055091857910e-01 5.844647884368896484e-01 3.257076740264892578e-01 4.355901777744293213e-01 2.781527638435363770e-01 4.440274834632873535e-01 2.591053247451782227e-01 3.984447717666625977e-01 3.265129327774047852e-01 6.181576251983642578e-01 3.598149716854095459e-01 1.389648467302322388e-01 4.623040258884429932e-01 1.251378953456878662e-01
5.051480531692504883e-01 1.487313807010650635e-01 1.416147947311401367e-01 4.825420379638671875e-01 8.080201148986816406e-01 6.021317243576049805e-01 2.660657167434692383e-01 5.064593553543090820e-01 4.072318375110626221e-01 3.719258904457092285e-01 3.028471469879150391e-01 1.446242928504943848e-01 2.225130200386047363e-01 6.095018982887268066e-01 2.538096308708190918e-01 3.579313755035400391e-01 5.836134552955627441e-01 5.623465776443481445e-01 3.254773914813995361e-01 2.866631448268890381e-01
5.203758478164672852e-01 5.018493533134460449e-01 2.242755889892578125e-01 2.506287992000579834e-01 3.174319267272949219e-01 2.281814217567443848e-01 4.393326044082641602e-01 2.538663744926452637e-01 3.831968605518341064e-01 2.574044167995452881e-01 4.931248128414154053e-01 3.732650876045227051e-01 4.471871256828308105e-01 4.623804688453674316e-01 4.143272638320922852e-01 4.496152400970458984e-01 3.869057595729827881e-01 3.713164031505584717e-01 2.921296358108520508e-01 2.171397060155868530e-01
1.784760653972625732e-01 1.996490955352783203e-01 2.766211032867431641e-01 3.068509697914123535e-01 6.295580863952636719e-01 3.054439723491668701e-01 2.647952735424041748e-01 1.233970522880554199e-01 4.574018716812133789e-01 2.259568721055984497e-01 2.861121296882629395e-01 4.033470749855041504e-01 5.543358922004699707e-01 4.205895662307739258e-01 1.801988929510116577e-01 3.268354535102844238e-01 3.894254565238952637e-01 5.813305377960205078e-01 3.140979409217834473e-01 4.653238356113433838e-01
2.963239550590515137e-01 4.028395712375640869e-01 6.331827491521835327e-02 6.864736080169677734e-01 4.313103258609771729e-01 3.439668118953704834e-01 3.525481224060058594e-01 2.748662531375885010e-01 3.641554117202758789e-01 1.631613075733184814e-01 3.394256830215454102e-01 1.499302834272384644e-01 1.344936490058898926e-01 3.098207414150238037e-01 2.121638059616088867e-01 5.654625892639160156e-01 5.364930033683776855e-01 5.304535031318664551e-01 4.560519456863403320e-01 4.316235780715942383e-01
5.588495731353759766e-01 4.955536127090454102e-01 2.507351636886596680e-01 3.707099258899688721e-01 3.176115155220031738e-01 3.818814754486083984e-01 4.409011900424957275e-01 3.688760101795196533e-01 4.487122297286987305e-01 4.156688749790191650e-01 4.567222297191619873e-01 3.183809518814086914e-01 2.047393918037414551e-01 3.812698125839233398e-01 2.764376997947692871e-01 2.429392039775848389e-01 3.521226048469543457e-01 2.972115576267242432e-01 5.326316356658935547e-01 3.489273786544799805e-01
3.729479014873504639e-01 1.597180664539337158e-01 2.362769842147827148e-01 2.264355570077896118e-01 2.053493261337280273e-01 3.748980462551116943e-01 4.343046844005584717e-01 1.296332031488418579e-01 4.446653723716735840e-01 4.437121748924255371e-01 4.075248837471008301e-01 3.484083414077758789e-01 3.671226501464843750e-01 3.702908754348754883e-01 3.621426224708557129e-01 2.400414198637008667e-01 2.916556298732757568e-01 5.224099755287170410e-01 3.778102397918701172e-01 3.755314946174621582e-01
2.513400316238403320e-01 2.333347201347351074e-01 3.075135052204132080e-01 2.637710869312286377e-01 2.716065943241119385e-01 3.985421657562255859e-01 4.324923157691955566e-01 3.993635177612304688e-01 4.142678976058959961e-01 2.689982652664184570e-01 2.311911582946777344e-01 5.310192108154296875e-01 1.783533394336700439e-01 5.823462605476379395e-01 6.470764875411987305e-01 5.170069932937622070e-01 5.181958079338073730e-01 2.235085517168045044e-01 3.447509407997131348e-01 3.519110083580017090e-01
2.445064187049865723e-01 2.728412747383117676e-01 1.694212555885314941e-01 3.291350603103637695e-01 2.801464796066284180e-01 2.341398000717163086e-01 2.899097502231597900e-01 3.510470986366271973e-01 5.791971087455749512e-01 2.470687329769134521e-01 2.953076064586639404e-01 3.136023879051208496e-01 4.982319474220275879e-01 4.044111669063568115e-01 2.533729672431945801e-01 3.122706115245819092e-01 3.944967389106750488e-01 4.001302421092987061e-01 3.647369742393493652e-01 4.008070826530456543e-01
1.844001412391662598e-01 2.807259559631347656e-01 3.457131981849670410e-01 1.241393834352493286e-01 2.091782391071319580e-01 4.619434177875518799e-01 5.391832590103149414e-01 3.674868941307067871e-01 4.824141561985015869e-01 3.882618546485900879e-01 3.279482424259185791e-01 2.389097809791564941e-01 4.643235802650451660e-01 4.720413088798522949e-01 5.578573942184448242e-01 1.145303845405578613e-01 1.326059103012084961e-01 1.785541474819183350e-01 4.672234654426574707e-01 3.959611058235168457e-01
3.772399723529815674e-01 4.591186642646789551e-01 4.604559838771820068e-01 3.102388381958007812e-01 3.800388574600219727e-01 3.919287621974945068e-01 3.503247201442718506e-01 4.572599530220031738e-01 2.598834633827209473e-01 4.621216058731079102e-01 3.314912915229797363e-01 2.828819751739501953e-01 1.027372926473617554e-01 1.213235333561897278e-01 4.142369627952575684e-01 3.006971478462219238e-01 2.865614295005798340e-01 3.993338942527770996e-01 5.897242426872253418e-01 9.283056855201721191e-01
2.162226736545562744e-01 3.048219382762908936e-01 2.771553397178649902e-01 3.755443096160888672e-01 3.601186275482177734e-01 4.126162528991699219e-01 4.780146479606628418e-01 4.056383669376373291e-01 3.802619874477386475e-01 4.284709692001342773e-01 5.711321830749511719e-01 4.264264106750488281e-01 2.364667356014251709e-01 5.810742378234863281e-01 4.497727751731872559e-01 8.450876474380493164e-01 5.655632615089416504e-01 3.328270912170410156e-01 2.311275899410247803e-01 2.969518899917602539e-01
3.077007234096527100e-01 4.151275753974914551e-01 2.144128531217575073e-01 4.866077899932861328e-01 1.365842819213867188e-01 3.130029439926147461e-01 2.406270056962966919e-01 5.409007668495178223e-01 2.041038870811462402e-01 3.549869358539581299e-01 4.192280173301696777e-01 2.364451289176940918e-01 4.089908599853515625e-01 3.796423673629760742e-01 5.330327749252319336e-01 3.666262030601501465e-01 2.694919109344482422e-01 1.783401370048522949e-01 3.662263154983520508e-01 3.277010619640350342e-01
2.330996394157409668e-01 2.550941109657287598e-01 3.622389137744903564e-01 2.904035449028015137e-01 3.705347776412963867e-01 2.833852171897888184e-01 2.114248275756835938e-01 1.230215579271316528e-01 2.744358181953430176e-01 3.833102583885192871e-01 3.927916586399078369e-01 5.340189933776855469e-01 1.624185889959335327e-01 4.182100296020507812e-01 2.271202653646469116e-01 1.810129284858703613e-01 3.488278985023498535e-01 1.818188726902008057e-01 1.986231505870819092e-01 2.741145491600036621e-01
9.612017869949340820e-02 4.411464631557464600e-01 4.817767143249511719e-01 4.859104156494140625e-01 2.675735354423522949e-01 3.369286060333251953e-01 2.589068412780761719e-01 3.622676134109497070e-01 6.163470745086669922e-01 4.604119360446929932e-01 1.440274119377136230e-01 2.978275716304779053e-01 1.725181639194488525e-01 2.391709685325622559e-01 3.757877945899963379e-01 1.169589906930923462e-01 1.197051703929901123e-01 2.921258807182312012e-01 6.472334861755371094e-01 4.067044258117675781e-01
