2018-07-23 08:45:00
2.344342231750488281e+00 1.759280681610107422e+00 1.133504986763000488e+00 1.249908089637756348e+00 1.330789685249328613e+00 8.665688633918762207e-01 8.975505828857421875e-01 1.008834600448608398e+00 1.064537882804870605e+00 1.430370450019836426e+00 1.076746106147766113e+00 1.954021215438842773e+00 3.191733598709106445e+00 4.521057605743408203e+00 4.072178840637207031e+00 4.421833038330078125e+00 4.151828765869140625e+00 5.154277801513671875e+00 4.164838790893554688e+00 2.938889026641845703e+00
1.959280967712402344e+00 1.184670209884643555e+00 8.303986787796020508e-01 9.055546522140502930e-01 7.623531818389892578e-01 6.552085876464843750e-01 5.898584127426147461e-01 5.802596211433410645e-01 8.036793470382690430e-01 1.251888751983642578e+00 2.311401367187500000e+00 2.156456470489501953e+00 4.546529293060302734e+00 2.598214626312255859e+00 3.847557067871093750e+00 5.081851482391357422e+00 5.172127723693847656e+00 2.603997230529785156e+00 5.089883804321289062e+00 2.067514657974243164e+00
2.053721904754638672e+00 1.151812314987182617e+00 1.090975522994995117e+00 8.158411979675292969e-01 6.768038868904113770e-01 7.303931117057800293e-01 1.079190373420715332e+00 4.504384696483612061e-01 5.569367408752441406e-01 1.265003204345703125e+00 1.078754901885986328e+00 2.836450338363647461e+00 2.365371704101562500e+00 3.640767812728881836e+00 4.242494106292724609e+00 3.221236228942871094e+00 5.332831382751464844e+00 3.284418582916259766e+00 7.929142951965332031e+00 4.052727699279785156e+00
1.800305843353271484e+00 1.104711651802062988e+00 9.799124598503112793e-01 1.007066249847412109e+00 6.439576148986816406e-01 4.474987685680389404e-01 3.370076119899749756e-01 1.958930194377899170e-01 4.823226332664489746e-01 6.833930015563964844e-01 1.192899227142333984e+00 1.850590705871582031e+00 5.173993110656738281e+00 2.601593494415283203e+00 4.565645217895507812e+00 3.854581832885742188e+00 4.902309894561767578e+00 7.384809970855712891e+00 5.298814773559570312e+00 3.185618400573730469e+00
7.584527134895324707e-01 9.799348711967468262e-01 5.587249994277954102e-01 4.666079282760620117e-01 1.759549230337142944e-01 4.888680875301361084e-01 3.272853493690490723e-01 2.676978707313537598e-01 4.727706313133239746e-01 8.097193241119384766e-01 1.637885212898254395e+00 2.852991342544555664e+00 3.034302711486816406e+00 3.119605064392089844e+00 3.248860836029052734e+00 4.875981330871582031e+00 4.100623130798339844e+00 7.235621452331542969e+00 6.987908840179443359e+00 4.780456066131591797e+00
1.538265585899353027e+00 5.070586204528808594e-01 6.426945924758911133e-01 2.079527676105499268e-01 1.183303445577621460e-01 2.778651416301727295e-01 5.154551267623901367e-01 2.341547012329101562e-01 4.818744659423828125e-01 5.894439220428466797e-01 1.939342498779296875e+00 1.475066423416137695e+00 2.997546434402465820e+00 2.902813196182250977e+00 5.891601562500000000e+00 3.406078815460205078e+00 4.536921977996826172e+00 9.119159698486328125e+00 7.351619720458984375e+00 3.598612308502197266e+00
1.326201677322387695e+00 9.351125955581665039e-01 8.245382905006408691e-01 3.663048148155212402e-01 3.108472824096679688e-01 2.032394111156463623e-01 2.229538261890411377e-01 1.371414363384246826e-01 2.607364058494567871e-01 8.805991411209106445e-01 1.576760053634643555e+00 2.777949094772338867e+00 4.141782760620117188e+00 2.948115825653076172e+00 2.987539768218994141e+00 4.154020309448242188e+00 5.671398639678955078e+00 6.265117645263671875e+00 8.634854316711425781e+00 6.046839714050292969e+00
1.248805165290832520e+00 4.260761737823486328e-01 2.584233880043029785e-01 3.147777318954467773e-01 3.568164110183715820e-01 3.055112063884735107e-01 3.115741908550262451e-01 1.506533026695251465e-01 1.893540024757385254e-01 5.391640067100524902e-01 1.206482887268066406e+00 1.306845903396606445e+00 2.544431209564208984e+00 3.328829288482666016e+00 3.464202165603637695e+00 5.281345367431640625e+00 2.349967956542968750e+00 5.441935539245605469e+00 8.347315788269042969e+00 4.114915847778320312e+00
8.031044006347656250e-01 5.074523091316223145e-01 3.082444369792938232e-01 3.955661058425903320e-01 3.596693277359008789e-01 3.968156874179840088e-01 2.962269783020019531e-01 2.649492621421813965e-01 5.130344033241271973e-01 3.716427981853485107e-01 9.529427289962768555e-01 1.971256971359252930e+00 2.469217777252197266e+00 3.256356716156005859e+00 4.267748355865478516e+00 3.684285402297973633e+00 3.748705148696899414e+00 6.958465099334716797e+00 3.438599348068237305e+00 6.881408691406250000e+00
1.075626492500305176e+00 5.932802557945251465e-01 6.249394416809082031e-01 4.695516228675842285e-01 2.998867034912109375e-01 2.622625827789306641e-01 2.209632694721221924e-01 1.521527916193008423e-01 7.415823638439178467e-02 3.536177873611450195e-01 8.452214598655700684e-01 1.422167778015136719e+00 1.151975631713867188e+00 2.207491397857666016e+00 4.238806724548339844e+00 3.522350311279296875e+00 5.244827270507812500e+00 3.524708747863769531e+00 4.770201206207275391e+00 8.185146331787109375e+00
7.076927423477172852e-01 3.421576321125030518e-01 5.496630668640136719e-01 3.274055421352386475e-01 1.090677082538604736e-01 2.402828037738800049e-01 2.578744292259216309e-01 2.223861664533615112e-01 4.078471064567565918e-01 5.345429778099060059e-01 7.072343826293945312e-01 6.812595129013061523e-01 1.399996638298034668e+00 2.859652519226074219e+00 2.945848941802978516e+00 3.752472400665283203e+00 4.630623817443847656e+00 2.718445301055908203e+00 4.604991912841796875e+00 4.004134178161621094e+00
8.947304487228393555e-01 4.700231254100799561e-01 4.439495801925659180e-01 3.457663059234619141e-01 3.048979640007019043e-01 5.313402414321899414e-01 2.404659092426300049e-01 2.528017759323120117e-01 2.892414331436157227e-01 2.439853698015213013e-01 1.765078604221343994e-01 7.126491665840148926e-01 8.107051849365234375e-01 1.949735045433044434e+00 2.001071453094482422e+00 1.278344869613647461e+00 2.175213336944580078e+00 2.474094152450561523e+00 2.806375026702880859e+00 4.178793907165527344e+00
5.656825900077819824e-01 7.351655364036560059e-01 5.146796703338623047e-01 4.673502445220947266e-01 2.695361971855163574e-01 5.589098334312438965e-01 3.134483695030212402e-01 3.500413298606872559e-01 2.300567328929901123e-01 3.780797421932220459e-01 3.009974956512451172e-01 3.173661530017852783e-01 2.356317788362503052e-01 4.834881722927093506e-01 6.947374343872070312e-01 1.349852800369262695e+00 1.646893024444580078e+00 2.310890197753906250e+00 3.626413345336914062e+00 3.104034900665283203e+00
1.021090388298034668e+00 9.149264097213745117e-01 9.354985952377319336e-01 6.931692957878112793e-01 4.871328473091125488e-01 7.548718452453613281e-01 4.544300436973571777e-01 3.504214882850646973e-01 4.356527924537658691e-01 6.635338664054870605e-01 2.282538563013076782e-01 4.007298946380615234e-01 2.957113385200500488e-01 4.653151035308837891e-01 2.202241271734237671e-01 5.376605987548828125e-01 1.150807023048400879e+00 1.162262439727783203e+00 1.994135975837707520e+00 2.152098655700683594e+00
1.189921021461486816e+00 8.526982665061950684e-01 9.706615209579467773e-01 1.123311281204223633e+00 8.011807799339294434e-01 8.674813508987426758e-01 6.769653558731079102e-01 9.340625405311584473e-01 5.175898075103759766e-01 3.211108148097991943e-01 1.937091052532196045e-01 3.841585516929626465e-01 1.834266781806945801e-01 2.039347589015960693e-01 3.601962029933929443e-01 9.937964379787445068e-02 4.990447759628295898e-01 1.199215173721313477e+00 1.748081207275390625e+00 1.850072145462036133e+00
1.561811208724975586e+00 1.281619071960449219e+00 1.560685992240905762e+00 1.500191688537597656e+00 1.254194736480712891e+00 1.750628471374511719e+00 1.478337287902832031e+00 1.151862144470214844e+00 4.640002846717834473e-01 2.746270596981048584e-01 2.346884608268737793e-01 4.353241324424743652e-01 3.555943369865417480e-01 3.075006008148193359e-01 1.776905655860900879e-01 4.043191075325012207e-01 4.944903254508972168e-01 5.470561385154724121e-01 8.756390810012817383e-01 7.680086493492126465e-01
1.706261038780212402e+00 1.125869989395141602e+00 1.678388357162475586e+00 2.068766593933105469e+00 9.662989377975463867e-01 1.844719648361206055e+00 1.033730030059814453e+00 1.620711088180541992e+00 1.117182970046997070e+00 4.809683561325073242e-01 1.933910846710205078e-01 2.696580290794372559e-01 1.277215778827667236e-01 3.046450316905975342e-01 1.105354130268096924e-01 2.918584048748016357e-01 2.623765468597412109e-01 5.905035138130187988e-01 9.500129222869873047e-01 7.720607519149780273e-01
1.472675800323486328e+00 1.385300874710083008e+00 1.383087158203125000e+00 2.000156402587890625e+00 1.197067260742187500e+00 2.350651025772094727e+00 1.665681600570678711e+00 1.424719572067260742e+00 8.541422486305236816e-01 8.266631364822387695e-01 5.387455224990844727e-01 2.454550713300704956e-01 3.097127079963684082e-01 4.674914181232452393e-01 1.626940518617630005e-01 5.548586845397949219e-01 3.418110311031341553e-01 3.388751745223999023e-01 7.737424969673156738e-01 1.466022849082946777e+00
1.395042896270751953e+00 1.225873947143554688e+00 1.912958621978759766e+00 1.607652902603149414e+00 2.390477418899536133e+00 1.408128976821899414e+00 1.839085221290588379e+00 2.105199813842773438e+00 1.428096771240234375e+00 1.024230241775512695e+00 7.006248235702514648e-01 6.229455471038818359e-01 2.974844574928283691e-01 2.228628993034362793e-01 1.484204977750778198e-01 4.400918185710906982e-01 3.410115242004394531e-01 4.741509556770324707e-01 6.087442636489868164e-01 1.960247516632080078e+00
2.734268188476562500e+00 2.179221868515014648e+00 3.153627872467041016e+00 2.343187808990478516e+00 1.763391375541687012e+00 2.238775014877319336e+00 2.512128353118896484e+00 1.571058154106140137e+00 1.071658849716186523e+00 1.355134010314941406e+00 1.334424734115600586e+00 5.804962515830993652e-01 2.466556727886199951e-01 7.228509187698364258e-01 5.569040775299072266e-01 4.897349178791046143e-01 5.014625191688537598e-01 4.139363765716552734e-01 8.241425752639770508e-01 1.336055994033813477e+00
