2018-07-23 09:45:00
3.364142477512359619e-01 1.974326372146606445e-01 2.102248966693878174e-01 4.175605475902557373e-01 3.032623529434204102e-01 2.568413615226745605e-01 1.560537219047546387e-01 4.467124938964843750e-01 4.995028972625732422e-01 1.943198293447494507e-01 4.324668049812316895e-01 2.164818793535232544e-01 2.916477918624877930e-01 5.319271087646484375e-01 6.198731660842895508e-01 1.554245203733444214e-01 2.668566107749938965e-01 1.612568795680999756e-01 3.379765152931213379e-01 4.810972511768341064e-01
6.502723693847656250e-01 2.058533281087875366e-01 1.844674348831176758e-01 3.827046453952789307e-01 5.607914328575134277e-01 4.176520407199859619e-01 4.102782011032104492e-01 4.829094409942626953e-01 3.198104500770568848e-01 4.813601374626159668e-01 3.657999336719512939e-01 4.253975152969360352e-01 3.011597990989685059e-01 3.158169686794281006e-01 5.859656929969787598e-01 6.507121324539184570e-01 3.340603113174438477e-01 3.557387590408325195e-01 4.010317921638488770e-01 3.723314106464385986e-01
3.457647860050201416e-01 3.797110319137573242e-01 2.595214843750000000e-01 2.906208634376525879e-01 4.458026885986328125e-01 3.727607131004333496e-01 5.346986055374145508e-01 5.751879811286926270e-01 3.734042644500732422e-01 4.575605988502502441e-01 4.053319692611694336e-01 6.688916087150573730e-01 2.991272509098052979e-01 4.257756471633911133e-01 5.384811758995056152e-01 5.464724302291870117e-01 4.134835302829742432e-01 4.492652118206024170e-01 4.154156446456909180e-01 3.427016139030456543e-01
1.750681400299072266e-01 3.060857355594635010e-01 5.767110586166381836e-01 2.762840092182159424e-01 5.759123563766479492e-01 4.859493374824523926e-01 3.477670550346374512e-01 3.666385412216186523e-01 4.109031260013580322e-01 6.763659715652465820e-01 5.684645175933837891e-01 2.707152664661407471e-01 4.725829362869262695e-01 4.034535884857177734e-01 6.523855030536651611e-02 3.246937394142150879e-01 3.362292647361755371e-01 1.244301572442054749e-01 3.457694351673126221e-01 6.291972994804382324e-01
3.287922441959381104e-01 5.140884518623352051e-01 3.051375448703765869e-01 3.073370754718780518e-01 3.685179352760314941e-01 5.487867593765258789e-01 3.977144360542297363e-01 2.300671041011810303e-01 4.775375723838806152e-01 1.302640140056610107e-01 3.043395578861236572e-01 3.125764131546020508e-01 5.906029343605041504e-01 2.506005764007568359e-01 1.401006430387496948e-01 2.204567342996597290e-01 7.461853027343750000e-01 7.937617897987365723e-01 3.353100419044494629e-01 2.821798920631408691e-01
5.878850221633911133e-01 3.990699350833892822e-01 3.306895494461059570e-01 1.880274713039398193e-01 1.751134991645812988e-01 6.452448368072509766e-01 4.223387539386749268e-01 3.600434958934783936e-01 2.665805518627166748e-01 4.268312454223632812e-01 3.806229233741760254e-01 4.120581746101379395e-01 5.318685770034790039e-01 2.629386782646179199e-01 4.372463226318359375e-01 3.165798485279083252e-01 8.036934137344360352e-01 4.915134310722351074e-01 3.456008732318878174e-01 2.990616559982299805e-01
3.115914463996887207e-01 4.007595181465148926e-01 4.715415239334106445e-01 4.160138368606567383e-01 4.864224493503570557e-01 3.861762285232543945e-01 3.050519824028015137e-01 2.555026113986968994e-01 2.842822372913360596e-01 3.021811842918395996e-01 2.845985889434814453e-01 2.321322858333587646e-01 3.931246399879455566e-01 5.221588015556335449e-01 3.898694217205047607e-01 3.249895870685577393e-01 6.012728214263916016e-01 7.908844947814941406e-01 4.079014658927917480e-01 2.841692566871643066e-01
7.490509748458862305e-01 2.923571467399597168e-01 3.823531270027160645e-01 4.208749532699584961e-01 3.765894174575805664e-01 4.536379575729370117e-01 2.525659203529357910e-01 4.367993772029876709e-01 2.907077372074127197e-01 2.815133929252624512e-01 3.798714876174926758e-01 5.279655456542968750e-01 3.536400198936462402e-01 4.469448328018188477e-01 4.325011074542999268e-01 4.925974607467651367e-01 3.149873018264770508e-01 3.738855123519897461e-01 3.461773693561553955e-01 2.594513595104217529e-01
2.131009101867675781e-01 2.785317301750183105e-01 3.403049409389495850e-01 3.460448086261749268e-01 3.628624975681304932e-01 3.211556673049926758e-01 6.401882171630859375e-01 4.790208637714385986e-01 2.658644318580627441e-01 2.720594704151153564e-01 3.136671483516693115e-01 3.255906105041503906e-01 3.370361328125000000e-01 3.917626738548278809e-01 3.098091781139373779e-01 4.416303038597106934e-01 3.971641063690185547e-01 3.539804816246032715e-01 4.031193852424621582e-01 3.191632628440856934e-01
5.572453141212463379e-01 3.671910166740417480e-01 3.830852806568145752e-01 3.829891085624694824e-01 4.374754428863525391e-01 4.460797011852264404e-01 3.976135849952697754e-01 2.115678787231445312e-01 5.158048272132873535e-01 4.541410803794860840e-01 3.438778519630432129e-01 3.127423524856567383e-01 4.557056725025177002e-01 5.061137080192565918e-01 3.962606191635131836e-01 2.533950209617614746e-01 5.327978134155273438e-01 5.741984844207763672e-01 3.996734619140625000e-01 2.981145381927490234e-01
4.437051415443420410e-01 2.785438299179077148e-01 3.941272497177124023e-01 3.231364488601684570e-01 4.277072250843048096e-01 2.530583143234252930e-01 3.369728326797485352e-01 4.054800868034362793e-01 2.652857303619384766e-01 5.776547193527221680e-01 3.184795677661895752e-01 4.268839955329895020e-01 3.074469864368438721e-01 4.447758495807647705e-01 4.029541611671447754e-01 3.089650869369506836e-01 4.705188274383544922e-01 7.953543066978454590e-01 4.092514514923095703e-01 3.201578855514526367e-01
5.937315225601196289e-01 4.045341908931732178e-01 2.452260702848434448e-01 1.329597681760787964e-01 2.781213521957397461e-01 3.402062058448791504e-01 4.973410367965698242e-01 2.912794947624206543e-01 4.243455529212951660e-01 3.146814703941345215e-01 2.806496024131774902e-01 2.957904934883117676e-01 2.949019074440002441e-01 3.466500639915466309e-01 1.666772216558456421e-01 5.520166456699371338e-02 6.153750419616699219e-01 5.734689235687255859e-01 2.427924573421478271e-01 3.939845561981201172e-01
1.826925277709960938e-01 6.782175600528717041e-02 2.049841433763504028e-01 4.103021025657653809e-01 1.277562379837036133e-01 4.201143383979797363e-01 4.274950623512268066e-01 2.556505203247070312e-01 4.592864811420440674e-01 2.582380175590515137e-01 3.853012323379516602e-01 4.816123843193054199e-01 3.591190576553344727e-01 4.277417361736297607e-01 2.597475349903106689e-01 3.123973011970520020e-01 2.408116012811660767e-01 4.108883142471313477e-01 2.546639144420623779e-01 3.471453487873077393e-01
3.983234167098999023e-01 2.592589855194091797e-01 1.991056203842163086e-01 5.714486837387084961e-01 2.669261097908020020e-01 3.464219570159912109e-01 3.705163598060607910e-01 2.084785699844360352e-01 3.480631709098815918e-01 4.817258417606353760e-01 2.085642665624618530e-01 3.299147486686706543e-01 3.923296928405761719e-01 3.354509472846984863e-01 2.481046319007873535e-01 3.490391969680786133e-01 3.001876473426818848e-01 5.383609533309936523e-01 2.467245161533355713e-01 4.399607181549072266e-01
3.490314483642578125e-01 3.295283317565917969e-01 1.203080862760543823e-01 3.526431322097778320e-01 4.711283147335052490e-01 1.787038892507553101e-01 3.194837868213653564e-01 4.825700223445892334e-01 3.139559030532836914e-01 3.614639043807983398e-01 3.216657340526580811e-01 2.891649603843688965e-01 3.004550933837890625e-01 2.450343072414398193e-01 4.547430574893951416e-01 4.068558216094970703e-01 1.855476349592208862e-01 1.509840041399002075e-01 4.105026721954345703e-01 3.757958710193634033e-01
3.372897207736968994e-01 4.954851269721984863e-01 2.648984193801879883e-01 5.192788839340209961e-01 3.104607760906219482e-01 2.905254960060119629e-01 3.649532198905944824e-01 3.597657084465026855e-01 4.541628956794738770e-01 2.525453567504882812e-01 1.925632953643798828e-01 5.107641220092773438e-01 2.425777912139892578e-01 4.652511775493621826e-01 3.456919789314270020e-01 2.847819924354553223e-01 2.511928379535675049e-01 4.879565834999084473e-01 4.970757067203521729e-01 4.739960730075836182e-01
3.310019075870513916e-01 4.920499324798583984e-01 3.998032212257385254e-01 6.825164556503295898e-01 5.425174236297607422e-01 3.646458387374877930e-01 3.716424107551574707e-01 3.052865266799926758e-01 1.961213648319244385e-01 3.446255326271057129e-01 4.854730367660522461e-01 3.042095303535461426e-01 4.270835518836975098e-01 4.215229749679565430e-01 3.578758239746093750e-01 2.773942053318023682e-01 6.641635894775390625e-01 3.859657049179077148e-01 4.426880180835723877e-01 2.500554323196411133e-01
4.119568765163421631e-01 3.957875967025756836e-01 3.809577226638793945e-01 3.621121048927307129e-01 2.880119085311889648e-01 2.974284887313842773e-01 2.091297358274459839e-01 5.049725770950317383e-01 4.431703686714172363e-01 2.470061480998992920e-01 1.914518624544143677e-01 3.992840945720672607e-01 2.502322196960449219e-01 4.750778675079345703e-01 4.004549384117126465e-01 2.816366255283355713e-01 3.188700079917907715e-01 3.497143089771270752e-01 4.078527688980102539e-01 3.580141067504882812e-01
4.212259650230407715e-01 4.538083672523498535e-01 3.867291212081909180e-01 1.575584709644317627e-01 4.173703193664550781e-01 3.167015314102172852e-01 2.941251993179321289e-01 4.143772721290588379e-01 2.775846421718597412e-01 6.221619844436645508e-01 6.845878958702087402e-01 6.042940616607666016e-01 4.108327329158782959e-01 2.140800356864929199e-01 5.228331089019775391e-01 4.131430387496948242e-01 2.958561182022094727e-01 2.435336560010910034e-01 3.206217586994171143e-01 4.095182418823242188e-01
3.814660608768463135e-01 2.996890246868133545e-01 3.336230218410491943e-01 2.708217501640319824e-01 4.001755714416503906e-01 2.774749398231506348e-01 2.969354987144470215e-01 4.291721284389495850e-01 2.972988784313201904e-01 4.033603668212890625e-01 4.146393835544586182e-01 5.593880414962768555e-01 2.860735654830932617e-01 3.450337648391723633e-01 9.669592231512069702e-02 4.065647721290588379e-01 2.471726536750793457e-01 2.402695119380950928e-01 3.394325971603393555e-01 3.255214691162109375e-01
