2018-07-23 10:00:00
2.254490852355957031e-01 3.019251823425292969e-01 2.403528094291687012e-01 3.706167340278625488e-01 2.577521502971649170e-01 3.314194977283477783e-01 2.580339014530181885e-01 4.150623977184295654e-01 4.518165290355682373e-01 6.162285804748535156e-01 3.937526643276214600e-01 4.325141310691833496e-01 3.425430655479431152e-01 5.217816233634948730e-01 2.484148442745208740e-01 5.636494159698486328e-01 3.076219260692596436e-01 5.238350629806518555e-01 2.712048292160034180e-01 5.723772048950195312e-01
3.927468657493591309e-01 3.416910767555236816e-01 3.643079400062561035e-01 4.723521471023559570e-01 -6.435316801071166992e-02 4.846109151840209961e-01 1.767040938138961792e-01 4.260598421096801758e-01 4.597381949424743652e-01 4.367073774337768555e-01 4.697897732257843018e-01 3.306133449077606201e-01 3.848905563354492188e-01 4.814554452896118164e-01 5.951114892959594727e-01 5.765069127082824707e-01 2.851276993751525879e-01 3.602083921432495117e-01 6.439824104309082031e-01 5.190454125404357910e-01
3.640327453613281250e-01 4.041637778282165527e-01 4.369713068008422852e-01 5.134081244468688965e-01 3.117758631706237793e-01 7.387552857398986816e-01 7.925518155097961426e-01 5.722188949584960938e-01 4.488022625446319580e-01 4.621002376079559326e-01 8.556945323944091797e-01 4.859770238399505615e-01 4.914558231830596924e-01 4.550723433494567871e-01 2.874468266963958740e-01 4.621938467025756836e-01 5.833575725555419922e-01 3.220112323760986328e-01 2.546064853668212891e-01 3.090364933013916016e-01
3.000330924987792969e-01 3.958657085895538330e-01 7.386900186538696289e-01 4.889717698097229004e-01 3.653094172477722168e-01 4.041188955307006836e-01 4.486147165298461914e-01 3.925240635871887207e-01 3.752027153968811035e-01 2.909116744995117188e-01 6.744366884231567383e-01 4.380685091018676758e-01 3.541042506694793701e-01 4.536308050155639648e-01 6.046837568283081055e-01 4.440345168113708496e-01 4.250349402427673340e-01 4.302256703376770020e-01 5.115255713462829590e-01 4.402057826519012451e-01
2.905475497245788574e-01 4.941567182540893555e-01 4.350693523883819580e-01 4.484938383102416992e-01 5.533407926559448242e-01 3.616352677345275879e-01 2.645234465599060059e-01 5.691543817520141602e-01 5.211218595504760742e-01 6.265277266502380371e-01 4.599994421005249023e-01 3.264124989509582520e-01 4.551068544387817383e-01 4.229004383087158203e-01 2.334916591644287109e-01 5.291883349418640137e-01 5.563706159591674805e-01 2.450446486473083496e-01 5.687294602394104004e-01 4.118238985538482666e-01
4.178603887557983398e-01 2.533039450645446777e-01 9.155602008104324341e-02 4.673404991626739502e-01 5.445501804351806641e-01 3.169587552547454834e-01 2.067214101552963257e-01 5.038869380950927734e-01 1.714208722114562988e-01 2.508901655673980713e-01 3.981354236602783203e-01 4.613629579544067383e-01 6.036643981933593750e-01 2.941838800907135010e-01 3.484104871749877930e-01 6.047376394271850586e-01 5.830449461936950684e-01 4.436402022838592529e-01 4.589465856552124023e-01 2.966206967830657959e-01
1.868910491466522217e-01 4.124452471733093262e-01 5.242595672607421875e-01 8.238725662231445312e-01 9.377528429031372070e-01 1.317523121833801270e-01 4.617415666580200195e-01 3.293468952178955078e-01 3.423560261726379395e-01 3.620009422302246094e-01 3.624455928802490234e-01 3.382702767848968506e-01 5.397858619689941406e-01 3.405578434467315674e-01 3.718739748001098633e-01 2.879438698291778564e-01 5.742866396903991699e-01 6.128336191177368164e-01 3.693172335624694824e-01 2.118308246135711670e-01
5.450478196144104004e-01 2.709694504737854004e-01 3.404074907302856445e-01 2.313174158334732056e-01 4.046229422092437744e-01 3.406861424446105957e-01 3.126362264156341553e-01 2.723831236362457275e-01 3.063524663448333740e-01 3.707135915756225586e-01 3.854285776615142822e-01 5.516688823699951172e-01 6.429773569107055664e-01 7.036385536193847656e-01 4.651790857315063477e-01 4.462210536003112793e-01 2.621296942234039307e-01 3.353220224380493164e-01 6.479130983352661133e-01 3.953812718391418457e-01
4.666712284088134766e-01 4.513761401176452637e-01 3.045854270458221436e-01 3.022618293762207031e-01 4.136366248130798340e-01 1.885794997215270996e-01 3.406285643577575684e-01 4.850240349769592285e-01 2.930366992950439453e-01 2.868732810020446777e-01 3.334573209285736084e-01 3.155164122581481934e-01 4.123699069023132324e-01 4.297994375228881836e-01 4.568018615245819092e-01 3.238928020000457764e-01 4.851858615875244141e-01 5.690292716026306152e-01 4.031911790370941162e-01 3.317684233188629150e-01
3.630148768424987793e-01 3.886310160160064697e-01 3.897440433502197266e-01 2.179537415504455566e-01 3.810268640518188477e-01 1.832713782787322998e-01 3.270018100738525391e-01 4.663307666778564453e-01 5.129412412643432617e-01 7.041646242141723633e-01 4.654526412487030029e-01 2.850853800773620605e-01 4.174909591674804688e-01 2.871513366699218750e-01 3.002409934997558594e-01 4.048383235931396484e-01 5.207105278968811035e-01 3.560177087783813477e-01 2.958557307720184326e-01 2.109098732471466064e-01
3.734699487686157227e-01 4.996595680713653564e-01 5.849972367286682129e-01 2.204953134059906006e-01 1.473259329795837402e-01 3.243048787117004395e-01 5.208698511123657227e-01 3.381558060646057129e-01 2.593236863613128662e-01 4.236588478088378906e-01 4.963297843933105469e-01 2.843846678733825684e-01 3.634012937545776367e-01 3.903390169143676758e-01 4.389843940734863281e-01 3.450065851211547852e-01 5.665085315704345703e-01 6.159545779228210449e-01 3.704969882965087891e-01 4.294482469558715820e-01
3.668994903564453125e-01 4.121993780136108398e-01 3.254804015159606934e-01 2.827681899070739746e-01 3.560238778591156006e-01 4.058549106121063232e-01 5.431701540946960449e-01 6.481952071189880371e-01 1.849786341190338135e-01 3.929236531257629395e-01 1.478835791349411011e-01 3.751025199890136719e-01 3.412649035453796387e-01 3.506724834442138672e-01 3.422941565513610840e-01 4.370421171188354492e-01 4.391209185123443604e-01 5.241495370864868164e-01 1.691960096359252930e-01 3.512664735317230225e-01
2.822225391864776611e-01 2.461222559213638306e-01 4.223954081535339355e-01 1.119378060102462769e-01 4.660009741783142090e-01 6.712574362754821777e-01 3.131699562072753906e-01 4.045469760894775391e-01 4.516431093215942383e-01 3.270690143108367920e-01 3.511296212673187256e-01 4.686073660850524902e-01 2.071678191423416138e-01 3.813591897487640381e-01 2.684332132339477539e-01 3.375400900840759277e-01 3.707219958305358887e-01 4.623664915561676025e-01 2.806673347949981689e-01 4.830978512763977051e-01
4.881787896156311035e-01 2.650758028030395508e-01 2.498810589313507080e-01 2.245103120803833008e-01 3.930310606956481934e-01 3.009509444236755371e-01 1.701671034097671509e-01 1.992264389991760254e-01 3.818649947643280029e-01 4.371188282966613770e-01 3.493306636810302734e-01 4.359717965126037598e-01 3.916188180446624756e-01 5.014843940734863281e-01 3.605666756629943848e-01 5.693613290786743164e-01 3.860749006271362305e-01 3.072109818458557129e-01 4.246474206447601318e-01 3.016715347766876221e-01
5.060415267944335938e-01 6.055260896682739258e-01 2.711979746818542480e-01 2.905777692794799805e-01 2.788040339946746826e-01 3.070952296257019043e-01 4.859487116336822510e-01 2.990705370903015137e-01 2.413886636495590210e-01 5.937934517860412598e-01 4.039245843887329102e-01 1.731807291507720947e-01 3.636572062969207764e-01 1.921163797378540039e-01 4.855235219001770020e-01 5.399014949798583984e-01 2.599331140518188477e-01 7.557089924812316895e-01 3.110370337963104248e-01 4.328022897243499756e-01
3.772675991058349609e-01 4.715098440647125244e-01 3.279065489768981934e-01 3.001205921173095703e-01 2.967278957366943359e-01 3.807389736175537109e-01 6.363914608955383301e-01 3.093309998512268066e-01 4.420137703418731689e-01 4.257355928421020508e-01 2.810040414333343506e-01 4.115054607391357422e-01 6.367062330245971680e-01 2.880475521087646484e-01 4.614423513412475586e-01 4.835762977600097656e-01 3.055998682975769043e-01 3.907085061073303223e-01 6.288609504699707031e-01 6.564504504203796387e-01
1.952331662178039551e-01 3.013955056667327881e-01 3.885775208473205566e-01 7.069195508956909180e-01 6.407036781311035156e-01 2.519848942756652832e-01 5.115695595741271973e-01 4.307239651679992676e-01 3.226427733898162842e-01 3.863571882247924805e-01 4.667091369628906250e-01 4.673475921154022217e-01 1.874515414237976074e-01 3.640659153461456299e-01 3.477977514266967773e-01 6.744978427886962891e-01 3.923643231391906738e-01 3.936495184898376465e-01 4.822474718093872070e-01 2.536451816558837891e-01
4.426912367343902588e-01 3.987223505973815918e-01 3.254299759864807129e-01 3.037452101707458496e-01 4.979330897331237793e-01 1.798107922077178955e-01 4.177266061305999756e-01 5.164889097213745117e-01 1.689364910125732422e-01 4.139988124370574951e-01 2.319360226392745972e-01 3.884124159812927246e-01 2.630234062671661377e-01 4.405448436737060547e-01 4.448108375072479248e-01 5.391591191291809082e-01 2.855507731437683105e-01 4.318732917308807373e-01 3.460537791252136230e-01 2.173272073268890381e-01
3.450243771076202393e-01 4.603130817413330078e-01 3.685997724533081055e-01 3.815753161907196045e-01 3.235857784748077393e-01 3.407904803752899170e-01 2.113817036151885986e-01 3.523867726325988770e-01 3.580535352230072021e-01 3.860408067703247070e-01 6.062445640563964844e-01 5.903743505477905273e-01 3.811723589897155762e-01 2.410809844732284546e-01 2.913203835487365723e-01 5.022045969963073730e-01 2.789507508277893066e-01 3.584663271903991699e-01 2.636445760726928711e-01 3.207658231258392334e-01
4.231312870979309082e-01 6.215322017669677734e-01 4.646970629692077637e-01 2.774386703968048096e-01 3.510157763957977295e-01 3.352436423301696777e-01 2.575652599334716797e-01 2.974657416343688965e-01 4.425793290138244629e-01 4.785197973251342773e-01 4.297837615013122559e-01 5.163404941558837891e-01 2.087029814720153809e-01 2.842923998832702637e-01 3.699865341186523438e-01 3.311905860900878906e-01 3.031536638736724854e-01 1.129691377282142639e-01 3.104861676692962646e-01 3.337200880050659180e-01
