2018-07-23 11:30:00
2.537481188774108887e-01 3.915858268737792969e-01 3.782767653465270996e-01 3.007996678352355957e-01 3.162080645561218262e-01 3.144628405570983887e-01 3.233982324600219727e-01 4.417771697044372559e-01 3.685090541839599609e-01 4.028443098068237305e-01 4.052761495113372803e-01 3.079409003257751465e-01 5.082849860191345215e-01 5.174243450164794922e-01 4.996119141578674316e-01 2.928655743598937988e-01 2.839883863925933838e-01 4.054090082645416260e-01 1.046167984604835510e-01 2.252998203039169312e-01
5.681033134460449219e-01 3.038715124130249023e-01 3.347998857498168945e-01 4.959267675876617432e-01 5.739924311637878418e-01 2.521907091140747070e-01 3.438231050968170166e-01 5.623027086257934570e-01 2.867423593997955322e-01 4.325197339057922363e-01 4.256943464279174805e-01 2.153219580650329590e-01 3.392298221588134766e-01 3.113581240177154541e-01 4.375205338001251221e-01 3.824273943901062012e-01 2.347256392240524292e-01 2.209556102752685547e-01 3.860051035881042480e-01 2.724457383155822754e-01
5.881091952323913574e-01 4.064406752586364746e-01 3.194735646247863770e-01 3.082934319972991943e-01 5.745612382888793945e-01 4.246301352977752686e-01 3.718627095222473145e-01 3.737521767616271973e-01 4.247336983680725098e-01 2.906996011734008789e-01 8.768063187599182129e-01 2.332143187522888184e-01 3.148606121540069580e-01 3.159229457378387451e-01 2.455552220344543457e-01 2.292068898677825928e-01 4.121770858764648438e-01 2.472738623619079590e-01 5.739531517028808594e-01 3.439985811710357666e-01
3.190230429172515869e-01 3.375216424465179443e-01 2.586170136928558350e-01 4.542521536350250244e-01 3.138406872749328613e-01 3.388099074363708496e-01 2.534611821174621582e-01 4.153265357017517090e-01 3.778245449066162109e-01 4.456452727317810059e-01 4.306243062019348145e-01 5.029077529907226562e-01 2.456580102443695068e-01 3.408741354942321777e-01 3.441892266273498535e-01 6.105613708496093750e-01 2.651733756065368652e-01 2.382687330245971680e-01 3.096399307250976562e-01 3.294578194618225098e-01
4.533874392509460449e-01 2.783654928207397461e-01 2.954055070877075195e-01 2.350473254919052124e-01 3.922144174575805664e-01 7.549033761024475098e-01 2.000010013580322266e-01 2.639231681823730469e-01 2.770928740501403809e-01 4.194748997688293457e-01 3.933283984661102295e-01 4.199753999710083008e-01 4.915426969528198242e-01 2.647704482078552246e-01 5.488837957382202148e-01 2.090307176113128662e-01 4.437419474124908447e-01 6.745473146438598633e-01 5.869881510734558105e-01 2.226465642452239990e-01
1.079382002353668213e-01 1.868636012077331543e-01 2.790144383907318115e-01 4.808463752269744873e-01 4.324356317520141602e-01 6.149877309799194336e-01 3.734717965126037598e-01 1.283877938985824585e-01 3.394142389297485352e-01 3.499792218208312988e-01 3.642311096191406250e-01 5.928971767425537109e-01 2.326669543981552124e-01 2.679272890090942383e-01 2.900065779685974121e-01 3.529782295227050781e-01 3.030384778976440430e-01 2.468078881502151489e-01 2.843252718448638916e-01 1.188057363033294678e-01
3.707614541053771973e-01 2.810050249099731445e-01 6.798003315925598145e-01 2.652726471424102783e-01 4.755349457263946533e-01 5.275189280509948730e-01 2.966418862342834473e-01 3.102904856204986572e-01 4.433090090751647949e-01 3.342466056346893311e-01 3.865594267845153809e-01 1.641111671924591064e-01 2.511188685894012451e-01 3.126794099807739258e-01 4.086248278617858887e-01 2.084459513425827026e-01 4.700605273246765137e-01 4.482102990150451660e-01 2.680018544197082520e-01 4.749784469604492188e-01
4.487124085426330566e-01 2.348637878894805908e-01 3.290756940841674805e-01 2.705515921115875244e-01 3.548125624656677246e-01 2.152571380138397217e-01 2.670471072196960449e-01 4.423995614051818848e-01 3.525053262710571289e-01 1.385723501443862915e-01 3.446644544601440430e-01 3.020760416984558105e-01 2.305550873279571533e-01 7.079205513000488281e-01 4.037830531597137451e-01 3.704762160778045654e-01 3.073147237300872803e-01 2.367367893457412720e-01 2.843537926673889160e-01 3.252177834510803223e-01
1.682280898094177246e-01 2.714686989784240723e-01 3.300280869007110596e-01 6.610396504402160645e-01 4.931223988533020020e-01 2.490805685520172119e-01 3.751057684421539307e-01 3.459324240684509277e-01 2.950217425823211670e-01 2.869289517402648926e-01 3.097158074378967285e-01 3.612210154533386230e-01 3.637772500514984131e-01 4.896019399166107178e-01 3.183557093143463135e-01 3.829635977745056152e-01 3.683877885341644287e-01 2.327331006526947021e-01 2.794482111930847168e-01 3.396815955638885498e-01
4.659048020839691162e-01 2.275874614715576172e-01 2.529653310775756836e-01 3.415854573249816895e-01 1.633371114730834961e-01 3.027913570404052734e-01 3.202237784862518311e-01 5.578894615173339844e-01 4.298911988735198975e-01 2.627820670604705811e-01 2.094933688640594482e-01 3.422423303127288818e-01 2.889501750469207764e-01 3.457410335540771484e-01 2.533053159713745117e-01 2.519955933094024658e-01 3.752821087837219238e-01 4.780544638633728027e-01 3.632143437862396240e-01 2.073032557964324951e-01
6.369935274124145508e-01 4.603161215782165527e-01 3.873734474182128906e-01 3.397012352943420410e-01 3.801625669002532959e-01 3.812258541584014893e-01 3.651964962482452393e-01 2.146172225475311279e-01 4.414139389991760254e-01 4.524540603160858154e-01 4.369134604930877686e-01 2.768185138702392578e-01 2.801666855812072754e-01 1.252766102552413940e-01 2.358401566743850708e-01 2.763652801513671875e-01 3.940021991729736328e-01 4.386227130889892578e-01 3.943075537681579590e-01 3.818841576576232910e-01
5.719184875488281250e-01 2.152974456548690796e-01 3.056249022483825684e-01 2.382128983736038208e-01 3.954735100269317627e-01 5.079010128974914551e-01 2.603859007358551025e-01 2.239686101675033569e-01 2.828149795532226562e-01 1.120552644133567810e-01 1.960999220609664917e-01 3.934107124805450439e-01 2.521933913230895996e-01 3.642993867397308350e-01 2.922129034996032715e-01 1.216319799423217773e-01 4.379745423793792725e-01 2.303602397441864014e-01 4.012075960636138916e-01 3.837961256504058838e-01
6.939170360565185547e-01 2.597833573818206787e-01 2.540984451770782471e-01 3.454603552818298340e-01 4.277556538581848145e-01 1.843987107276916504e-01 4.881080687046051025e-01 2.566782534122467041e-01 1.428695321083068848e-01 3.906695842742919922e-01 4.358103871345520020e-01 2.051122933626174927e-01 6.557762026786804199e-01 4.062270224094390869e-01 3.870339393615722656e-01 3.855772614479064941e-01 4.702773094177246094e-01 1.511768996715545654e-01 2.648495733737945557e-01 4.325457215309143066e-01
3.857005238533020020e-01 3.194629549980163574e-01 5.271905660629272461e-01 3.964553773403167725e-01 2.641882300376892090e-01 4.275076985359191895e-01 4.600780606269836426e-01 4.835200905799865723e-01 5.019292831420898438e-01 2.490954548120498657e-01 2.561807930469512939e-01 3.856399953365325928e-01 1.631360948085784912e-01 1.250856220722198486e-01 3.022874593734741211e-01 4.991061091423034668e-01 4.565978050231933594e-01 1.421183347702026367e-01 1.938201040029525757e-01 1.970105022192001343e-01
3.059839010238647461e-01 3.105488121509552002e-01 2.359692156314849854e-01 4.302613437175750732e-01 6.787620484828948975e-02 3.984323740005493164e-01 4.216292500495910645e-01 4.000397324562072754e-01 3.274133503437042236e-01 3.091003894805908203e-01 3.393858671188354492e-01 2.405008077621459961e-01 5.782185792922973633e-01 1.557227373123168945e-01 3.352811336517333984e-01 2.834675014019012451e-01 4.084978699684143066e-01 2.594058513641357422e-01 5.368922352790832520e-01 4.472601413726806641e-01
1.927639842033386230e-01 4.440810680389404297e-01 2.784605324268341064e-01 3.603573739528656006e-01 4.579155445098876953e-01 3.908628821372985840e-01 3.206973969936370850e-01 2.208847701549530029e-01 4.105705618858337402e-01 4.259016811847686768e-01 3.110180497169494629e-01 3.261435031890869141e-01 1.471005678176879883e-01 1.911854743957519531e-01 3.143935501575469971e-01 3.135628104209899902e-01 3.183993697166442871e-01 2.141295224428176880e-01 2.553272843360900879e-01 3.133592903614044189e-01
2.140047252178192139e-01 5.436235666275024414e-01 2.119606584310531616e-01 2.407296001911163330e-01 3.626209795475006104e-01 2.756260931491851807e-01 4.185428321361541748e-01 3.144512772560119629e-01 2.336686551570892334e-01 4.392578601837158203e-01 4.819293618202209473e-01 3.197108507156372070e-01 3.377673327922821045e-01 4.210635423660278320e-01 3.994900584220886230e-01 2.886985242366790771e-01 3.568398058414459229e-01 1.872962415218353271e-01 2.771782875061035156e-01 4.464921355247497559e-01
2.475377172231674194e-01 4.614613950252532959e-01 2.706480920314788818e-01 3.278484642505645752e-01 2.578545510768890381e-01 3.510628938674926758e-01 2.904643416404724121e-01 3.665093481540679932e-01 3.067836165428161621e-01 1.301819980144500732e-01 1.887239366769790649e-01 3.064902424812316895e-01 1.516993343830108643e-01 3.597572445869445801e-01 3.021811842918395996e-01 2.510325610637664795e-01 4.342689514160156250e-01 3.061782419681549072e-01 2.094050347805023193e-01 3.390747308731079102e-01
4.324001669883728027e-01 2.075511366128921509e-01 2.202177196741104126e-01 2.666236162185668945e-01 1.994658857583999634e-01 2.778920531272888184e-01 1.483976542949676514e-01 1.924572587013244629e-01 2.753258943557739258e-01 4.928931891918182373e-01 2.091047167778015137e-02 2.557384073734283447e-01 3.824841380119323730e-01 5.116519927978515625e-01 2.192679941654205322e-01 5.757471919059753418e-01 2.345602512359619141e-01 2.834151983261108398e-01 2.463352680206298828e-01 2.715947628021240234e-01
2.544433772563934326e-01 3.780105412006378174e-01 4.761712551116943359e-01 2.850042581558227539e-01 4.911630451679229736e-01 2.928579449653625488e-01 2.903779149055480957e-01 1.960973739624023438e-01 2.356456518173217773e-01 3.584966659545898438e-01 3.513174653053283691e-01 5.645933151245117188e-01 2.005092948675155640e-01 2.823914885520935059e-01 3.120961487293243408e-01 2.752608060836791992e-01 3.171406388282775879e-01 3.275254964828491211e-01 1.449565291404724121e-01 3.942211866378784180e-01
