2018-07-23 11:45:00
3.284046351909637451e-01 1.877502799034118652e-01 6.962853670120239258e-01 3.014123439788818359e-01 4.620264470577239990e-01 3.576855063438415527e-01 2.995225787162780762e-01 2.163579165935516357e-01 2.676460146903991699e-01 2.473269850015640259e-01 1.649304777383804321e-01 3.174327909946441650e-01 2.798801660537719727e-01 1.979976296424865723e-01 3.608164787292480469e-01 6.215114593505859375e-01 3.456211686134338379e-01 2.900314927101135254e-01 2.869213223457336426e-01 2.310148626565933228e-01
1.000489592552185059e-01 2.382979243993759155e-01 3.480948805809020996e-01 2.561092972755432129e-01 4.106700420379638672e-01 3.354481756687164307e-01 1.976272463798522949e-01 1.766317039728164673e-01 2.515674531459808350e-01 2.187779545783996582e-01 1.340666413307189941e-01 1.036576181650161743e-01 2.620452642440795898e-01 2.887349724769592285e-01 2.495382726192474365e-01 2.063220739364624023e-01 3.157250881195068359e-01 1.449062526226043701e-01 2.940933108329772949e-01 1.365794539451599121e-01
2.650730609893798828e-01 3.013543188571929932e-01 1.824602633714675903e-01 5.824038982391357422e-01 3.866910338401794434e-01 5.295000076293945312e-01 3.495132625102996826e-01 2.433744668960571289e-01 2.899838089942932129e-01 1.566629558801651001e-01 2.926084101200103760e-01 2.597976624965667725e-01 2.938954234123229980e-01 2.275868803262710571e-01 3.533772826194763184e-01 3.229614198207855225e-01 3.166433274745941162e-01 2.640605270862579346e-01 1.049737185239791870e-01 5.156813263893127441e-01
3.639608919620513916e-01 2.814157903194427490e-01 2.962581515312194824e-01 2.810662984848022461e-01 1.881473064422607422e-01 2.362813800573348999e-01 1.631817519664764404e-01 1.731375604867935181e-01 2.128581404685974121e-01 4.692947268486022949e-01 1.770816445350646973e-01 6.287888288497924805e-01 1.558386087417602539e-01 2.033022642135620117e-01 2.194249927997589111e-01 1.017518341541290283e-01 3.061710000038146973e-01 2.394706159830093384e-01 1.708641201257705688e-01 2.071583867073059082e-01
1.938522756099700928e-01 1.828069537878036499e-01 3.153256177902221680e-01 2.017990946769714355e-01 2.050370573997497559e-01 5.550484657287597656e-01 2.863501012325286865e-01 2.651321887969970703e-01 8.525847792625427246e-01 4.625534117221832275e-01 3.852114975452423096e-01 2.109205424785614014e-01 4.990497231483459473e-01 1.330115646123886108e-01 4.673459529876708984e-01 4.254598021507263184e-01 2.246218323707580566e-01 2.262325286865234375e-01 2.562809586524963379e-01 1.683387458324432373e-01
2.365935891866683960e-01 2.910678982734680176e-01 2.651642560958862305e-01 2.364659607410430908e-01 6.421817541122436523e-01 5.901585817337036133e-01 2.027186155319213867e-01 4.780997037887573242e-01 1.824421286582946777e-01 2.174922972917556763e-01 2.887431085109710693e-01 2.499401569366455078e-01 2.750344276428222656e-01 1.973843872547149658e-01 1.931828260421752930e-01 2.582837641239166260e-01 2.329755425453186035e-01 1.694979891180992126e-02 3.346534073352813721e-01 1.714540123939514160e-01
3.854519128799438477e-01 1.667083948850631714e-01 5.211432576179504395e-01 2.881103754043579102e-01 6.673300266265869141e-01 5.840640068054199219e-01 2.929028570652008057e-01 2.795478105545043945e-01 5.116683244705200195e-01 3.926513195037841797e-01 3.488867878913879395e-01 2.284152209758758545e-01 2.105860710144042969e-01 2.161933183670043945e-01 1.672512292861938477e-01 3.200204968452453613e-01 2.748845517635345459e-01 2.898415923118591309e-01 4.063637256622314453e-01 9.938051551580429077e-02
3.038839399814605713e-01 3.765687644481658936e-01 3.121368587017059326e-01 3.018669486045837402e-01 4.736054241657257080e-01 2.592074275016784668e-01 3.047419190406799316e-01 2.619363069534301758e-01 3.269396424293518066e-01 1.441837549209594727e-01 3.438948094844818115e-01 2.913835644721984863e-01 5.647389888763427734e-01 4.190337061882019043e-01 4.248827993869781494e-01 1.697608828544616699e-01 1.299206018447875977e-01 2.160050868988037109e-01 4.651270508766174316e-01 4.885838031768798828e-01
2.272293269634246826e-01 1.329266130924224854e-01 5.145362615585327148e-01 6.813944578170776367e-01 4.070330858230590820e-01 2.783130407333374023e-01 1.776083558797836304e-01 2.405415773391723633e-01 2.724168300628662109e-01 2.299243658781051636e-01 2.387068569660186768e-01 2.699071466922760010e-01 3.622154593467712402e-01 2.086485326290130615e-01 2.353936135768890381e-01 1.369667947292327881e-01 1.924565732479095459e-01 1.624093800783157349e-01 3.006846904754638672e-01 2.726160883903503418e-01
4.048975110054016113e-01 2.431782186031341553e-01 3.726410865783691406e-01 2.983001470565795898e-01 2.107202708721160889e-01 2.322145700454711914e-01 1.462446600198745728e-01 4.162431359291076660e-01 7.230542600154876709e-02 4.008173942565917969e-01 3.123446404933929443e-01 3.069633841514587402e-01 1.800881326198577881e-01 2.494583278894424438e-01 1.915087401866912842e-01 1.622332036495208740e-01 3.494887351989746094e-01 1.792059689760208130e-01 3.252266645431518555e-01 3.195842802524566650e-01
2.516498863697052002e-01 2.032853662967681885e-01 3.059267103672027588e-01 2.508784234523773193e-01 2.246086895465850830e-01 3.826424479484558105e-01 2.763862013816833496e-01 2.498787641525268555e-01 3.018975853919982910e-01 2.695246934890747070e-01 3.321999907493591309e-01 2.184800207614898682e-01 2.025043666362762451e-01 4.277181029319763184e-01 2.987339496612548828e-01 2.150380611419677734e-01 3.042060434818267822e-01 6.125630736351013184e-01 2.004693448543548584e-01 3.417525887489318848e-01
3.871995806694030762e-01 4.989964962005615234e-01 4.031694531440734863e-01 2.576425075531005859e-01 2.536045908927917480e-01 7.299870252609252930e-01 3.124449253082275391e-01 2.647706866264343262e-01 4.214677214622497559e-01 1.872563958168029785e-01 5.244204401969909668e-01 2.475138902664184570e-01 4.028689563274383545e-01 2.708050608634948730e-01 2.242296636104583740e-01 2.235777974128723145e-01 1.591492891311645508e-01 2.691137194633483887e-01 3.302035927772521973e-01 2.087163031101226807e-01
5.250011682510375977e-01 3.868436813354492188e-01 3.248407244682312012e-01 2.617283463478088379e-01 2.396029531955718994e-01 2.488047182559967041e-01 3.789978921413421631e-01 2.068934291601181030e-01 4.392332732677459717e-01 5.062430500984191895e-01 1.574436277151107788e-01 2.316132038831710815e-01 3.132349848747253418e-01 3.956012427806854248e-01 2.756480872631072998e-01 2.785390615463256836e-01 1.923844367265701294e-01 2.217140644788742065e-01 1.427086740732192993e-01 2.016756236553192139e-01
2.692091166973114014e-01 2.641521394252777100e-01 4.501566290855407715e-01 2.761082053184509277e-01 2.626264691352844238e-01 2.022641599178314209e-01 4.043045043945312500e-01 3.640632629394531250e-01 3.761946856975555420e-01 2.125367075204849243e-01 4.483397006988525391e-01 2.267334759235382080e-01 3.280920684337615967e-01 4.061053395271301270e-01 2.813331484794616699e-01 3.473033905029296875e-01 2.736915946006774902e-01 3.199790418148040771e-01 5.701323747634887695e-01 2.857520282268524170e-01
1.887776255607604980e-01 1.630551815032958984e-01 4.021301865577697754e-01 1.110817342996597290e-01 4.625608921051025391e-01 2.277241498231887817e-01 3.585205674171447754e-01 2.082692086696624756e-01 2.090159654617309570e-01 2.208831459283828735e-01 1.693011373281478882e-01 3.325750827789306641e-01 2.660118639469146729e-01 3.546485304832458496e-01 1.305019408464431763e-01 4.185533523559570312e-01 4.119282066822052002e-01 3.841525614261627197e-01 1.461302191019058228e-01 1.835363805294036865e-01
2.903195321559906006e-01 4.591062963008880615e-01 4.285598397254943848e-01 2.684448063373565674e-01 2.899881899356842041e-01 1.479787975549697876e-01 3.571462035179138184e-01 1.816944777965545654e-01 4.179560542106628418e-01 2.038511931896209717e-01 1.734992116689682007e-01 3.215383887290954590e-01 1.349660605192184448e-01 2.707608640193939209e-01 2.043220996856689453e-01 3.668384253978729248e-01 4.493603110313415527e-01 2.543813586235046387e-01 2.061876058578491211e-01 4.954448044300079346e-01
2.493069618940353394e-01 5.390327572822570801e-01 3.125084340572357178e-01 3.906255960464477539e-01 1.577669829130172729e-01 3.639090657234191895e-01 2.399397790431976318e-01 2.299078851938247681e-01 2.207071632146835327e-01 2.969272732734680176e-01 3.990004062652587891e-01 4.596626162528991699e-01 3.662309348583221436e-01 2.722375988960266113e-01 3.134796023368835449e-01 5.275107026100158691e-01 2.866722047328948975e-01 1.968747824430465698e-01 1.632527709007263184e-01 2.636202573776245117e-01
1.163314208388328552e-01 3.561472892761230469e-01 3.300020694732666016e-01 1.110871881246566772e-01 3.470689058303833008e-01 2.212089002132415771e-01 1.341998875141143799e-01 3.977462649345397949e-01 2.240787744522094727e-01 1.571020781993865967e-01 1.992199718952178955e-01 1.086566373705863953e-01 3.100245594978332520e-01 4.303352832794189453e-01 3.150362968444824219e-01 4.944055974483489990e-01 1.939112842082977295e-01 2.104333490133285522e-01 2.130832076072692871e-01 2.351140230894088745e-01
4.414037764072418213e-01 3.142938017845153809e-01 2.810288071632385254e-01 3.578628599643707275e-01 3.847444057464599609e-01 3.350706100463867188e-01 3.213484287261962891e-01 1.920138895511627197e-01 3.326997160911560059e-01 4.427551031112670898e-01 1.214006841182708740e-01 3.356769979000091553e-01 2.341745495796203613e-01 2.785581946372985840e-01 3.591957092285156250e-01 2.307409048080444336e-01 2.753923237323760986e-01 2.507445514202117920e-01 1.583264172077178955e-01 2.900478541851043701e-01
2.322571277618408203e-01 3.151429295539855957e-01 2.913346886634826660e-01 3.364497423171997070e-01 3.461479544639587402e-01 3.825704455375671387e-01 2.456020414829254150e-01 2.329333275556564331e-01 2.044889032840728760e-01 3.714125752449035645e-01 2.205042243003845215e-01 4.049049913883209229e-01 2.853048145771026611e-01 1.899151802062988281e-01 3.622846901416778564e-01 2.386593520641326904e-01 3.044556081295013428e-01 3.398396670818328857e-01 4.334574639797210693e-01 2.408662140369415283e-01
