2018-07-23 12:15:00
4.140918850898742676e-01 2.325040698051452637e-01 2.600995898246765137e-01 1.712693721055984497e-01 3.882426023483276367e-01 5.051022768020629883e-01 3.469846248626708984e-01 2.838014364242553711e-01 3.521080017089843750e-01 4.190586209297180176e-01 2.353217303752899170e-01 3.136435151100158691e-01 3.928025066852569580e-01 2.113292217254638672e-01 2.829894125461578369e-01 3.811394572257995605e-01 1.610994189977645874e-01 4.341315627098083496e-01 1.850669980049133301e-01 1.544245928525924683e-01
2.499867379665374756e-01 4.092466831207275391e-01 3.686314225196838379e-01 2.322051972150802612e-01 6.474668383598327637e-01 4.100258648395538330e-01 3.830957710742950439e-01 2.890493273735046387e-01 1.760810613632202148e-01 2.390804588794708252e-01 1.340877413749694824e-01 1.619950681924819946e-01 2.518371641635894775e-01 3.405832648277282715e-01 4.204787611961364746e-01 3.691396415233612061e-01 1.411982476711273193e-01 3.921670615673065186e-01 2.762256562709808350e-01 2.412529885768890381e-01
1.949746757745742798e-01 2.583479583263397217e-01 4.164769947528839111e-01 6.767427921295166016e-01 3.324002921581268311e-01 1.641931086778640747e-01 5.106552243232727051e-01 2.385222911834716797e-01 2.337568849325180054e-01 2.197368443012237549e-01 2.218733578920364380e-01 4.016584157943725586e-01 2.842434644699096680e-01 2.541014552116394043e-01 3.034420311450958252e-01 4.185070991516113281e-01 6.355443596839904785e-01 1.390416622161865234e-01 5.200914144515991211e-01 3.696054220199584961e-01
4.439538121223449707e-01 1.299543678760528564e-01 2.053742408752441406e-01 4.293736815452575684e-01 1.542264223098754883e-01 1.125502139329910278e-01 1.498033702373504639e-01 9.505134075880050659e-02 1.917947530746459961e-01 4.740770459175109863e-01 4.279724359512329102e-01 3.667719960212707520e-01 1.931122541427612305e-01 1.478139013051986694e-01 1.418227702379226685e-01 3.479964733123779297e-01 4.243655800819396973e-01 3.290098011493682861e-01 1.816152930259704590e-01 2.810035347938537598e-01
2.692412734031677246e-01 1.192523017525672913e-01 3.946121335029602051e-01 2.073299884796142578e-01 2.572094276547431946e-02 6.898134946823120117e-01 3.864880204200744629e-01 4.256258606910705566e-01 3.466677367687225342e-01 4.981142282485961914e-01 2.873192429542541504e-01 2.979100346565246582e-01 2.262371033430099487e-01 2.531496882438659668e-01 4.077208340167999268e-01 3.536915779113769531e-01 4.313712418079376221e-01 2.149865329265594482e-01 3.517616391181945801e-01 4.291856288909912109e-01
1.689453274011611938e-01 3.346914052963256836e-01 2.940407991409301758e-01 3.601695895195007324e-01 1.468523442745208740e-01 1.475702971220016479e-01 3.008646965026855469e-01 2.583286762237548828e-01 1.952758580446243286e-01 9.577139467000961304e-02 2.487475126981735229e-01 2.692651152610778809e-01 1.974059492349624634e-01 2.633257508277893066e-01 4.136089682579040527e-01 3.701549470424652100e-01 5.804661512374877930e-01 3.834944069385528564e-01 3.320317268371582031e-01 3.519220948219299316e-01
2.443382591009140015e-01 2.553545236587524414e-01 1.722118705511093140e-01 3.969523608684539795e-01 2.425221800804138184e-01 7.261934876441955566e-02 2.070091664791107178e-01 2.474629878997802734e-01 3.734159469604492188e-01 4.091246426105499268e-01 2.681289315223693848e-01 4.018469452857971191e-01 3.509055376052856445e-01 3.719888031482696533e-01 3.022619485855102539e-01 4.194844663143157959e-01 5.203666687011718750e-01 3.822509646415710449e-01 6.199811697006225586e-01 1.996302157640457153e-01
3.035908341407775879e-01 2.237850576639175415e-01 1.760531812906265259e-01 3.412984609603881836e-01 1.418136656284332275e-01 3.169944286346435547e-01 3.011803627014160156e-01 2.705024480819702148e-01 2.734449803829193115e-01 2.580131590366363525e-01 2.539312243461608887e-01 2.366820871829986572e-01 2.151676118373870850e-01 1.895340085029602051e-01 3.610238134860992432e-01 5.947469472885131836e-01 4.013470411300659180e-01 4.090797305107116699e-01 4.474765062332153320e-01 2.690032124519348145e-01
2.325254231691360474e-01 1.837841272354125977e-01 2.444518208503723145e-01 2.959014475345611572e-01 3.113215863704681396e-01 4.347491264343261719e-01 4.112647175788879395e-01 1.437058895826339722e-01 3.710830807685852051e-01 1.680763661861419678e-01 2.685405015945434570e-01 3.562417626380920410e-01 2.345630973577499390e-01 2.148004472255706787e-01 2.639242410659790039e-01 4.364631175994873047e-01 4.179351925849914551e-01 1.658295243978500366e-01 3.728861808776855469e-01 2.162952423095703125e-01
2.931599915027618408e-01 2.326228022575378418e-01 3.540010452270507812e-01 2.623776793479919434e-01 3.948670327663421631e-01 5.170268416404724121e-01 2.306461930274963379e-01 2.573160529136657715e-01 3.240860104560852051e-01 2.368218004703521729e-01 2.095897495746612549e-01 1.890808045864105225e-01 3.378110826015472412e-01 1.923543065786361694e-01 2.763453125953674316e-01 2.478225827217102051e-01 3.159718215465545654e-01 3.472568988800048828e-01 2.834013402462005615e-01 4.224693775177001953e-01
2.353516519069671631e-01 4.476168453693389893e-01 9.852027893066406250e-02 2.066713124513626099e-01 3.636324405670166016e-01 2.443596869707107544e-01 1.572335213422775269e-01 4.759538173675537109e-01 2.386568784713745117e-01 2.822960913181304932e-01 2.331510037183761597e-01 2.862294316291809082e-01 4.563343822956085205e-01 2.427688091993331909e-01 2.159641534090042114e-01 2.904621362686157227e-01 1.786678135395050049e-01 8.814572691917419434e-01 3.691368401050567627e-01 3.507270216941833496e-01
3.684480488300323486e-01 3.572347164154052734e-01 1.500808000564575195e-01 2.700994908809661865e-01 1.390065699815750122e-01 2.920396327972412109e-01 2.463556826114654541e-01 2.751824259757995605e-01 5.821806192398071289e-01 4.055142402648925781e-01 3.668741583824157715e-01 4.310730099678039551e-01 3.267400562763214111e-01 2.686720490455627441e-01 2.539102137088775635e-01 3.295711874961853027e-01 1.871360540390014648e-01 3.826264739036560059e-01 2.225003838539123535e-01 1.968014091253280640e-01
4.086219966411590576e-01 2.376582324504852295e-01 4.268886446952819824e-01 2.153720557689666748e-01 3.577317297458648682e-01 2.348979562520980835e-01 4.913995862007141113e-01 4.300797581672668457e-01 5.519012808799743652e-01 4.464322626590728760e-01 2.710651457309722900e-01 3.948588371276855469e-01 3.069419264793395996e-01 1.507828682661056519e-01 1.711285263299942017e-01 4.619743525981903076e-01 1.580948382616043091e-01 1.457883715629577637e-01 3.394593000411987305e-01 3.148388266563415527e-01
3.154738247394561768e-01 2.514137029647827148e-01 3.844003975391387939e-01 3.311679959297180176e-01 3.307684659957885742e-01 3.236156105995178223e-01 1.643945574760437012e-01 3.823010921478271484e-01 1.497304141521453857e-01 4.930670261383056641e-01 2.366512566804885864e-01 3.092157244682312012e-01 2.739608585834503174e-01 9.980781376361846924e-02 4.710444509983062744e-01 3.139424920082092285e-01 4.233242273330688477e-01 2.040085047483444214e-01 5.932357311248779297e-01 1.628978848457336426e-01
2.216361165046691895e-01 4.470951855182647705e-01 3.290081024169921875e-01 3.635840713977813721e-01 2.517570555210113525e-01 3.327023684978485107e-01 2.890188992023468018e-01 3.666199445724487305e-01 3.345394730567932129e-01 2.060009539127349854e-01 2.819503545761108398e-01 2.708228230476379395e-01 1.758016347885131836e-01 2.310138195753097534e-01 3.756758570671081543e-01 1.851282864809036255e-01 2.012898772954940796e-01 1.992862820625305176e-01 1.620229482650756836e-01 5.807878375053405762e-01
1.878895759582519531e-01 4.796045124530792236e-01 3.966346383094787598e-01 3.517539501190185547e-01 4.223843216896057129e-01 2.674810886383056641e-01 2.576404511928558350e-01 3.879982829093933105e-01 3.369236588478088379e-01 3.646901547908782959e-01 2.419296503067016602e-01 1.169059276580810547e-01 3.155964016914367676e-01 3.871867060661315918e-01 1.926047652959823608e-01 4.211256802082061768e-01 2.521243691444396973e-01 3.174197673797607422e-01 1.327056884765625000e-01 3.262019455432891846e-01
2.628235220909118652e-01 2.967944443225860596e-01 3.761274218559265137e-01 4.158181846141815186e-01 5.864822864532470703e-01 2.449561506509780884e-01 3.041023015975952148e-01 3.645137250423431396e-01 3.862631320953369141e-01 6.996065974235534668e-01 2.445969134569168091e-01 3.677322268486022949e-01 3.865500092506408691e-01 4.365054070949554443e-01 2.357808351516723633e-01 3.821514546871185303e-01 3.101745843887329102e-01 3.075249493122100830e-01 3.983582556247711182e-01 3.666774630546569824e-01
2.177742123603820801e-01 1.251866370439529419e-01 2.590229809284210205e-01 3.580443561077117920e-01 2.592080235481262207e-01 3.374112844467163086e-01 4.348093271255493164e-01 4.294305145740509033e-01 1.811219155788421631e-01 3.809314072132110596e-01 1.660169959068298340e-01 2.531357407569885254e-01 1.704418063163757324e-01 3.391918540000915527e-01 3.513307869434356689e-01 4.270952939987182617e-01 3.234186470508575439e-01 2.647768259048461914e-01 3.808303773403167725e-01 2.683503925800323486e-01
4.587645530700683594e-01 6.127014160156250000e-01 2.516797780990600586e-01 1.901413351297378540e-01 5.209615826606750488e-02 1.525394171476364136e-01 3.313770294189453125e-01 3.537110686302185059e-01 3.775205016136169434e-01 2.778090536594390869e-01 2.522232830524444580e-01 4.663642644882202148e-01 1.508705615997314453e-01 2.094380110502243042e-01 4.399274587631225586e-01 4.384238123893737793e-01 3.916274011135101318e-01 4.422931671142578125e-01 1.366298943758010864e-01 3.061086833477020264e-01
2.236754894256591797e-01 2.980187535285949707e-01 2.162077128887176514e-01 3.289664983749389648e-01 2.124414443969726562e-01 3.918700814247131348e-01 2.146483659744262695e-01 3.063557744026184082e-01 3.155557215213775635e-01 2.479256391525268555e-01 2.453670799732208252e-01 6.481333971023559570e-01 3.046954274177551270e-01 1.799947023391723633e-01 8.432233333587646484e-02 2.629193663597106934e-01 2.815634012222290039e-01 1.721874475479125977e-01 3.312063813209533691e-01 3.555910587310791016e-01
