2018-07-23 01:15:00
1.156100988388061523e+00 9.676731228828430176e-01 6.396192312240600586e-01 1.686809659004211426e+00 1.239454269409179688e+00 1.027978658676147461e+00 1.866892814636230469e+00 1.130636930465698242e+00 8.722969293594360352e-01 1.151230931282043457e+00 1.290086030960083008e+00 1.081691384315490723e+00 7.369670867919921875e-01 9.294044971466064453e-01 1.618437767028808594e+00 1.022664070129394531e+00 1.099417448043823242e+00 1.023365139961242676e+00 1.337334871292114258e+00 6.633071899414062500e-01
1.299812793731689453e+00 1.513235926628112793e+00 1.086550951004028320e+00 9.382095932960510254e-01 1.304221630096435547e+00 6.619299650192260742e-01 1.087626695632934570e+00 7.589942216873168945e-01 1.000486612319946289e+00 1.509277224540710449e+00 1.245568752288818359e+00 7.799900174140930176e-01 1.538846611976623535e+00 1.207972049713134766e+00 1.449835300445556641e+00 1.681409716606140137e+00 8.258673548698425293e-01 1.380774497985839844e+00 1.388892531394958496e+00 7.427765130996704102e-01
7.572873830795288086e-01 1.033355593681335449e+00 1.200416445732116699e+00 1.268426895141601562e+00 7.241876721382141113e-01 1.641063570976257324e+00 1.033222198486328125e+00 9.793152809143066406e-01 1.163048863410949707e+00 8.036481142044067383e-01 9.023556709289550781e-01 1.286278724670410156e+00 9.082926511764526367e-01 1.220971345901489258e+00 1.006292939186096191e+00 1.642788410186767578e+00 8.618025779724121094e-01 1.737324118614196777e+00 1.016758322715759277e+00 7.305948734283447266e-01
1.019721746444702148e+00 1.368005514144897461e+00 1.588908910751342773e+00 1.104944825172424316e+00 1.339777231216430664e+00 1.034694910049438477e+00 1.448951840400695801e+00 9.912509918212890625e-01 1.500627040863037109e+00 9.850822091102600098e-01 8.363140821456909180e-01 1.047435760498046875e+00 1.425933361053466797e+00 9.654830098152160645e-01 1.143290400505065918e+00 1.573314309120178223e+00 1.508671879768371582e+00 9.114857912063598633e-01 1.179123640060424805e+00 1.401416420936584473e+00
1.439936280250549316e+00 1.484744310379028320e+00 1.140918493270874023e+00 1.361721277236938477e+00 1.150933027267456055e+00 7.823540568351745605e-01 1.115275859832763672e+00 1.293271303176879883e+00 1.205780625343322754e+00 7.437049746513366699e-01 9.323101043701171875e-01 9.361771941184997559e-01 1.227173566818237305e+00 1.095424890518188477e+00 1.286683320999145508e+00 1.359513282775878906e+00 1.338797688484191895e+00 1.414418697357177734e+00 8.601607084274291992e-01 8.799391388893127441e-01
1.360214829444885254e+00 1.080516099929809570e+00 9.462120532989501953e-01 1.183362483978271484e+00 1.132423162460327148e+00 7.286363840103149414e-01 1.086391806602478027e+00 1.286396026611328125e+00 1.602786064147949219e+00 1.237255215644836426e+00 1.133097648620605469e+00 1.204160928726196289e+00 1.260431170463562012e+00 1.101147651672363281e+00 1.005963921546936035e+00 8.309777379035949707e-01 1.108054876327514648e+00 1.020515322685241699e+00 1.155134320259094238e+00 1.163809657096862793e+00
8.522605299949645996e-01 1.721608877182006836e+00 1.233099699020385742e+00 5.716537237167358398e-01 9.222487211227416992e-01 5.667258501052856445e-01 9.703605175018310547e-01 1.200429558753967285e+00 8.717063665390014648e-01 8.412470817565917969e-01 8.020726442337036133e-01 7.918157577514648438e-01 1.226724028587341309e+00 8.150756359100341797e-01 1.019455790519714355e+00 1.332640409469604492e+00 1.492496132850646973e+00 7.981305122375488281e-01 1.413685679435729980e+00 6.761604547500610352e-01
6.888075470924377441e-01 9.160125255584716797e-01 1.294420361518859863e+00 1.332920074462890625e+00 1.412784099578857422e+00 1.029413700103759766e+00 1.416106104850769043e+00 1.089350938796997070e+00 9.339094161987304688e-01 1.117464184761047363e+00 8.387790322303771973e-01 9.923620820045471191e-01 7.979726791381835938e-01 1.272648811340332031e+00 1.035006046295166016e+00 1.160781860351562500e+00 1.430345773696899414e+00 1.714027523994445801e+00 1.345478057861328125e+00 9.444993734359741211e-01
1.632803559303283691e+00 7.127615213394165039e-01 1.136514902114868164e+00 9.718045592308044434e-01 1.785355567932128906e+00 9.273788928985595703e-01 1.208398342132568359e+00 1.286889314651489258e+00 1.331469297409057617e+00 9.015567898750305176e-01 7.071799635887145996e-01 1.129602074623107910e+00 9.927430748939514160e-01 1.401926517486572266e+00 9.842473268508911133e-01 1.166668534278869629e+00 1.136657238006591797e+00 1.354922175407409668e+00 1.543169975280761719e+00 9.677784442901611328e-01
8.815585374832153320e-01 7.299785614013671875e-01 1.004558920860290527e+00 1.037517786026000977e+00 1.041741609573364258e+00 1.003152847290039062e+00 1.114522099494934082e+00 1.114638805389404297e+00 1.037502050399780273e+00 1.060867786407470703e+00 1.010671257972717285e+00 1.542087435722351074e+00 1.455179452896118164e+00 9.824599623680114746e-01 1.289716482162475586e+00 1.168153405189514160e+00 1.686396598815917969e+00 1.057558298110961914e+00 1.358373284339904785e+00 8.379422426223754883e-01
1.379782438278198242e+00 1.582155466079711914e+00 8.543005585670471191e-01 1.716964840888977051e+00 1.100694656372070312e+00 5.407695174217224121e-01 1.003853559494018555e+00 7.005764245986938477e-01 1.413307547569274902e+00 8.456382751464843750e-01 6.543101072311401367e-01 1.054854512214660645e+00 8.992300033569335938e-01 1.260253429412841797e+00 1.591689586639404297e+00 1.026892662048339844e+00 1.627860188484191895e+00 8.666222095489501953e-01 1.478160142898559570e+00 7.610394954681396484e-01
2.006016254425048828e+00 1.620013594627380371e+00 8.100708127021789551e-01 1.026272654533386230e+00 6.843165159225463867e-01 1.402579188346862793e+00 1.324660062789916992e+00 1.132628440856933594e+00 1.164878129959106445e+00 1.057615399360656738e+00 7.034707069396972656e-01 1.086559772491455078e+00 9.644722938537597656e-01 1.308082580566406250e+00 1.050490736961364746e+00 8.577186465263366699e-01 1.464491844177246094e+00 1.307033419609069824e+00 9.471105337142944336e-01 1.656406283378601074e+00
8.835673332214355469e-01 9.228025674819946289e-01 7.381697297096252441e-01 6.280527114868164062e-01 1.013093233108520508e+00 1.248295545578002930e+00 8.229923248291015625e-01 1.170449614524841309e+00 1.170449256896972656e+00 1.057320952415466309e+00 1.318853735923767090e+00 1.263984203338623047e+00 8.538597226142883301e-01 8.315584063529968262e-01 5.189498066902160645e-01 1.461616039276123047e+00 1.058001279830932617e+00 8.113409876823425293e-01 1.453750848770141602e+00 2.372175455093383789e+00
7.710791826248168945e-01 1.042926430702209473e+00 1.228470444679260254e+00 1.206767082214355469e+00 1.135486721992492676e+00 1.099435329437255859e+00 1.061591625213623047e+00 1.073558926582336426e+00 4.798251986503601074e-01 9.189651012420654297e-01 1.142976760864257812e+00 1.245955467224121094e+00 1.061748027801513672e+00 1.102954864501953125e+00 6.587770581245422363e-01 1.126436710357666016e+00 1.365733981132507324e+00 1.056882619857788086e+00 1.405643939971923828e+00 9.943102002143859863e-01
1.383474469184875488e+00 1.300536394119262695e+00 1.491525888442993164e+00 6.849714517593383789e-01 7.740782499313354492e-01 8.777658939361572266e-01 1.066995263099670410e+00 1.385730504989624023e+00 1.417351245880126953e+00 1.116329789161682129e+00 1.643730401992797852e+00 9.975565671920776367e-01 1.191861629486083984e+00 9.940190911293029785e-01 1.360750675201416016e+00 8.930761218070983887e-01 1.119431018829345703e+00 1.667955517768859863e+00 1.051966667175292969e+00 8.895603418350219727e-01
7.056936621665954590e-01 7.060065269470214844e-01 1.479231119155883789e+00 1.810405969619750977e+00 1.446499705314636230e+00 1.169435739517211914e+00 9.783325791358947754e-01 1.431705713272094727e+00 8.536961674690246582e-01 8.210347890853881836e-01 9.137772917747497559e-01 1.142048120498657227e+00 9.772692322731018066e-01 1.520408630371093750e+00 6.784768104553222656e-01 1.558892965316772461e+00 1.414781689643859863e+00 1.587595462799072266e+00 1.702322959899902344e+00 7.765969038009643555e-01
9.569424986839294434e-01 1.130812168121337891e+00 1.008609414100646973e+00 1.134812116622924805e+00 1.391164064407348633e+00 1.214258193969726562e+00 1.549181103706359863e+00 1.916479468345642090e+00 1.486259579658508301e+00 1.382740736007690430e+00 8.109220266342163086e-01 1.266683936119079590e+00 1.681554079055786133e+00 1.035818934440612793e+00 1.494052410125732422e+00 1.438359141349792480e+00 1.231830596923828125e+00 6.379469037055969238e-01 1.629249095916748047e+00 7.866376638412475586e-01
7.597606182098388672e-01 1.655382513999938965e+00 1.211252212524414062e+00 8.984937667846679688e-01 1.310933351516723633e+00 1.455120325088500977e+00 1.189169764518737793e+00 1.357134580612182617e+00 1.209148764610290527e+00 1.321860074996948242e+00 1.207626342773437500e+00 9.670792222023010254e-01 1.065495252609252930e+00 9.366205930709838867e-01 1.315784454345703125e+00 1.053586483001708984e+00 1.064652442932128906e+00 1.046207189559936523e+00 1.268479347229003906e+00 1.402184486389160156e+00
1.137659072875976562e+00 1.170008897781372070e+00 1.008429884910583496e+00 1.168571114540100098e+00 1.188249826431274414e+00 1.271322011947631836e+00 1.104554772377014160e+00 9.663451313972473145e-01 1.329483747482299805e+00 7.955957651138305664e-01 1.513513803482055664e+00 1.047147989273071289e+00 1.138759851455688477e+00 1.195773124694824219e+00 1.486453175544738770e+00 1.308877468109130859e+00 1.432700276374816895e+00 1.481596469879150391e+00 1.389576911926269531e+00 1.353598594665527344e+00
1.450697660446166992e+00 1.404271364212036133e+00 7.563672065734863281e-01 1.232881546020507812e+00 2.198718309402465820e+00 1.217600584030151367e+00 1.076298952102661133e+00 1.074780225753784180e+00 1.061100482940673828e+00 9.503115415573120117e-01 7.484114170074462891e-01 9.568748474121093750e-01 1.193881034851074219e+00 1.247815012931823730e+00 1.279090166091918945e+00 1.513371229171752930e+00 8.565189838409423828e-01 7.856001853942871094e-01 1.475878238677978516e+00 1.330870270729064941e+00
