2018-07-23 15:15:00
5.463633537292480469e-01 2.374106049537658691e-01 5.033676624298095703e-01 1.731838881969451904e-01 3.338422179222106934e-01 2.427430152893066406e-01 3.145492970943450928e-01 4.707297682762145996e-01 1.475097537040710449e-01 5.716562867164611816e-01 4.456769526004791260e-01 4.029491543769836426e-01 4.998601078987121582e-01 7.874564528465270996e-01 5.638686418533325195e-01 5.949386358261108398e-01 6.330308914184570312e-01 6.679201722145080566e-01 5.296698808670043945e-01 4.646541476249694824e-01
2.496814876794815063e-01 2.804602682590484619e-01 4.650892913341522217e-01 2.173294574022293091e-01 4.380528330802917480e-01 4.468012750148773193e-01 5.196951627731323242e-01 3.204870223999023438e-01 2.739484906196594238e-01 3.141257464885711670e-01 4.426120221614837646e-01 3.503283560276031494e-01 6.724572181701660156e-01 7.133948206901550293e-01 6.688855290412902832e-01 6.253560781478881836e-01 7.909042835235595703e-01 7.085790634155273438e-01 4.846411347389221191e-01 7.476831674575805664e-01
3.793243169784545898e-01 4.425664544105529785e-01 5.968109369277954102e-01 4.721689224243164062e-01 2.689508795738220215e-01 6.153012439608573914e-02 4.642885923385620117e-01 3.690325617790222168e-01 3.468104004859924316e-01 4.511856734752655029e-01 3.535118699073791504e-01 4.593634009361267090e-01 8.023363947868347168e-01 5.698927044868469238e-01 8.951798677444458008e-01 9.097139239311218262e-01 6.714333891868591309e-01 6.433247327804565430e-01 3.015166223049163818e-01 7.724287509918212891e-01
2.785176038742065430e-01 3.490400910377502441e-01 4.234666228294372559e-01 3.133873343467712402e-01 2.353710830211639404e-01 3.068754673004150391e-01 3.498944342136383057e-01 4.777219593524932861e-01 3.773114085197448730e-01 5.349408388137817383e-01 6.081052422523498535e-01 5.829725265502929688e-01 8.978411555290222168e-01 5.114471912384033203e-01 5.938538312911987305e-01 1.204385280609130859e+00 6.667897701263427734e-01 4.642641544342041016e-01 7.211202383041381836e-01 1.157875657081604004e+00
2.024292200803756714e-01 2.532767057418823242e-01 2.521775960922241211e-01 1.536570489406585693e-01 2.268470376729965210e-01 3.247895836830139160e-01 3.944501578807830811e-01 4.456236064434051514e-01 4.621968269348144531e-01 7.437328100204467773e-01 8.026437759399414062e-01 4.920381307601928711e-01 3.264761269092559814e-01 5.772266387939453125e-01 6.086705923080444336e-01 1.008673310279846191e+00 1.399178743362426758e+00 9.712502956390380859e-01 5.855574607849121094e-01 5.826938152313232422e-01
4.941386282444000244e-01 3.563100099563598633e-01 1.859385073184967041e-01 3.530493974685668945e-01 5.626015663146972656e-01 8.386514186859130859e-01 2.431771159172058105e-01 2.743291258811950684e-01 2.978661060333251953e-01 4.441207647323608398e-01 2.114952802658081055e-01 5.290853977203369141e-01 6.164229512214660645e-01 7.796928286552429199e-01 7.138146758079528809e-01 7.287032604217529297e-01 1.175469517707824707e+00 4.846604466438293457e-01 6.557837724685668945e-01 8.963565230369567871e-01
4.133811593055725098e-01 2.449963390827178955e-01 1.666542738676071167e-01 2.401021420955657959e-01 3.238731324672698975e-01 6.052309274673461914e-01 2.896885275840759277e-01 2.423083484172821045e-01 2.617112398147583008e-01 5.760326385498046875e-01 3.924260139465332031e-01 4.262841939926147461e-01 4.903420209884643555e-01 5.285247564315795898e-01 5.806134939193725586e-01 1.051648259162902832e+00 5.727578997611999512e-01 9.378522634506225586e-01 1.121476054191589355e+00 7.290689945220947266e-01
4.221800565719604492e-01 2.344174087047576904e-01 3.953223824501037598e-01 3.594051003456115723e-01 1.441349834203720093e-01 2.689948678016662598e-01 2.607822418212890625e-01 4.237720370292663574e-01 3.009248673915863037e-01 4.094652831554412842e-01 2.835543751716613770e-01 2.382220029830932617e-01 8.114833831787109375e-01 3.885427117347717285e-01 5.391985177993774414e-01 8.994350433349609375e-01 8.066934347152709961e-01 1.083028554916381836e+00 5.230734348297119141e-01 5.239589214324951172e-01
3.060456812381744385e-01 2.038165330886840820e-01 2.312877774238586426e-01 2.912244200706481934e-01 5.521042346954345703e-01 3.905932307243347168e-01 2.432776391506195068e-01 5.072368383407592773e-01 4.683217406272888184e-01 3.948794007301330566e-01 3.306600451469421387e-01 4.254526197910308838e-01 2.072890102863311768e-01 5.233617424964904785e-01 5.304042100906372070e-01 3.209040164947509766e-01 5.979965925216674805e-01 8.209064006805419922e-01 6.061228513717651367e-01 6.961908340454101562e-01
4.343349933624267578e-01 2.417821288108825684e-01 2.391656488180160522e-01 4.404331445693969727e-01 3.088684082031250000e-01 5.271480083465576172e-01 4.236380457878112793e-01 4.061716794967651367e-01 2.791865468025207520e-01 2.564657926559448242e-01 3.591114878654479980e-01 4.835737943649291992e-01 5.735731720924377441e-01 2.578358948230743408e-01 6.156183481216430664e-01 3.507694303989410400e-01 7.001283168792724609e-01 7.833771705627441406e-01 6.099826097488403320e-01 7.490534782409667969e-01
2.061116695404052734e-01 2.646669149398803711e-01 3.149825036525726318e-01 4.317013919353485107e-01 2.426991164684295654e-01 3.694994449615478516e-01 2.395792603492736816e-01 3.724403977394104004e-01 4.054256975650787354e-01 4.201212823390960693e-01 5.550391674041748047e-01 4.675382971763610840e-01 3.902236223220825195e-01 3.902218043804168701e-01 3.376380205154418945e-01 4.405346214771270752e-01 5.135567784309387207e-01 5.713574886322021484e-01 4.870113432407379150e-01 2.583368718624114990e-01
2.422875910997390747e-01 3.024609684944152832e-01 3.532480001449584961e-01 3.064520955085754395e-01 3.571928739547729492e-01 5.131289958953857422e-01 1.630954742431640625e-01 5.868408083915710449e-01 3.278355598449707031e-01 1.825715899467468262e-01 4.835196137428283691e-01 5.024799704551696777e-01 2.759893536567687988e-01 4.014465212821960449e-01 4.040439426898956299e-01 2.537446916103363037e-01 5.398596525192260742e-01 3.212928473949432373e-01 3.603770434856414795e-01 8.245888352394104004e-01
4.614578485488891602e-01 5.547825098037719727e-01 2.683777213096618652e-01 3.088269233703613281e-01 3.991526663303375244e-01 1.628228276968002319e-01 4.400185644626617432e-01 6.754581332206726074e-01 4.194708466529846191e-01 3.513680100440979004e-01 2.223593145608901978e-01 2.266927212476730347e-01 3.173722624778747559e-01 6.317691802978515625e-01 3.445727229118347168e-01 2.606316804885864258e-01 2.702605128288269043e-01 2.723290026187896729e-01 3.928172588348388672e-01 4.828332364559173584e-01
3.886894583702087402e-01 3.784643709659576416e-01 4.912813901901245117e-01 2.397569715976715088e-01 3.582093715667724609e-01 3.955344259738922119e-01 5.408978462219238281e-01 3.447077274322509766e-01 4.387372136116027832e-01 3.185238242149353027e-01 3.857820034027099609e-01 4.693747162818908691e-01 2.559276223182678223e-01 2.487652301788330078e-01 3.719142675399780273e-01 3.284523487091064453e-01 3.445997536182403564e-01 1.677962541580200195e-01 2.063434422016143799e-01 1.976125687360763550e-01
4.288798570632934570e-01 2.997547388076782227e-01 4.006730020046234131e-01 6.294484734535217285e-01 3.325129449367523193e-01 3.918812274932861328e-01 3.659422993659973145e-01 3.771467506885528564e-01 3.351426124572753906e-01 2.100583612918853760e-01 4.665184617042541504e-01 4.782755672931671143e-01 2.066978514194488525e-01 3.678936958312988281e-01 3.597895503044128418e-01 5.510076880455017090e-01 3.421857655048370361e-01 7.914525270462036133e-02 4.449158012866973877e-01 2.374188601970672607e-01
3.747119903564453125e-01 6.842761039733886719e-01 1.887992322444915771e-01 7.313537597656250000e-01 3.772523701190948486e-01 3.904427886009216309e-01 4.237477481365203857e-01 4.212111234664916992e-01 3.902750015258789062e-01 5.402936935424804688e-01 2.754119634628295898e-01 4.078490734100341797e-01 3.687632083892822266e-01 3.861910104751586914e-01 3.580011725425720215e-01 4.957766532897949219e-01 3.578147292137145996e-01 2.739934623241424561e-01 2.760372459888458252e-01 6.097733974456787109e-01
4.221880733966827393e-01 4.411207437515258789e-01 3.641691803932189941e-01 2.829497456550598145e-01 5.437219738960266113e-01 3.206041455268859863e-01 3.257587850093841553e-01 6.217482089996337891e-01 4.949323832988739014e-01 4.742341339588165283e-01 3.091600537300109863e-01 2.790729403495788574e-01 3.035153448581695557e-01 5.018965005874633789e-01 3.490065634250640869e-01 3.439211249351501465e-01 4.246529340744018555e-01 1.614262759685516357e-01 4.195021986961364746e-01 3.971881866455078125e-01
3.469466269016265869e-01 4.996959567070007324e-01 4.317587316036224365e-01 5.401295423507690430e-01 4.178717136383056641e-01 2.878481447696685791e-01 3.680467605590820312e-01 2.451366335153579712e-01 4.283063709735870361e-01 3.559675812721252441e-01 3.522738218307495117e-01 3.020175695419311523e-01 2.360526025295257568e-01 2.998420000076293945e-01 2.574058473110198975e-01 3.276537060737609863e-01 3.138999938964843750e-01 3.565334677696228027e-01 3.147000372409820557e-01 5.040897727012634277e-01
5.166879892349243164e-01 2.579547464847564697e-01 5.491408109664916992e-01 5.207509994506835938e-01 5.075585842132568359e-01 2.801919579505920410e-01 4.209558963775634766e-01 3.128574788570404053e-01 4.963663816452026367e-01 4.480619132518768311e-01 2.343232631683349609e-01 2.350219488143920898e-01 1.863161474466323853e-01 3.385967016220092773e-01 3.215443491935729980e-01 3.371948003768920898e-01 2.574366331100463867e-01 3.537104725837707520e-01 4.443097710609436035e-01 3.278412818908691406e-01
5.666959285736083984e-01 4.247591793537139893e-01 4.106526374816894531e-01 3.446793556213378906e-01 4.667903780937194824e-01 4.027346670627593994e-01 3.056161999702453613e-01 5.126726031303405762e-01 3.167332410812377930e-01 4.384880363941192627e-01 3.507201671600341797e-01 3.621178865432739258e-01 3.345591425895690918e-01 3.134816288948059082e-01 4.047784805297851562e-01 3.313500881195068359e-01 4.355568289756774902e-01 2.350542396306991577e-01 2.079485058784484863e-01 1.731606125831604004e-01
