2018-07-23 16:00:00
3.683369457721710205e-01 4.102240204811096191e-01 4.000680446624755859e-01 4.039953649044036865e-01 4.847676157951354980e-01 5.586569905281066895e-01 3.073466122150421143e-01 5.024602413177490234e-01 4.123423993587493896e-01 5.106761455535888672e-01 3.375947475433349609e-01 3.730657696723937988e-01 2.852964401245117188e-01 4.586675167083740234e-01 3.851744532585144043e-01 4.993827939033508301e-01 1.827093064785003662e-01 3.689759373664855957e-01 4.077914357185363770e-01 4.106945395469665527e-01
3.276276588439941406e-01 5.245609879493713379e-01 4.535849690437316895e-01 4.647205173969268799e-01 2.051185220479965210e-01 2.828377485275268555e-01 2.728098630905151367e-01 2.990491986274719238e-01 4.543163180351257324e-01 5.001158714294433594e-01 3.716069757938385010e-01 4.038665294647216797e-01 2.279101759195327759e-01 4.565424621105194092e-01 5.256320238113403320e-01 4.308227896690368652e-01 5.123260617256164551e-01 4.451312422752380371e-01 1.996537297964096069e-01 4.202289581298828125e-01
4.616897404193878174e-01 4.458788633346557617e-01 3.875515460968017578e-01 3.412226438522338867e-01 5.118701457977294922e-01 3.720490932464599609e-01 3.887069225311279297e-01 3.948486447334289551e-01 1.991772949695587158e-01 4.134506285190582275e-01 3.891562819480895996e-01 4.819968044757843018e-01 2.318638414144515991e-01 3.568318486213684082e-01 4.233492612838745117e-01 5.750502347946166992e-01 5.021151304244995117e-01 4.264608621597290039e-01 3.030008077621459961e-01 4.564443230628967285e-01
2.072336673736572266e-01 5.090286135673522949e-01 5.044660568237304688e-01 2.521257102489471436e-01 2.835254073143005371e-01 3.535183370113372803e-01 4.480848312377929688e-01 2.773481011390686035e-01 5.463533401489257812e-01 5.301437377929687500e-01 2.523725330829620361e-01 2.089676260948181152e-01 5.357269048690795898e-01 4.458520114421844482e-01 4.356306493282318115e-01 5.562345981597900391e-01 4.192853271961212158e-01 2.518815100193023682e-01 4.549111723899841309e-01 5.241608619689941406e-01
2.964501678943634033e-01 5.020167231559753418e-01 1.693402230739593506e-01 6.433225274085998535e-01 3.600239455699920654e-01 5.272365808486938477e-01 4.027439355850219727e-01 3.471037745475769043e-02 2.730090618133544922e-01 3.315503597259521484e-01 2.128308713436126709e-01 3.922519087791442871e-01 2.771662175655364990e-01 3.052971661090850830e-01 1.668842136859893799e-01 3.242474198341369629e-01 3.937592804431915283e-01 2.576960325241088867e-01 5.632160902023315430e-01 3.434011340141296387e-01
3.137728869915008545e-01 5.184684991836547852e-01 3.733918368816375732e-01 2.500227093696594238e-01 3.592741489410400391e-01 2.904748916625976562e-01 2.914905548095703125e-01 3.362340033054351807e-01 6.422844529151916504e-01 1.468373090028762817e-01 4.205751419067382812e-01 2.842678129673004150e-01 2.946498990058898926e-01 3.596892356872558594e-01 3.988638520240783691e-01 3.112729489803314209e-01 5.459530353546142578e-01 3.673174977302551270e-01 2.608447074890136719e-01 4.565175771713256836e-01
3.937209844589233398e-01 2.934591472148895264e-01 2.001907825469970703e-01 5.123234987258911133e-01 4.343730211257934570e-01 4.638025760650634766e-01 4.184789657592773438e-01 3.108171224594116211e-01 6.029766798019409180e-01 2.781696915626525879e-01 3.256309032440185547e-01 1.472479403018951416e-01 1.307018697261810303e-01 4.209873378276824951e-01 2.660163640975952148e-01 3.167542517185211182e-01 4.652452468872070312e-01 2.936072349548339844e-01 3.439085483551025391e-01 2.993357479572296143e-01
3.195083737373352051e-01 4.798862338066101074e-01 2.609223127365112305e-01 3.136041760444641113e-01 1.478853821754455566e-01 2.738127708435058594e-01 3.022193908691406250e-01 3.875117599964141846e-01 3.632801473140716553e-01 2.611131072044372559e-01 2.905583977699279785e-01 4.874038398265838623e-01 6.742469668388366699e-01 6.364542245864868164e-01 3.044015467166900635e-01 4.886209368705749512e-01 4.489782452583312988e-01 3.750886917114257812e-01 2.439694702625274658e-01 2.867043614387512207e-01
3.108961582183837891e-01 3.450253009796142578e-01 2.999026775360107422e-01 3.482984900474548340e-01 2.969559729099273682e-01 2.217884063720703125e-01 3.912312388420104980e-01 3.456326723098754883e-01 1.510596871376037598e-01 3.088657259941101074e-01 4.103055894374847412e-01 3.536168932914733887e-01 4.303785264492034912e-01 2.689309120178222656e-01 2.480049729347229004e-01 2.394135743379592896e-01 3.937598764896392822e-01 3.678766191005706787e-01 5.352289676666259766e-01 2.534067034721374512e-01
4.226855635643005371e-01 2.634126245975494385e-01 3.616683781147003174e-01 2.632411122322082520e-01 2.960933446884155273e-01 4.329796731472015381e-01 2.699961364269256592e-01 4.335706532001495361e-01 1.675206422805786133e-01 6.990675330162048340e-01 3.369055390357971191e-01 4.541039466857910156e-01 2.930140495300292969e-01 3.690304756164550781e-01 3.246336579322814941e-01 5.310277938842773438e-01 1.755900532007217407e-01 3.135885596275329590e-01 1.622487455606460571e-01 3.501031696796417236e-01
4.211440682411193848e-01 2.950303852558135986e-01 3.360008001327514648e-01 2.009807229042053223e-01 3.173827826976776123e-01 3.142937719821929932e-01 4.839484393596649170e-01 4.056106209754943848e-01 4.636433124542236328e-01 3.258796334266662598e-01 1.692138314247131348e-01 1.813575029373168945e-01 3.473112285137176514e-01 3.264507651329040527e-01 3.228304982185363770e-01 4.304186701774597168e-01 2.542244195938110352e-01 5.605882406234741211e-01 4.901374578475952148e-01 3.951497972011566162e-01
2.330085635185241699e-01 2.304978966712951660e-01 3.875643610954284668e-01 3.770951926708221436e-01 4.486266970634460449e-01 2.879902720451354980e-01 2.524871826171875000e-01 4.194755256175994873e-01 4.721988439559936523e-01 4.083863496780395508e-01 2.973552942276000977e-01 3.207825422286987305e-01 3.224270343780517578e-01 4.088686108589172363e-01 4.558057188987731934e-01 4.154969453811645508e-01 4.794012904167175293e-01 4.636200368404388428e-01 4.423691034317016602e-01 4.450999200344085693e-01
5.643589496612548828e-01 3.137552142143249512e-01 2.259437143802642822e-01 2.512600421905517578e-01 1.942585408687591553e-01 2.966368198394775391e-01 3.839740157127380371e-01 4.195325374603271484e-01 2.866688370704650879e-01 3.106232285499572754e-01 4.025621414184570312e-01 4.506253302097320557e-01 2.397146224975585938e-01 3.380925655364990234e-01 4.326981008052825928e-01 3.253830671310424805e-01 3.160377740859985352e-01 3.949389159679412842e-01 2.090862840414047241e-01 2.658940553665161133e-01
9.946832805871963501e-02 1.401573717594146729e-01 2.635343074798583984e-01 3.477489948272705078e-01 4.895299673080444336e-01 4.388043880462646484e-01 2.763827145099639893e-01 3.506748974323272705e-01 5.134663581848144531e-01 3.029894828796386719e-01 2.404858171939849854e-01 2.953038215637207031e-01 4.307550489902496338e-01 4.831136763095855713e-01 2.690175473690032959e-01 2.603740096092224121e-01 2.628394365310668945e-01 2.936885356903076172e-01 4.268315732479095459e-01 1.960394680500030518e-01
2.498441040515899658e-01 3.465297222137451172e-01 3.720169067382812500e-01 3.370593190193176270e-01 2.457781285047531128e-01 4.141114950180053711e-01 5.494142174720764160e-01 4.970842301845550537e-01 1.061765551567077637e-01 2.117193341255187988e-01 3.578739166259765625e-01 2.401049435138702393e-01 3.566160798072814941e-01 3.575975894927978516e-01 3.692140579223632812e-01 4.750712215900421143e-01 4.521985054016113281e-01 2.207083553075790405e-01 3.266416192054748535e-01 3.781596124172210693e-01
3.481567502021789551e-01 3.352143466472625732e-01 3.421831727027893066e-01 5.727607607841491699e-01 4.453395605087280273e-01 3.019347786903381348e-01 4.295945465564727783e-01 6.142268180847167969e-01 3.810892701148986816e-01 3.089799880981445312e-01 2.666123509407043457e-01 1.605814248323440552e-01 4.787273705005645752e-01 3.056917786598205566e-01 4.555072188377380371e-01 2.663206160068511963e-01 5.300412178039550781e-01 5.053122639656066895e-01 4.979088306427001953e-01 1.385848224163055420e-01
3.406692445278167725e-01 2.701615095138549805e-01 3.483364582061767578e-01 1.857133209705352783e-01 6.359536051750183105e-01 4.492126405239105225e-01 2.798604369163513184e-01 3.890284895896911621e-01 2.762935757637023926e-01 3.282716870307922363e-01 4.695318043231964111e-01 3.835957944393157959e-01 3.072169721126556396e-01 2.164215892553329468e-01 5.529754161834716797e-01 4.357594549655914307e-01 3.148082494735717773e-01 3.076732158660888672e-01 5.189164280891418457e-01 4.317311346530914307e-01
2.961848080158233643e-01 3.416885733604431152e-01 3.855108022689819336e-01 4.154899120330810547e-01 6.997117400169372559e-02 3.068428039550781250e-01 5.148392915725708008e-01 3.564659655094146729e-01 2.894666790962219238e-01 3.629218041896820068e-01 3.281312584877014160e-01 1.297910660505294800e-01 2.873430252075195312e-01 3.211975991725921631e-01 4.657805860042572021e-01 2.509844899177551270e-01 3.551059365272521973e-01 3.296982347965240479e-01 1.506431400775909424e-01 4.703490436077117920e-01
3.665536344051361084e-01 2.962143719196319580e-01 3.481305837631225586e-01 2.353147566318511963e-01 3.826631307601928711e-01 1.082469224929809570e-01 1.080679669976234436e-01 3.778772950172424316e-01 4.384087324142456055e-01 3.855082094669342041e-01 3.660140037536621094e-01 3.914955556392669678e-01 5.098344087600708008e-01 2.700781226158142090e-01 2.463029921054840088e-01 3.994728922843933105e-01 3.228126764297485352e-01 3.220949172973632812e-01 3.870171308517456055e-01 2.005340456962585449e-01
4.103859066963195801e-01 4.463306069374084473e-01 4.665088057518005371e-01 3.059977889060974121e-01 2.337551862001419067e-01 1.637189388275146484e-01 3.811851143836975098e-01 3.084341287612915039e-01 2.601566612720489502e-01 2.591668069362640381e-01 3.680788278579711914e-01 5.775406360626220703e-01 3.117353916168212891e-01 6.457150578498840332e-01 2.822282612323760986e-01 2.344851344823837280e-01 3.429769575595855713e-01 4.335218667984008789e-01 1.773386448621749878e-01 4.546182155609130859e-01
