2018-07-23 16:15:00
5.149507522583007812e-01 4.052758812904357910e-01 5.384114980697631836e-01 2.317968904972076416e-01 3.192857205867767334e-01 4.184272289276123047e-01 6.410995721817016602e-01 4.605992436408996582e-01 3.231469392776489258e-01 7.994006872177124023e-01 5.944209098815917969e-01 6.294251680374145508e-01 3.070256114006042480e-01 1.001721382141113281e+00 6.003696322441101074e-01 3.348390161991119385e-01 5.484734773635864258e-01 5.512398481369018555e-01 4.397089183330535889e-01 8.026580810546875000e-01
4.800639748573303223e-01 5.109574794769287109e-01 6.698473691940307617e-01 2.677095830440521240e-01 6.311648488044738770e-01 4.537179768085479736e-01 4.783690869808197021e-01 1.951816380023956299e-01 5.533567070960998535e-01 2.845613360404968262e-01 4.129046201705932617e-01 5.069100856781005859e-01 6.179147958755493164e-01 6.644764542579650879e-01 8.461534976959228516e-01 7.031718492507934570e-01 7.192337512969970703e-01 7.641335725784301758e-01 4.866180419921875000e-01 5.639216899871826172e-01
4.829355478286743164e-01 2.408459186553955078e-01 2.545920014381408691e-01 3.189460039138793945e-01 2.547998428344726562e-01 5.312583446502685547e-01 3.836979269981384277e-01 4.282450675964355469e-01 4.266704916954040527e-01 3.853797018527984619e-01 9.326968193054199219e-01 5.178309679031372070e-01 6.140577793121337891e-01 3.071528375148773193e-01 5.771684050559997559e-01 9.513858556747436523e-01 1.612023711204528809e-01 4.400041997432708740e-01 6.620551347732543945e-01 4.769406020641326904e-01
4.425553381443023682e-01 7.607971429824829102e-01 4.190107583999633789e-01 3.942034840583801270e-01 3.644266724586486816e-01 5.412842035293579102e-01 2.904561758041381836e-01 4.313296079635620117e-01 2.234308719635009766e-01 5.649495124816894531e-01 6.197861433029174805e-01 4.582492113113403320e-01 6.860576272010803223e-01 6.565839052200317383e-01 5.001885890960693359e-01 9.105610847473144531e-01 5.478085875511169434e-01 8.539205789566040039e-01 6.758131980895996094e-01 6.917094588279724121e-01
2.074947953224182129e-01 2.811147868633270264e-01 6.256644725799560547e-01 2.611267566680908203e-01 2.936474084854125977e-01 4.367855191230773926e-01 4.926077723503112793e-01 3.958609104156494141e-01 4.058889150619506836e-01 5.375753641128540039e-01 7.005712389945983887e-01 5.749512910842895508e-01 6.229879856109619141e-01 4.271664023399353027e-01 7.176810503005981445e-01 3.194678127765655518e-01 7.935827970504760742e-01 1.049562215805053711e+00 4.609673619270324707e-01 7.671018838882446289e-01
4.152426421642303467e-01 2.478279620409011841e-01 4.923918247222900391e-01 3.323694467544555664e-01 2.202846854925155640e-01 3.414999842643737793e-01 2.982246577739715576e-01 2.375848889350891113e-01 3.765196800231933594e-01 2.768763303756713867e-01 4.292503297328948975e-01 5.460570454597473145e-01 6.471896171569824219e-01 7.017650604248046875e-01 4.563804864883422852e-01 6.307990550994873047e-01 6.349757909774780273e-01 4.981072843074798584e-01 9.983842968940734863e-01 8.165898323059082031e-01
3.066006898880004883e-01 2.844976186752319336e-01 4.544383287429809570e-01 3.667451739311218262e-01 3.476270437240600586e-01 1.389579474925994873e-01 3.633387684822082520e-01 2.487921863794326782e-01 3.871550261974334717e-01 4.110408425331115723e-01 3.823167681694030762e-01 5.195667743682861328e-01 2.232528626918792725e-01 4.495245218276977539e-01 4.410610795021057129e-01 9.209272861480712891e-01 8.490502238273620605e-01 6.852710247039794922e-01 5.471832156181335449e-01 4.864365458488464355e-01
2.879575490951538086e-01 3.165292143821716309e-01 4.463309049606323242e-01 5.008046627044677734e-01 3.901119530200958252e-01 2.148182541131973267e-01 2.338004708290100098e-01 6.043733358383178711e-01 3.181150555610656738e-01 2.461252361536026001e-01 3.104938566684722900e-01 2.383383065462112427e-01 3.826890587806701660e-01 5.859549045562744141e-01 5.197548866271972656e-01 2.430470883846282959e-01 7.100455760955810547e-01 6.324132084846496582e-01 3.469718098640441895e-01 6.553764343261718750e-01
3.658558726310729980e-01 3.694892525672912598e-01 3.704522252082824707e-01 3.512285947799682617e-01 4.660875797271728516e-01 1.595955193042755127e-01 3.315247893333435059e-01 3.642512559890747070e-01 3.642109036445617676e-01 2.264626324176788330e-01 2.342938780784606934e-01 2.221658974885940552e-01 2.905184626579284668e-01 3.285793066024780273e-01 5.555741786956787109e-01 4.613081216812133789e-01 5.127425193786621094e-01 4.928184747695922852e-01 5.029529333114624023e-01 3.135311305522918701e-01
4.244785904884338379e-01 3.257999122142791748e-01 3.434569239616394043e-01 2.852789461612701416e-01 4.376069605350494385e-01 3.715330362319946289e-01 4.269275963306427002e-01 5.115042328834533691e-01 2.130654752254486084e-01 1.351784467697143555e-01 3.633280694484710693e-01 2.919792234897613525e-01 3.658953905105590820e-01 1.994237005710601807e-01 3.911753296852111816e-01 3.327740430831909180e-01 5.226421952247619629e-01 8.494184017181396484e-01 4.902138411998748779e-01 5.870118141174316406e-01
2.828888595104217529e-01 2.378590404987335205e-01 4.821417927742004395e-01 3.778771758079528809e-01 2.083251029253005981e-01 1.968665719032287598e-01 5.375399589538574219e-01 4.309900403022766113e-01 2.650094628334045410e-01 1.299424171447753906e-01 3.752340376377105713e-01 3.474377691745758057e-01 5.495004653930664062e-01 3.637160956859588623e-01 3.180185556411743164e-01 4.020148515701293945e-01 4.901002049446105957e-01 4.886904358863830566e-01 8.213154673576354980e-01 4.240058362483978271e-01
2.118007242679595947e-01 2.748213410377502441e-01 1.663465201854705811e-01 1.378636658191680908e-01 8.044423162937164307e-02 2.951628267765045166e-01 3.282333910465240479e-01 5.197159051895141602e-01 2.646209895610809326e-01 1.427799761295318604e-01 5.096239447593688965e-01 4.574293494224548340e-01 3.129759728908538818e-01 3.593098521232604980e-01 4.975548386573791504e-01 3.642623424530029297e-01 2.708393335342407227e-01 2.232103049755096436e-01 3.467574119567871094e-01 3.519297242164611816e-01
3.797566592693328857e-01 2.420048713684082031e-01 3.958777785301208496e-01 1.965930759906768799e-01 2.968127727508544922e-01 4.023825824260711670e-01 1.804847419261932373e-01 3.228119611740112305e-01 4.886412322521209717e-01 2.220218479633331299e-01 1.939502209424972534e-01 2.520363926887512207e-01 4.680391848087310791e-01 4.521027505397796631e-01 2.675508260726928711e-01 2.194864898920059204e-01 3.060847520828247070e-01 2.198256850242614746e-01 1.822169125080108643e-01 5.494064092636108398e-01
3.076313734054565430e-01 2.651792764663696289e-01 2.932187318801879883e-01 3.781449794769287109e-01 3.630364537239074707e-01 3.714437186717987061e-01 3.624306917190551758e-01 5.190094113349914551e-01 1.869835555553436279e-01 3.249621093273162842e-01 4.366587400436401367e-01 2.662199139595031738e-01 2.986835241317749023e-01 3.697095513343811035e-01 5.022016167640686035e-01 2.703239321708679199e-01 2.663871645927429199e-01 2.320001125335693359e-01 2.191501855850219727e-01 2.085378915071487427e-01
2.928473055362701416e-01 3.421636521816253662e-01 3.793666958808898926e-01 2.222547978162765503e-01 3.244016468524932861e-01 3.602828383445739746e-01 5.342972278594970703e-01 3.359048366546630859e-01 3.092074096202850342e-01 2.959190905094146729e-01 1.784384548664093018e-01 1.903987228870391846e-01 2.998399734497070312e-01 3.293551504611968994e-01 5.120310783386230469e-01 4.270892441272735596e-01 3.172211945056915283e-01 3.660896420478820801e-01 2.577645182609558105e-01 2.620675861835479736e-01
3.008507490158081055e-01 2.501027584075927734e-01 3.757024407386779785e-01 1.676621586084365845e-01 3.235667943954467773e-01 4.698083102703094482e-01 2.350766062736511230e-01 2.687737941741943359e-01 6.420450210571289062e-01 2.875026762485504150e-01 2.213433533906936646e-01 1.606713235378265381e-01 2.756715416908264160e-01 5.356308817863464355e-01 4.095964133739471436e-01 5.568393468856811523e-01 2.835228741168975830e-01 2.692719399929046631e-01 2.693120241165161133e-01 3.981033861637115479e-01
5.022805333137512207e-01 3.748589456081390381e-01 3.089740276336669922e-01 3.666157126426696777e-01 3.984592854976654053e-01 2.334146499633789062e-01 5.269085168838500977e-01 3.462572693824768066e-01 4.703218638896942139e-01 4.548306167125701904e-01 3.536528646945953369e-01 2.073574513196945190e-01 3.472252488136291504e-01 2.167062759399414062e-01 2.886971533298492432e-01 2.164817452430725098e-01 4.784328341484069824e-01 1.703601181507110596e-01 1.068674772977828979e-01 3.115509450435638428e-01
4.879004955291748047e-01 4.479253888130187988e-01 4.602451622486114502e-01 7.195439934730529785e-02 3.561742901802062988e-01 3.550060391426086426e-01 3.491781353950500488e-01 3.699870705604553223e-01 1.889049261808395386e-01 4.115372002124786377e-01 3.840270638465881348e-01 1.686929613351821899e-01 1.301778554916381836e-01 3.096105456352233887e-01 3.721609711647033691e-01 3.639871776103973389e-01 2.566627860069274902e-01 1.682400405406951904e-01 1.648814082145690918e-01 2.632730305194854736e-01
2.390339970588684082e-01 4.075793027877807617e-01 3.120918571949005127e-01 5.090796947479248047e-01 3.671079874038696289e-01 4.362058937549591064e-01 4.443529248237609863e-01 2.637107968330383301e-01 8.541257679462432861e-02 4.928494691848754883e-01 3.734365701675415039e-01 1.074310466647148132e-01 2.870601415634155273e-01 4.943702816963195801e-01 2.820152342319488525e-01 2.161008566617965698e-01 3.360663652420043945e-01 4.348366260528564453e-01 1.729014366865158081e-01 1.747727990150451660e-01
3.973151445388793945e-01 3.299054503440856934e-01 4.003618955612182617e-01 3.862081468105316162e-01 2.795642018318176270e-01 3.195007443428039551e-01 2.770552635192871094e-01 2.871312499046325684e-01 5.007578730583190918e-01 1.655185967683792114e-01 4.778859615325927734e-01 2.023279666900634766e-01 3.966994881629943848e-01 3.179966211318969727e-01 5.464149713516235352e-01 2.924443483352661133e-01 3.807883262634277344e-01 3.378747403621673584e-01 3.901813924312591553e-01 2.038175612688064575e-01
