2018-07-23 16:30:00
3.790623247623443604e-01 5.835344195365905762e-01 3.251915574073791504e-01 3.931740224361419678e-01 2.117097675800323486e-01 7.201849818229675293e-01 5.295739173889160156e-01 4.178329706192016602e-01 4.358452856540679932e-01 4.934470653533935547e-01 4.160571694374084473e-01 5.923781394958496094e-01 3.374631404876708984e-01 6.770272254943847656e-01 9.516670703887939453e-01 7.931982278823852539e-01 6.672604084014892578e-01 5.073902606964111328e-01 8.808060884475708008e-01 8.342403173446655273e-01
3.997368812561035156e-01 5.529006123542785645e-01 1.701894104480743408e-01 4.502673745155334473e-01 6.730905175209045410e-01 4.873843789100646973e-01 1.516954600811004639e-01 4.231667816638946533e-01 3.627678155899047852e-01 2.722425758838653564e-01 5.369737148284912109e-01 6.421866416931152344e-01 6.910403370857238770e-01 5.456370711326599121e-01 8.706863522529602051e-01 1.145496368408203125e+00 8.927326202392578125e-01 6.273549199104309082e-01 7.002578973770141602e-01 3.343487381935119629e-01
6.827418804168701172e-01 4.570492506027221680e-01 5.150725245475769043e-01 3.904187083244323730e-01 7.376544475555419922e-01 6.786375045776367188e-01 9.396929740905761719e-01 5.631694793701171875e-01 4.145389795303344727e-01 3.602712750434875488e-01 5.350480675697326660e-01 6.459280252456665039e-01 4.995735883712768555e-01 5.697456598281860352e-01 9.468624591827392578e-01 7.365843653678894043e-01 8.994158506393432617e-01 5.811951756477355957e-01 7.626752853393554688e-01 6.986436843872070312e-01
2.334726750850677490e-01 2.724926769733428955e-01 4.952519536018371582e-01 3.785679042339324951e-01 3.713905811309814453e-01 3.884522914886474609e-01 4.821917712688446045e-01 4.340100884437561035e-01 3.436025679111480713e-01 5.787086486816406250e-01 8.910410404205322266e-01 5.153743028640747070e-01 8.279482722282409668e-01 9.780532717704772949e-01 9.726766943931579590e-01 7.024291157722473145e-01 6.070284843444824219e-01 8.564077615737915039e-01 8.469797372817993164e-01 9.088829755783081055e-01
4.750452339649200439e-01 3.767569363117218018e-01 4.906101226806640625e-01 2.444089949131011963e-01 3.075671195983886719e-01 4.574251770973205566e-01 3.248054385185241699e-01 5.169554948806762695e-01 1.806496083736419678e-01 3.341771960258483887e-01 2.667928338050842285e-01 4.864362478256225586e-01 4.491934478282928467e-01 5.657268762588500977e-01 3.829821348190307617e-01 7.996116280555725098e-01 1.025117278099060059e+00 1.014137148857116699e+00 9.645017385482788086e-01 8.954203128814697266e-01
3.832644522190093994e-01 4.137266278266906738e-01 8.859809041023254395e-01 3.689962029457092285e-01 5.004227161407470703e-01 3.439041078090667725e-01 4.247548580169677734e-01 6.547980904579162598e-01 4.374786615371704102e-01 5.349353551864624023e-01 3.236635923385620117e-01 5.763070583343505859e-01 3.860678076744079590e-01 5.760291814804077148e-01 8.742582798004150391e-01 8.017500638961791992e-01 7.194648981094360352e-01 8.115457296371459961e-01 8.557881116867065430e-01 7.810077667236328125e-01
6.672435998916625977e-01 5.208969116210937500e-01 5.686222910881042480e-01 2.315746247768402100e-01 3.279431164264678955e-01 5.913004875183105469e-01 4.296394884586334229e-01 2.733719944953918457e-01 3.049432039260864258e-01 3.578611910343170166e-01 5.370621681213378906e-01 6.069509387016296387e-01 5.072309374809265137e-01 5.765544176101684570e-01 6.032610535621643066e-01 6.486210823059082031e-01 1.332910180091857910e+00 1.187588453292846680e+00 1.176261901855468750e+00 7.263764142990112305e-01
5.696904063224792480e-01 2.577986121177673340e-01 3.045613765716552734e-01 3.251863718032836914e-01 3.046439290046691895e-01 1.837195754051208496e-01 2.301444858312606812e-01 2.303131818771362305e-01 4.018556475639343262e-01 2.717362642288208008e-01 3.793997764587402344e-01 3.231993913650512695e-01 4.506650567054748535e-01 5.852721333503723145e-01 5.112039446830749512e-01 6.636256575584411621e-01 8.744986653327941895e-01 8.963129520416259766e-01 8.199782371520996094e-01 7.349264621734619141e-01
2.782309055328369141e-01 3.361537456512451172e-01 2.745389342308044434e-01 3.908533453941345215e-01 2.791336178779602051e-01 2.415980398654937744e-01 3.725624382495880127e-01 2.210294604301452637e-01 2.885329723358154297e-01 4.639115631580352783e-01 4.277239143848419189e-01 3.943673670291900635e-01 6.516225337982177734e-01 6.739372014999389648e-01 2.547885775566101074e-01 7.149685621261596680e-01 8.133028149604797363e-01 7.404450178146362305e-01 5.942403078079223633e-01 6.016694903373718262e-01
4.045948088169097900e-01 1.675152480602264404e-01 2.583869099617004395e-01 4.039196372032165527e-01 3.518187999725341797e-01 5.072805881500244141e-01 3.626297712326049805e-01 3.568496406078338623e-01 2.923239767551422119e-01 3.485352396965026855e-01 3.996285796165466309e-01 4.183211922645568848e-01 4.462538361549377441e-01 3.992145657539367676e-01 3.660501837730407715e-01 6.047402620315551758e-01 6.611415147781372070e-01 1.161833524703979492e+00 5.569119453430175781e-01 4.181233644485473633e-01
2.894738316535949707e-01 3.170441985130310059e-01 3.289589881896972656e-01 3.764110207557678223e-01 2.395782172679901123e-01 2.537738382816314697e-01 4.481435716152191162e-01 3.189964890480041504e-01 3.624677360057830811e-01 4.633139967918395996e-01 3.130223751068115234e-01 3.937059342861175537e-01 4.305940568447113037e-01 6.508287191390991211e-01 5.225611925125122070e-01 5.718345642089843750e-01 6.095431447029113770e-01 4.825809597969055176e-01 6.896487474441528320e-01 4.419141113758087158e-01
4.617659151554107666e-01 3.660483360290527344e-01 2.254151701927185059e-01 4.089205265045166016e-01 3.381055295467376709e-01 1.492484360933303833e-01 2.879297137260437012e-01 2.446592748165130615e-01 4.769179522991180420e-01 4.021681547164916992e-01 3.457468450069427490e-01 4.693777561187744141e-01 2.351576834917068481e-01 3.702969253063201904e-01 2.748592197895050049e-01 4.996626377105712891e-01 4.221708178520202637e-01 3.127965033054351807e-01 3.647727966308593750e-01 5.822039246559143066e-01
4.719381034374237061e-01 4.231423735618591309e-01 3.043292760848999023e-01 4.199517369270324707e-01 1.961352527141571045e-01 4.976608753204345703e-01 3.778398334980010986e-01 3.611231744289398193e-01 3.450702726840972900e-01 4.070066809654235840e-01 3.000760078430175781e-01 3.346450924873352051e-01 3.664335608482360840e-01 3.738341033458709717e-01 1.879557371139526367e-01 4.493443667888641357e-01 3.077727258205413818e-01 5.559790730476379395e-01 4.761580824851989746e-01 7.195386886596679688e-01
3.490559458732604980e-01 5.406149625778198242e-01 2.346938550472259521e-01 3.971830010414123535e-01 3.798240721225738525e-01 4.180651903152465820e-01 2.711269259452819824e-01 2.871238589286804199e-01 6.384770870208740234e-01 3.302931189537048340e-01 5.275976657867431641e-01 3.804242014884948730e-01 4.351759552955627441e-01 2.963638901710510254e-01 2.841616272926330566e-01 2.978163659572601318e-01 3.301775455474853516e-01 4.598090648651123047e-01 3.626585900783538818e-01 3.439867496490478516e-01
2.616933286190032959e-01 3.635812997817993164e-01 5.067716836929321289e-01 5.308340787887573242e-01 5.634725689888000488e-01 1.536664068698883057e-01 3.326066136360168457e-01 5.645217299461364746e-01 2.262109220027923584e-01 5.540845990180969238e-01 5.152978301048278809e-01 2.105033993721008301e-01 3.446327149868011475e-01 4.283125102519989014e-01 2.721123695373535156e-01 4.474794268608093262e-01 4.297688901424407959e-01 4.939682483673095703e-01 1.217132657766342163e-01 2.803469002246856689e-01
3.809249103069305420e-01 6.056779623031616211e-01 4.137586057186126709e-01 6.132056117057800293e-01 3.708423078060150146e-01 3.911029696464538574e-01 7.745376825332641602e-01 2.805278599262237549e-01 5.022200942039489746e-01 4.034894108772277832e-01 3.669661283493041992e-01 2.279688715934753418e-01 1.508791893720626831e-01 2.448558509349822998e-01 3.335008621215820312e-01 3.354815244674682617e-01 5.134902000427246094e-01 8.455319702625274658e-02 3.260383605957031250e-01 6.011250019073486328e-01
5.617882013320922852e-01 4.131792187690734863e-01 3.590969443321228027e-01 4.353651404380798340e-01 1.120619773864746094e+00 6.224576234817504883e-01 2.656491994857788086e-01 7.690197825431823730e-01 6.535489559173583984e-01 4.726327061653137207e-01 4.123120307922363281e-01 4.321470260620117188e-01 3.128125667572021484e-01 1.450538933277130127e-01 3.270950913429260254e-01 1.923618614673614502e-01 4.934504926204681396e-01 1.489854156970977783e-01 4.924115240573883057e-01 1.899827718734741211e-01
5.561305284500122070e-01 3.908056914806365967e-01 4.144578278064727783e-01 4.485214650630950928e-01 4.106690287590026855e-01 2.835127413272857666e-01 5.460593700408935547e-01 3.426178991794586182e-01 4.551528990268707275e-01 3.196447491645812988e-01 3.120222091674804688e-01 3.291833996772766113e-01 2.154793888330459595e-01 2.229420244693756104e-01 1.702419370412826538e-01 2.512876987457275391e-01 3.467814326286315918e-01 1.789321452379226685e-01 1.736225485801696777e-01 3.878220319747924805e-01
3.673231601715087891e-01 4.540090560913085938e-01 2.237523645162582397e-01 2.310113012790679932e-01 4.395270943641662598e-01 3.004251122474670410e-01 3.214867115020751953e-01 2.354224771261215210e-01 2.144868373870849609e-01 4.252827167510986328e-01 5.736060142517089844e-01 4.387658536434173584e-01 3.537640273571014404e-01 2.440176457166671753e-01 1.817515790462493896e-01 2.820261120796203613e-01 2.632510662078857422e-01 2.916629910469055176e-01 2.771875858306884766e-01 2.967678904533386230e-01
2.573946714401245117e-01 4.810152053833007812e-01 4.888662099838256836e-01 6.038572788238525391e-01 4.680727720260620117e-01 4.311177730560302734e-01 2.676537036895751953e-01 4.916248321533203125e-01 4.961194396018981934e-01 3.121950030326843262e-01 4.536977410316467285e-01 5.342861413955688477e-01 4.389799833297729492e-01 3.584653735160827637e-01 3.153452575206756592e-01 3.636781871318817139e-01 4.008207321166992188e-01 2.586570680141448975e-01 3.479808270931243896e-01 5.126069784164428711e-01
