2018-07-23 17:45:00
2.773187756538391113e-01 1.186245977878570557e-01 6.057021617889404297e-01 3.281325101852416992e-01 5.120138451457023621e-02 2.084779441356658936e-01 4.308109879493713379e-01 2.060043513774871826e-01 3.421241044998168945e-01 3.515556156635284424e-01 1.267610341310501099e-01 3.609158992767333984e-01 4.959907531738281250e-01 1.806196272373199463e-01 2.405545413494110107e-01 4.990221858024597168e-01 2.041584849357604980e-01 2.015875577926635742e-01 4.558734893798828125e-01 2.280067205429077148e-01
2.701194584369659424e-01 2.885317504405975342e-01 4.562048017978668213e-01 3.155945241451263428e-01 1.694086492061614990e-01 3.009172677993774414e-01 4.766813516616821289e-01 9.301706403493881226e-02 1.413626521825790405e-01 2.224266976118087769e-01 2.612791359424591064e-01 2.472003251314163208e-01 2.833188176155090332e-01 2.757143676280975342e-01 4.066281914710998535e-01 4.715706110000610352e-01 5.914462804794311523e-01 6.490362882614135742e-01 4.162450730800628662e-01 2.160422205924987793e-01
3.632405400276184082e-01 3.179377913475036621e-01 3.737674355506896973e-01 1.776881814002990723e-01 4.616779983043670654e-01 3.869880735874176025e-01 2.904917597770690918e-01 3.540043830871582031e-01 2.315301150083541870e-01 2.670034468173980713e-01 5.167755484580993652e-01 5.819882154464721680e-01 2.147300392389297485e-01 2.883706092834472656e-01 2.754679024219512939e-01 3.579226732254028320e-01 3.840004205703735352e-01 5.780049562454223633e-01 4.206323027610778809e-01 3.755045533180236816e-01
3.095007538795471191e-01 3.409846127033233643e-01 1.759614944458007812e-01 3.772919774055480957e-01 2.062654644250869751e-01 2.209813445806503296e-01 9.390443563461303711e-02 1.592440009117126465e-01 2.294097691774368286e-01 5.717206001281738281e-01 4.215465486049652100e-01 3.779454827308654785e-01 2.198453098535537720e-01 2.550175189971923828e-01 5.423629283905029297e-01 2.850170135498046875e-01 4.650615155696868896e-01 3.709223866462707520e-01 2.294712513685226440e-01 2.482368797063827515e-01
2.589136362075805664e-01 8.363704383373260498e-02 3.206697106361389160e-01 1.548423469066619873e-01 1.523179113864898682e-01 4.700704813003540039e-01 3.322811722755432129e-01 1.271769702434539795e-01 4.402099251747131348e-01 4.299432635307312012e-01 3.044631481170654297e-01 2.896655797958374023e-01 1.998903155326843262e-01 1.356667280197143555e-01 3.372690081596374512e-01 4.520903825759887695e-01 5.169245004653930664e-01 4.959880113601684570e-01 5.481076240539550781e-01 4.124176502227783203e-01
2.636726498603820801e-01 1.944184750318527222e-01 2.491427063941955566e-01 1.549803763628005981e-01 3.090648949146270752e-01 2.643265426158905029e-01 2.643364667892456055e-01 5.087434053421020508e-01 4.127875566482543945e-01 2.958435416221618652e-01 5.786221101880073547e-02 2.210662215948104858e-01 1.528686285018920898e-01 2.798886597156524658e-01 3.049922287464141846e-01 3.686344996094703674e-02 4.196639955043792725e-01 3.500253558158874512e-01 4.699544608592987061e-01 2.117280364036560059e-01
2.743408083915710449e-01 2.736045718193054199e-01 2.315164804458618164e-01 3.397495150566101074e-01 3.628634810447692871e-01 3.288279771804809570e-01 2.451555132865905762e-01 1.527588665485382080e-01 1.753062158823013306e-01 5.050636529922485352e-01 6.039222478866577148e-01 6.631144285202026367e-01 2.625968456268310547e-01 4.164425134658813477e-01 5.729013681411743164e-01 2.438186407089233398e-01 4.550159573554992676e-01 3.407797217369079590e-01 6.337217092514038086e-01 4.723122715950012207e-01
3.619525432586669922e-01 1.987702697515487671e-01 1.729474663734436035e-01 2.602148354053497314e-01 2.320223301649093628e-01 1.854048967361450195e-01 2.166364938020706177e-01 4.866513311862945557e-01 4.835381805896759033e-01 2.229812443256378174e-01 4.664270281791687012e-01 1.484656929969787598e-01 1.908474564552307129e-01 2.955564260482788086e-01 4.347164928913116455e-01 2.045173346996307373e-01 3.193729519844055176e-01 3.172572255134582520e-01 4.463014304637908936e-01 3.267796337604522705e-01
2.648998200893402100e-01 2.443159222602844238e-01 1.658516973257064819e-01 1.193375736474990845e-01 3.538863062858581543e-01 4.741964638233184814e-01 3.182021975517272949e-01 3.406446278095245361e-01 3.889348804950714111e-01 2.223270684480667114e-01 2.646810412406921387e-01 2.870031595230102539e-01 2.915140688419342041e-01 2.353034615516662598e-01 2.713136076927185059e-01 2.098217755556106567e-01 1.289044469594955444e-01 2.492778599262237549e-01 1.778049319982528687e-01 2.660947740077972412e-01
2.221703231334686279e-01 2.328032851219177246e-01 3.629478812217712402e-01 2.615641057491302490e-01 9.053871035575866699e-02 3.480969965457916260e-01 2.638709545135498047e-01 3.509158492088317871e-01 3.653852343559265137e-01 5.486056804656982422e-01 2.759776413440704346e-01 2.507702112197875977e-01 2.765504121780395508e-01 2.232094407081604004e-01 3.497264981269836426e-01 3.676285147666931152e-01 5.458745360374450684e-01 3.067583441734313965e-01 4.760471880435943604e-01 2.461554855108261108e-01
3.356237113475799561e-01 2.963318228721618652e-01 1.285896152257919312e-01 2.209836542606353760e-01 2.604252696037292480e-01 4.006586670875549316e-01 1.815334111452102661e-01 2.628018260002136230e-01 2.214384824037551880e-01 2.271206974983215332e-01 3.634470105171203613e-01 2.079059779644012451e-01 2.908536195755004883e-01 2.782869152724742889e-02 3.061751127243041992e-01 2.373443841934204102e-01 2.215267717838287354e-01 3.988992273807525635e-01 4.025141596794128418e-01 2.887943089008331299e-01
2.175357341766357422e-01 3.221549391746520996e-01 4.607283473014831543e-01 3.570691347122192383e-01 2.878805994987487793e-01 1.283221840858459473e-01 5.633288621902465820e-01 2.457890659570693970e-01 2.689135074615478516e-01 2.250154614448547363e-01 5.564786195755004883e-01 4.269441366195678711e-01 3.422975540161132812e-01 1.857968568801879883e-01 1.429196894168853760e-01 4.331004619598388672e-01 2.365457713603973389e-01 1.397752612829208374e-01 3.627129793167114258e-01 2.345921546220779419e-01
3.006585538387298584e-01 2.261735051870346069e-01 3.449124693870544434e-01 3.042584657669067383e-01 4.880903065204620361e-01 3.257389068603515625e-01 4.203866422176361084e-01 3.052420616149902344e-01 1.817357689142227173e-01 3.774247765541076660e-01 2.923226654529571533e-01 3.521296977996826172e-01 3.989435434341430664e-01 2.224112749099731445e-01 2.911405563354492188e-01 1.580842137336730957e-01 1.339974999427795410e-01 3.500510454177856445e-01 2.549926936626434326e-01 2.384863346815109253e-01
3.795577287673950195e-01 2.271381914615631104e-01 3.866630792617797852e-01 1.303233951330184937e-01 2.806583344936370850e-01 1.920212358236312866e-01 9.157912433147430420e-02 2.297578752040863037e-01 2.578669190406799316e-01 2.519125342369079590e-01 3.497147560119628906e-01 5.814754366874694824e-01 1.988542079925537109e-01 1.244027614593505859e-01 2.095721960067749023e-01 2.907564640045166016e-01 5.012273192405700684e-01 4.719884991645812988e-01 3.036617040634155273e-01 2.323581278324127197e-01
1.777768135070800781e-01 2.452851235866546631e-01 3.834489583969116211e-01 1.835142225027084351e-01 2.800381779670715332e-01 4.211912155151367188e-01 2.703224718570709229e-01 3.501251637935638428e-01 3.693452477455139160e-01 2.657734751701354980e-01 3.438875079154968262e-01 3.069294989109039307e-01 3.029983639717102051e-01 4.782997071743011475e-02 2.763295769691467285e-01 1.348267123103141785e-02 2.009955942630767822e-01 2.537482380867004395e-01 2.292248606681823730e-01 1.720436215400695801e-01
1.461881101131439209e-01 3.650751113891601562e-01 2.556664347648620605e-01 4.862744808197021484e-01 2.298531681299209595e-01 4.924623668193817139e-01 4.419073462486267090e-01 4.655891060829162598e-01 2.899804711341857910e-01 2.612218856811523438e-01 4.371892213821411133e-01 5.323225855827331543e-01 1.000092774629592896e-01 4.970327615737915039e-01 3.854934573173522949e-01 3.810022771358489990e-01 2.703077793121337891e-01 4.638384580612182617e-01 1.322716474533081055e-01 1.067588254809379578e-01
2.705305814743041992e-01 3.679284155368804932e-01 3.258754611015319824e-01 2.912283241748809814e-01 5.489860773086547852e-01 1.145451813936233521e-01 6.825419068336486816e-01 1.777924001216888428e-01 2.523546516895294189e-01 3.052859604358673096e-01 3.337657749652862549e-01 2.298183441162109375e-01 8.871174603700637817e-02 1.254981309175491333e-01 2.096835970878601074e-01 2.881332635879516602e-01 2.836981117725372314e-01 1.822818517684936523e-01 1.764105558395385742e-01 4.090968370437622070e-01
2.605279386043548584e-01 1.617599129676818848e-01 2.370032221078872681e-01 3.888670802116394043e-01 1.945526003837585449e-01 3.362299203872680664e-01 1.593391895294189453e-01 2.861036062240600586e-01 1.756299138069152832e-01 4.810803383588790894e-02 2.002750188112258911e-01 9.850687533617019653e-02 1.677292287349700928e-01 1.145844385027885437e-01 4.547160863876342773e-01 3.888064026832580566e-01 2.769170999526977539e-01 3.404748141765594482e-01 1.853969991207122803e-01 2.323988676071166992e-01
2.768532931804656982e-01 5.578974485397338867e-01 2.428333759307861328e-01 2.597802579402923584e-01 3.425855040550231934e-01 4.066326618194580078e-01 1.917276084423065186e-01 2.440163046121597290e-01 2.347338795661926270e-01 2.712794840335845947e-01 5.816234350204467773e-01 1.934209316968917847e-01 4.197002649307250977e-01 1.875421106815338135e-01 2.557654678821563721e-01 9.598249942064285278e-02 2.967000007629394531e-01 2.787739932537078857e-01 3.551700115203857422e-01 2.290628701448440552e-01
2.762935459613800049e-01 1.784972548484802246e-01 3.280616402626037598e-01 3.350952267646789551e-01 2.758586108684539795e-01 3.246401548385620117e-01 2.851603031158447266e-01 1.009974777698516846e-01 3.656790852546691895e-01 4.392297863960266113e-01 4.893435239791870117e-01 2.284574806690216064e-01 3.201177120208740234e-01 1.426365673542022705e-01 2.040592581033706665e-01 3.664650917053222656e-01 8.425299823284149170e-02 1.970865726470947266e-01 3.498843312263488770e-01 2.910391092300415039e-01
