2018-07-23 18:30:00
5.191539525985717773e-01 2.173828482627868652e-01 2.655673623085021973e-01 3.500542640686035156e-01 4.885669052600860596e-01 3.037481307983398438e-01 3.789931535720825195e-01 4.628962874412536621e-01 4.588960707187652588e-01 6.814653873443603516e-01 5.393269062042236328e-01 5.821278095245361328e-01 4.924671351909637451e-01 9.799093008041381836e-01 7.273209095001220703e-01 1.405933856964111328e+00 5.357484817504882812e-01 7.210071682929992676e-01 4.806928336620330811e-01 7.143025398254394531e-01
3.137818574905395508e-01 4.021583497524261475e-01 4.301282167434692383e-01 3.183067440986633301e-01 4.237247109413146973e-01 2.811971604824066162e-01 3.898600935935974121e-01 3.291463553905487061e-01 4.454029202461242676e-01 4.645459949970245361e-01 6.685735583305358887e-01 6.402950286865234375e-01 8.961932063102722168e-01 7.678474187850952148e-01 1.002794384956359863e+00 7.564538717269897461e-01 7.871969938278198242e-01 9.213820695877075195e-01 2.147373110055923462e-01 6.202120184898376465e-01
6.064360141754150391e-01 2.936039268970489502e-01 5.387405157089233398e-01 4.387627542018890381e-01 7.355304956436157227e-01 4.681567549705505371e-01 3.260235786437988281e-01 4.709601104259490967e-01 4.203690290451049805e-01 7.924927473068237305e-01 5.198678970336914062e-01 3.030046522617340088e-01 5.204184055328369141e-01 8.913525342941284180e-01 7.279074192047119141e-01 1.196242809295654297e+00 4.857538938522338867e-01 7.161383032798767090e-01 5.784521102905273438e-01 6.950321197509765625e-01
3.722329139709472656e-01 2.919819355010986328e-01 9.896926879882812500e-01 4.857290387153625488e-01 2.920971512794494629e-01 4.428982734680175781e-01 3.724356889724731445e-01 5.143185257911682129e-01 5.732906460762023926e-01 3.628775775432586670e-01 4.614349007606506348e-01 7.016291618347167969e-01 8.889456987380981445e-01 7.337406277656555176e-01 4.980592727661132812e-01 1.036175727844238281e+00 1.309698343276977539e+00 5.974686145782470703e-01 7.508256435394287109e-01 7.530319690704345703e-01
2.563055753707885742e-01 3.609988093376159668e-01 4.316249489784240723e-01 2.810186743736267090e-01 5.028175115585327148e-01 4.929328262805938721e-01 3.204820156097412109e-01 5.134794712066650391e-01 4.232636094093322754e-01 4.139074087142944336e-01 5.500097870826721191e-01 7.086961269378662109e-01 8.589201569557189941e-01 5.529299378395080566e-01 7.843794822692871094e-01 3.915996253490447998e-01 1.237935781478881836e+00 6.192953586578369141e-01 8.453984260559082031e-01 9.123014807701110840e-01
2.407190948724746704e-01 3.012552261352539062e-01 7.979155182838439941e-01 3.075814247131347656e-01 3.841200470924377441e-01 6.239336729049682617e-01 3.596175312995910645e-01 2.384880334138870239e-01 4.944387078285217285e-01 4.867838025093078613e-01 6.865122318267822266e-01 4.083405733108520508e-01 4.773879945278167725e-01 8.188041448593139648e-01 8.447374105453491211e-01 1.091091990470886230e+00 1.065192341804504395e+00 3.794448077678680420e-01 1.142980337142944336e+00 1.186876773834228516e+00
5.429274439811706543e-01 3.372652232646942139e-01 3.455172181129455566e-01 3.810757398605346680e-01 1.917670071125030518e-01 6.667507886886596680e-01 2.352079749107360840e-01 4.483230412006378174e-01 5.690314173698425293e-01 6.623521447181701660e-01 6.117525100708007812e-01 8.074428439140319824e-01 6.576095819473266602e-01 4.203838706016540527e-01 4.635296463966369629e-01 1.054732561111450195e+00 9.853002429008483887e-01 1.243073821067810059e+00 5.666098594665527344e-01 5.027267932891845703e-01
3.506998121738433838e-01 3.533862829208374023e-01 3.161206841468811035e-01 6.848762929439544678e-02 2.846308946609497070e-01 2.631351947784423828e-01 2.209260463714599609e-01 4.268571734428405762e-01 5.531536340713500977e-01 6.477694511413574219e-01 5.436646938323974609e-01 4.297547936439514160e-01 3.990314304828643799e-01 7.840756177902221680e-01 1.025367736816406250e+00 1.108296155929565430e+00 6.656275391578674316e-01 9.752252101898193359e-01 4.477829337120056152e-01 9.429515004158020020e-01
2.579527199268341064e-01 5.212920904159545898e-01 3.114936947822570801e-01 3.267027437686920166e-01 3.783060014247894287e-01 3.525362014770507812e-01 1.701427996158599854e-01 2.630453407764434814e-01 5.292836427688598633e-01 2.784932255744934082e-01 4.206849932670593262e-01 7.207531929016113281e-01 4.984619617462158203e-01 5.700286626815795898e-01 7.946637868881225586e-01 6.715303659439086914e-01 6.004018783569335938e-01 3.845576643943786621e-01 7.224503159523010254e-01 9.299174547195434570e-01
3.101358413696289062e-01 3.717654347419738770e-01 3.799011111259460449e-01 4.512342810630798340e-01 1.446728706359863281e-01 3.385100364685058594e-01 2.610599100589752197e-01 3.949276208877563477e-01 4.157003760337829590e-01 3.228054940700531006e-01 6.650630831718444824e-01 5.486342310905456543e-01 5.270604491233825684e-01 6.766335964202880859e-01 6.878551244735717773e-01 5.334529280662536621e-01 9.691470265388488770e-01 7.231823205947875977e-01 5.762760639190673828e-01 7.231765389442443848e-01
3.722864985466003418e-01 2.179771512746810913e-01 4.166869223117828369e-01 3.743984699249267578e-01 3.537240624427795410e-01 5.141804218292236328e-01 2.443938106298446655e-01 3.122717738151550293e-01 5.519881844520568848e-01 8.628371953964233398e-01 8.667706847190856934e-01 5.465167760848999023e-01 7.660759687423706055e-01 1.092318773269653320e+00 8.260953426361083984e-01 9.324939846992492676e-01 8.310366272926330566e-01 6.968061327934265137e-01 9.643132686614990234e-01 8.133472800254821777e-01
5.493999123573303223e-01 5.425693988800048828e-01 4.696020483970642090e-01 6.598961949348449707e-01 2.910176813602447510e-01 3.891316354274749756e-01 4.902147054672241211e-01 3.438953459262847900e-01 3.758691549301147461e-01 5.088583827018737793e-01 5.967862606048583984e-01 6.732054948806762695e-01 5.895999670028686523e-01 6.915643215179443359e-01 3.943199813365936279e-01 7.439930438995361328e-01 9.626273512840270996e-01 6.371860504150390625e-01 5.616419315338134766e-01 9.913640022277832031e-01
2.560951113700866699e-01 6.610522270202636719e-01 4.863988161087036133e-01 4.373103082180023193e-01 2.826447784900665283e-01 4.041737914085388184e-01 2.689938545227050781e-01 3.725944161415100098e-01 1.381723433732986450e-01 4.063659906387329102e-01 4.777835011482238770e-01 6.431506872177124023e-01 5.457853078842163086e-01 7.595506310462951660e-01 6.666326522827148438e-01 8.950131535530090332e-01 7.427757978439331055e-01 6.272772550582885742e-01 8.050209879875183105e-01 6.728118658065795898e-01
2.770406603813171387e-01 6.519511342048645020e-01 4.615806341171264648e-01 2.929224371910095215e-01 4.452762007713317871e-01 3.711509704589843750e-01 2.801483571529388428e-01 4.454808831214904785e-01 5.105941295623779297e-01 3.959755301475524902e-01 6.349202394485473633e-01 7.118909955024719238e-01 5.198526978492736816e-01 2.933664023876190186e-01 5.459818243980407715e-01 5.442793369293212891e-01 8.221331238746643066e-01 9.691990017890930176e-01 8.085048198699951172e-01 5.253010988235473633e-01
5.007441043853759766e-01 9.543234109878540039e-01 6.771602034568786621e-01 4.239020347595214844e-01 3.623005151748657227e-01 5.179288387298583984e-01 3.521060347557067871e-01 3.874898552894592285e-01 2.739898860454559326e-01 6.388172507286071777e-01 3.742774128913879395e-01 4.050983786582946777e-01 4.019296169281005859e-01 6.626591086387634277e-01 4.474561214447021484e-01 4.320746958255767822e-01 4.985601603984832764e-01 6.978865861892700195e-01 6.499099731445312500e-01 8.051139712333679199e-01
4.282558560371398926e-01 7.490051388740539551e-01 4.183813333511352539e-01 5.140048265457153320e-01 5.468400716781616211e-01 2.724568247795104980e-01 4.222429990768432617e-01 5.160518288612365723e-01 2.966938316822052002e-01 2.815321683883666992e-01 3.987936079502105713e-01 4.360206723213195801e-01 5.694535374641418457e-01 7.248860597610473633e-01 6.446587443351745605e-01 7.982203364372253418e-01 1.103460907936096191e+00 6.161375641822814941e-01 9.617770910263061523e-01 2.756499052047729492e-01
4.487648606300354004e-01 7.140151262283325195e-01 6.153875589370727539e-01 3.605190515518188477e-01 5.913720130920410156e-01 3.446431159973144531e-01 5.486916899681091309e-01 4.595625102519989014e-01 4.972423017024993896e-01 7.099770307540893555e-01 7.522951960563659668e-01 1.781616955995559692e-01 6.760669946670532227e-01 6.114419698715209961e-01 5.308522582054138184e-01 8.197789192199707031e-01 1.132662177085876465e+00 9.801707267761230469e-01 9.290469884872436523e-01 6.045371294021606445e-01
6.699074506759643555e-01 9.527148604393005371e-01 4.014968276023864746e-01 3.384057283401489258e-01 3.438880443572998047e-01 3.761106133460998535e-01 3.089850544929504395e-01 4.162997007369995117e-01 3.566921353340148926e-01 3.640139102935791016e-01 5.751287937164306641e-01 5.829331278800964355e-01 5.338736772537231445e-01 3.285576105117797852e-01 8.611714243888854980e-01 7.737606763839721680e-01 6.378777027130126953e-01 7.946591973304748535e-01 6.037868857383728027e-01 9.894334077835083008e-01
5.113387107849121094e-01 4.437732100486755371e-01 6.033298969268798828e-01 5.648064017295837402e-01 4.582272469997406006e-01 4.818673133850097656e-01 5.328767299652099609e-01 3.186876773834228516e-01 1.646589040756225586e-01 3.239344954490661621e-01 8.418065309524536133e-01 3.290135264396667480e-01 5.250952243804931641e-01 9.089238643646240234e-01 3.802318274974822998e-01 6.062115430831909180e-01 7.382602691650390625e-01 7.176768779754638672e-01 6.940336227416992188e-01 5.490218400955200195e-01
4.909832477569580078e-01 3.892861604690551758e-01 5.719941258430480957e-01 4.177812337875366211e-01 5.555248856544494629e-01 5.255800485610961914e-01 5.316422581672668457e-01 3.164389133453369141e-01 7.407857179641723633e-01 6.358590126037597656e-01 4.631488919258117676e-01 3.082886934280395508e-01 2.877002358436584473e-01 8.075234889984130859e-01 7.319442629814147949e-01 3.947842419147491455e-01 3.380727767944335938e-01 4.484278559684753418e-01 4.409717619419097900e-01 3.932650089263916016e-01
