2018-07-23 18:45:00
1.179807424545288086e+00 1.565334200859069824e+00 6.192519068717956543e-01 4.947730302810668945e-01 1.242736339569091797e+00 6.945708990097045898e-01 6.618379354476928711e-01 8.599986433982849121e-01 1.244039535522460938e+00 1.049166917800903320e+00 1.403833389282226562e+00 1.603839278221130371e+00 1.057525992393493652e+00 1.591437101364135742e+00 1.254554271697998047e+00 8.021224737167358398e-01 1.035866856575012207e+00 8.229806423187255859e-01 1.240105628967285156e+00 1.196218013763427734e+00
9.250005483627319336e-01 5.015109777450561523e-01 9.390372633934020996e-01 8.376284837722778320e-01 1.144265055656433105e+00 9.047784209251403809e-01 1.112728118896484375e+00 1.068434953689575195e+00 1.198830366134643555e+00 1.378298759460449219e+00 8.243174552917480469e-01 9.254677295684814453e-01 9.825159311294555664e-01 7.414173483848571777e-01 7.473179101943969727e-01 1.141796469688415527e+00 7.978509664535522461e-01 1.330223798751831055e+00 8.489744067192077637e-01 8.100844025611877441e-01
7.974429130554199219e-01 9.866071939468383789e-01 7.226362824440002441e-01 1.033036112785339355e+00 9.979452490806579590e-01 1.092126607894897461e+00 1.059159278869628906e+00 8.468739986419677734e-01 8.537206649780273438e-01 8.349523544311523438e-01 8.820630311965942383e-01 9.473865628242492676e-01 1.055653810501098633e+00 1.123591423034667969e+00 1.135515689849853516e+00 9.982302784919738770e-01 7.004917860031127930e-01 9.411681890487670898e-01 1.350649833679199219e+00 5.855973362922668457e-01
1.014806389808654785e+00 1.130047678947448730e+00 7.475152015686035156e-01 7.920736074447631836e-01 1.038919806480407715e+00 1.624305963516235352e+00 1.882182240486145020e+00 7.443063259124755859e-01 9.323691725730895996e-01 1.031327962875366211e+00 1.176420927047729492e+00 1.229878664016723633e+00 1.585166573524475098e+00 1.123017072677612305e+00 1.050403714179992676e+00 1.196157097816467285e+00 1.250987291336059570e+00 7.014766931533813477e-01 1.141726255416870117e+00 1.682754039764404297e+00
9.255045056343078613e-01 6.922701597213745117e-01 1.095251917839050293e+00 8.286892175674438477e-01 9.045326709747314453e-01 6.889014244079589844e-01 5.807743668556213379e-01 5.622010231018066406e-01 6.974465250968933105e-01 7.704846262931823730e-01 7.919421792030334473e-01 1.392043590545654297e+00 7.690217494964599609e-01 1.259421586990356445e+00 1.211626052856445312e+00 8.460798263549804688e-01 1.067834138870239258e+00 9.506780505180358887e-01 6.812295913696289062e-01 9.464898705482482910e-01
1.462768197059631348e+00 9.503464102745056152e-01 1.013909339904785156e+00 4.770247340202331543e-01 1.110154151916503906e+00 5.034763813018798828e-01 8.176510334014892578e-01 6.000739336013793945e-01 9.685342311859130859e-01 1.061926484107971191e+00 9.019519686698913574e-01 1.051476359367370605e+00 8.495305180549621582e-01 1.343271970748901367e+00 6.443218588829040527e-01 1.039340019226074219e+00 1.707811117172241211e+00 1.172073602676391602e+00 9.842845201492309570e-01 1.142117500305175781e+00
1.144811391830444336e+00 1.093720078468322754e+00 9.909873008728027344e-01 6.120836138725280762e-01 1.263819098472595215e+00 9.710349440574645996e-01 9.196976423263549805e-01 1.333222150802612305e+00 1.093790292739868164e+00 9.501274228096008301e-01 6.932178139686584473e-01 1.072260260581970215e+00 1.312478423118591309e+00 9.001980423927307129e-01 8.899003267288208008e-01 1.114642739295959473e+00 1.472067356109619141e+00 9.239352941513061523e-01 9.723715782165527344e-01 6.706316471099853516e-01
1.366898775100708008e+00 1.191049337387084961e+00 5.570396780967712402e-01 8.521304130554199219e-01 8.190237283706665039e-01 1.190812110900878906e+00 1.258959770202636719e+00 1.234223246574401855e+00 7.562478780746459961e-01 6.182500123977661133e-01 8.813105821609497070e-01 9.792502522468566895e-01 9.034033417701721191e-01 9.932470321655273438e-01 6.372263431549072266e-01 1.293378353118896484e+00 8.619532585144042969e-01 1.159572362899780273e+00 1.080050706863403320e+00 1.495133280754089355e+00
1.005744457244873047e+00 7.304536104202270508e-01 5.868614912033081055e-01 9.359329938888549805e-01 1.055775642395019531e+00 5.912712812423706055e-01 6.289891600608825684e-01 6.952832937240600586e-01 6.895298957824707031e-01 1.138770818710327148e+00 8.733311891555786133e-01 8.989694118499755859e-01 1.177833199501037598e+00 1.276569008827209473e+00 9.197373986244201660e-01 7.350070476531982422e-01 1.212203145027160645e+00 1.552591562271118164e+00 7.136018276214599609e-01 1.228362917900085449e+00
7.471776604652404785e-01 1.294659376144409180e+00 8.853898644447326660e-01 1.111900329589843750e+00 1.114649057388305664e+00 9.939979314804077148e-01 5.945905447006225586e-01 7.314550280570983887e-01 7.981365919113159180e-01 8.409717679023742676e-01 9.123758077621459961e-01 8.125210404396057129e-01 9.381332993507385254e-01 8.656467199325561523e-01 1.052846193313598633e+00 1.035281896591186523e+00 9.836736917495727539e-01 9.661476016044616699e-01 1.192801952362060547e+00 9.454319477081298828e-01
1.014814853668212891e+00 1.043806314468383789e+00 1.050682544708251953e+00 9.489549398422241211e-01 8.530976176261901855e-01 5.522183179855346680e-01 8.520519733428955078e-01 8.549015522003173828e-01 1.402278184890747070e+00 9.043742418289184570e-01 1.060331702232360840e+00 9.870779514312744141e-01 8.972081542015075684e-01 1.196649551391601562e+00 4.994689524173736572e-01 6.359652280807495117e-01 9.031897783279418945e-01 1.101224899291992188e+00 1.347387790679931641e+00 1.051414012908935547e+00
6.680838465690612793e-01 7.036008834838867188e-01 7.031669020652770996e-01 4.076941013336181641e-01 8.840323686599731445e-01 9.210197925567626953e-01 6.142834424972534180e-01 1.215216875076293945e+00 9.512987136840820312e-01 1.034051656723022461e+00 8.571963906288146973e-01 5.818201303482055664e-01 9.665720462799072266e-01 5.353263616561889648e-01 6.049364805221557617e-01 1.075443744659423828e+00 1.012007474899291992e+00 9.415366649627685547e-01 1.080223202705383301e+00 1.766361474990844727e+00
1.019372820854187012e+00 1.004430413246154785e+00 6.213635206222534180e-01 1.211285352706909180e+00 1.146970987319946289e+00 4.684681594371795654e-01 1.039726257324218750e+00 8.056011199951171875e-01 4.409315288066864014e-01 9.304091930389404297e-01 1.050417661666870117e+00 1.250943422317504883e+00 6.803218722343444824e-01 1.171828866004943848e+00 1.103380799293518066e+00 3.867373764514923096e-01 1.038233757019042969e+00 8.594481945037841797e-01 6.698186397552490234e-01 1.603461027145385742e+00
1.049432396888732910e+00 7.439101934432983398e-01 1.149293065071105957e+00 1.155529022216796875e+00 9.199833273887634277e-01 1.020640611648559570e+00 5.162708163261413574e-01 1.380797982215881348e+00 9.126831889152526855e-01 8.131023049354553223e-01 7.864447236061096191e-01 6.095244884490966797e-01 9.420855045318603516e-01 1.129024982452392578e+00 1.293539285659790039e+00 7.829564809799194336e-01 9.400795698165893555e-01 7.611061334609985352e-01 7.624232172966003418e-01 5.583573579788208008e-01
1.160881280899047852e+00 1.423344850540161133e+00 6.939731836318969727e-01 9.180401563644409180e-01 8.001856803894042969e-01 9.696003794670104980e-01 7.344648838043212891e-01 9.451418519020080566e-01 1.085988521575927734e+00 1.291475415229797363e+00 1.260220050811767578e+00 9.422177076339721680e-01 8.305349349975585938e-01 1.228953361511230469e+00 1.038515090942382812e+00 4.632266759872436523e-01 1.208404064178466797e+00 1.387308478355407715e+00 1.626004457473754883e+00 8.741915225982666016e-01
8.955070972442626953e-01 1.283145904541015625e+00 7.802010774612426758e-01 8.410385847091674805e-01 9.290980696678161621e-01 7.004064917564392090e-01 9.457757472991943359e-01 1.387570381164550781e+00 8.406984210014343262e-01 8.066250085830688477e-01 6.843615770339965820e-01 1.359442591667175293e+00 7.842165827751159668e-01 1.215066194534301758e+00 1.180600166320800781e+00 8.214862346649169922e-01 1.356776833534240723e+00 6.725965142250061035e-01 1.091870546340942383e+00 6.713614463806152344e-01
9.519346952438354492e-01 9.102021455764770508e-01 1.137883901596069336e+00 9.812366962432861328e-01 9.926187992095947266e-01 9.302808046340942383e-01 1.005237936973571777e+00 8.817772865295410156e-01 1.128375053405761719e+00 7.695987820625305176e-01 1.749352335929870605e+00 9.717278480529785156e-01 1.335951805114746094e+00 1.266509056091308594e+00 1.290403842926025391e+00 7.544335126876831055e-01 6.770160198211669922e-01 6.864136457443237305e-01 9.309063553810119629e-01 8.492780327796936035e-01
8.659958243370056152e-01 1.013607740402221680e+00 5.709844231605529785e-01 1.075417041778564453e+00 9.131655693054199219e-01 6.454482674598693848e-01 6.980440020561218262e-01 7.703601717948913574e-01 1.158895969390869141e+00 1.162356138229370117e+00 1.037512063980102539e+00 1.075315117835998535e+00 7.116960287094116211e-01 1.132690191268920898e+00 7.337794899940490723e-01 1.412698268890380859e+00 1.083951234817504883e+00 1.141702532768249512e+00 9.424256682395935059e-01 1.275028824806213379e+00
9.424477219581604004e-01 6.648418903350830078e-01 1.059242010116577148e+00 9.333481192588806152e-01 9.596146941184997559e-01 1.060611248016357422e+00 1.259775400161743164e+00 1.227384567260742188e+00 9.875197410583496094e-01 7.894352674484252930e-01 9.102888405323028564e-02 8.591718077659606934e-01 1.041082143783569336e+00 9.390558004379272461e-01 8.343241214752197266e-01 7.242907881736755371e-01 1.192674398422241211e+00 7.889406681060791016e-01 1.262410998344421387e+00 1.089813709259033203e+00
1.464842796325683594e+00 1.121871829032897949e+00 1.006961345672607422e+00 1.180746555328369141e+00 7.372748851776123047e-01 7.999781370162963867e-01 1.267730951309204102e+00 1.186610937118530273e+00 5.090147256851196289e-01 8.252012729644775391e-01 7.735060453414916992e-01 1.056140899658203125e+00 4.593306481838226318e-01 8.258551359176635742e-01 9.727752804756164551e-01 1.306655406951904297e+00 8.942752480506896973e-01 1.053152561187744141e+00 8.501573801040649414e-01 1.251987457275390625e+00
