2018-07-23 19:30:00
2.900905609130859375e-01 5.837042331695556641e-01 3.030741810798645020e-01 4.019763767719268799e-01 3.374778628349304199e-01 2.172474861145019531e-01 3.812618255615234375e-01 5.899585485458374023e-01 4.830968976020812988e-01 5.548156499862670898e-01 5.736821889877319336e-01 4.521110057830810547e-01 6.451146006584167480e-01 7.146297097206115723e-01 7.676268815994262695e-01 9.942149519920349121e-01 4.083308577537536621e-01 5.991823077201843262e-01 6.135352849960327148e-01 7.533763647079467773e-01
2.144774794578552246e-01 3.977162837982177734e-01 5.293692946434020996e-01 2.462415397167205811e-01 5.057647228240966797e-01 3.405789732933044434e-01 5.010714530944824219e-01 4.012576341629028320e-01 5.963833928108215332e-01 4.966630637645721436e-01 6.017060279846191406e-01 4.461675882339477539e-01 5.373075604438781738e-01 6.812236309051513672e-01 8.056784868240356445e-01 8.528535962104797363e-01 6.942936182022094727e-01 7.554026842117309570e-01 3.275673389434814453e-01 9.019744992256164551e-01
3.469772636890411377e-01 4.317054152488708496e-01 4.108845889568328857e-01 4.154508709907531738e-01 4.872613549232482910e-01 6.839825510978698730e-01 3.177609145641326904e-01 3.556924462318420410e-01 4.205973744392395020e-01 6.931687593460083008e-01 4.086744189262390137e-01 2.424646914005279541e-01 3.260999917984008789e-01 5.674463510513305664e-01 5.499359369277954102e-01 1.046109676361083984e+00 9.245935082435607910e-01 9.597002267837524414e-01 7.745084762573242188e-01 3.283859491348266602e-01
4.017484486103057861e-01 1.363032758235931396e-01 1.802661716938018799e-01 3.009909093379974365e-01 4.180726408958435059e-01 3.751982748508453369e-01 3.843800127506256104e-01 2.954387068748474121e-01 3.966809809207916260e-01 6.659072637557983398e-01 3.515774011611938477e-01 3.666140735149383545e-01 5.236354470252990723e-01 6.760355830192565918e-01 7.828157544136047363e-01 1.219944000244140625e+00 8.379717469215393066e-01 5.324105024337768555e-01 7.932311296463012695e-01 5.643121004104614258e-01
2.773929834365844727e-01 2.938840091228485107e-01 3.649113774299621582e-01 3.310241699218750000e-01 3.514529466629028320e-01 3.693349063396453857e-01 2.290461659431457520e-01 1.845053881406784058e-01 9.106949567794799805e-01 6.954755783081054688e-01 3.667945265769958496e-01 6.567479372024536133e-01 6.553611159324645996e-01 6.660115122795104980e-01 6.396890878677368164e-01 4.179036319255828857e-01 1.048671483993530273e+00 5.253521203994750977e-01 6.160243749618530273e-01 4.419571757316589355e-01
2.451587319374084473e-01 2.324540615081787109e-01 7.547329664230346680e-01 4.088827371597290039e-01 2.130719125270843506e-01 4.218955039978027344e-01 4.281069636344909668e-01 4.040976762771606445e-01 2.883693575859069824e-01 4.130090475082397461e-01 3.799129724502563477e-01 6.997462511062622070e-01 5.923465490341186523e-01 8.295462131500244141e-01 1.037331223487854004e+00 6.776984930038452148e-01 7.115982770919799805e-01 7.787225246429443359e-01 5.773997902870178223e-01 7.213332653045654297e-01
5.648408532142639160e-01 3.535470068454742432e-01 4.537598192691802979e-01 4.962863326072692871e-01 5.185903310775756836e-01 3.994807004928588867e-01 3.649939298629760742e-01 3.943997025489807129e-01 3.091027736663818359e-01 5.830522775650024414e-01 3.911814391613006592e-01 5.608417987823486328e-01 4.214635789394378662e-01 3.812623322010040283e-01 3.285870552062988281e-01 7.385348081588745117e-01 8.105641603469848633e-01 7.976637482643127441e-01 8.370027542114257812e-01 5.567655563354492188e-01
4.030873179435729980e-01 4.344791769981384277e-01 2.790858149528503418e-01 3.652919530868530273e-01 3.092936277389526367e-01 3.049269020557403564e-01 2.905068993568420410e-01 5.318651795387268066e-01 4.905481040477752686e-01 3.665504157543182373e-01 6.710563898086547852e-01 3.740307092666625977e-01 8.313201665878295898e-01 1.873280704021453857e-01 6.326123476028442383e-01 8.224815130233764648e-01 7.898532152175903320e-01 5.768320560455322266e-01 3.878228664398193359e-01 5.301909446716308594e-01
3.464756608009338379e-01 2.512895762920379639e-01 3.579972386360168457e-01 5.419737100601196289e-01 3.827305436134338379e-01 3.567675948143005371e-01 4.847259521484375000e-01 7.117302417755126953e-01 2.006085962057113647e-01 3.607654571533203125e-01 2.657754421234130859e-01 3.139109611511230469e-01 4.924536049365997314e-01 5.252593755722045898e-01 4.764590263366699219e-01 6.094796657562255859e-01 5.200564265251159668e-01 4.697454571723937988e-01 8.887604475021362305e-01 6.283313035964965820e-01
1.451319903135299683e-01 4.808495044708251953e-01 4.288597106933593750e-01 2.576800584793090820e-01 2.858582437038421631e-01 4.675978720188140869e-01 2.328436821699142456e-01 4.390887022018432617e-01 2.910376489162445068e-01 5.135455131530761719e-01 5.416191220283508301e-01 4.905663430690765381e-01 4.985546469688415527e-01 4.378941357135772705e-01 3.396373391151428223e-01 3.924584984779357910e-01 5.718870162963867188e-01 7.841459512710571289e-01 7.207401990890502930e-01 5.462063550949096680e-01
3.347453474998474121e-01 2.938026785850524902e-01 4.097687304019927979e-01 6.002709269523620605e-01 1.886051893234252930e-01 4.053288698196411133e-01 4.304147362709045410e-01 5.031304359436035156e-01 3.196516633033752441e-01 4.115617573261260986e-01 5.092475414276123047e-01 3.969447612762451172e-01 3.415091633796691895e-01 4.089131057262420654e-01 4.824009537696838379e-01 5.638909935951232910e-01 4.708002805709838867e-01 6.741845607757568359e-01 5.601028800010681152e-01 3.326533138751983643e-01
3.007257878780364990e-01 3.022432923316955566e-01 2.850781083106994629e-01 5.073794126510620117e-01 4.139034152030944824e-01 4.901793599128723145e-01 2.991408705711364746e-01 3.248910307884216309e-01 5.185518264770507812e-01 2.886892557144165039e-01 3.724685609340667725e-01 5.018885731697082520e-01 5.025361776351928711e-01 4.354803264141082764e-01 5.445039272308349609e-01 4.448111951351165771e-01 3.240450024604797363e-01 6.465485095977783203e-01 2.695720195770263672e-01 6.394531726837158203e-01
4.938429594039916992e-01 3.126543164253234863e-01 2.211386859416961670e-01 2.563650608062744141e-01 4.836123585700988770e-01 3.371889889240264893e-01 1.927074044942855835e-01 3.845874071121215820e-01 1.976168006658554077e-01 3.859781622886657715e-01 3.140218257904052734e-01 4.980481863021850586e-01 3.065922856330871582e-01 4.012004733085632324e-01 4.334083199501037598e-01 5.867511034011840820e-01 4.686813354492187500e-01 3.187091350555419922e-01 4.579833745956420898e-01 4.592786431312561035e-01
3.296589851379394531e-01 3.203865587711334229e-01 2.718981504440307617e-01 2.973951697349548340e-01 4.368083477020263672e-01 3.039678037166595459e-01 4.951831698417663574e-01 3.521007895469665527e-01 2.401228547096252441e-01 2.794705629348754883e-01 1.931234598159790039e-01 4.681381583213806152e-01 1.625289320945739746e-01 5.064063072204589844e-01 5.027231574058532715e-01 3.156683743000030518e-01 5.758623480796813965e-01 4.138074815273284912e-01 2.133772075176239014e-01 4.613771140575408936e-01
1.328945755958557129e-01 4.927206337451934814e-01 1.783043146133422852e-01 3.900292515754699707e-01 2.181377112865447998e-01 4.702998697757720947e-01 3.723249435424804688e-01 4.289630055427551270e-01 2.751322984695434570e-01 2.600028216838836670e-01 3.205968439579010010e-01 5.775473713874816895e-01 2.816467881202697754e-01 1.497600078582763672e-01 4.177843928337097168e-01 2.423145473003387451e-01 3.513687849044799805e-01 3.990471363067626953e-01 4.662318825721740723e-01 3.649550676345825195e-01
5.450239181518554688e-01 2.339634597301483154e-01 3.730500340461730957e-01 4.318619966506958008e-01 1.593160182237625122e-01 3.037035167217254639e-01 2.930861711502075195e-01 3.554827272891998291e-01 3.580860495567321777e-01 3.078754246234893799e-01 2.340094596147537231e-01 2.824942469596862793e-01 2.716060876846313477e-01 3.609281182289123535e-01 4.968930184841156006e-01 2.434211373329162598e-01 4.711482524871826172e-01 3.522231578826904297e-01 2.752672731876373291e-01 3.284437656402587891e-01
4.390169084072113037e-01 2.760362327098846436e-01 3.045887351036071777e-01 3.464975655078887939e-01 6.141211986541748047e-01 4.313773810863494873e-01 3.043772876262664795e-01 3.909381031990051270e-01 2.577562928199768066e-01 4.065658748149871826e-01 2.790010273456573486e-01 4.089467525482177734e-01 2.785775363445281982e-01 8.889609575271606445e-02 7.960042357444763184e-02 2.615818977355957031e-01 4.118774533271789551e-01 1.950409114360809326e-01 3.885644376277923584e-01 2.625804543495178223e-01
4.525339603424072266e-01 3.376973867416381836e-01 3.611734807491302490e-01 2.965726852416992188e-01 1.849110871553421021e-01 5.984716415405273438e-01 4.543674886226654053e-01 4.053210616111755371e-01 2.670878171920776367e-01 1.565785259008407593e-01 2.326516807079315186e-01 4.195575714111328125e-01 1.498688310384750366e-01 3.790152668952941895e-01 2.953304648399353027e-01 9.771710634231567383e-02 3.102192282676696777e-01 3.606722354888916016e-01 5.435304641723632812e-01 3.101614117622375488e-01
3.488778471946716309e-01 3.389575183391571045e-01 3.905807137489318848e-01 3.880522251129150391e-01 2.030471712350845337e-01 3.473328948020935059e-01 3.316679000854492188e-01 2.673299312591552734e-01 4.366081953048706055e-01 6.882153749465942383e-01 7.453275918960571289e-01 1.842637360095977783e-01 3.780884742736816406e-01 3.730461001396179199e-01 1.521993577480316162e-01 2.972427606582641602e-01 3.515583872795104980e-01 4.421426057815551758e-01 3.567628264427185059e-01 2.895762026309967041e-01
4.304898381233215332e-01 4.074356257915496826e-01 4.011511206626892090e-01 3.523710370063781738e-01 2.540312409400939941e-01 3.753649294376373291e-01 4.454297721385955811e-01 5.178729295730590820e-01 3.737894296646118164e-01 5.833516716957092285e-01 4.417085945606231689e-01 5.268626809120178223e-01 5.105638504028320312e-01 2.967787981033325195e-01 2.741003632545471191e-01 3.164434432983398438e-01 3.796282410621643066e-01 1.398065537214279175e-01 2.865630388259887695e-01 3.484313786029815674e-01
