2018-07-23 21:15:00
3.126050531864166260e-01 1.895839869976043701e-01 5.142247080802917480e-01 3.310152888298034668e-01 2.470376193523406982e-01 3.770500719547271729e-01 3.119741082191467285e-01 2.109139561653137207e-01 2.797281146049499512e-01 1.550737619400024414e-01 3.720541298389434814e-01 3.958334326744079590e-01 4.518919587135314941e-01 5.458178520202636719e-01 5.371812582015991211e-01 6.921292543411254883e-01 3.344614505767822266e-01 5.453876256942749023e-01 1.261381804943084717e-01 4.491410851478576660e-01
4.431392550468444824e-01 4.715319573879241943e-01 2.799195945262908936e-01 2.838839590549468994e-01 1.815752834081649780e-01 5.069759488105773926e-01 1.961076855659484863e-01 3.752781450748443604e-01 3.477115631103515625e-01 3.864510059356689453e-01 2.135802060365676880e-01 3.811764419078826904e-01 2.891858220100402832e-01 1.775950491428375244e-01 2.878131270408630371e-01 3.934226632118225098e-01 3.180870413780212402e-01 3.620910048484802246e-01 3.689436912536621094e-01 1.963031291961669922e-01
2.279468476772308350e-01 6.627287268638610840e-01 4.543839395046234131e-01 2.328669130802154541e-01 5.295351743698120117e-01 3.316279351711273193e-01 3.490144014358520508e-01 3.025398850440979004e-01 4.462093114852905273e-01 2.691688537597656250e-01 4.113947153091430664e-01 2.139944434165954590e-01 4.019307494163513184e-01 3.482407033443450928e-01 1.932337880134582520e-01 4.970126152038574219e-01 4.078927636146545410e-01 1.832386106252670288e-01 3.989653885364532471e-01 2.388893514871597290e-01
2.460910826921463013e-01 3.695307970046997070e-01 4.230701625347137451e-01 2.863680720329284668e-01 4.334533214569091797e-01 3.122787475585937500e-01 4.053354263305664062e-01 4.633334577083587646e-01 3.864255547523498535e-01 4.137505888938903809e-01 7.100570201873779297e-01 2.885010242462158203e-01 3.279243409633636475e-01 4.531541466712951660e-01 3.287049829959869385e-01 4.322445988655090332e-01 3.210525512695312500e-01 3.301286697387695312e-01 2.794645428657531738e-01 4.217928946018218994e-01
2.435900419950485229e-01 2.335029393434524536e-01 2.430458366870880127e-01 2.787500619888305664e-01 3.499399423599243164e-01 4.587402343750000000e-01 2.101615667343139648e-01 4.343799650669097900e-01 6.003634333610534668e-01 3.088065981864929199e-01 3.028520941734313965e-01 2.925209701061248779e-01 6.675363779067993164e-01 3.412522077560424805e-01 2.160544842481613159e-01 4.806779623031616211e-01 4.397930800914764404e-01 3.576999902725219727e-01 1.997781991958618164e-01 2.000854611396789551e-01
4.569317400455474854e-01 2.473847717046737671e-01 2.747873067855834961e-01 3.749597072601318359e-01 4.140890836715698242e-01 4.771654605865478516e-01 2.816329300403594971e-01 2.840329706668853760e-01 3.580269813537597656e-01 3.756082057952880859e-01 2.262069582939147949e-01 4.150701463222503662e-01 3.062628507614135742e-01 2.191336154937744141e-01 2.879024147987365723e-01 3.895542621612548828e-01 3.339347541332244873e-01 2.615129351615905762e-01 2.762344777584075928e-01 3.688365817070007324e-01
5.554845929145812988e-01 1.303080171346664429e-01 4.919936358928680420e-01 4.351639747619628906e-01 4.590721130371093750e-01 6.183440089225769043e-01 2.229130566120147705e-01 3.281025588512420654e-01 3.785911500453948975e-01 4.735753536224365234e-01 3.275776803493499756e-01 3.338927626609802246e-01 5.514339208602905273e-01 4.774022102355957031e-01 3.287285268306732178e-01 4.332844614982604980e-01 4.174558222293853760e-01 4.014290571212768555e-01 3.919650316238403320e-01 2.847476303577423096e-01
4.739354848861694336e-01 2.159243375062942505e-01 2.153284251689910889e-01 4.381788671016693115e-01 3.255638480186462402e-01 2.865557372570037842e-01 3.376846909523010254e-01 2.849684357643127441e-01 2.018266916275024414e-01 1.731519401073455811e-01 3.979056477546691895e-01 2.771762013435363770e-01 5.891765356063842773e-01 4.378886222839355469e-01 5.178465247154235840e-01 3.885487616062164307e-01 3.373576402664184570e-01 2.540637254714965820e-01 4.424120187759399414e-01 2.924574911594390869e-01
2.500247359275817871e-01 4.255206286907196045e-01 2.486853897571563721e-01 5.519428253173828125e-01 2.804114818572998047e-01 4.842887520790100098e-01 4.002315402030944824e-01 3.312052786350250244e-01 1.711375415325164795e-01 3.062093555927276611e-01 3.822348117828369141e-01 2.322018891572952271e-01 6.583155989646911621e-01 2.246705889701843262e-01 2.879987955093383789e-01 2.514876425266265869e-01 2.656830847263336182e-01 3.306022882461547852e-01 4.310466647148132324e-01 2.916534245014190674e-01
2.809309661388397217e-01 2.978433370590209961e-01 3.243986964225769043e-01 2.913165092468261719e-01 2.354507446289062500e-01 5.614337325096130371e-01 1.557192057371139526e-01 5.879040360450744629e-01 2.954219579696655273e-01 3.128145039081573486e-01 2.990847826004028320e-01 3.358989953994750977e-01 2.330998778343200684e-01 2.188284844160079956e-01 1.906201392412185669e-01 3.578303456306457520e-01 3.193563520908355713e-01 4.183241724967956543e-01 3.083376288414001465e-01 4.657496213912963867e-01
3.354240655899047852e-01 2.478937804698944092e-01 2.405166923999786377e-01 2.513965666294097900e-01 4.540001153945922852e-01 4.634416103363037109e-01 4.206295907497406006e-01 1.026618704199790955e-01 3.468774557113647461e-01 4.451778531074523926e-01 1.804609745740890503e-01 1.890719532966613770e-01 3.265079855918884277e-01 3.953744769096374512e-01 2.353487461805343628e-01 2.851915657520294189e-01 3.628329634666442871e-01 3.728334307670593262e-01 5.150869488716125488e-01 3.107117414474487305e-01
2.493153661489486694e-01 2.760978341102600098e-01 2.655059695243835449e-01 2.584143280982971191e-01 3.055274784564971924e-01 2.538471519947052002e-01 4.308172762393951416e-01 1.785182505846023560e-01 3.018004000186920166e-01 1.096724346280097961e-01 4.414277374744415283e-01 4.243716597557067871e-01 3.727842867374420166e-01 3.865841031074523926e-01 2.938994467258453369e-01 4.686692357063293457e-01 4.191972017288208008e-01 4.022979736328125000e-01 2.219336330890655518e-01 2.686153948307037354e-01
2.053229212760925293e-01 3.156548142433166504e-01 3.374813497066497803e-01 3.657650053501129150e-01 3.328385949134826660e-01 3.868297338485717773e-01 2.828395366668701172e-01 2.062196731567382812e-01 3.646851480007171631e-01 3.592894673347473145e-01 3.073593974113464355e-01 2.118996381759643555e-01 1.867599338293075562e-01 2.285274863243103027e-01 4.188991189002990723e-01 3.271471858024597168e-01 3.966793417930603027e-01 1.536044627428054810e-01 1.656073182821273804e-01 3.238674998283386230e-01
3.030642867088317871e-01 2.548283934593200684e-01 1.798506379127502441e-01 4.233914613723754883e-01 2.469658702611923218e-01 3.047258853912353516e-01 3.068921566009521484e-01 1.763864159584045410e-01 4.468949437141418457e-01 2.336180359125137329e-01 3.126180171966552734e-01 3.900082111358642578e-01 8.567178994417190552e-02 2.028973400592803955e-01 3.593103587627410889e-01 1.893052160739898682e-01 3.226593732833862305e-01 4.353818297386169434e-01 2.472051829099655151e-01 1.929899454116821289e-01
2.023194283246994019e-01 4.577918052673339844e-01 2.991350889205932617e-01 2.773900628089904785e-01 2.448512017726898193e-01 5.400842428207397461e-01 4.907876551151275635e-01 4.123749732971191406e-01 3.809981346130371094e-01 4.443035423755645752e-01 2.845292687416076660e-01 3.494956493377685547e-01 3.488914966583251953e-01 4.978658258914947510e-01 2.940010726451873779e-01 1.931653767824172974e-01 1.845878660678863525e-01 4.587224721908569336e-01 2.861664891242980957e-01 3.687368631362915039e-01
2.355798184871673584e-01 3.451494276523590088e-01 4.733290672302246094e-01 3.291912078857421875e-01 4.095522761344909668e-01 3.093356490135192871e-01 3.412179946899414062e-01 2.645263075828552246e-01 3.584655821323394775e-01 2.524026632308959961e-01 2.036718428134918213e-01 3.728093504905700684e-01 3.045443892478942871e-01 5.046716928482055664e-01 2.233078181743621826e-01 2.318854033946990967e-01 3.200708031654357910e-01 2.309341579675674438e-01 2.667868137359619141e-01 3.893806934356689453e-01
4.854680299758911133e-01 5.031382441520690918e-01 5.566029548645019531e-01 3.695537447929382324e-01 6.455560028553009033e-02 3.872117400169372559e-01 4.409120082855224609e-01 4.492064714431762695e-01 2.001062184572219849e-01 4.966410994529724121e-01 3.714437782764434814e-01 2.325537800788879395e-01 6.626583337783813477e-01 4.614521861076354980e-01 4.199189245700836182e-01 4.100567698478698730e-01 4.785009026527404785e-01 2.253750562667846680e-01 3.816012442111968994e-01 1.017248928546905518e-01
3.372342884540557861e-01 2.482604384422302246e-01 4.446033239364624023e-01 2.892404496669769287e-01 1.204547807574272156e-01 2.676004171371459961e-01 3.817540705204010010e-01 2.990563511848449707e-01 3.061419129371643066e-01 4.373588860034942627e-01 2.865910232067108154e-01 1.556297391653060913e-01 3.991790711879730225e-01 3.956395089626312256e-01 4.121916294097900391e-01 3.006953299045562744e-01 3.566734194755554199e-01 3.364937901496887207e-01 5.372515320777893066e-01 2.422442734241485596e-01
2.827742695808410645e-01 1.239316239953041077e-01 3.499767482280731201e-01 2.978174686431884766e-01 2.442094385623931885e-01 1.082574129104614258e-01 4.034911394119262695e-01 4.424708187580108643e-01 4.140870273113250732e-01 6.621052622795104980e-01 3.937692940235137939e-01 1.425307989120483398e-01 3.054587170481681824e-02 2.762131094932556152e-01 5.718627572059631348e-01 3.510441184043884277e-01 5.482785701751708984e-01 3.724687099456787109e-01 2.056811153888702393e-01 4.433112442493438721e-01
3.992023468017578125e-01 2.980236411094665527e-01 3.625482320785522461e-01 3.983137607574462891e-01 2.669721245765686035e-01 4.138540327548980713e-01 4.008516073226928711e-01 2.758840322494506836e-01 5.770176053047180176e-01 4.059342741966247559e-01 4.093152582645416260e-01 4.961647093296051025e-01 3.612198829650878906e-01 2.135334461927413940e-01 1.283669322729110718e-01 4.438446164131164551e-01 2.436845153570175171e-01 3.743337392807006836e-01 4.124170243740081787e-01 3.534717559814453125e-01
