2018-07-23 21:30:00
3.056789636611938477e-01 1.556033194065093994e-01 2.820366024971008301e-01 3.482989072799682617e-01 3.675017654895782471e-01 3.954401910305023193e-01 4.647486805915832520e-01 1.524128615856170654e-01 5.097032785415649414e-01 2.838396430015563965e-01 1.315922141075134277e-01 2.565803527832031250e-01 4.406327605247497559e-01 1.785355955362319946e-01 2.944368124008178711e-01 2.522217929363250732e-01 2.910963296890258789e-01 3.198823630809783936e-01 2.350350022315979004e-01 2.405270636081695557e-01
2.594444751739501953e-01 2.661877870559692383e-01 4.299797415733337402e-01 5.302696824073791504e-01 4.801506996154785156e-01 3.725941479206085205e-01 3.185874819755554199e-01 2.744204998016357422e-01 2.340020388364791870e-01 2.753235697746276855e-01 2.195806205272674561e-01 2.250201702117919922e-01 1.840031743049621582e-01 3.271761536598205566e-01 4.041954874992370605e-01 2.121568024158477783e-01 1.610438227653503418e-01 3.483902215957641602e-01 3.191505074501037598e-01 2.253086566925048828e-01
5.009338259696960449e-03 1.379077136516571045e-01 5.736002922058105469e-01 2.540891170501708984e-01 4.543584883213043213e-01 4.747318029403686523e-01 3.912112116813659668e-01 2.512310147285461426e-01 2.802577018737792969e-01 2.362949848175048828e-01 3.864001035690307617e-01 5.305159687995910645e-01 1.818360388278961182e-01 2.431660890579223633e-01 3.546835780143737793e-01 1.979883313179016113e-01 4.765891134738922119e-01 2.290917038917541504e-01 3.536497652530670166e-01 5.110821723937988281e-01
2.758291363716125488e-01 2.751333117485046387e-01 4.282002449035644531e-01 2.814799249172210693e-01 1.426410079002380371e-01 2.423337697982788086e-01 2.095804959535598755e-01 7.235246896743774414e-02 1.784411817789077759e-01 2.173612564802169800e-01 4.984501600265502930e-01 3.178842663764953613e-01 1.001395583152770996e-01 2.308997511863708496e-01 4.403507709503173828e-01 2.227909564971923828e-01 2.347374558448791504e-01 1.729708537459373474e-02 2.070010751485824585e-01 1.703247427940368652e-01
1.920876055955886841e-01 1.654748171567916870e-01 2.113549411296844482e-01 1.589341759681701660e-01 2.122625261545181274e-01 5.324014425277709961e-01 3.559950292110443115e-01 4.572532773017883301e-01 2.453281432390213013e-01 5.164651274681091309e-01 1.348532736301422119e-01 2.411852926015853882e-01 9.498892724514007568e-02 1.656624376773834229e-01 3.151997327804565430e-01 3.373895585536956787e-01 1.763664633035659790e-01 4.811940789222717285e-01 5.639661550521850586e-01 1.429788470268249512e-01
3.122884929180145264e-01 1.726263910531997681e-01 3.243480324745178223e-01 4.161668419837951660e-01 6.566269397735595703e-01 6.587052345275878906e-01 4.494296908378601074e-01 4.304772615432739258e-01 2.638489007949829102e-01 1.920915991067886353e-01 1.134704053401947021e-01 1.799060255289077759e-01 1.020981222391128540e-01 2.972607016563415527e-01 2.972292304039001465e-01 3.298060297966003418e-01 1.351944655179977417e-01 1.719069778919219971e-01 4.945982098579406738e-01 1.790386438369750977e-01
5.218032002449035645e-01 6.039311885833740234e-01 2.808977961540222168e-01 2.933267951011657715e-01 4.575945138931274414e-01 1.988095641136169434e-01 4.867811203002929688e-01 2.169750928878784180e-01 3.600479066371917725e-01 3.125863373279571533e-01 3.600220084190368652e-01 2.573129534721374512e-01 4.759061932563781738e-01 1.856275200843811035e-01 3.256351947784423828e-01 1.740507334470748901e-01 2.081519067287445068e-01 2.312620282173156738e-01 1.733060926198959351e-01 9.852118790149688721e-02
1.526791155338287354e-01 3.578996956348419189e-01 3.247995972633361816e-01 4.810066819190979004e-01 4.195280075073242188e-01 1.730681359767913818e-01 3.690452575683593750e-01 2.014728486537933350e-01 3.000773191452026367e-01 4.875731766223907471e-01 2.510561943054199219e-01 3.434574902057647705e-01 1.942172050476074219e-01 4.520200192928314209e-01 1.377517431974411011e-01 1.874539703130722046e-01 2.343675345182418823e-01 1.568124145269393921e-01 4.489646255970001221e-01 3.794847726821899414e-01
2.085133641958236694e-01 1.836228668689727783e-01 3.087397515773773193e-01 3.662633299827575684e-01 2.372431308031082153e-01 3.831837475299835205e-01 1.891208887100219727e-01 3.526151776313781738e-01 4.878316521644592285e-01 1.882962882518768311e-01 4.754141569137573242e-01 4.399549365043640137e-01 4.101840257644653320e-01 1.678317189216613770e-01 2.022570222616195679e-01 2.616246044635772705e-01 3.588407933712005615e-01 2.480394840240478516e-01 2.437074780464172363e-01 2.083763182163238525e-01
2.735392451286315918e-01 2.185748517513275146e-01 2.041721045970916748e-01 2.234261631965637207e-01 6.497269868850708008e-01 8.684400469064712524e-02 5.364025235176086426e-01 2.267103344202041626e-01 1.396361142396926880e-01 2.521831989288330078e-01 3.080835640430450439e-01 2.997779250144958496e-01 4.292795360088348389e-01 1.954865455627441406e-01 2.731569409370422363e-01 1.759561598300933838e-01 2.004336118698120117e-01 2.326143532991409302e-01 3.441259264945983887e-01 2.381989657878875732e-01
1.033447161316871643e-01 3.595118522644042969e-01 2.955521047115325928e-01 2.425152063369750977e-01 2.690178751945495605e-01 4.209115207195281982e-01 2.497445344924926758e-01 2.289111316204071045e-01 4.863350391387939453e-01 2.269793152809143066e-01 5.487908720970153809e-01 9.175594896078109741e-02 1.510984450578689575e-01 3.531944751739501953e-01 2.400482892990112305e-01 1.407739818096160889e-01 2.293353676795959473e-01 4.237693548202514648e-01 1.899755895137786865e-01 2.878840267658233643e-01
4.101793169975280762e-01 2.787662148475646973e-01 4.458993077278137207e-01 3.734368383884429932e-01 3.730901479721069336e-01 2.696669101715087891e-01 2.238645106554031372e-01 1.948951780796051025e-01 2.808979749679565430e-01 2.997547090053558350e-01 2.177185863256454468e-01 3.533269762992858887e-01 2.472591102123260498e-01 2.619147300720214844e-01 3.725318014621734619e-01 2.998669147491455078e-01 2.337494194507598877e-01 4.014832377433776855e-01 3.316677510738372803e-01 3.198723196983337402e-01
8.925208449363708496e-02 4.024435281753540039e-01 3.944137692451477051e-01 1.856478452682495117e-01 4.167463779449462891e-01 1.768988668918609619e-01 3.406481146812438965e-01 2.097187489271163940e-01 2.999095916748046875e-01 3.275445103645324707e-01 3.163945078849792480e-01 3.821963667869567871e-01 1.752886474132537842e-01 3.452343940734863281e-01 3.795048594474792480e-01 2.363899052143096924e-01 1.491019725799560547e-01 3.126480281352996826e-01 1.343208700418472290e-01 2.450265735387802124e-01
2.877954840660095215e-01 1.589149087667465210e-01 3.416035771369934082e-01 1.108002364635467529e-01 2.464493960142135620e-01 3.159011006355285645e-01 3.904891312122344971e-01 2.728990316390991211e-01 3.102914988994598389e-01 3.134543895721435547e-01 5.143560171127319336e-01 1.291418224573135376e-01 3.189261555671691895e-01 2.959318757057189941e-01 2.198534607887268066e-01 1.115787476301193237e-01 3.530415892601013184e-02 1.759260296821594238e-01 3.393706977367401123e-01 3.878397941589355469e-01
2.892042994499206543e-01 2.121502608060836792e-01 2.717981338500976562e-01 2.584693133831024170e-01 5.200273394584655762e-01 3.997141122817993164e-01 3.968714475631713867e-01 3.018622994422912598e-01 2.810284495353698730e-01 1.241744980216026306e-01 2.071236968040466309e-01 3.589420914649963379e-01 2.811298966407775879e-01 3.902382850646972656e-01 3.112345933914184570e-01 3.503062129020690918e-01 2.240560352802276611e-01 2.300902307033538818e-01 1.658900082111358643e-01 2.332298010587692261e-01
4.967729449272155762e-01 4.692560136318206787e-01 1.577427387237548828e-01 2.718172669410705566e-01 3.781843185424804688e-01 3.884183764457702637e-01 1.964520066976547241e-01 2.706857025623321533e-01 4.797429442405700684e-01 3.692856431007385254e-01 1.088427528738975525e-01 5.847759246826171875e-01 3.339430987834930420e-01 4.212785959243774414e-01 4.863262474536895752e-01 1.873338818550109863e-01 3.148725032806396484e-01 4.642079174518585205e-01 2.842013835906982422e-01 3.930525183677673340e-01
3.857568278908729553e-02 1.443320214748382568e-01 2.190929949283599854e-01 2.681511640548706055e-01 5.527926087379455566e-01 3.210804462432861328e-01 2.809870541095733643e-01 2.361231595277786255e-01 2.647276818752288818e-01 2.421953827142715454e-01 3.550611138343811035e-01 2.025353461503982544e-01 1.792127788066864014e-01 2.341292947530746460e-01 2.212301790714263916e-01 4.130846858024597168e-01 4.871495366096496582e-01 2.515377998352050781e-01 2.049261033535003662e-01 2.478094846010208130e-01
2.877598404884338379e-01 4.806782603263854980e-01 2.612458765506744385e-01 1.545127481222152710e-01 2.989012897014617920e-01 4.192658960819244385e-01 1.105772033333778381e-01 4.279522299766540527e-01 1.776474714279174805e-01 2.340850383043289185e-01 2.392344623804092407e-01 2.532691359519958496e-01 1.463988572359085083e-01 1.687496304512023926e-01 3.343952298164367676e-01 3.507285118103027344e-01 1.649606078863143921e-01 1.409015506505966187e-01 3.773972094058990479e-01 2.853237390518188477e-01
1.668592542409896851e-01 2.101577967405319214e-01 3.697134256362915039e-01 2.739819884300231934e-01 2.021765559911727905e-01 3.364295363426208496e-01 3.565678894519805908e-01 1.452252119779586792e-01 2.414172291755676270e-01 1.419146209955215454e-01 4.020433425903320312e-01 1.307138651609420776e-01 1.568809449672698975e-01 1.643127501010894775e-01 2.733764052391052246e-01 1.341336667537689209e-01 2.597734928131103516e-01 4.092882573604583740e-01 9.448529779911041260e-02 2.512124776840209961e-01
2.801294326782226562e-01 3.983803391456604004e-01 5.294963121414184570e-01 8.229175955057144165e-02 2.374350875616073608e-01 3.321304023265838623e-01 2.812206149101257324e-01 1.623944193124771118e-01 2.514140307903289795e-01 4.537476897239685059e-01 5.076020956039428711e-01 2.953213453292846680e-01 4.794089496135711670e-01 3.060355186462402344e-01 6.821924448013305664e-02 4.831626415252685547e-01 2.016565501689910889e-01 2.222388386726379395e-01 3.220843076705932617e-01 2.068357169628143311e-01
