2018-07-23 22:45:00
2.483798861503601074e-01 2.948829531669616699e-01 1.725790351629257202e-01 2.524075806140899658e-01 4.317871332168579102e-01 3.695933222770690918e-01 4.561139941215515137e-01 3.750408291816711426e-01 2.925202846527099609e-01 3.780365586280822754e-01 3.420301079750061035e-01 2.123165577650070190e-01 3.058358430862426758e-01 2.471094280481338501e-01 4.586030840873718262e-01 4.787636995315551758e-01 1.918568909168243408e-01 2.228341102600097656e-01 2.913887500762939453e-01 3.778948485851287842e-01
3.555807471275329590e-01 5.256080627441406250e-01 3.759417533874511719e-01 3.410023450851440430e-01 3.613055348396301270e-01 8.009803295135498047e-02 3.988826274871826172e-01 2.339747548103332520e-01 2.768498361110687256e-01 4.636774063110351562e-01 2.147825807332992554e-01 3.845567703247070312e-01 2.672177553176879883e-01 3.194791078567504883e-01 4.354546666145324707e-01 4.428660869598388672e-01 3.575991392135620117e-01 3.620171844959259033e-01 3.758995234966278076e-01 2.861222028732299805e-01
3.689037561416625977e-01 4.759110212326049805e-01 3.546500504016876221e-01 3.241354525089263916e-01 4.783218801021575928e-01 5.242711305618286133e-01 3.178328871726989746e-01 3.147651851177215576e-01 3.547243177890777588e-01 2.617928385734558105e-01 5.140656828880310059e-01 2.481900602579116821e-01 3.911263942718505859e-01 2.751277983188629150e-01 3.374640941619873047e-01 3.515591621398925781e-01 5.165464878082275391e-01 3.123796582221984863e-01 5.592330694198608398e-01 2.462118119001388550e-01
3.942730426788330078e-01 4.061089158058166504e-01 1.894993335008621216e-01 2.845133543014526367e-01 3.717094063758850098e-01 1.715365201234817505e-01 3.581589162349700928e-01 1.765140891075134277e-01 2.085389792919158936e-01 5.183253288269042969e-01 6.686896085739135742e-01 3.829250931739807129e-01 1.358395516872406006e-01 3.232410550117492676e-01 2.032769918441772461e-01 2.043297588825225830e-01 4.102002084255218506e-01 1.751303076744079590e-01 3.735089004039764404e-01 2.668898701667785645e-01
1.963049769401550293e-01 2.737176418304443359e-01 4.939211308956146240e-01 1.649938225746154785e-01 3.365645110607147217e-01 5.949811935424804688e-01 2.719650268554687500e-01 5.040556192398071289e-01 2.359231859445571899e-01 6.331530213356018066e-01 2.658309340476989746e-01 2.449912726879119873e-01 1.408801227807998657e-01 3.145465254783630371e-01 3.294695317745208740e-01 1.455313265323638916e-01 3.952391743659973145e-01 2.996349632740020752e-01 1.327122747898101807e-01 2.715666294097900391e-01
4.275946617126464844e-01 2.224903404712677002e-01 3.288953304290771484e-01 3.663218617439270020e-01 5.826590061187744141e-01 6.637716889381408691e-01 2.575472295284271240e-01 3.574247062206268311e-01 3.818977475166320801e-01 4.002228975296020508e-01 3.874923288822174072e-01 2.621637880802154541e-01 2.813196182250976562e-01 2.877841293811798096e-01 4.621596038341522217e-01 2.190660536289215088e-01 3.672915697097778320e-01 4.691785573959350586e-01 2.025551795959472656e-01 3.795152902603149414e-01
1.961535215377807617e-01 3.165690004825592041e-01 5.004705190658569336e-01 1.966234743595123291e-01 3.619115650653839111e-01 5.583993196487426758e-01 2.461145073175430298e-01 4.353912174701690674e-01 4.883889257907867432e-01 3.049412965774536133e-01 2.841359078884124756e-01 3.588558733463287354e-01 2.917910516262054443e-01 3.138108253479003906e-01 3.669364452362060547e-01 2.344890236854553223e-01 3.998862206935882568e-01 3.772914707660675049e-01 3.185597360134124756e-01 4.585327506065368652e-01
3.623835444450378418e-01 2.317712754011154175e-01 1.036984473466873169e-01 5.231403112411499023e-01 4.613583087921142578e-01 3.208577632904052734e-01 2.955774366855621338e-01 4.082133769989013672e-01 1.893238127231597900e-01 3.190937638282775879e-01 5.028052330017089844e-01 3.907330632209777832e-01 6.185197830200195312e-01 4.769104123115539551e-01 6.070583462715148926e-01 1.047540530562400818e-01 2.721117436885833740e-01 2.002483904361724854e-01 5.551564693450927734e-01 4.068683981895446777e-01
4.025661945343017578e-01 3.867436647415161133e-01 5.111758708953857422e-01 5.857448577880859375e-01 3.403547406196594238e-01 3.226154744625091553e-01 8.900347352027893066e-02 3.844989836215972900e-01 3.212105035781860352e-01 2.793100178241729736e-01 2.500116229057312012e-01 2.475504577159881592e-01 2.306146472692489624e-01 3.066106736660003662e-01 3.315233588218688965e-01 2.316547930240631104e-01 3.010811805725097656e-01 3.201944828033447266e-01 3.884724080562591553e-01 3.478552699089050293e-01
3.938408195972442627e-01 2.489742338657379150e-01 2.514221072196960449e-01 3.708370327949523926e-01 4.437843561172485352e-01 4.775610268115997314e-01 1.422048062086105347e-01 2.990219891071319580e-01 3.108604252338409424e-01 5.246454477310180664e-01 2.407044619321823120e-01 2.777924537658691406e-01 3.263870775699615479e-01 1.967673599720001221e-01 1.650567352771759033e-01 3.348296880722045898e-01 3.658001422882080078e-01 4.913922846317291260e-01 1.129093617200851440e-01 1.879808306694030762e-01
2.203587740659713745e-01 3.412973582744598389e-01 2.533494234085083008e-01 5.662208199501037598e-01 3.728514313697814941e-01 3.008074760437011719e-01 3.841622173786163330e-01 4.457546472549438477e-01 3.954309523105621338e-01 6.885980367660522461e-01 3.186990320682525635e-01 1.931046396493911743e-01 4.250844120979309082e-01 3.017208576202392578e-01 3.313307166099548340e-01 2.894712388515472412e-01 4.131292700767517090e-01 3.923201858997344971e-01 2.631095647811889648e-01 1.201378777623176575e-01
2.802786231040954590e-01 1.901479065418243408e-01 4.083072543144226074e-01 1.358984410762786865e-01 2.773886620998382568e-01 3.625243306159973145e-01 3.160755932331085205e-01 2.495279461145401001e-01 3.578493595123291016e-01 4.675149917602539062e-01 2.891652286052703857e-01 1.487962901592254639e-01 2.534498572349548340e-01 2.553259134292602539e-01 2.258757650852203369e-01 5.189985036849975586e-01 3.477700054645538330e-01 3.891742825508117676e-01 2.075372636318206787e-01 4.613780379295349121e-01
3.076879978179931641e-01 3.657206296920776367e-01 4.215381741523742676e-01 5.862066745758056641e-01 5.155802369117736816e-01 4.371782839298248291e-01 2.862667441368103027e-01 4.716544151306152344e-01 3.738997280597686768e-01 3.788513541221618652e-01 4.737570285797119141e-01 3.770467042922973633e-01 3.388852179050445557e-01 1.245535388588905334e-01 3.304721713066101074e-01 2.214649170637130737e-01 2.750826179981231689e-01 2.203254401683807373e-01 3.407220244407653809e-01 2.894579768180847168e-01
2.109321653842926025e-01 2.802571058273315430e-01 1.868209838867187500e-01 6.937973499298095703e-01 2.753006815910339355e-01 3.884562849998474121e-01 4.907020628452301025e-01 2.549603283405303955e-01 3.127815723419189453e-01 4.352700412273406982e-01 4.033654630184173584e-01 1.396733522415161133e-01 2.500646710395812988e-01 3.226503133773803711e-01 4.600636959075927734e-01 3.639857769012451172e-01 5.298041105270385742e-01 3.699134290218353271e-01 3.013430237770080566e-01 3.781589269638061523e-01
3.987120389938354492e-01 3.748530447483062744e-01 2.457007914781570435e-01 3.485315144062042236e-01 4.103516042232513428e-01 1.900568008422851562e-01 3.473113477230072021e-01 2.964675426483154297e-01 4.884164333343505859e-01 2.838429808616638184e-01 3.470287919044494629e-01 5.015643835067749023e-01 4.275276660919189453e-01 4.467911124229431152e-01 2.446525692939758301e-01 3.049488067626953125e-01 3.296115696430206299e-01 3.096217513084411621e-01 3.574271798133850098e-01 4.790123105049133301e-01
3.542101383209228516e-01 3.731132149696350098e-01 4.667969346046447754e-01 1.671248078346252441e-01 2.782724201679229736e-01 5.373026132583618164e-01 2.444686889648437500e-01 2.524755597114562988e-01 2.933942973613739014e-01 2.135940194129943848e-01 4.156909584999084473e-01 1.652287542819976807e-01 2.204464524984359741e-01 3.818922638893127441e-01 2.620089650154113770e-01 4.028364419937133789e-01 4.098072052001953125e-01 3.770771622657775879e-01 4.139526486396789551e-01 5.422154664993286133e-01
3.650264143943786621e-01 2.908778488636016846e-01 2.536214888095855713e-01 4.169897139072418213e-01 3.408315181732177734e-01 2.919324040412902832e-01 2.588928341865539551e-01 1.744907498359680176e-01 1.477741599082946777e-01 2.584779262542724609e-01 3.493771553039550781e-01 3.072633743286132812e-01 2.747167348861694336e-01 4.665297269821166992e-01 3.926905095577239990e-01 2.278669476509094238e-01 3.354620039463043213e-01 1.309153735637664795e-01 3.299449384212493896e-01 2.547887563705444336e-01
2.558100223541259766e-01 3.969885408878326416e-01 4.244816601276397705e-01 3.062753081321716309e-01 2.982115149497985840e-01 3.651825189590454102e-01 2.817694544792175293e-01 3.479425013065338135e-01 2.281117588281631470e-01 2.180619239807128906e-01 2.682941257953643799e-01 3.832601904869079590e-01 1.353696286678314209e-01 3.712483644485473633e-01 3.442006111145019531e-01 3.699062466621398926e-01 3.390817046165466309e-01 4.740087091922760010e-01 2.180738747119903564e-01 2.423788905143737793e-01
1.794965267181396484e-01 1.500509083271026611e-01 2.466225922107696533e-01 3.513098359107971191e-01 2.275771498680114746e-01 2.515161931514739990e-01 3.754895329475402832e-01 4.431082010269165039e-01 2.758290767669677734e-01 6.377196907997131348e-01 7.163822054862976074e-01 4.349455237388610840e-01 3.872287273406982422e-01 3.272362053394317627e-01 2.502397596836090088e-01 3.017839491367340088e-01 3.378787040710449219e-01 3.495108485221862793e-01 4.748082160949707031e-01 1.931901574134826660e-01
3.758695125579833984e-01 3.304119706153869629e-01 4.364205300807952881e-01 3.599632382392883301e-01 3.437779545783996582e-01 1.597738265991210938e-01 3.250684738159179688e-01 4.419274330139160156e-01 3.226948678493499756e-01 3.648816347122192383e-01 1.404463350772857666e-01 5.330966114997863770e-01 3.441211581230163574e-01 4.767571985721588135e-01 4.293953180313110352e-01 3.756084740161895752e-01 3.870850801467895508e-01 2.700660526752471924e-01 2.551113367080688477e-01 1.894763857126235962e-01
