2018-07-23 23:30:00
2.885631322860717773e-01 3.979551196098327637e-01 3.354298472404479980e-01 2.790074944496154785e-01 2.188497781753540039e-01 3.945797979831695557e-01 1.756259500980377197e-01 2.952805459499359131e-01 1.566192060708999634e-01 2.714670002460479736e-01 2.841917872428894043e-01 3.278066217899322510e-01 4.050842523574829102e-01 5.296586155891418457e-01 5.856772661209106445e-01 4.481448531150817871e-01 5.722498893737792969e-01 5.394097566604614258e-01 6.445897817611694336e-01 4.552954137325286865e-01
3.975223004817962646e-01 4.621820151805877686e-01 2.908092737197875977e-01 4.894430041313171387e-01 2.691319584846496582e-01 3.149892687797546387e-01 3.769716620445251465e-01 2.252158969640731812e-01 3.427714407444000244e-01 1.725347638130187988e-01 2.730320096015930176e-01 4.680339694023132324e-01 5.957664251327514648e-01 6.419177651405334473e-01 6.407763957977294922e-01 5.549946427345275879e-01 4.918600618839263916e-01 8.077877759933471680e-01 3.993422985076904297e-01 5.381401777267456055e-01
3.273978233337402344e-01 3.268256187438964844e-01 3.587694466114044189e-01 3.503814935684204102e-01 7.049061059951782227e-01 7.043731212615966797e-01 3.621369302272796631e-01 3.746009767055511475e-01 3.329899609088897705e-01 2.708855867385864258e-01 6.173613071441650391e-01 3.513829708099365234e-01 3.717519640922546387e-01 5.059071779251098633e-01 4.851728677749633789e-01 6.253424882888793945e-01 6.390711665153503418e-01 6.374047994613647461e-01 5.243479609489440918e-01 8.711215257644653320e-01
3.278754353523254395e-01 4.042617082595825195e-01 4.131730496883392334e-01 3.575782477855682373e-01 3.080289959907531738e-01 2.321069985628128052e-01 3.001703619956970215e-01 1.841069757938385010e-01 2.126158773899078369e-01 4.766461253166198730e-01 3.840934336185455322e-01 3.836462795734405518e-01 5.524811148643493652e-01 5.799463391304016113e-01 3.573765158653259277e-01 4.545821547508239746e-01 9.556549191474914551e-01 8.344456553459167480e-01 5.994129180908203125e-01 6.513457298278808594e-01
2.009096741676330566e-01 2.136609852313995361e-01 3.271990716457366943e-01 2.397255003452301025e-01 2.777591347694396973e-01 2.441295534372329712e-01 3.569485545158386230e-01 4.482505917549133301e-01 4.487299323081970215e-01 4.611254334449768066e-01 3.715908825397491455e-01 4.357496201992034912e-01 4.881223142147064209e-01 7.196153998374938965e-01 9.114321470260620117e-01 7.116740345954895020e-01 8.676656484603881836e-01 7.587037086486816406e-01 1.110946893692016602e+00 8.168987035751342773e-01
2.782444059848785400e-01 2.958872914314270020e-01 4.835437536239624023e-01 9.241992980241775513e-02 4.285420775413513184e-01 4.162042438983917236e-01 1.820093691349029541e-01 5.549933314323425293e-01 4.618614912033081055e-01 3.162340223789215088e-01 4.206452071666717529e-01 4.226586222648620605e-01 1.796379983425140381e-01 5.905591249465942383e-01 5.104258060455322266e-01 5.779128074645996094e-01 7.878760099411010742e-01 7.379721403121948242e-01 1.016199350357055664e+00 6.963406801223754883e-01
2.793887257575988770e-01 3.845483660697937012e-01 2.139136195182800293e-01 2.497948110103607178e-01 4.473086595535278320e-01 3.209858536720275879e-01 4.326555728912353516e-01 5.554702877998352051e-01 2.335517406463623047e-01 3.948153555393218994e-01 3.640977144241333008e-01 3.984212279319763184e-01 5.235749483108520508e-01 5.852336287498474121e-01 8.970653414726257324e-01 9.564124345779418945e-01 7.728126049041748047e-01 7.956319451332092285e-01 7.669417858123779297e-01 4.805551767349243164e-01
2.937535047531127930e-01 2.568898797035217285e-01 3.981726467609405518e-01 2.681295573711395264e-01 2.902809083461761475e-01 1.468268483877182007e-01 2.276040613651275635e-01 2.102127969264984131e-01 2.681585550308227539e-01 2.370559573173522949e-01 4.346625804901123047e-01 3.335475325584411621e-01 3.793271780014038086e-01 3.678103685379028320e-01 5.558916330337524414e-01 8.671427369117736816e-01 5.238454341888427734e-01 8.635557889938354492e-01 6.192023754119873047e-01 9.662024974822998047e-01
3.012754023075103760e-01 3.283643126487731934e-01 3.206158280372619629e-01 1.393852084875106812e-01 3.922058343887329102e-01 4.870477020740509033e-01 1.865426450967788696e-01 2.723540961742401123e-01 2.515778541564941406e-01 2.488391846418380737e-01 1.490963548421859741e-01 2.225828766822814941e-01 3.623409271240234375e-01 3.427595198154449463e-01 4.721915423870086670e-01 8.912694454193115234e-01 6.473718285560607910e-01 6.591519117355346680e-01 1.440717577934265137e-01 2.698273658752441406e-01
3.313998579978942871e-01 3.521509766578674316e-01 3.184719681739807129e-01 2.814318537712097168e-01 4.347590804100036621e-01 1.772991120815277100e-01 3.311781883239746094e-01 3.032067120075225830e-01 3.150188922882080078e-01 7.734640836715698242e-01 3.888045847415924072e-01 6.458784341812133789e-01 3.369340002536773682e-01 4.337740838527679443e-01 3.764383196830749512e-01 1.508142650127410889e-01 4.602522850036621094e-01 6.540395021438598633e-01 3.904140889644622803e-01 4.215646088123321533e-01
2.907513380050659180e-01 4.629710018634796143e-01 1.568349301815032959e-01 5.116385221481323242e-01 2.883029580116271973e-01 1.713960170745849609e-01 2.281899750232696533e-01 4.246282279491424561e-01 6.274609565734863281e-01 2.190193980932235718e-01 3.393227458000183105e-01 3.313724398612976074e-01 3.214422166347503662e-01 3.205236196517944336e-01 1.814992129802703857e-01 3.426300883293151855e-01 3.587034344673156738e-01 6.921449899673461914e-01 7.222983837127685547e-01 3.087408244609832764e-01
3.480779528617858887e-01 4.012823700904846191e-01 3.032405078411102295e-01 2.098832875490188599e-01 4.216358661651611328e-01 2.934852838516235352e-01 4.380787909030914307e-01 4.391631782054901123e-01 2.800236344337463379e-01 5.848613977432250977e-01 4.020669758319854736e-01 2.728585600852966309e-01 4.642417430877685547e-01 2.579606771469116211e-01 2.881546020507812500e-01 3.986688256263732910e-01 3.311924338340759277e-01 3.622653484344482422e-01 3.278827667236328125e-01 4.545513987541198730e-01
2.428056299686431885e-01 3.775871396064758301e-01 3.745781183242797852e-01 4.136054515838623047e-01 4.048647582530975342e-01 3.231029510498046875e-01 3.156966865062713623e-01 2.875594496726989746e-01 2.700735330581665039e-01 5.592709779739379883e-01 2.799632549285888672e-01 4.806158542633056641e-01 3.580842018127441406e-01 4.006521403789520264e-01 3.443177938461303711e-01 3.800973892211914062e-01 1.758043915033340454e-01 1.672666370868682861e-01 3.847567439079284668e-01 2.342085987329483032e-01
2.020201385021209717e-01 3.263551592826843262e-01 3.009327650070190430e-01 2.825083732604980469e-01 2.681461274623870850e-01 3.288845419883728027e-01 3.382204771041870117e-01 3.830109238624572754e-01 3.603234291076660156e-01 2.231414020061492920e-01 4.568586349487304688e-01 4.270840287208557129e-01 3.968048393726348877e-01 1.829234212636947632e-01 3.625513315200805664e-01 2.199566364288330078e-01 2.464362829923629761e-01 2.939132452011108398e-01 3.214064240455627441e-01 1.463418602943420410e-01
2.558381259441375732e-01 6.277090311050415039e-01 5.272256135940551758e-01 3.896012306213378906e-01 5.107210874557495117e-01 2.729901373386383057e-01 2.026801407337188721e-01 3.711064159870147705e-01 4.769738912582397461e-01 2.754951417446136475e-01 3.300273418426513672e-01 2.092396914958953857e-01 3.088746070861816406e-01 5.251202583312988281e-01 6.055088043212890625e-01 5.765532255172729492e-01 2.168320119380950928e-01 3.775871396064758301e-01 9.805639833211898804e-02 2.240119576454162598e-01
3.168147206306457520e-01 4.307772815227508545e-01 3.333492279052734375e-01 4.189931750297546387e-01 3.957249224185943604e-01 5.142906904220581055e-01 3.777648210525512695e-01 4.228414893150329590e-01 5.124049186706542969e-01 2.819752693176269531e-01 4.652721881866455078e-01 5.487806797027587891e-01 2.009434401988983154e-01 2.320714294910430908e-01 2.717339694499969482e-01 2.172559201717376709e-01 4.031242132186889648e-01 3.677268922328948975e-01 1.970667690038681030e-01 1.294300556182861328e-01
2.749561369419097900e-01 2.736409008502960205e-01 3.666422963142395020e-01 3.994405269622802734e-01 5.422192215919494629e-01 6.645390391349792480e-01 3.818412423133850098e-01 3.882655203342437744e-01 4.001891016960144043e-01 3.088163733482360840e-01 4.456382691860198975e-01 2.267355918884277344e-01 3.497547507286071777e-01 3.990364968776702881e-01 2.553104162216186523e-01 2.058766931295394897e-01 1.709611266851425171e-01 1.932258307933807373e-01 1.836318224668502808e-01 2.933593094348907471e-01
3.265382647514343262e-01 2.544048726558685303e-01 2.732436656951904297e-01 4.294860363006591797e-01 3.519516587257385254e-01 1.743746101856231689e-01 2.914489507675170898e-01 5.377755165100097656e-01 5.298572778701782227e-01 3.740750551223754883e-01 4.604368805885314941e-01 3.789211213588714600e-01 3.513672053813934326e-01 2.317090630531311035e-01 5.298962593078613281e-01 3.088111579418182373e-01 2.619178593158721924e-01 8.123386651277542114e-02 2.799701988697052002e-01 2.194508016109466553e-01
3.663630187511444092e-01 6.142380833625793457e-01 2.300672382116317749e-01 1.081766709685325623e-01 4.153493344783782959e-01 2.872941792011260986e-01 3.812424838542938232e-01 2.281163930892944336e-01 4.798525869846343994e-01 7.106694579124450684e-01 4.769155979156494141e-01 5.196532011032104492e-01 1.648715138435363770e-01 4.259691238403320312e-01 2.050254344940185547e-01 3.446044325828552246e-01 4.113373458385467529e-01 2.862760424613952637e-01 1.195362582802772522e-01 2.904198765754699707e-01
2.823904752731323242e-01 4.866035878658294678e-01 5.910447835922241211e-01 4.774999618530273438e-01 3.602221012115478516e-01 3.034156858921051025e-01 4.882221221923828125e-01 2.926668226718902588e-01 1.824162006378173828e-01 2.810389399528503418e-01 3.032267987728118896e-01 8.949518799781799316e-01 2.501692473888397217e-01 3.236793577671051025e-01 2.387200593948364258e-01 5.311014652252197266e-01 5.816209912300109863e-01 3.795549273490905762e-01 1.123805195093154907e-01 2.383262217044830322e-01
