2018-07-23 23:45:00
2.434448003768920898e-01 4.401439130306243896e-01 3.935526013374328613e-01 4.402814507484436035e-01 2.569600343704223633e-01 1.691841781139373779e-01 4.980826079845428467e-01 4.155518114566802979e-01 2.655992507934570312e-01 2.334647774696350098e-01 4.244105219841003418e-01 4.355133175849914551e-01 6.141465306282043457e-01 4.691096544265747070e-01 7.856159210205078125e-01 2.554967999458312988e-01 3.748471438884735107e-01 4.150297641754150391e-01 5.374229550361633301e-01 3.520353436470031738e-01
3.426842093467712402e-01 5.980448722839355469e-01 2.353425920009613037e-01 4.012587070465087891e-01 3.237365186214447021e-01 4.853299856185913086e-01 4.521191716194152832e-01 3.721679449081420898e-01 2.619369328022003174e-01 4.241815209388732910e-01 2.913918495178222656e-01 4.923393726348876953e-01 5.573531389236450195e-01 5.692752003669738770e-01 5.729389190673828125e-01 6.345791816711425781e-01 6.220767498016357422e-01 8.796939849853515625e-01 3.785869479179382324e-01 8.684564828872680664e-01
3.652230501174926758e-01 2.656923234462738037e-01 4.351823925971984863e-01 1.795823872089385986e-01 -3.526230156421661377e-02 6.293781995773315430e-01 4.586493968963623047e-01 2.322681993246078491e-01 4.996763169765472412e-01 4.303880333900451660e-01 3.412682116031646729e-01 3.066278696060180664e-01 6.937906146049499512e-01 3.270206749439239502e-01 6.936585307121276855e-01 9.079141616821289062e-01 8.972299098968505859e-01 7.195384502410888672e-01 9.372911453247070312e-01 8.518892526626586914e-01
3.058549165725708008e-01 2.710100114345550537e-01 2.830072939395904541e-01 1.630783081054687500e-01 3.415597975254058838e-01 2.095454633235931396e-01 4.381150007247924805e-01 4.199097156524658203e-01 3.243134617805480957e-01 3.424159884452819824e-01 6.534398794174194336e-01 4.728350937366485596e-01 4.144280850887298584e-01 9.650735855102539062e-01 5.773947834968566895e-01 5.234072208404541016e-01 8.553391695022583008e-01 4.293020367622375488e-01 7.256879806518554688e-01 7.539136409759521484e-01
3.644390106201171875e-01 2.054633796215057373e-01 3.223493099212646484e-01 3.303545117378234863e-01 2.380682677030563354e-01 1.095321252942085266e-01 4.592406749725341797e-01 6.028558015823364258e-01 2.303654849529266357e-01 5.997728705406188965e-01 4.181201756000518799e-01 3.614789843559265137e-01 3.764857053756713867e-01 4.138355255126953125e-01 3.370602726936340332e-01 7.905639410018920898e-01 1.058431982994079590e+00 7.015382051467895508e-01 8.095365762710571289e-01 1.031921148300170898e+00
3.585974276065826416e-01 4.767366349697113037e-01 3.938147723674774170e-01 3.939077258110046387e-01 5.480207800865173340e-01 2.064611315727233887e-01 2.516919672489166260e-01 1.728697717189788818e-01 3.881072402000427246e-01 3.272651433944702148e-01 4.406561851501464844e-01 3.798354864120483398e-01 5.405890941619873047e-01 8.416500091552734375e-01 6.062033176422119141e-01 5.176420211791992188e-01 6.394460201263427734e-01 3.851009309291839600e-01 9.270938038825988770e-01 6.118235588073730469e-01
4.400872886180877686e-01 2.982936501502990723e-01 4.066593647003173828e-01 3.275241255760192871e-01 4.395461678504943848e-01 3.395769000053405762e-01 5.947475433349609375e-01 3.339725732803344727e-01 2.829123139381408691e-01 3.397729098796844482e-01 3.509225249290466309e-01 2.674428224563598633e-01 3.073657751083374023e-01 4.512443542480468750e-01 5.889664888381958008e-01 8.127418756484985352e-01 9.127980470657348633e-01 8.090872168540954590e-01 5.131582021713256836e-01 6.948149204254150391e-01
2.598188519477844238e-01 4.045972228050231934e-01 1.818897426128387451e-01 3.287788331508636475e-01 5.756858587265014648e-01 2.242003977298736572e-01 2.743690013885498047e-01 4.873277842998504639e-01 3.970223665237426758e-01 3.098250627517700195e-01 6.673564910888671875e-01 4.334981441497802734e-01 5.762013196945190430e-01 3.340917229652404785e-01 6.045581102371215820e-01 4.972823262214660645e-01 4.634590744972229004e-01 8.492007851600646973e-01 5.820518732070922852e-01 4.646643996238708496e-01
1.487005949020385742e-01 2.844295501708984375e-01 2.580145597457885742e-01 3.017137646675109863e-01 2.794382870197296143e-01 2.418656200170516968e-01 4.762563109397888184e-01 5.023322105407714844e-01 4.220249652862548828e-01 3.960672616958618164e-01 3.581006824970245361e-01 2.678372859954833984e-01 2.741646766662597656e-01 3.026049435138702393e-01 3.541383743286132812e-01 4.358564615249633789e-01 6.179817914962768555e-01 5.945554971694946289e-01 4.914906620979309082e-01 4.058620929718017578e-01
3.857148885726928711e-01 4.409631192684173584e-01 2.251026481389999390e-01 3.297496736049652100e-01 4.202166199684143066e-01 4.671773910522460938e-01 3.288757801055908203e-01 3.991464376449584961e-01 2.377023547887802124e-01 5.740839838981628418e-01 5.414861440658569336e-01 7.416572570800781250e-01 3.352201581001281738e-01 5.488728880882263184e-01 3.428660631179809570e-01 3.572939932346343994e-01 3.771089613437652588e-01 5.915871262550354004e-01 5.052751898765563965e-01 3.727684617042541504e-01
3.318096399307250977e-01 2.281849682331085205e-01 4.671524465084075928e-01 3.252611756324768066e-01 3.662967085838317871e-01 3.766343593597412109e-01 3.630245327949523926e-01 2.301771342754364014e-01 5.772401690483093262e-01 6.200919747352600098e-01 3.447516560554504395e-01 2.703921198844909668e-01 2.116230577230453491e-01 4.925578236579895020e-01 3.862182796001434326e-01 5.118821263313293457e-01 3.163368701934814453e-01 7.866007089614868164e-01 4.561995863914489746e-01 3.484939336776733398e-01
5.525471568107604980e-01 9.752380847930908203e-02 2.679554820060729980e-01 4.171159267425537109e-01 3.928369283676147461e-01 3.916654586791992188e-01 5.155144333839416504e-01 2.081503272056579590e-01 3.342022597789764404e-01 4.341254830360412598e-01 4.411106705665588379e-01 3.122564554214477539e-01 2.411665320396423340e-01 3.588192760944366455e-01 4.521978795528411865e-01 1.676538735628128052e-01 3.568575680255889893e-01 3.370881676673889160e-01 3.921201825141906738e-01 1.609207838773727417e-01
2.228086143732070923e-01 3.327706456184387207e-01 2.941633760929107666e-01 3.289182484149932861e-01 3.601335287094116211e-01 4.078180789947509766e-01 2.959221899509429932e-01 5.619246363639831543e-01 2.550346851348876953e-01 2.259390056133270264e-01 4.109311699867248535e-01 3.262969255447387695e-01 1.166927665472030640e-01 2.549111247062683105e-01 3.952325284481048584e-01 1.984217315912246704e-01 1.918001472949981689e-01 3.231207728385925293e-01 3.520345091819763184e-01 2.622406482696533203e-01
1.872718632221221924e-01 5.091457962989807129e-01 1.854621171951293945e-01 2.941381931304931641e-01 2.727114260196685791e-01 3.434793055057525635e-01 4.011901021003723145e-01 3.510354161262512207e-01 6.373893022537231445e-01 3.245275020599365234e-01 2.897046506404876709e-01 3.873464763164520264e-01 1.841311454772949219e-01 4.460371136665344238e-01 2.370249330997467041e-01 4.695626795291900635e-01 3.027537763118743896e-01 7.715395838022232056e-02 2.675119936466217041e-01 2.194489091634750366e-01
2.685901522636413574e-01 2.862754762172698975e-01 2.789704203605651855e-01 3.998135328292846680e-01 2.598327398300170898e-01 3.101406097412109375e-01 3.331635296344757080e-01 3.708343803882598877e-01 4.951033592224121094e-01 5.104106664657592773e-01 4.571754932403564453e-01 4.824833869934082031e-01 2.644492983818054199e-01 2.780246734619140625e-01 4.506666660308837891e-01 1.460635364055633545e-01 1.350167691707611084e-01 4.022747874259948730e-01 1.311362832784652710e-01 1.575842797756195068e-01
3.858013451099395752e-01 3.179577291011810303e-01 4.060776233673095703e-01 6.952242255210876465e-01 3.011468648910522461e-01 3.350344598293304443e-01 3.184451162815093994e-01 4.606667459011077881e-01 5.614479184150695801e-01 3.891922831535339355e-01 3.944191932678222656e-01 1.920874118804931641e-01 2.877994179725646973e-01 3.290987610816955566e-01 4.484504461288452148e-01 3.212552070617675781e-01 1.910461187362670898e-01 2.748276591300964355e-01 1.480941772460937500e-01 4.435958266258239746e-01
2.805784642696380615e-01 2.352286577224731445e-01 4.565964937210083008e-01 4.337640404701232910e-01 8.247931003570556641e-01 2.945317029953002930e-01 4.278533160686492920e-01 5.552898645401000977e-01 2.392404973506927490e-01 2.941473126411437988e-01 7.765946388244628906e-01 3.016957640647888184e-01 2.876131534576416016e-01 3.522351980209350586e-01 3.548507690429687500e-01 3.880353868007659912e-01 5.063506960868835449e-01 2.941596508026123047e-01 2.122870385646820068e-01 2.167621850967407227e-01
2.750727832317352295e-01 3.723022341728210449e-01 4.694212675094604492e-01 3.745126724243164062e-01 4.527611732482910156e-01 3.509912192821502686e-01 6.311537027359008789e-01 3.480337262153625488e-01 3.838508725166320801e-01 3.597443103790283203e-01 4.013405442237854004e-01 3.926838636398315430e-01 2.157334983348846436e-01 2.519397437572479248e-01 2.951745986938476562e-01 2.975607514381408691e-01 3.643181324005126953e-01 2.287833392620086670e-01 2.809331119060516357e-01 1.466711163520812988e-01
3.331456184387207031e-01 3.385300636291503906e-01 4.681091606616973877e-01 6.028835773468017578e-01 3.283417522907257080e-01 4.693161249160766602e-01 6.615332365036010742e-01 5.173234939575195312e-01 3.385647833347320557e-01 4.720818400382995605e-01 3.157558739185333252e-01 3.432676494121551514e-01 2.744539976119995117e-01 5.433887243270874023e-01 6.083531975746154785e-01 2.975333929061889648e-01 3.243969082832336426e-01 4.963926672935485840e-01 3.733171224594116211e-01 3.378185331821441650e-01
3.869743347167968750e-01 2.645226120948791504e-01 4.357835054397583008e-01 5.891719460487365723e-01 3.933267593383789062e-01 4.971839785575866699e-01 5.309345722198486328e-01 3.322958350181579590e-01 3.169224262237548828e-01 3.873207271099090576e-01 2.578442692756652832e-01 7.816114425659179688e-01 8.259864896535873413e-02 1.973550468683242798e-01 3.320198059082031250e-01 3.732584118843078613e-01 3.216240406036376953e-01 1.554832309484481812e-01 9.539425373077392578e-02 3.534560799598693848e-01
