2019-07-26 00:15:00
6.515834808349609375e+00 9.523294448852539062e+00 1.062142181396484375e+01 5.006208896636962891e+00 7.552968025207519531e+00 6.252591133117675781e+00 5.439462184906005859e+00 4.012661933898925781e+00 6.982855319976806641e+00 1.199768733978271484e+01 5.340068817138671875e+00 4.396336078643798828e+00 8.285036087036132812e+00 4.584376335144042969e+00 4.399024009704589844e+00 5.543891429901123047e+00 7.212601661682128906e+00 5.709428310394287109e+00 5.213827133178710938e+00 5.608322620391845703e+00
6.859289169311523438e+00 6.200353145599365234e+00 5.021239280700683594e+00 5.928776741027832031e+00 6.957074165344238281e+00 7.136900901794433594e+00 3.934198141098022461e+00 6.041348457336425781e+00 5.292039871215820312e+00 4.634358882904052734e+00 4.929280757904052734e+00 4.098994255065917969e+00 4.411258697509765625e+00 6.908157825469970703e+00 3.609567880630493164e+00 4.957482337951660156e+00 6.735786437988281250e+00 8.263951301574707031e+00 6.395955085754394531e+00 3.920567035675048828e+00
7.380776405334472656e+00 8.034793853759765625e+00 5.792261123657226562e+00 9.138540267944335938e+00 9.530546188354492188e+00 9.896184921264648438e+00 7.278570175170898438e+00 3.938113212585449219e+00 4.866692066192626953e+00 2.870776653289794922e+00 9.457588195800781250e+00 7.025946617126464844e+00 2.194406270980834961e+00 5.081715583801269531e+00 5.003368854522705078e+00 4.442257881164550781e+00 8.580711364746093750e+00 5.655085563659667969e+00 5.725761413574218750e+00 5.412412643432617188e+00
4.247709751129150391e+00 1.070802783966064453e+01 7.062617301940917969e+00 6.768458366394042969e+00 3.622859001159667969e+00 4.514195919036865234e+00 5.261272907257080078e+00 3.525321960449218750e+00 2.941666841506958008e+00 9.992074012756347656e+00 1.046084308624267578e+01 1.203290939331054688e+01 5.041192054748535156e+00 5.871328830718994141e+00 8.374780654907226562e+00 4.610521316528320312e+00 6.473965167999267578e+00 6.701335906982421875e+00 4.525536537170410156e+00 5.311820983886718750e+00
4.506248950958251953e+00 4.578969478607177734e+00 4.519364833831787109e+00 5.945225715637207031e+00 4.300601959228515625e+00 5.689543247222900391e+00 4.420413017272949219e+00 7.985789775848388672e+00 1.220010662078857422e+01 8.985029220581054688e+00 5.737432003021240234e+00 6.457905769348144531e+00 9.054531097412109375e+00 4.868954658508300781e+00 6.258893013000488281e+00 5.342977046966552734e+00 2.977554559707641602e+00 6.970489501953125000e+00 1.017991828918457031e+01 4.320739746093750000e+00
5.129806518554687500e+00 8.001706123352050781e+00 1.091193389892578125e+01 9.214060783386230469e+00 6.568235397338867188e+00 3.808275938034057617e+00 6.862663745880126953e+00 1.001392364501953125e+01 8.003059387207031250e+00 6.558571338653564453e+00 5.680434703826904297e+00 5.154797554016113281e+00 4.492124557495117188e+00 3.938673019409179688e+00 4.986893653869628906e+00 6.188750267028808594e+00 3.975085258483886719e+00 8.317394256591796875e+00 8.658166885375976562e+00 5.107335090637207031e+00
5.797506332397460938e+00 5.645470142364501953e+00 6.281998634338378906e+00 8.955156326293945312e+00 7.764359474182128906e+00 1.056382179260253906e+01 6.809766769409179688e+00 4.480017662048339844e+00 5.344563484191894531e+00 5.846405982971191406e+00 6.702819824218750000e+00 5.754684448242187500e+00 1.000553226470947266e+01 8.836515426635742188e+00 4.212676048278808594e+00 7.362402439117431641e+00 7.567481994628906250e+00 3.993546247482299805e+00 1.148463821411132812e+01 6.395028114318847656e+00
1.084548568725585938e+01 5.853058338165283203e+00 8.393490791320800781e+00 6.323872566223144531e+00 5.835538387298583984e+00 6.926685333251953125e+00 5.486553668975830078e+00 4.598375320434570312e+00 4.238003730773925781e+00 3.714071273803710938e+00 5.004281997680664062e+00 7.308917045593261719e+00 1.092410373687744141e+01 8.859198570251464844e+00 6.782052516937255859e+00 4.392475128173828125e+00 6.747311592102050781e+00 5.320171356201171875e+00 6.930042743682861328e+00 6.934681415557861328e+00
8.135478973388671875e+00 7.647833347320556641e+00 7.389500141143798828e+00 9.497613906860351562e+00 5.633257865905761719e+00 4.381392002105712891e+00 5.456964015960693359e+00 4.710803985595703125e+00 5.393946647644042969e+00 3.748087882995605469e+00 5.632089138031005859e+00 4.972794532775878906e+00 6.747183322906494141e+00 6.065750122070312500e+00 5.518787384033203125e+00 2.872257709503173828e+00 6.164398193359375000e+00 2.845879554748535156e+00 4.951992988586425781e+00 5.088428497314453125e+00
8.821353912353515625e+00 9.096875190734863281e+00 5.548435688018798828e+00 7.339138031005859375e+00 8.876601219177246094e+00 6.843150615692138672e+00 3.782054424285888672e+00 5.929103851318359375e+00 6.748943328857421875e+00 8.276721954345703125e+00 3.657590866088867188e+00 4.989464759826660156e+00 7.980458736419677734e+00 4.590979576110839844e+00 3.905073642730712891e+00 4.656517505645751953e+00 7.212201118469238281e+00 5.696543216705322266e+00 8.099655151367187500e+00 7.175810337066650391e+00
6.592490196228027344e+00 6.644641876220703125e+00 5.902042388916015625e+00 1.142741203308105469e+01 7.686737060546875000e+00 5.163693428039550781e+00 8.961860656738281250e+00 8.517185211181640625e+00 3.196644306182861328e+00 6.009836196899414062e+00 3.813219070434570312e+00 8.229281425476074219e+00 6.050922870635986328e+00 7.258149147033691406e+00 6.954547882080078125e+00 5.575393676757812500e+00 4.725403308868408203e+00 3.723655223846435547e+00 5.373161315917968750e+00 5.692878723144531250e+00
5.028285026550292969e+00 8.028173446655273438e+00 8.245333671569824219e+00 9.229436874389648438e+00 8.694534301757812500e+00 7.547109603881835938e+00 5.198373794555664062e+00 9.243766784667968750e+00 6.513117313385009766e+00 8.641798973083496094e+00 6.731320381164550781e+00 5.507604122161865234e+00 7.074267864227294922e+00 4.580537796020507812e+00 4.091791152954101562e+00 6.584474563598632812e+00 4.863056182861328125e+00 4.951700210571289062e+00 4.931929588317871094e+00 6.525810241699218750e+00
3.500545740127563477e+00 4.549100875854492188e+00 6.489641189575195312e+00 5.731881141662597656e+00 6.383220672607421875e+00 8.172443389892578125e+00 9.368474006652832031e+00 4.891829490661621094e+00 6.705568313598632812e+00 6.181921482086181641e+00 7.370604515075683594e+00 5.121024131774902344e+00 6.570617198944091797e+00 8.372995376586914062e+00 8.367998123168945312e+00 6.209717273712158203e+00 4.303217887878417969e+00 3.665340900421142578e+00 6.613480567932128906e+00 4.608005523681640625e+00
3.905761241912841797e+00 4.922384262084960938e+00 8.161776542663574219e+00 6.579469680786132812e+00 6.417112827301025391e+00 1.012398624420166016e+01 7.124989509582519531e+00 6.471506118774414062e+00 5.185466766357421875e+00 7.517254829406738281e+00 5.124333381652832031e+00 6.126891136169433594e+00 4.902575969696044922e+00 7.769680500030517578e+00 5.573529243469238281e+00 6.266427040100097656e+00 5.799556255340576172e+00 5.470173835754394531e+00 5.331585407257080078e+00 3.723155498504638672e+00
3.923056602478027344e+00 4.323948383331298828e+00 4.066217899322509766e+00 4.805741310119628906e+00 6.062884807586669922e+00 4.152865409851074219e+00 9.174913406372070312e+00 9.248789787292480469e+00 8.573666572570800781e+00 5.514171600341796875e+00 7.094990730285644531e+00 7.109652996063232422e+00 5.636884689331054688e+00 7.399641990661621094e+00 8.429613113403320312e+00 9.761646270751953125e+00 6.345779418945312500e+00 4.065562248229980469e+00 7.839848041534423828e+00 5.320756912231445312e+00
7.671333312988281250e+00 5.113687992095947266e+00 5.776425361633300781e+00 7.703678131103515625e+00 4.163962364196777344e+00 4.741950988769531250e+00 5.701922893524169922e+00 8.988462448120117188e+00 9.333373069763183594e+00 8.905830383300781250e+00 6.364258766174316406e+00 7.736965656280517578e+00 5.013560295104980469e+00 4.660785198211669922e+00 6.303212165832519531e+00 4.800896644592285156e+00 6.457100868225097656e+00 5.306410789489746094e+00 5.185292720794677734e+00 7.293965339660644531e+00
5.470471858978271484e+00 5.005154609680175781e+00 7.526457309722900391e+00 8.032498359680175781e+00 9.080511093139648438e+00 6.618000030517578125e+00 5.073225021362304688e+00 4.874039649963378906e+00 4.910756111145019531e+00 3.413994312286376953e+00 5.133095741271972656e+00 4.150309562683105469e+00 5.805921077728271484e+00 4.237483024597167969e+00 6.710502624511718750e+00 6.246893882751464844e+00 7.565806388854980469e+00 4.660610675811767578e+00 6.072937011718750000e+00 8.769771575927734375e+00
4.314097881317138672e+00 6.444686889648437500e+00 5.948745727539062500e+00 4.749421596527099609e+00 6.112545490264892578e+00 9.610826492309570312e+00 8.587133407592773438e+00 6.978968143463134766e+00 6.623193740844726562e+00 5.113382339477539062e+00 7.331330776214599609e+00 4.685826301574707031e+00 7.359770774841308594e+00 3.497589111328125000e+00 3.499347686767578125e+00 5.263941764831542969e+00 5.275785923004150391e+00 3.838498115539550781e+00 6.116018772125244141e+00 6.405911445617675781e+00
5.165355682373046875e+00 6.080012321472167969e+00 5.642528533935546875e+00 6.231603622436523438e+00 8.520839691162109375e+00 9.039913177490234375e+00 7.962821006774902344e+00 4.559192180633544922e+00 8.140973091125488281e+00 8.821106910705566406e+00 9.505534172058105469e+00 4.943420410156250000e+00 6.917563438415527344e+00 5.005871772766113281e+00 5.815226554870605469e+00 5.350992202758789062e+00 4.051464080810546875e+00 5.995449542999267578e+00 7.414992332458496094e+00 3.652613878250122070e+00
6.835463523864746094e+00 6.719794273376464844e+00 4.768710136413574219e+00 7.766533851623535156e+00 1.053545188903808594e+01 6.135444164276123047e+00 7.578432083129882812e+00 5.850338935852050781e+00 8.576595306396484375e+00 7.478086471557617188e+00 9.724500656127929688e+00 6.482868671417236328e+00 6.118788719177246094e+00 4.616628170013427734e+00 6.697381019592285156e+00 5.871793746948242188e+00 4.850553512573242188e+00 8.697450637817382812e+00 8.216966629028320312e+00 3.479533672332763672e+00
