2019-07-26 02:30:00
1.353358650207519531e+01 8.705101013183593750e+00 7.333549499511718750e+00 7.671452999114990234e+00 6.781176567077636719e+00 5.327311515808105469e+00 4.904980659484863281e+00 5.474155426025390625e+00 8.054230690002441406e+00 8.312572479248046875e+00 5.940899848937988281e+00 5.429084777832031250e+00 6.605709075927734375e+00 7.488429069519042969e+00 6.825345039367675781e+00 8.627618789672851562e+00 7.867671489715576172e+00 7.567964553833007812e+00 6.954402923583984375e+00 5.102327346801757812e+00
5.792755126953125000e+00 8.407580375671386719e+00 1.349503898620605469e+01 9.840406417846679688e+00 5.032716751098632812e+00 8.791756629943847656e+00 8.312314987182617188e+00 4.227368354797363281e+00 3.994634151458740234e+00 4.018080234527587891e+00 5.917806625366210938e+00 6.160083293914794922e+00 5.525895595550537109e+00 5.380788803100585938e+00 5.988586902618408203e+00 4.076348781585693359e+00 9.717124938964843750e+00 8.785780906677246094e+00 5.845644950866699219e+00 3.952382087707519531e+00
1.085832500457763672e+01 6.452308654785156250e+00 9.679136276245117188e+00 9.513585090637207031e+00 6.819863319396972656e+00 1.384836006164550781e+01 8.112065315246582031e+00 5.806016445159912109e+00 6.826609611511230469e+00 5.980257034301757812e+00 7.271363735198974609e+00 7.763026237487792969e+00 5.260562896728515625e+00 5.394417762756347656e+00 7.342057228088378906e+00 7.762207984924316406e+00 1.318121719360351562e+01 7.256635189056396484e+00 7.212761402130126953e+00 3.749278306961059570e+00
4.834449768066406250e+00 8.643732070922851562e+00 9.296233177185058594e+00 5.756789207458496094e+00 5.325583457946777344e+00 6.795731544494628906e+00 5.454429626464843750e+00 6.958277702331542969e+00 4.472202301025390625e+00 5.333622932434082031e+00 1.519428253173828125e+01 1.045824718475341797e+01 4.176685333251953125e+00 4.322528362274169922e+00 7.773983001708984375e+00 6.046280860900878906e+00 8.057085037231445312e+00 5.301024436950683594e+00 6.856145858764648438e+00 3.960502624511718750e+00
7.281906127929687500e+00 8.309268951416015625e+00 6.124828338623046875e+00 6.929479598999023438e+00 1.214935874938964844e+01 1.023040294647216797e+01 8.507995605468750000e+00 6.305660247802734375e+00 9.491346359252929688e+00 4.546902656555175781e+00 5.386429786682128906e+00 4.576277256011962891e+00 1.202508544921875000e+01 3.045018196105957031e+00 3.974994897842407227e+00 6.739277839660644531e+00 7.926637172698974609e+00 1.030894470214843750e+01 8.032104492187500000e+00 2.506402492523193359e+00
5.867488861083984375e+00 1.038564300537109375e+01 7.277073383331298828e+00 8.789636611938476562e+00 7.165041923522949219e+00 1.248413276672363281e+01 8.802346229553222656e+00 8.578109741210937500e+00 8.146140098571777344e+00 6.817368030548095703e+00 4.666859626770019531e+00 7.655184268951416016e+00 7.204431533813476562e+00 3.572268247604370117e+00 4.155900001525878906e+00 6.482831001281738281e+00 7.441231727600097656e+00 9.082338333129882812e+00 7.055198192596435547e+00 6.168786048889160156e+00
7.261215209960937500e+00 1.272350597381591797e+01 9.785585403442382812e+00 9.747512817382812500e+00 5.036496639251708984e+00 7.694012641906738281e+00 1.023184013366699219e+01 1.319945526123046875e+01 5.489031791687011719e+00 4.994381427764892578e+00 6.595918655395507812e+00 2.946093559265136719e+00 9.112636566162109375e+00 9.677685737609863281e+00 6.779676437377929688e+00 5.094445228576660156e+00 4.801089286804199219e+00 6.465740680694580078e+00 6.483841896057128906e+00 7.285753726959228516e+00
5.548503875732421875e+00 8.914454460144042969e+00 6.945722579956054688e+00 1.169092082977294922e+01 8.609502792358398438e+00 1.080121612548828125e+01 9.200705528259277344e+00 7.345802307128906250e+00 8.657989501953125000e+00 7.093798637390136719e+00 5.036228179931640625e+00 5.579380512237548828e+00 6.602611064910888672e+00 6.458060264587402344e+00 6.963520050048828125e+00 4.736540794372558594e+00 5.992568969726562500e+00 7.468381404876708984e+00 5.493244171142578125e+00 5.036339759826660156e+00
8.998294830322265625e+00 9.499963760375976562e+00 1.078342151641845703e+01 1.146925163269042969e+01 7.678543090820312500e+00 8.534960746765136719e+00 1.375403404235839844e+01 7.360435962677001953e+00 5.395951271057128906e+00 6.774016380310058594e+00 3.223363876342773438e+00 5.933053970336914062e+00 4.383428096771240234e+00 2.910419225692749023e+00 9.093265533447265625e+00 4.660965442657470703e+00 3.442816734313964844e+00 7.052928924560546875e+00 4.890924453735351562e+00 6.914976119995117188e+00
9.923728942871093750e+00 9.940839767456054688e+00 8.984584808349609375e+00 7.800181388854980469e+00 1.092307376861572266e+01 6.147243022918701172e+00 1.034437370300292969e+01 6.874697685241699219e+00 6.274374961853027344e+00 6.924268722534179688e+00 7.685132026672363281e+00 5.955354690551757812e+00 5.623905181884765625e+00 4.788643360137939453e+00 4.823266029357910156e+00 5.299135684967041016e+00 5.721386432647705078e+00 5.174049377441406250e+00 6.148444175720214844e+00 8.391305923461914062e+00
7.805334568023681641e+00 9.489295959472656250e+00 9.406619071960449219e+00 7.259428501129150391e+00 9.102004051208496094e+00 9.300252914428710938e+00 1.124950218200683594e+01 5.411808967590332031e+00 5.344229221343994141e+00 6.114227294921875000e+00 5.725236892700195312e+00 5.324956893920898438e+00 5.343524456024169922e+00 6.798101425170898438e+00 7.125310897827148438e+00 3.108214378356933594e+00 5.268370628356933594e+00 9.672517776489257812e+00 6.813902378082275391e+00 7.238631248474121094e+00
8.039396286010742188e+00 1.048155975341796875e+01 7.969316959381103516e+00 9.987392425537109375e+00 7.310889720916748047e+00 7.200594902038574219e+00 8.213681221008300781e+00 1.040209770202636719e+01 7.839652061462402344e+00 4.602373123168945312e+00 3.144845962524414062e+00 2.315420150756835938e+00 5.551343441009521484e+00 3.597072362899780273e+00 4.932643890380859375e+00 7.546535491943359375e+00 6.136750221252441406e+00 4.183615207672119141e+00 5.481418609619140625e+00 9.270332336425781250e+00
1.008748054504394531e+01 1.100970840454101562e+01 9.457937240600585938e+00 1.040927505493164062e+01 1.688544845581054688e+01 6.176599502563476562e+00 6.221832275390625000e+00 7.699144840240478516e+00 9.013401031494140625e+00 5.587417602539062500e+00 5.972784042358398438e+00 6.480199813842773438e+00 5.093547821044921875e+00 4.912342071533203125e+00 1.105908584594726562e+01 6.059035778045654297e+00 5.174062728881835938e+00 4.524801731109619141e+00 7.512274265289306641e+00 4.494068145751953125e+00
7.955409049987792969e+00 1.110576629638671875e+01 8.735664367675781250e+00 8.498219490051269531e+00 7.751130104064941406e+00 8.222212791442871094e+00 1.127482604980468750e+01 7.008618354797363281e+00 9.989622116088867188e+00 6.241722106933593750e+00 7.559395313262939453e+00 8.423364639282226562e+00 6.651803016662597656e+00 6.928759574890136719e+00 5.611441612243652344e+00 6.921949863433837891e+00 7.130439281463623047e+00 5.252264499664306641e+00 8.170044898986816406e+00 4.112438678741455078e+00
8.674963951110839844e+00 7.342320919036865234e+00 1.073898124694824219e+01 5.018968582153320312e+00 8.081457138061523438e+00 9.046251296997070312e+00 8.866471290588378906e+00 1.381036853790283203e+01 9.905670166015625000e+00 5.766255855560302734e+00 6.698831558227539062e+00 6.244422912597656250e+00 6.969204425811767578e+00 5.755026817321777344e+00 5.228603363037109375e+00 4.998507022857666016e+00 7.590190887451171875e+00 6.748376846313476562e+00 7.237822055816650391e+00 4.513361930847167969e+00
7.063306808471679688e+00 4.292654037475585938e+00 9.115743637084960938e+00 9.717919349670410156e+00 1.257525062561035156e+01 9.291004180908203125e+00 1.138364505767822266e+01 7.428836822509765625e+00 7.905342102050781250e+00 5.891601562500000000e+00 7.925216197967529297e+00 5.312688827514648438e+00 6.833840370178222656e+00 7.963016510009765625e+00 6.545430660247802734e+00 8.123852729797363281e+00 4.592932701110839844e+00 7.924540042877197266e+00 7.786151885986328125e+00 1.059866142272949219e+01
5.401986122131347656e+00 4.597984313964843750e+00 8.517321586608886719e+00 9.713865280151367188e+00 1.176776504516601562e+01 5.914829254150390625e+00 1.593075370788574219e+01 1.023862838745117188e+01 9.509489059448242188e+00 5.837637901306152344e+00 4.928673744201660156e+00 4.785783767700195312e+00 8.932744026184082031e+00 6.873149394989013672e+00 5.073893547058105469e+00 5.085233211517333984e+00 5.371787071228027344e+00 6.657665252685546875e+00 5.032006263732910156e+00 5.764709949493408203e+00
6.221005439758300781e+00 4.697355270385742188e+00 9.388174057006835938e+00 5.094717979431152344e+00 7.337032318115234375e+00 1.165363121032714844e+01 7.965839862823486328e+00 6.130680561065673828e+00 8.773032188415527344e+00 5.485711097717285156e+00 8.356163024902343750e+00 4.601912975311279297e+00 8.138586044311523438e+00 9.630108833312988281e+00 3.960532665252685547e+00 3.386845588684082031e+00 8.571449279785156250e+00 7.866467475891113281e+00 5.253782272338867188e+00 7.107361316680908203e+00
7.730001926422119141e+00 7.774513244628906250e+00 5.208619594573974609e+00 1.259216499328613281e+01 8.108983993530273438e+00 8.471366882324218750e+00 8.179813385009765625e+00 7.643803596496582031e+00 8.551015853881835938e+00 9.595942497253417969e+00 7.089289188385009766e+00 8.433529853820800781e+00 1.035131359100341797e+01 3.548122406005859375e+00 5.901438713073730469e+00 4.011195182800292969e+00 3.571928024291992188e+00 5.088209629058837891e+00 5.337382316589355469e+00 4.121265411376953125e+00
5.905071258544921875e+00 6.876492977142333984e+00 9.529636383056640625e+00 1.062448215484619141e+01 5.650949478149414062e+00 6.084401130676269531e+00 7.414001464843750000e+00 5.539434432983398438e+00 7.568926811218261719e+00 6.366722583770751953e+00 9.453804016113281250e+00 1.094005012512207031e+01 8.300569534301757812e+00 3.588564395904541016e+00 4.333264350891113281e+00 2.673867464065551758e+00 3.667910099029541016e+00 3.615062236785888672e+00 5.644845962524414062e+00 4.105731964111328125e+00
