2019-07-26 03:00:00
6.385783672332763672e+00 9.585075378417968750e+00 7.278761863708496094e+00 1.138580989837646484e+01 8.386009216308593750e+00 6.874147415161132812e+00 3.743888854980468750e+00 8.088922500610351562e+00 1.184663772583007812e+01 7.824773788452148438e+00 7.093984603881835938e+00 6.375844001770019531e+00 7.360926628112792969e+00 4.059346199035644531e+00 6.355641365051269531e+00 9.401815414428710938e+00 1.080980873107910156e+01 8.014156341552734375e+00 9.260091781616210938e+00 5.327353477478027344e+00
9.623969078063964844e+00 9.875141143798828125e+00 1.267777538299560547e+01 3.056585311889648438e+00 7.957762241363525391e+00 1.031782150268554688e+01 5.485411643981933594e+00 4.091684341430664062e+00 4.137709617614746094e+00 6.056762218475341797e+00 5.395450592041015625e+00 4.424164295196533203e+00 6.519717216491699219e+00 6.756218910217285156e+00 6.457503318786621094e+00 8.275686264038085938e+00 5.132319450378417969e+00 1.000310993194580078e+01 4.932405471801757812e+00 5.947252750396728516e+00
1.092120170593261719e+01 1.256600952148437500e+01 8.739909172058105469e+00 1.644538116455078125e+01 1.016723632812500000e+01 8.764690399169921875e+00 1.204454231262207031e+01 5.505701541900634766e+00 3.339411258697509766e+00 6.166023731231689453e+00 1.039574527740478516e+01 7.307156562805175781e+00 3.605175495147705078e+00 6.919500350952148438e+00 6.180279731750488281e+00 7.297463893890380859e+00 9.397649765014648438e+00 8.812171936035156250e+00 6.279366493225097656e+00 4.621191024780273438e+00
8.756612777709960938e+00 9.700603485107421875e+00 1.164745521545410156e+01 7.830326557159423828e+00 7.654010295867919922e+00 7.128688812255859375e+00 7.863300323486328125e+00 3.534638643264770508e+00 4.054122447967529297e+00 1.287591838836669922e+01 1.135009479522705078e+01 5.894605636596679688e+00 5.419180393218994141e+00 3.998534440994262695e+00 4.091168403625488281e+00 4.702478408813476562e+00 7.950063228607177734e+00 1.271888351440429688e+01 5.599575996398925781e+00 7.513440132141113281e+00
9.696040153503417969e+00 1.581816673278808594e+01 1.270815277099609375e+01 1.595794773101806641e+01 1.587464904785156250e+01 7.996024608612060547e+00 1.228797149658203125e+01 5.439976215362548828e+00 7.946289062500000000e+00 7.970419883728027344e+00 4.705461502075195312e+00 6.070279121398925781e+00 9.976847648620605469e+00 3.245741128921508789e+00 4.432610988616943359e+00 6.533903121948242188e+00 6.737158775329589844e+00 9.139307022094726562e+00 5.203273296356201172e+00 4.324471950531005859e+00
8.505755424499511719e+00 1.025628852844238281e+01 1.482140922546386719e+01 1.058249568939208984e+01 9.161034584045410156e+00 7.062502861022949219e+00 8.706760406494140625e+00 1.214930248260498047e+01 4.775163650512695312e+00 8.108953475952148438e+00 5.993144035339355469e+00 4.804536819458007812e+00 5.135717868804931641e+00 3.947856426239013672e+00 4.631495952606201172e+00 8.438190460205078125e+00 9.464206695556640625e+00 9.703717231750488281e+00 9.569047927856445312e+00 9.707160949707031250e+00
1.193403434753417969e+01 9.073959350585937500e+00 9.616710662841796875e+00 1.361580562591552734e+01 1.488184070587158203e+01 5.874761581420898438e+00 9.223910331726074219e+00 8.913396835327148438e+00 6.992828845977783203e+00 3.412036657333374023e+00 4.676259040832519531e+00 2.681663751602172852e+00 7.207685470581054688e+00 8.545289993286132812e+00 4.779884338378906250e+00 4.338194370269775391e+00 7.927619934082031250e+00 7.688174247741699219e+00 6.159138679504394531e+00 7.982554435729980469e+00
1.209796524047851562e+01 1.116998100280761719e+01 6.736761093139648438e+00 1.372980880737304688e+01 9.910810470581054688e+00 1.236256790161132812e+01 1.091113853454589844e+01 6.618463516235351562e+00 7.806285858154296875e+00 6.032589912414550781e+00 4.495592117309570312e+00 5.081319332122802734e+00 6.222482204437255859e+00 3.787830352783203125e+00 4.307203292846679688e+00 4.543925285339355469e+00 3.232263803482055664e+00 6.983872890472412109e+00 8.666921615600585938e+00 6.012609481811523438e+00
1.343264770507812500e+01 7.926443099975585938e+00 9.562694549560546875e+00 7.351009368896484375e+00 1.063444519042968750e+01 7.157476425170898438e+00 1.054379272460937500e+01 7.080719947814941406e+00 8.180906295776367188e+00 5.734683036804199219e+00 3.973494529724121094e+00 2.194516181945800781e+00 6.494540214538574219e+00 4.863502025604248047e+00 4.000433921813964844e+00 4.934006214141845703e+00 5.272643566131591797e+00 9.598005294799804688e+00 7.108405590057373047e+00 6.025657653808593750e+00
8.112764358520507812e+00 1.085842132568359375e+01 9.735761642456054688e+00 1.027329921722412109e+01 1.034462356567382812e+01 1.329359245300292969e+01 7.567897319793701172e+00 6.767406463623046875e+00 6.037208557128906250e+00 6.952630043029785156e+00 6.860752105712890625e+00 4.709980010986328125e+00 5.129926204681396484e+00 6.698624134063720703e+00 3.003857612609863281e+00 4.348956584930419922e+00 4.838457107543945312e+00 6.664852619171142578e+00 7.077062606811523438e+00 5.387093544006347656e+00
9.286392211914062500e+00 1.012232398986816406e+01 6.746662139892578125e+00 9.833402633666992188e+00 9.434216499328613281e+00 9.529999732971191406e+00 9.085254669189453125e+00 5.473656654357910156e+00 9.052927017211914062e+00 5.153639793395996094e+00 5.533108711242675781e+00 5.374446868896484375e+00 6.665752410888671875e+00 4.203940391540527344e+00 4.592442512512207031e+00 4.307868003845214844e+00 4.544265747070312500e+00 8.395069122314453125e+00 7.838534355163574219e+00 7.667351722717285156e+00
9.142231941223144531e+00 9.742095947265625000e+00 6.645062923431396484e+00 8.515132904052734375e+00 6.780343532562255859e+00 8.972204208374023438e+00 7.885004520416259766e+00 6.036218643188476562e+00 9.885156631469726562e+00 5.183057785034179688e+00 4.707908153533935547e+00 7.192096710205078125e+00 4.428179264068603516e+00 4.727784633636474609e+00 6.334148883819580078e+00 1.209766769409179688e+01 8.338701248168945312e+00 6.703038692474365234e+00 9.375934600830078125e+00 1.154741382598876953e+01
4.873307228088378906e+00 9.042739868164062500e+00 1.106547355651855469e+01 7.239182472229003906e+00 8.571847915649414062e+00 1.038609313964843750e+01 1.010145378112792969e+01 6.690150260925292969e+00 6.182972908020019531e+00 6.583387851715087891e+00 7.928192138671875000e+00 4.857325077056884766e+00 5.381246566772460938e+00 7.202895641326904297e+00 6.713526725769042969e+00 7.636779785156250000e+00 3.193983554840087891e+00 6.102155208587646484e+00 9.567138671875000000e+00 7.662717819213867188e+00
5.555744171142578125e+00 1.130840873718261719e+01 7.243618488311767578e+00 1.151396179199218750e+01 1.071947002410888672e+01 1.084521675109863281e+01 9.108839035034179688e+00 8.701982498168945312e+00 8.450549125671386719e+00 8.843053817749023438e+00 4.398013591766357422e+00 7.433058738708496094e+00 8.351385116577148438e+00 8.413594245910644531e+00 1.227448558807373047e+01 6.403414249420166016e+00 9.652935028076171875e+00 4.843322753906250000e+00 1.056962585449218750e+01 6.797660827636718750e+00
4.579270362854003906e+00 9.470058441162109375e+00 8.700816154479980469e+00 6.546610832214355469e+00 9.958989143371582031e+00 9.510580062866210938e+00 4.461884021759033203e+00 5.976079940795898438e+00 1.002182483673095703e+01 7.404172897338867188e+00 9.095987319946289062e+00 5.851250648498535156e+00 7.116974830627441406e+00 9.325515747070312500e+00 6.945586204528808594e+00 7.883884906768798828e+00 9.310714721679687500e+00 5.134189128875732422e+00 1.047557640075683594e+01 5.269120216369628906e+00
6.387180328369140625e+00 5.479886054992675781e+00 1.112814712524414062e+01 1.093821525573730469e+01 7.905496597290039062e+00 1.100861549377441406e+01 9.247584342956542969e+00 1.239514732360839844e+01 8.337590217590332031e+00 8.766215324401855469e+00 1.001853847503662109e+01 8.644192695617675781e+00 1.006413078308105469e+01 1.007731533050537109e+01 9.563802719116210938e+00 1.066476917266845703e+01 6.350573539733886719e+00 8.817907333374023438e+00 6.411889553070068359e+00 1.410450935363769531e+01
6.795543670654296875e+00 7.734441280364990234e+00 5.516566276550292969e+00 5.339403629302978516e+00 8.941148757934570312e+00 7.371648788452148438e+00 1.196738147735595703e+01 6.636035919189453125e+00 1.318038845062255859e+01 7.586502075195312500e+00 7.645774841308593750e+00 6.717448711395263672e+00 5.897883892059326172e+00 9.045833587646484375e+00 9.922889709472656250e+00 4.149471282958984375e+00 5.305486679077148438e+00 6.269358158111572266e+00 4.508031845092773438e+00 4.892801284790039062e+00
1.067889118194580078e+01 1.053610229492187500e+01 1.015089988708496094e+01 1.248968505859375000e+01 9.880434989929199219e+00 1.403281974792480469e+01 8.550807952880859375e+00 1.121700954437255859e+01 5.815933227539062500e+00 1.008564376831054688e+01 8.604174613952636719e+00 5.835724353790283203e+00 5.880832672119140625e+00 7.861257553100585938e+00 9.782995223999023438e+00 5.679408073425292969e+00 8.677451133728027344e+00 8.442878723144531250e+00 4.968679904937744141e+00 4.841581821441650391e+00
1.065745353698730469e+01 9.483259201049804688e+00 1.160348320007324219e+01 8.043630599975585938e+00 9.055363655090332031e+00 8.493873596191406250e+00 1.090706253051757812e+01 1.214009666442871094e+01 1.188148689270019531e+01 6.132421970367431641e+00 8.462428092956542969e+00 1.069164943695068359e+01 6.786603927612304688e+00 5.665711879730224609e+00 6.947474479675292969e+00 4.883692741394042969e+00 3.937613487243652344e+00 6.752712249755859375e+00 6.716286659240722656e+00 7.677852630615234375e+00
1.179296588897705078e+01 8.364935874938964844e+00 8.920743942260742188e+00 1.183804130554199219e+01 9.708731651306152344e+00 1.373170089721679688e+01 7.884563922882080078e+00 8.006212234497070312e+00 9.066329956054687500e+00 1.102858638763427734e+01 9.666872978210449219e+00 9.679847717285156250e+00 1.093597030639648438e+01 5.025177001953125000e+00 4.437148094177246094e+00 5.404363632202148438e+00 5.846695899963378906e+00 5.668231964111328125e+00 9.041341781616210938e+00 4.580626010894775391e+00
