2019-07-26 03:30:00
6.227551460266113281e+00 9.628070831298828125e+00 1.527534580230712891e+01 9.172113418579101562e+00 7.786717414855957031e+00 9.649131774902343750e+00 8.199745178222656250e+00 1.052692413330078125e+01 1.424731254577636719e+01 7.937569141387939453e+00 7.156791687011718750e+00 5.811092376708984375e+00 8.123758316040039062e+00 1.096385097503662109e+01 9.914412498474121094e+00 8.221803665161132812e+00 1.063351631164550781e+01 7.899085044860839844e+00 9.830234527587890625e+00 4.000133037567138672e+00
6.008260250091552734e+00 1.083655834197998047e+01 1.290490150451660156e+01 4.564042091369628906e+00 1.151539039611816406e+01 1.049166679382324219e+01 9.021282196044921875e+00 5.676731586456298828e+00 8.213296890258789062e+00 7.821791648864746094e+00 9.350061416625976562e+00 6.577703475952148438e+00 1.029446601867675781e+01 5.775889396667480469e+00 8.432207107543945312e+00 1.120279598236083984e+01 1.037550926208496094e+01 4.669192314147949219e+00 8.126754760742187500e+00 1.128807258605957031e+01
8.288722038269042969e+00 4.784701347351074219e+00 7.916656017303466797e+00 1.383888244628906250e+01 6.338809967041015625e+00 1.046759986877441406e+01 1.007983779907226562e+01 6.508949279785156250e+00 6.629852294921875000e+00 6.448626518249511719e+00 1.107103633880615234e+01 8.043741226196289062e+00 8.229515075683593750e+00 8.976097106933593750e+00 1.067496204376220703e+01 7.394941806793212891e+00 5.569754600524902344e+00 8.473497390747070312e+00 5.410967826843261719e+00 7.118843555450439453e+00
8.783280372619628906e+00 7.487428665161132812e+00 1.358382034301757812e+01 7.971302032470703125e+00 8.894080162048339844e+00 6.774904251098632812e+00 6.871592044830322266e+00 4.684334754943847656e+00 8.178798675537109375e+00 9.658426284790039062e+00 9.942443847656250000e+00 6.246498107910156250e+00 5.458297729492187500e+00 9.375055313110351562e+00 1.203073215484619141e+01 1.026459693908691406e+01 6.436107158660888672e+00 1.269894218444824219e+01 7.492198467254638672e+00 8.417173385620117188e+00
7.360755920410156250e+00 1.053599739074707031e+01 5.928003311157226562e+00 6.722488403320312500e+00 1.127508354187011719e+01 1.107170104980468750e+01 7.865255832672119141e+00 1.403114700317382812e+01 1.553186225891113281e+01 1.014680290222167969e+01 5.473994255065917969e+00 1.102344131469726562e+01 1.187005615234375000e+01 8.897011756896972656e+00 8.061713218688964844e+00 1.407827758789062500e+01 5.505735397338867188e+00 8.501518249511718750e+00 1.031835365295410156e+01 6.214133262634277344e+00
7.517771720886230469e+00 7.011815071105957031e+00 7.637156486511230469e+00 4.581634998321533203e+00 9.296688079833984375e+00 1.072717475891113281e+01 1.019113445281982422e+01 4.608237266540527344e+00 1.093307018280029297e+01 1.019137001037597656e+01 6.155328750610351562e+00 6.344336986541748047e+00 1.146369647979736328e+01 7.083697319030761719e+00 3.349195718765258789e+00 8.267330169677734375e+00 1.023205280303955078e+01 9.556985855102539062e+00 1.181266784667968750e+01 9.586532592773437500e+00
9.785335540771484375e+00 8.383120536804199219e+00 7.247252941131591797e+00 1.227196121215820312e+01 1.250281333923339844e+01 1.390499782562255859e+01 7.530074119567871094e+00 1.047546958923339844e+01 5.207368850708007812e+00 6.325074195861816406e+00 8.204212188720703125e+00 1.014007759094238281e+01 1.174621200561523438e+01 1.421719932556152344e+01 5.622700691223144531e+00 1.200120639801025391e+01 1.142470741271972656e+01 6.009254455566406250e+00 7.213119506835937500e+00 1.377134323120117188e+01
8.940315246582031250e+00 9.717227935791015625e+00 1.062320232391357422e+01 8.645553588867187500e+00 9.392419815063476562e+00 8.956411361694335938e+00 4.476334571838378906e+00 8.442205429077148438e+00 6.267982959747314453e+00 8.479608535766601562e+00 9.425308227539062500e+00 9.127804756164550781e+00 9.265229225158691406e+00 1.120762538909912109e+01 1.016021156311035156e+01 7.960253715515136719e+00 8.184238433837890625e+00 8.045192718505859375e+00 2.819444656372070312e+00 6.678914070129394531e+00
8.491640090942382812e+00 1.253751277923583984e+01 6.933758735656738281e+00 9.755683898925781250e+00 6.584420680999755859e+00 9.678092002868652344e+00 6.335613250732421875e+00 8.037894248962402344e+00 7.083270549774169922e+00 4.388724327087402344e+00 1.146210002899169922e+01 9.259183883666992188e+00 5.834873199462890625e+00 5.991967201232910156e+00 5.824213504791259766e+00 6.351613998413085938e+00 8.290369033813476562e+00 9.623313903808593750e+00 9.042792320251464844e+00 8.650806427001953125e+00
1.127730751037597656e+01 1.336138534545898438e+01 1.026945209503173828e+01 6.683586120605468750e+00 1.127712154388427734e+01 5.268527507781982422e+00 9.920995712280273438e+00 5.910381317138671875e+00 6.646450042724609375e+00 1.070585060119628906e+01 8.464082717895507812e+00 9.340667724609375000e+00 6.480409145355224609e+00 5.459279060363769531e+00 5.435221672058105469e+00 6.764393806457519531e+00 9.204139709472656250e+00 1.344515609741210938e+01 9.732768058776855469e+00 7.395668506622314453e+00
8.054374694824218750e+00 6.839540481567382812e+00 8.511291503906250000e+00 6.037508964538574219e+00 9.213162422180175781e+00 9.968177795410156250e+00 8.289169311523437500e+00 7.847885131835937500e+00 7.457211971282958984e+00 9.032506942749023438e+00 6.402587890625000000e+00 1.107849502563476562e+01 7.580143928527832031e+00 5.700424194335937500e+00 6.402332305908203125e+00 6.753170490264892578e+00 9.280168533325195312e+00 9.869186401367187500e+00 1.023892593383789062e+01 6.098145484924316406e+00
5.925246238708496094e+00 7.653024673461914062e+00 8.573288917541503906e+00 1.031252670288085938e+01 1.736509895324707031e+01 6.634540081024169922e+00 1.300822734832763672e+01 5.516005992889404297e+00 9.977588653564453125e+00 1.128347778320312500e+01 9.118906021118164062e+00 6.791868686676025391e+00 7.092970371246337891e+00 9.173461914062500000e+00 1.184190559387207031e+01 8.354566574096679688e+00 5.352021694183349609e+00 6.525723934173583984e+00 9.142405509948730469e+00 8.221620559692382812e+00
6.555846214294433594e+00 1.008168697357177734e+01 1.100995635986328125e+01 8.779036521911621094e+00 1.087299060821533203e+01 9.644464492797851562e+00 7.240726470947265625e+00 9.614500045776367188e+00 1.330215263366699219e+01 1.171529579162597656e+01 7.150658130645751953e+00 7.304071426391601562e+00 1.014741325378417969e+01 8.293426513671875000e+00 9.479650497436523438e+00 8.173778533935546875e+00 7.574450969696044922e+00 9.028867721557617188e+00 9.863601684570312500e+00 1.091821861267089844e+01
1.173839950561523438e+01 9.841354370117187500e+00 8.530677795410156250e+00 9.794236183166503906e+00 7.688957691192626953e+00 8.871215820312500000e+00 8.535986900329589844e+00 8.818366050720214844e+00 1.172282981872558594e+01 7.655329704284667969e+00 1.245967292785644531e+01 8.507312774658203125e+00 8.921929359436035156e+00 7.405104160308837891e+00 6.742580890655517578e+00 8.062762260437011719e+00 8.177219390869140625e+00 4.599710941314697266e+00 9.482196807861328125e+00 8.433459281921386719e+00
8.280767440795898438e+00 1.193204689025878906e+01 1.190662193298339844e+01 8.320236206054687500e+00 1.035108947753906250e+01 1.050311470031738281e+01 1.191692543029785156e+01 9.591345787048339844e+00 7.490403175354003906e+00 1.149901199340820312e+01 8.710927963256835938e+00 1.062740707397460938e+01 9.316762924194335938e+00 5.784113407135009766e+00 9.361356735229492188e+00 6.885959148406982422e+00 9.537694931030273438e+00 1.289991188049316406e+01 9.924880981445312500e+00 5.504875183105468750e+00
8.583942413330078125e+00 5.078068733215332031e+00 1.351653194427490234e+01 9.452738761901855469e+00 8.004358291625976562e+00 8.583870887756347656e+00 1.209674549102783203e+01 7.536072254180908203e+00 9.331022262573242188e+00 9.396506309509277344e+00 6.717240333557128906e+00 1.216915893554687500e+01 1.007651901245117188e+01 1.088575363159179688e+01 9.431192398071289062e+00 8.833928108215332031e+00 9.120722770690917969e+00 8.399375915527343750e+00 9.851042747497558594e+00 1.339799690246582031e+01
7.579813480377197266e+00 8.671935081481933594e+00 7.677853584289550781e+00 7.663083553314208984e+00 7.899038314819335938e+00 9.169925689697265625e+00 1.292180156707763672e+01 1.182349109649658203e+01 1.238934135437011719e+01 1.000948333740234375e+01 9.613777160644531250e+00 1.175334167480468750e+01 5.272652626037597656e+00 8.765706062316894531e+00 8.648523330688476562e+00 5.980786323547363281e+00 7.420883178710937500e+00 7.431817054748535156e+00 6.189017295837402344e+00 8.797264099121093750e+00
8.759569168090820312e+00 6.680952072143554688e+00 9.612504005432128906e+00 1.244471740722656250e+01 8.931716918945312500e+00 8.958456993103027344e+00 8.072395324707031250e+00 6.366594314575195312e+00 6.638710021972656250e+00 7.080797672271728516e+00 1.112710952758789062e+01 7.386637687683105469e+00 8.743357658386230469e+00 8.580540657043457031e+00 8.810438156127929688e+00 6.421801567077636719e+00 7.288847923278808594e+00 4.266383647918701172e+00 6.265805721282958984e+00 6.995387077331542969e+00
1.351184654235839844e+01 7.804271221160888672e+00 7.061130523681640625e+00 7.979621887207031250e+00 9.687902450561523438e+00 8.383562088012695312e+00 8.701581954956054688e+00 7.717633247375488281e+00 5.864273071289062500e+00 8.245841026306152344e+00 8.782937049865722656e+00 5.767367362976074219e+00 1.224392890930175781e+01 1.252570056915283203e+01 9.766963958740234375e+00 7.991441726684570312e+00 8.916864395141601562e+00 6.863423824310302734e+00 1.335628604888916016e+01 6.398240089416503906e+00
8.023702621459960938e+00 7.266996383666992188e+00 7.988281726837158203e+00 9.067150115966796875e+00 7.748181343078613281e+00 1.035518169403076172e+01 5.788074493408203125e+00 7.180913925170898438e+00 9.059972763061523438e+00 9.203659057617187500e+00 6.640153884887695312e+00 9.497054100036621094e+00 6.708631992340087891e+00 8.870767593383789062e+00 7.602913856506347656e+00 1.120395183563232422e+01 4.434438705444335938e+00 6.996886253356933594e+00 1.022127532958984375e+01 6.821787834167480469e+00
