2019-07-26 03:45:00
6.404677391052246094e+00 4.985743522644042969e+00 1.043243122100830078e+01 7.872550964355468750e+00 6.699390888214111328e+00 5.409816741943359375e+00 4.194574356079101562e+00 6.615143299102783203e+00 7.717910766601562500e+00 4.738237380981445312e+00 4.153411388397216797e+00 4.341813087463378906e+00 7.782158374786376953e+00 7.267944335937500000e+00 5.167424201965332031e+00 1.339546585083007812e+01 1.216088104248046875e+01 5.769244194030761719e+00 5.510574817657470703e+00 4.775615215301513672e+00
8.110708236694335938e+00 5.383057594299316406e+00 5.546018600463867188e+00 9.489683151245117188e+00 9.376926422119140625e+00 7.669972896575927734e+00 1.024642848968505859e+01 9.366490364074707031e+00 4.678387641906738281e+00 4.434025287628173828e+00 4.892343521118164062e+00 4.512476444244384766e+00 4.151560783386230469e+00 5.744636058807373047e+00 3.681555986404418945e+00 3.975283622741699219e+00 5.329959392547607422e+00 5.481864929199218750e+00 5.392574310302734375e+00 4.769091129302978516e+00
1.021298122406005859e+01 4.640661239624023438e+00 5.524029731750488281e+00 6.451626777648925781e+00 8.573250770568847656e+00 7.626138687133789062e+00 7.828328132629394531e+00 5.302054405212402344e+00 5.049840927124023438e+00 4.846731185913085938e+00 9.942029953002929688e+00 4.617666244506835938e+00 3.529375076293945312e+00 8.625448226928710938e+00 4.464082717895507812e+00 5.567263603210449219e+00 9.694025993347167969e+00 5.265406131744384766e+00 4.719597816467285156e+00 7.482066154479980469e+00
6.615410804748535156e+00 5.976380348205566406e+00 8.173186302185058594e+00 8.277709960937500000e+00 8.107437133789062500e+00 6.034243106842041016e+00 4.437415122985839844e+00 4.757769107818603516e+00 5.223473548889160156e+00 6.812619686126708984e+00 8.814239501953125000e+00 9.251592636108398438e+00 5.456308364868164062e+00 5.303802490234375000e+00 6.536979675292968750e+00 6.848840236663818359e+00 2.160508632659912109e+00 7.454092025756835938e+00 6.099049568176269531e+00 3.619617938995361328e+00
9.886721611022949219e+00 8.659011840820312500e+00 6.831878662109375000e+00 6.303254127502441406e+00 8.854806900024414062e+00 1.234411621093750000e+01 1.451066780090332031e+01 8.845869064331054688e+00 1.006513309478759766e+01 9.425333023071289062e+00 6.905607223510742188e+00 4.425952434539794922e+00 6.013777732849121094e+00 4.929927349090576172e+00 9.324222564697265625e+00 6.020504951477050781e+00 6.151605606079101562e+00 9.425348281860351562e+00 7.905533790588378906e+00 3.759707927703857422e+00
6.527829647064208984e+00 8.456288337707519531e+00 1.143711090087890625e+01 6.975377082824707031e+00 8.857660293579101562e+00 1.232866287231445312e+01 7.558218479156494141e+00 1.579285240173339844e+01 5.379848957061767578e+00 3.201804637908935547e+00 4.949470520019531250e+00 6.640468597412109375e+00 5.409706115722656250e+00 5.666771411895751953e+00 3.569955348968505859e+00 6.855576515197753906e+00 7.411122322082519531e+00 7.520175933837890625e+00 9.442486763000488281e+00 5.315902709960937500e+00
8.742103576660156250e+00 9.087458610534667969e+00 1.290182495117187500e+01 1.057797527313232422e+01 1.235093021392822266e+01 9.793321609497070312e+00 6.937557220458984375e+00 3.570038318634033203e+00 3.851730346679687500e+00 7.346499443054199219e+00 5.234678268432617188e+00 4.031837463378906250e+00 7.586862087249755859e+00 8.758937835693359375e+00 4.367363929748535156e+00 4.948597431182861328e+00 3.899895906448364258e+00 5.205645561218261719e+00 7.877729415893554688e+00 5.575114250183105469e+00
9.227743148803710938e+00 7.450415611267089844e+00 1.145511531829833984e+01 9.916985511779785156e+00 1.576313495635986328e+01 1.045056343078613281e+01 1.054469490051269531e+01 6.083816528320312500e+00 7.376476764678955078e+00 5.490869522094726562e+00 7.173823356628417969e+00 4.443934440612792969e+00 8.647499084472656250e+00 8.063657760620117188e+00 3.247393608093261719e+00 5.100288391113281250e+00 4.955119132995605469e+00 8.071710586547851562e+00 7.570535659790039062e+00 8.156558036804199219e+00
7.680269718170166016e+00 8.723225593566894531e+00 1.124277973175048828e+01 1.083013820648193359e+01 8.745607376098632812e+00 8.149435997009277344e+00 6.420113086700439453e+00 7.109329223632812500e+00 5.224204063415527344e+00 4.751955986022949219e+00 2.485324382781982422e+00 3.603570938110351562e+00 6.101582050323486328e+00 5.790452480316162109e+00 5.178186416625976562e+00 4.294888973236083984e+00 4.797485351562500000e+00 5.315380096435546875e+00 7.156531333923339844e+00 6.862483978271484375e+00
7.557238101959228516e+00 1.085499382019042969e+01 7.015729904174804688e+00 9.590686798095703125e+00 1.187282752990722656e+01 9.101353645324707031e+00 1.214753723144531250e+01 5.929785251617431641e+00 7.346918582916259766e+00 1.167389678955078125e+01 4.210774421691894531e+00 6.644073486328125000e+00 6.720392227172851562e+00 3.326889038085937500e+00 5.378618240356445312e+00 4.189558029174804688e+00 8.225021362304687500e+00 4.121485710144042969e+00 6.295138835906982422e+00 8.705446243286132812e+00
5.645535945892333984e+00 6.524570941925048828e+00 7.132200241088867188e+00 7.463017463684082031e+00 5.372660160064697266e+00 8.701146125793457031e+00 7.235170364379882812e+00 4.928576946258544922e+00 3.950659275054931641e+00 3.530800819396972656e+00 3.700371265411376953e+00 4.324092388153076172e+00 5.039493560791015625e+00 5.655800819396972656e+00 5.047607421875000000e+00 3.518843412399291992e+00 5.563548088073730469e+00 9.320098876953125000e+00 3.411700010299682617e+00 6.869063377380371094e+00
7.469040870666503906e+00 7.119279861450195312e+00 5.025970458984375000e+00 6.341864585876464844e+00 4.071431159973144531e+00 7.779284477233886719e+00 6.284155845642089844e+00 5.885790824890136719e+00 2.417176246643066406e+00 3.975705623626708984e+00 3.282817840576171875e+00 4.706282615661621094e+00 3.737806320190429688e+00 4.698093891143798828e+00 5.371212005615234375e+00 8.083730697631835938e+00 4.643350601196289062e+00 4.250378608703613281e+00 7.181457996368408203e+00 5.833423137664794922e+00
3.801268339157104492e+00 4.174488544464111328e+00 6.093744277954101562e+00 6.305228233337402344e+00 6.186738967895507812e+00 8.294544219970703125e+00 1.004836845397949219e+01 6.739192962646484375e+00 3.046652793884277344e+00 3.565514802932739258e+00 3.401633262634277344e+00 2.598275184631347656e+00 6.270266532897949219e+00 5.345762252807617188e+00 4.540073871612548828e+00 6.201108932495117188e+00 5.476281166076660156e+00 5.832816123962402344e+00 6.280306816101074219e+00 5.513854980468750000e+00
4.429064273834228516e+00 3.306895971298217773e+00 4.574152946472167969e+00 4.625048637390136719e+00 5.577644348144531250e+00 7.366550445556640625e+00 3.673481225967407227e+00 4.609717845916748047e+00 5.768496513366699219e+00 5.338909149169921875e+00 3.936219930648803711e+00 4.586670398712158203e+00 7.568261146545410156e+00 5.198685646057128906e+00 4.705502986907958984e+00 6.092308044433593750e+00 7.858488082885742188e+00 5.981872081756591797e+00 7.346422195434570312e+00 3.294405221939086914e+00
3.619668483734130859e+00 3.509451389312744141e+00 6.531352043151855469e+00 8.227903366088867188e+00 9.325707435607910156e+00 8.688950538635253906e+00 7.191029548645019531e+00 6.108545303344726562e+00 5.997083663940429688e+00 4.291197776794433594e+00 6.084527015686035156e+00 5.744883060455322266e+00 5.684918403625488281e+00 5.559083938598632812e+00 4.336243629455566406e+00 6.395603179931640625e+00 1.047424697875976562e+01 7.322151660919189453e+00 8.547286033630371094e+00 4.982884407043457031e+00
8.220638275146484375e+00 5.394077301025390625e+00 4.647727012634277344e+00 8.498739242553710938e+00 6.023978233337402344e+00 7.997837066650390625e+00 5.212007522583007812e+00 5.688575744628906250e+00 7.403239727020263672e+00 4.497766971588134766e+00 4.291440486907958984e+00 4.592926502227783203e+00 6.610090255737304688e+00 7.197140693664550781e+00 3.977456569671630859e+00 4.498616218566894531e+00 4.538043022155761719e+00 4.405871391296386719e+00 5.469115734100341797e+00 8.063738822937011719e+00
5.822899818420410156e+00 6.643984794616699219e+00 5.273921966552734375e+00 7.745409011840820312e+00 8.516328811645507812e+00 3.668009042739868164e+00 7.369344711303710938e+00 8.290582656860351562e+00 5.184892654418945312e+00 5.427607536315917969e+00 4.604087352752685547e+00 8.134529113769531250e+00 4.696442127227783203e+00 4.065269470214843750e+00 4.403116703033447266e+00 5.905285835266113281e+00 5.714158535003662109e+00 5.458460807800292969e+00 6.070622920989990234e+00 5.713851928710937500e+00
6.447048664093017578e+00 8.665906906127929688e+00 7.946064472198486328e+00 7.282025814056396484e+00 8.726399421691894531e+00 8.183312416076660156e+00 6.638559341430664062e+00 5.456780433654785156e+00 7.339931488037109375e+00 6.012747764587402344e+00 1.006579971313476562e+01 5.276134490966796875e+00 1.019858646392822266e+01 6.754433155059814453e+00 4.457593917846679688e+00 5.276768684387207031e+00 4.830939292907714844e+00 5.865351676940917969e+00 5.419650077819824219e+00 4.472508907318115234e+00
1.292232227325439453e+01 1.075011062622070312e+01 7.710877895355224609e+00 9.351571083068847656e+00 6.227423667907714844e+00 9.581808090209960938e+00 8.918091773986816406e+00 8.249537467956542969e+00 1.007096767425537109e+01 1.111731529235839844e+01 9.833820343017578125e+00 1.147820472717285156e+01 5.586540222167968750e+00 4.484573364257812500e+00 5.816918373107910156e+00 1.950372934341430664e+00 3.586859703063964844e+00 4.159806728363037109e+00 5.683288574218750000e+00 3.524196624755859375e+00
9.588615417480468750e+00 1.188329315185546875e+01 1.077184867858886719e+01 5.010113239288330078e+00 1.026677894592285156e+01 1.026370620727539062e+01 9.007947921752929688e+00 8.481389045715332031e+00 1.457804870605468750e+01 5.071364402770996094e+00 9.186246871948242188e+00 5.956441402435302734e+00 6.572940826416015625e+00 3.390217304229736328e+00 5.001956939697265625e+00 3.594429969787597656e+00 3.209809303283691406e+00 6.225444793701171875e+00 3.837813377380371094e+00 3.746875047683715820e+00
