2019-07-26 04:00:00
8.799974441528320312e+00 8.683980941772460938e+00 6.810508728027343750e+00 8.257850646972656250e+00 4.382520675659179688e+00 1.003694534301757812e+01 5.413484096527099609e+00 3.550600051879882812e+00 1.030854701995849609e+01 1.016904067993164062e+01 6.323732376098632812e+00 6.305686950683593750e+00 9.030353546142578125e+00 4.361126899719238281e+00 6.627778053283691406e+00 5.514612197875976562e+00 7.365452766418457031e+00 9.107719421386718750e+00 6.807182788848876953e+00 5.816980838775634766e+00
8.533535003662109375e+00 8.877557754516601562e+00 6.401293754577636719e+00 1.068225669860839844e+01 7.811633110046386719e+00 1.053038787841796875e+01 3.668978691101074219e+00 3.158819198608398438e+00 8.521476745605468750e+00 6.296056270599365234e+00 7.169595241546630859e+00 2.954628944396972656e+00 7.454774856567382812e+00 5.255403995513916016e+00 3.559555053710937500e+00 7.504821300506591797e+00 3.831168174743652344e+00 7.848530769348144531e+00 9.071451187133789062e+00 5.192599296569824219e+00
3.606738805770874023e+00 9.752086639404296875e+00 4.627344131469726562e+00 1.113648986816406250e+01 7.429429054260253906e+00 9.388887405395507812e+00 6.231110572814941406e+00 4.186618804931640625e+00 3.623551130294799805e+00 4.148200035095214844e+00 4.356897354125976562e+00 9.230801582336425781e+00 5.034126758575439453e+00 4.763906955718994141e+00 4.469168663024902344e+00 9.693223953247070312e+00 7.995846748352050781e+00 6.104402542114257812e+00 5.300228118896484375e+00 7.624550819396972656e+00
5.147583007812500000e+00 1.262423133850097656e+01 1.031829261779785156e+01 5.943366050720214844e+00 8.752690315246582031e+00 7.693932533264160156e+00 4.858438014984130859e+00 5.595090866088867188e+00 5.848614692687988281e+00 1.290396213531494141e+01 7.504167556762695312e+00 1.027513885498046875e+01 6.231164932250976562e+00 5.449771881103515625e+00 7.096374511718750000e+00 8.125112533569335938e+00 5.844078063964843750e+00 4.426177024841308594e+00 7.051820755004882812e+00 7.572046279907226562e+00
4.872626304626464844e+00 7.541958808898925781e+00 6.209535598754882812e+00 5.513171195983886719e+00 7.804778099060058594e+00 6.862463951110839844e+00 6.587797641754150391e+00 1.000959396362304688e+01 1.422382354736328125e+01 4.695492744445800781e+00 7.700035095214843750e+00 7.392149925231933594e+00 4.893103599548339844e+00 5.039435386657714844e+00 5.061942577362060547e+00 6.616320610046386719e+00 5.747447013854980469e+00 5.469776153564453125e+00 1.054556655883789062e+01 4.778222560882568359e+00
6.387891769409179688e+00 1.044474315643310547e+01 9.106197357177734375e+00 9.865388870239257812e+00 1.070564651489257812e+01 7.869535923004150391e+00 1.142778396606445312e+01 1.121562671661376953e+01 9.050434112548828125e+00 8.435398101806640625e+00 6.341306686401367188e+00 5.094513893127441406e+00 7.708254814147949219e+00 4.956737041473388672e+00 3.709365844726562500e+00 9.446513175964355469e+00 6.519830703735351562e+00 1.467878913879394531e+01 1.103507423400878906e+01 4.938472270965576172e+00
8.246496200561523438e+00 7.691231727600097656e+00 5.917039871215820312e+00 1.101951599121093750e+01 1.072827911376953125e+01 9.966747283935546875e+00 1.082812500000000000e+01 2.537508964538574219e+00 5.165731906890869141e+00 4.641160964965820312e+00 4.882488727569580078e+00 5.070940017700195312e+00 7.249701499938964844e+00 4.945718765258789062e+00 4.722176074981689453e+00 6.274965286254882812e+00 6.183394908905029297e+00 7.160692691802978516e+00 9.310951232910156250e+00 5.827463150024414062e+00
7.151345729827880859e+00 5.778294086456298828e+00 9.019608497619628906e+00 1.179088783264160156e+01 1.048781585693359375e+01 9.875513076782226562e+00 6.266222953796386719e+00 4.371542453765869141e+00 3.629999160766601562e+00 6.206887722015380859e+00 6.578777313232421875e+00 4.364271640777587891e+00 7.520299911499023438e+00 6.279572963714599609e+00 3.407654762268066406e+00 4.591306209564208984e+00 5.320383548736572266e+00 5.872571468353271484e+00 1.071679973602294922e+01 7.611284732818603516e+00
7.360538959503173828e+00 9.559165000915527344e+00 1.151771259307861328e+01 1.243573856353759766e+01 9.434656143188476562e+00 7.445806026458740234e+00 1.102343559265136719e+01 3.664903163909912109e+00 5.365335464477539062e+00 6.998357772827148438e+00 5.692316055297851562e+00 5.180970191955566406e+00 6.537539482116699219e+00 4.165452957153320312e+00 3.504202842712402344e+00 3.717858552932739258e+00 7.229857444763183594e+00 7.895812034606933594e+00 4.935569763183593750e+00 7.102889537811279297e+00
9.797919273376464844e+00 7.929862976074218750e+00 8.993701934814453125e+00 5.622635364532470703e+00 8.697057723999023438e+00 7.238556385040283203e+00 6.843755722045898438e+00 4.538446426391601562e+00 3.599116802215576172e+00 8.357496261596679688e+00 5.929444313049316406e+00 2.028911113739013672e+00 3.144578456878662109e+00 3.838850975036621094e+00 4.231297492980957031e+00 5.540518283843994141e+00 9.898575782775878906e+00 4.374483108520507812e+00 9.850489616394042969e+00 6.385509014129638672e+00
7.432070732116699219e+00 8.715335845947265625e+00 1.020907878875732422e+01 9.988697052001953125e+00 1.145677185058593750e+01 7.068365097045898438e+00 6.224548339843750000e+00 4.297063827514648438e+00 5.796769142150878906e+00 4.974678039550781250e+00 6.192402839660644531e+00 6.901852130889892578e+00 4.793108940124511719e+00 5.043378829956054688e+00 3.674586772918701172e+00 5.193705081939697266e+00 5.855499267578125000e+00 5.218636989593505859e+00 7.610222339630126953e+00 8.598699569702148438e+00
8.646879196166992188e+00 8.336240768432617188e+00 1.014227294921875000e+01 1.015272903442382812e+01 9.663050651550292969e+00 8.746335029602050781e+00 5.564583778381347656e+00 4.514157772064208984e+00 3.165950298309326172e+00 3.591537475585937500e+00 3.906935930252075195e+00 3.032570362091064453e+00 5.105595588684082031e+00 4.929489135742187500e+00 6.894318103790283203e+00 1.011222839355468750e+01 5.932602882385253906e+00 8.911537170410156250e+00 7.289139747619628906e+00 8.813314437866210938e+00
7.221343040466308594e+00 9.214436531066894531e+00 1.124575805664062500e+01 4.613854408264160156e+00 9.445587158203125000e+00 4.590930461883544922e+00 5.964483737945556641e+00 4.362849235534667969e+00 4.877477169036865234e+00 2.705482482910156250e+00 2.493934631347656250e+00 4.688441276550292969e+00 2.857720613479614258e+00 2.959995269775390625e+00 5.467711448669433594e+00 5.189926624298095703e+00 5.027429103851318359e+00 5.301268100738525391e+00 5.214128971099853516e+00 3.466516017913818359e+00
1.105327987670898438e+01 8.790737152099609375e+00 8.060940742492675781e+00 1.001025199890136719e+01 9.617898941040039062e+00 8.127893447875976562e+00 4.882258415222167969e+00 4.084056854248046875e+00 2.864765644073486328e+00 3.546253204345703125e+00 3.965592384338378906e+00 3.227292060852050781e+00 2.850886583328247070e+00 4.511857509613037109e+00 4.156619071960449219e+00 5.629292011260986328e+00 7.339536666870117188e+00 6.553598403930664062e+00 4.750173091888427734e+00 6.482453346252441406e+00
9.003804206848144531e+00 1.066402435302734375e+01 1.237998390197753906e+01 9.358434677124023438e+00 8.250701904296875000e+00 8.816203117370605469e+00 8.287686347961425781e+00 4.949034690856933594e+00 3.893229484558105469e+00 5.522396564483642578e+00 5.381205081939697266e+00 3.536148071289062500e+00 2.357977390289306641e+00 5.461521148681640625e+00 5.950202941894531250e+00 6.538769721984863281e+00 9.056068420410156250e+00 4.684710025787353516e+00 6.253437995910644531e+00 5.609344005584716797e+00
9.550542831420898438e+00 7.474344253540039062e+00 8.970468521118164062e+00 6.566064834594726562e+00 1.169369029998779297e+01 9.057220458984375000e+00 8.001483917236328125e+00 7.043026447296142578e+00 6.267085552215576172e+00 4.205461502075195312e+00 3.013030767440795898e+00 3.999169826507568359e+00 4.706739902496337891e+00 5.188553810119628906e+00 4.768825531005859375e+00 6.544303894042968750e+00 5.268756866455078125e+00 6.274187088012695312e+00 8.095334053039550781e+00 1.026702976226806641e+01
8.674878120422363281e+00 1.108171272277832031e+01 8.210269927978515625e+00 8.178646087646484375e+00 6.794785976409912109e+00 5.616093635559082031e+00 7.567979812622070312e+00 5.260602951049804688e+00 4.700316429138183594e+00 2.892228126525878906e+00 4.461598873138427734e+00 5.593059539794921875e+00 4.343050956726074219e+00 5.887738227844238281e+00 4.682401657104492188e+00 5.432370185852050781e+00 6.789298057556152344e+00 3.793971776962280273e+00 6.977907657623291016e+00 8.542574882507324219e+00
1.005781745910644531e+01 1.380966567993164062e+01 8.686033248901367188e+00 1.315202426910400391e+01 1.276620483398437500e+01 1.289592933654785156e+01 9.272401809692382812e+00 7.224447250366210938e+00 7.138361930847167969e+00 5.802573204040527344e+00 5.791576385498046875e+00 4.343997478485107422e+00 5.723336219787597656e+00 6.360744476318359375e+00 3.962155580520629883e+00 4.833875656127929688e+00 5.259366989135742188e+00 7.114065170288085938e+00 5.610485076904296875e+00 7.960124492645263672e+00
7.298986434936523438e+00 7.791177272796630859e+00 6.555267333984375000e+00 1.323040771484375000e+01 1.016631126403808594e+01 7.661593437194824219e+00 6.856979846954345703e+00 6.384366989135742188e+00 5.860879898071289062e+00 9.729574203491210938e+00 5.485856056213378906e+00 7.472223281860351562e+00 3.944925546646118164e+00 5.648665904998779297e+00 6.894994735717773438e+00 5.457378864288330078e+00 4.040324687957763672e+00 6.378818035125732422e+00 6.677046775817871094e+00 5.646904945373535156e+00
5.861885547637939453e+00 7.595951557159423828e+00 9.654457092285156250e+00 1.147352123260498047e+01 7.638326168060302734e+00 1.231414699554443359e+01 9.979051589965820312e+00 5.969100475311279297e+00 5.809090614318847656e+00 1.132073402404785156e+01 9.449757575988769531e+00 9.776715278625488281e+00 4.058385848999023438e+00 5.768206596374511719e+00 9.457967758178710938e+00 6.516773223876953125e+00 6.437525749206542969e+00 1.061599159240722656e+01 7.085876941680908203e+00 5.897701263427734375e+00
