2019-07-26 04:15:00
7.380875587463378906e+00 3.160582065582275391e+00 9.657062530517578125e+00 7.354439735412597656e+00 6.856405258178710938e+00 9.086297035217285156e+00 7.751893520355224609e+00 6.276905059814453125e+00 8.074178695678710938e+00 8.754819869995117188e+00 7.706623077392578125e+00 7.051324844360351562e+00 9.517065048217773438e+00 8.270979881286621094e+00 9.938234329223632812e+00 8.348453521728515625e+00 9.185800552368164062e+00 5.499476432800292969e+00 6.522437095642089844e+00 8.709316253662109375e+00
6.379756927490234375e+00 6.272580146789550781e+00 7.669143676757812500e+00 1.273480987548828125e+01 9.069446563720703125e+00 1.104202842712402344e+01 6.952332973480224609e+00 7.415806770324707031e+00 5.829737186431884766e+00 6.325496196746826172e+00 5.208813667297363281e+00 8.454538345336914062e+00 1.000554275512695312e+01 6.612160682678222656e+00 6.597975254058837891e+00 1.087070846557617188e+01 5.872175216674804688e+00 8.238382339477539062e+00 8.676304817199707031e+00 8.633377075195312500e+00
1.024978351593017578e+01 7.089001178741455078e+00 7.343466758728027344e+00 8.553542137145996094e+00 8.397624969482421875e+00 1.011371517181396484e+01 8.987895965576171875e+00 7.996794223785400391e+00 6.536199569702148438e+00 6.494045734405517578e+00 8.643965721130371094e+00 5.470711231231689453e+00 5.212840557098388672e+00 7.124863147735595703e+00 6.882880210876464844e+00 9.336025238037109375e+00 8.543775558471679688e+00 6.924232959747314453e+00 6.978732109069824219e+00 3.572610378265380859e+00
5.085361957550048828e+00 9.010005950927734375e+00 8.069436073303222656e+00 7.087915897369384766e+00 6.158710479736328125e+00 5.829019546508789062e+00 4.704652786254882812e+00 7.939722061157226562e+00 7.974904537200927734e+00 8.545380592346191406e+00 1.241643428802490234e+01 8.205392837524414062e+00 8.127702713012695312e+00 8.548196792602539062e+00 6.739596843719482422e+00 8.397273063659667969e+00 1.098101806640625000e+01 7.826226711273193359e+00 8.145252227783203125e+00 7.318461418151855469e+00
6.393814086914062500e+00 8.862900733947753906e+00 6.546194076538085938e+00 7.174124240875244141e+00 6.035058975219726562e+00 8.365845680236816406e+00 6.696656227111816406e+00 8.074692726135253906e+00 1.204913330078125000e+01 1.166672039031982422e+01 1.101928806304931641e+01 1.011094093322753906e+01 9.233098983764648438e+00 7.007765293121337891e+00 1.004737854003906250e+01 1.420671367645263672e+01 9.584466934204101562e+00 1.402106285095214844e+01 1.262510108947753906e+01 6.307498931884765625e+00
8.561523437500000000e+00 6.221055507659912109e+00 1.197195720672607422e+01 5.536803722381591797e+00 8.995367050170898438e+00 9.802054405212402344e+00 8.002689361572265625e+00 1.039511871337890625e+01 1.284820938110351562e+01 6.383597373962402344e+00 8.009062767028808594e+00 8.133781433105468750e+00 6.040421485900878906e+00 7.104854583740234375e+00 5.611382484436035156e+00 9.939744949340820312e+00 6.371220588684082031e+00 8.444505691528320312e+00 9.704415321350097656e+00 5.496194839477539062e+00
1.072158813476562500e+01 9.421455383300781250e+00 7.626185417175292969e+00 1.059883594512939453e+01 1.238258552551269531e+01 1.100835227966308594e+01 9.700265884399414062e+00 7.763280868530273438e+00 7.278603553771972656e+00 6.076380252838134766e+00 6.179686069488525391e+00 9.829414367675781250e+00 6.291414260864257812e+00 9.292361259460449219e+00 8.160602569580078125e+00 6.007159233093261719e+00 6.920444488525390625e+00 9.104241371154785156e+00 7.793181896209716797e+00 6.260181427001953125e+00
9.356764793395996094e+00 7.188483238220214844e+00 7.211214065551757812e+00 4.878881931304931641e+00 6.423768997192382812e+00 8.489879608154296875e+00 6.605316638946533203e+00 5.753925323486328125e+00 5.114512920379638672e+00 5.232218265533447266e+00 7.671059131622314453e+00 6.124319076538085938e+00 8.618638992309570312e+00 1.067067813873291016e+01 8.833900451660156250e+00 4.399454116821289062e+00 7.999615669250488281e+00 1.033349418640136719e+01 1.221792411804199219e+01 7.073567390441894531e+00
9.577434539794921875e+00 6.413898468017578125e+00 7.881168365478515625e+00 1.072062492370605469e+01 9.302146911621093750e+00 1.072356510162353516e+01 7.451104164123535156e+00 5.181774139404296875e+00 3.358347892761230469e+00 4.511545181274414062e+00 6.122023582458496094e+00 8.266635894775390625e+00 1.222357177734375000e+01 8.430765151977539062e+00 5.998952865600585938e+00 7.758582115173339844e+00 9.337847709655761719e+00 6.627728462219238281e+00 8.321175575256347656e+00 7.703055381774902344e+00
1.034629154205322266e+01 9.418457031250000000e+00 1.043366909027099609e+01 1.438879203796386719e+01 8.939634323120117188e+00 9.059188842773437500e+00 1.433654880523681641e+01 4.263982295989990234e+00 3.866702556610107422e+00 9.549269676208496094e+00 7.333989620208740234e+00 6.156207084655761719e+00 8.425015449523925781e+00 8.109776496887207031e+00 5.258768081665039062e+00 7.722313404083251953e+00 1.077020072937011719e+01 7.535103321075439453e+00 9.776212692260742188e+00 5.048651695251464844e+00
1.091510009765625000e+01 1.088346672058105469e+01 9.869781494140625000e+00 5.447334289550781250e+00 9.966503143310546875e+00 7.694039821624755859e+00 9.798717498779296875e+00 5.827840805053710938e+00 5.688433647155761719e+00 7.091013908386230469e+00 5.528192996978759766e+00 1.117856216430664062e+01 7.525943279266357422e+00 8.646497726440429688e+00 7.625991821289062500e+00 6.282647132873535156e+00 4.125967025756835938e+00 1.291014862060546875e+01 1.094814682006835938e+01 7.254330635070800781e+00
7.904311180114746094e+00 5.213750362396240234e+00 5.860745429992675781e+00 9.823487281799316406e+00 1.068045234680175781e+01 7.197070598602294922e+00 8.969734191894531250e+00 4.984820365905761719e+00 7.193514347076416016e+00 7.851508617401123047e+00 5.908773422241210938e+00 1.165744781494140625e+01 1.454871368408203125e+01 9.560966491699218750e+00 1.340138530731201172e+01 1.060347938537597656e+01 9.483316421508789062e+00 7.452279567718505859e+00 1.239191913604736328e+01 6.170877456665039062e+00
9.763471603393554688e+00 4.962149620056152344e+00 8.983903884887695312e+00 8.406625747680664062e+00 6.928468704223632812e+00 5.167984962463378906e+00 6.611257076263427734e+00 5.509197235107421875e+00 6.140088081359863281e+00 8.047555923461914062e+00 7.380501270294189453e+00 1.026099491119384766e+01 1.199384117126464844e+01 1.162497997283935547e+01 9.145477294921875000e+00 4.857769966125488281e+00 9.746866226196289062e+00 4.023838996887207031e+00 5.502613067626953125e+00 5.401404380798339844e+00
7.226536750793457031e+00 5.751780509948730469e+00 9.788370132446289062e+00 5.837353229522705078e+00 8.395369529724121094e+00 7.183685779571533203e+00 8.760475158691406250e+00 8.198472976684570312e+00 8.313993453979492188e+00 9.536227226257324219e+00 9.111368179321289062e+00 1.172176551818847656e+01 9.818067550659179688e+00 9.537176132202148438e+00 8.792953491210937500e+00 8.598793029785156250e+00 1.022860908508300781e+01 7.894087791442871094e+00 6.328383445739746094e+00 6.480612277984619141e+00
8.970992088317871094e+00 9.129582405090332031e+00 9.764066696166992188e+00 8.518232345581054688e+00 9.137925148010253906e+00 1.187559318542480469e+01 6.586620330810546875e+00 5.733757019042968750e+00 8.678963661193847656e+00 8.250397682189941406e+00 1.034599590301513672e+01 9.619937896728515625e+00 7.001674652099609375e+00 8.927470207214355469e+00 6.731155395507812500e+00 7.391162872314453125e+00 8.433338165283203125e+00 1.016227149963378906e+01 7.691638946533203125e+00 1.158834838867187500e+01
9.961271286010742188e+00 7.333880901336669922e+00 7.153039932250976562e+00 6.015235900878906250e+00 8.881309509277343750e+00 8.166576385498046875e+00 7.277790546417236328e+00 8.586656570434570312e+00 8.806406974792480469e+00 6.771557331085205078e+00 1.029833793640136719e+01 6.208726882934570312e+00 1.043346405029296875e+01 1.041442108154296875e+01 9.983200073242187500e+00 7.256079673767089844e+00 1.301014041900634766e+01 1.206676673889160156e+01 4.825716972351074219e+00 8.539295196533203125e+00
1.170246696472167969e+01 6.097294807434082031e+00 5.793492317199707031e+00 7.773651599884033203e+00 1.410085391998291016e+01 7.683971881866455078e+00 9.322251319885253906e+00 1.177256774902343750e+01 6.671213626861572266e+00 5.040848731994628906e+00 9.956630706787109375e+00 8.594091415405273438e+00 9.792873382568359375e+00 1.342151165008544922e+01 9.996530532836914062e+00 7.291444778442382812e+00 3.892835140228271484e+00 6.734619140625000000e+00 1.181408119201660156e+01 7.423317909240722656e+00
7.230710983276367188e+00 1.057252693176269531e+01 7.741907119750976562e+00 6.002146244049072266e+00 7.323301792144775391e+00 9.793237686157226562e+00 6.416114330291748047e+00 8.593259811401367188e+00 1.005647850036621094e+01 9.394210815429687500e+00 5.756179332733154297e+00 4.960671424865722656e+00 5.804859638214111328e+00 9.541867256164550781e+00 6.533164501190185547e+00 5.908493518829345703e+00 6.489304542541503906e+00 8.683408737182617188e+00 4.114318847656250000e+00 7.082535743713378906e+00
1.254770851135253906e+01 8.450270652770996094e+00 6.972962379455566406e+00 8.655351638793945312e+00 9.965847015380859375e+00 6.872175216674804688e+00 1.095724105834960938e+01 8.454448699951171875e+00 6.641452312469482422e+00 8.074541091918945312e+00 1.037705230712890625e+01 1.358391094207763672e+01 7.716064453125000000e+00 9.574978828430175781e+00 9.488159179687500000e+00 7.617716312408447266e+00 8.347122192382812500e+00 8.662957191467285156e+00 8.730737686157226562e+00 9.127822875976562500e+00
6.380355834960937500e+00 1.078785514831542969e+01 5.016820907592773438e+00 1.226812648773193359e+01 5.708287239074707031e+00 7.803227901458740234e+00 5.982089519500732422e+00 9.411554336547851562e+00 7.465036392211914062e+00 7.700723648071289062e+00 5.618035793304443359e+00 1.243950843811035156e+01 8.460415840148925781e+00 8.601072311401367188e+00 6.771176815032958984e+00 1.249250125885009766e+01 8.117492675781250000e+00 3.879332542419433594e+00 1.076059341430664062e+01 5.223308563232421875e+00
