2019-07-26 00:30:00
4.548717498779296875e+00 7.448841094970703125e+00 1.004657363891601562e+01 3.819761991500854492e+00 7.277445316314697266e+00 5.994293689727783203e+00 4.989483833312988281e+00 3.903350353240966797e+00 4.836872100830078125e+00 9.341238975524902344e+00 5.477414131164550781e+00 3.502588272094726562e+00 1.189177417755126953e+01 6.485325813293457031e+00 5.119516849517822266e+00 4.959660530090332031e+00 5.021371841430664062e+00 4.177406787872314453e+00 6.020419120788574219e+00 3.760220289230346680e+00
7.492058753967285156e+00 1.170340538024902344e+01 9.460163116455078125e+00 8.259917259216308594e+00 1.001830959320068359e+01 5.501721858978271484e+00 4.659186840057373047e+00 3.751981258392333984e+00 5.789607048034667969e+00 3.913426160812377930e+00 4.048665046691894531e+00 5.215050697326660156e+00 3.856373786926269531e+00 4.137824058532714844e+00 5.856142997741699219e+00 4.100373744964599609e+00 1.190620613098144531e+01 4.798911094665527344e+00 5.653448104858398438e+00 2.874366760253906250e+00
4.802609443664550781e+00 8.541527748107910156e+00 8.135121345520019531e+00 1.110793685913085938e+01 6.255745887756347656e+00 5.119292736053466797e+00 8.164377212524414062e+00 3.636597871780395508e+00 5.194712638854980469e+00 5.616673469543457031e+00 7.910355091094970703e+00 9.901317596435546875e+00 4.387886047363281250e+00 5.946576118469238281e+00 5.728757858276367188e+00 3.360407114028930664e+00 9.035436630249023438e+00 6.457955360412597656e+00 5.569392204284667969e+00 5.743863582611083984e+00
6.126996517181396484e+00 7.039517402648925781e+00 4.680865287780761719e+00 8.792457580566406250e+00 3.827553749084472656e+00 3.533537626266479492e+00 2.976368665695190430e+00 3.671518802642822266e+00 3.760473966598510742e+00 8.082993507385253906e+00 1.048218345642089844e+01 6.952010154724121094e+00 3.964453697204589844e+00 3.210971832275390625e+00 4.550508499145507812e+00 5.895038127899169922e+00 4.649271011352539062e+00 5.282665252685546875e+00 6.099723339080810547e+00 3.784884452819824219e+00
5.721737861633300781e+00 3.926940202713012695e+00 5.505407333374023438e+00 4.761538505554199219e+00 4.148653030395507812e+00 9.766286849975585938e+00 5.213010787963867188e+00 9.145337104797363281e+00 9.552416801452636719e+00 1.146743774414062500e+01 9.876949310302734375e+00 4.900197505950927734e+00 5.569428443908691406e+00 2.848851203918457031e+00 5.701983451843261719e+00 5.647365093231201172e+00 4.173400878906250000e+00 7.731144905090332031e+00 6.989969253540039062e+00 3.954769134521484375e+00
3.765681505203247070e+00 5.600642204284667969e+00 9.644202232360839844e+00 1.020443534851074219e+01 5.085965156555175781e+00 7.943834781646728516e+00 5.996085643768310547e+00 1.037604331970214844e+01 5.928338050842285156e+00 6.716156959533691406e+00 7.513701438903808594e+00 3.098456621170043945e+00 4.458543777465820312e+00 4.836205005645751953e+00 3.156185150146484375e+00 7.730308055877685547e+00 5.140894889831542969e+00 8.521797180175781250e+00 5.875988006591796875e+00 5.048871994018554688e+00
5.845702171325683594e+00 7.448301315307617188e+00 7.438304901123046875e+00 7.137783050537109375e+00 9.085853576660156250e+00 9.458431243896484375e+00 5.286729812622070312e+00 8.396551132202148438e+00 6.473008632659912109e+00 6.147831439971923828e+00 6.706879615783691406e+00 5.525992393493652344e+00 8.738044738769531250e+00 6.803408622741699219e+00 5.877954483032226562e+00 5.806887626647949219e+00 3.303486824035644531e+00 7.162404060363769531e+00 1.022319030761718750e+01 1.056587219238281250e+01
5.559957504272460938e+00 4.965566635131835938e+00 5.928984165191650391e+00 6.169102668762207031e+00 6.343460559844970703e+00 6.559798717498779297e+00 4.999072074890136719e+00 4.645185470581054688e+00 4.239573478698730469e+00 7.720341682434082031e+00 7.972929954528808594e+00 5.737745285034179688e+00 8.810304641723632812e+00 8.678153038024902344e+00 5.420754432678222656e+00 3.372739553451538086e+00 9.180107116699218750e+00 4.583410739898681641e+00 9.280128479003906250e+00 5.549190521240234375e+00
5.795870780944824219e+00 5.943257331848144531e+00 1.218380832672119141e+01 8.241800308227539062e+00 9.857617378234863281e+00 7.175429344177246094e+00 3.916635990142822266e+00 5.792028427124023438e+00 4.362489700317382812e+00 3.253282070159912109e+00 4.205460548400878906e+00 5.207967281341552734e+00 6.118960857391357422e+00 5.804492950439453125e+00 6.400758743286132812e+00 4.784439086914062500e+00 5.702424049377441406e+00 5.221875190734863281e+00 5.720867156982421875e+00 4.987949848175048828e+00
8.432542800903320312e+00 7.817459106445312500e+00 4.549986362457275391e+00 5.809959411621093750e+00 5.319383621215820312e+00 5.562266349792480469e+00 3.661000728607177734e+00 5.085790634155273438e+00 3.367506027221679688e+00 1.045168685913085938e+01 4.923411369323730469e+00 4.862126350402832031e+00 2.920424699783325195e+00 7.381639480590820312e+00 5.653676033020019531e+00 2.614809274673461914e+00 7.374995231628417969e+00 6.679028987884521484e+00 3.542358636856079102e+00 5.026233673095703125e+00
5.986744880676269531e+00 3.796934127807617188e+00 6.563209533691406250e+00 5.355183124542236328e+00 5.468679428100585938e+00 6.100021362304687500e+00 3.323497533798217773e+00 3.584371805191040039e+00 4.258029937744140625e+00 5.367046356201171875e+00 4.882077217102050781e+00 4.508848190307617188e+00 6.095738410949707031e+00 5.767243385314941406e+00 4.139657974243164062e+00 3.207740783691406250e+00 5.002965927124023438e+00 7.255099296569824219e+00 5.986180305480957031e+00 5.263471126556396484e+00
2.935417413711547852e+00 5.651692390441894531e+00 3.840536594390869141e+00 6.336854457855224609e+00 5.167835712432861328e+00 6.708485603332519531e+00 6.121025562286376953e+00 4.354983806610107422e+00 8.882966995239257812e+00 6.510812282562255859e+00 4.656610012054443359e+00 4.629222869873046875e+00 6.843530654907226562e+00 6.884887695312500000e+00 5.976451873779296875e+00 7.042130947113037109e+00 3.371803760528564453e+00 6.403004169464111328e+00 5.879004478454589844e+00 5.184630870819091797e+00
7.039967536926269531e+00 3.698577404022216797e+00 5.435062408447265625e+00 3.503874063491821289e+00 7.217107295989990234e+00 4.323575496673583984e+00 4.212757110595703125e+00 6.894574165344238281e+00 5.576743602752685547e+00 4.699778556823730469e+00 7.776944637298583984e+00 4.923898696899414062e+00 5.339913368225097656e+00 5.915795326232910156e+00 3.643867492675781250e+00 6.284130573272705078e+00 6.237968444824218750e+00 4.286451339721679688e+00 5.672432899475097656e+00 4.325286865234375000e+00
4.549911022186279297e+00 4.655045509338378906e+00 9.164825439453125000e+00 3.433457851409912109e+00 4.074159145355224609e+00 3.748176574707031250e+00 5.449066638946533203e+00 5.525380134582519531e+00 4.595633029937744141e+00 3.932907819747924805e+00 6.161448955535888672e+00 7.416522502899169922e+00 4.631026268005371094e+00 4.524203300476074219e+00 6.431291580200195312e+00 6.541547298431396484e+00 4.526238441467285156e+00 3.466829061508178711e+00 4.384408473968505859e+00 5.873131275177001953e+00
5.753263950347900391e+00 3.625478029251098633e+00 5.224322795867919922e+00 6.991366386413574219e+00 5.908949851989746094e+00 5.607262134552001953e+00 6.240166664123535156e+00 6.596411705017089844e+00 5.789298057556152344e+00 5.557704448699951172e+00 7.975900173187255859e+00 4.761039733886718750e+00 4.777572154998779297e+00 5.544265747070312500e+00 4.228034019470214844e+00 4.427103996276855469e+00 5.617186546325683594e+00 5.898362159729003906e+00 4.668331146240234375e+00 5.518898963928222656e+00
5.315185070037841797e+00 5.491144180297851562e+00 6.769294738769531250e+00 6.459120273590087891e+00 5.200833320617675781e+00 4.404061317443847656e+00 6.356057167053222656e+00 7.382559299468994141e+00 7.242250442504882812e+00 3.077839851379394531e+00 4.755067348480224609e+00 4.707046508789062500e+00 5.202958106994628906e+00 4.913622856140136719e+00 3.465705633163452148e+00 7.052144050598144531e+00 4.987890243530273438e+00 3.102029561996459961e+00 5.795504570007324219e+00 9.134662628173828125e+00
3.050406455993652344e+00 5.534653663635253906e+00 8.562269210815429688e+00 5.897444725036621094e+00 7.886954307556152344e+00 3.051040887832641602e+00 5.190197944641113281e+00 4.714212894439697266e+00 5.185372352600097656e+00 4.900893211364746094e+00 4.879457473754882812e+00 6.702084541320800781e+00 6.125006675720214844e+00 2.815439462661743164e+00 5.482634544372558594e+00 4.638628005981445312e+00 6.076216697692871094e+00 3.550714492797851562e+00 5.558613777160644531e+00 2.227631568908691406e+00
4.763951301574707031e+00 2.808908939361572266e+00 5.124752521514892578e+00 5.739382743835449219e+00 7.339091300964355469e+00 5.846248626708984375e+00 5.735266685485839844e+00 5.445059776306152344e+00 7.795512199401855469e+00 6.788176059722900391e+00 6.897315025329589844e+00 6.824162483215332031e+00 4.809274673461914062e+00 5.611959457397460938e+00 5.725915908813476562e+00 2.914565563201904297e+00 6.995183944702148438e+00 6.660660743713378906e+00 5.480572700500488281e+00 5.711989402770996094e+00
6.118312835693359375e+00 5.907894134521484375e+00 3.294355869293212891e+00 6.052763938903808594e+00 5.138115882873535156e+00 7.266113281250000000e+00 5.397685050964355469e+00 5.998629570007324219e+00 5.378672599792480469e+00 8.973613739013671875e+00 1.043977546691894531e+01 5.676352500915527344e+00 6.757586479187011719e+00 4.780601024627685547e+00 7.739334583282470703e+00 5.545062065124511719e+00 5.255336761474609375e+00 4.724719047546386719e+00 6.349045753479003906e+00 3.448539733886718750e+00
7.926540374755859375e+00 7.301967620849609375e+00 5.840081214904785156e+00 5.992314338684082031e+00 7.366917133331298828e+00 6.738533973693847656e+00 7.368180751800537109e+00 6.944489479064941406e+00 7.165344238281250000e+00 5.860379219055175781e+00 5.133314609527587891e+00 7.545633316040039062e+00 7.649496555328369141e+00 5.315203189849853516e+00 8.812315940856933594e+00 5.787069797515869141e+00 3.539349079132080078e+00 4.458911895751953125e+00 6.613422870635986328e+00 3.415806293487548828e+00
