2019-07-26 05:15:00
1.127878093719482422e+01 6.967409133911132812e+00 7.022225379943847656e+00 7.666182994842529297e+00 9.837106704711914062e+00 1.195291805267333984e+01 5.086676597595214844e+00 5.156172275543212891e+00 8.351789474487304688e+00 1.046720504760742188e+01 7.183438301086425781e+00 7.147515296936035156e+00 1.046185588836669922e+01 8.875682830810546875e+00 7.576963424682617188e+00 7.307055473327636719e+00 7.933132648468017578e+00 9.789648056030273438e+00 4.660073757171630859e+00 5.567783832550048828e+00
6.324256896972656250e+00 9.514768600463867188e+00 5.820454597473144531e+00 9.046129226684570312e+00 1.098494338989257812e+01 8.110151290893554688e+00 6.512641906738281250e+00 3.758504867553710938e+00 7.371119022369384766e+00 5.761746406555175781e+00 5.106903076171875000e+00 2.929143190383911133e+00 4.123404979705810547e+00 7.139461517333984375e+00 5.572716712951660156e+00 7.920725822448730469e+00 9.416550636291503906e+00 4.866173744201660156e+00 7.876200675964355469e+00 2.706998109817504883e+00
7.436788558959960938e+00 1.025135231018066406e+01 7.068724155426025391e+00 6.043174743652343750e+00 4.797314643859863281e+00 7.152405261993408203e+00 7.355490207672119141e+00 4.651762962341308594e+00 4.921767234802246094e+00 7.718459129333496094e+00 1.105574417114257812e+01 1.102828311920166016e+01 4.658921241760253906e+00 9.860371589660644531e+00 8.705928802490234375e+00 9.891583442687988281e+00 1.478445625305175781e+01 9.198892593383789062e+00 6.640811920166015625e+00 8.123592376708984375e+00
6.231908798217773438e+00 4.975552558898925781e+00 6.226231575012207031e+00 7.571320533752441406e+00 6.172019958496093750e+00 4.572108745574951172e+00 6.969739913940429688e+00 6.037888526916503906e+00 3.729254245758056641e+00 5.855036258697509766e+00 6.413149833679199219e+00 8.519330978393554688e+00 4.602316856384277344e+00 8.151319503784179688e+00 7.717572689056396484e+00 7.235757827758789062e+00 5.954981803894042969e+00 7.537483215332031250e+00 7.070140838623046875e+00 5.969432353973388672e+00
3.473139762878417969e+00 6.656659603118896484e+00 6.966945648193359375e+00 4.099589824676513672e+00 6.924048423767089844e+00 1.057481575012207031e+01 1.058627700805664062e+01 1.037467479705810547e+01 9.724481582641601562e+00 1.200383758544921875e+01 4.472773551940917969e+00 5.383795738220214844e+00 4.884163856506347656e+00 5.858839035034179688e+00 9.495425224304199219e+00 1.133359336853027344e+01 9.023756027221679688e+00 4.903603553771972656e+00 8.186929702758789062e+00 6.564475536346435547e+00
7.589976787567138672e+00 7.454310417175292969e+00 8.484104156494140625e+00 2.633664608001708984e+00 1.256697940826416016e+01 1.208044433593750000e+01 7.991636753082275391e+00 7.564486026763916016e+00 7.841771602630615234e+00 7.032526969909667969e+00 7.017608642578125000e+00 5.146299362182617188e+00 5.059250831604003906e+00 4.322060585021972656e+00 5.156950950622558594e+00 8.293541908264160156e+00 4.675848960876464844e+00 8.047236442565917969e+00 7.922571182250976562e+00 7.981488704681396484e+00
7.087885856628417969e+00 1.156622600555419922e+01 5.116279602050781250e+00 5.648883819580078125e+00 1.067502212524414062e+01 8.571381568908691406e+00 8.533901214599609375e+00 1.043803501129150391e+01 6.087223529815673828e+00 6.386901855468750000e+00 8.420628547668457031e+00 7.528314590454101562e+00 7.848133563995361328e+00 8.191581726074218750e+00 8.651617050170898438e+00 4.314054965972900391e+00 9.500656127929687500e+00 6.717076301574707031e+00 1.100469875335693359e+01 5.823451995849609375e+00
6.270549297332763672e+00 8.137960433959960938e+00 7.599989414215087891e+00 1.091815757751464844e+01 9.637129783630371094e+00 8.896568298339843750e+00 8.107034683227539062e+00 5.127686977386474609e+00 7.089478969573974609e+00 1.227592277526855469e+01 1.092935943603515625e+01 9.131908416748046875e+00 1.037978267669677734e+01 1.112629127502441406e+01 9.388261795043945312e+00 5.851461410522460938e+00 5.991054534912109375e+00 5.526945114135742188e+00 5.138930797576904297e+00 6.203304290771484375e+00
1.040279197692871094e+01 8.412660598754882812e+00 5.005295276641845703e+00 1.104895210266113281e+01 5.197424888610839844e+00 1.041647243499755859e+01 8.350616455078125000e+00 5.959395885467529297e+00 7.848054885864257812e+00 4.989746093750000000e+00 4.195523262023925781e+00 9.096908569335937500e+00 8.520648002624511719e+00 6.863560676574707031e+00 9.845421791076660156e+00 4.578858375549316406e+00 6.650393009185791016e+00 6.648100852966308594e+00 5.938027858734130859e+00 7.914557456970214844e+00
6.189178466796875000e+00 4.531333923339843750e+00 9.748793601989746094e+00 8.770567893981933594e+00 8.991483688354492188e+00 4.904900550842285156e+00 7.735522270202636719e+00 7.853004932403564453e+00 6.805179119110107422e+00 7.878997802734375000e+00 6.450606346130371094e+00 8.209644317626953125e+00 3.452014684677124023e+00 7.975618362426757812e+00 6.026473999023437500e+00 5.299427986145019531e+00 9.022102355957031250e+00 8.317825317382812500e+00 1.078148078918457031e+01 6.683870792388916016e+00
9.386295318603515625e+00 8.497867584228515625e+00 1.176083564758300781e+01 9.548427581787109375e+00 8.597435951232910156e+00 6.760261535644531250e+00 7.993500232696533203e+00 5.712399482727050781e+00 4.255664825439453125e+00 8.030679702758789062e+00 7.694934844970703125e+00 4.331991672515869141e+00 5.674432754516601562e+00 4.801352500915527344e+00 6.400522232055664062e+00 4.347299575805664062e+00 3.393055677413940430e+00 8.938608169555664062e+00 5.419841766357421875e+00 9.945055007934570312e+00
6.697160720825195312e+00 1.096626853942871094e+01 8.368726730346679688e+00 8.394021987915039062e+00 6.172201156616210938e+00 8.436773300170898438e+00 1.127625656127929688e+01 7.749044418334960938e+00 1.095827865600585938e+01 7.028527736663818359e+00 7.536606311798095703e+00 7.006957530975341797e+00 1.156951236724853516e+01 6.687762260437011719e+00 6.993997097015380859e+00 9.718794822692871094e+00 6.537539482116699219e+00 7.087025642395019531e+00 5.156382560729980469e+00 5.248414993286132812e+00
8.762120246887207031e+00 7.190680503845214844e+00 8.297700881958007812e+00 8.286560058593750000e+00 6.860817909240722656e+00 9.016448020935058594e+00 9.743304252624511719e+00 9.904691696166992188e+00 7.466599464416503906e+00 8.482575416564941406e+00 8.350414276123046875e+00 5.243680953979492188e+00 8.565473556518554688e+00 9.404535293579101562e+00 7.646083354949951172e+00 7.206594944000244141e+00 6.692574501037597656e+00 5.056766033172607422e+00 1.076501464843750000e+01 5.297170639038085938e+00
7.480478286743164062e+00 9.928361892700195312e+00 8.303334236145019531e+00 1.002103424072265625e+01 6.325540542602539062e+00 9.044630050659179688e+00 1.010855674743652344e+01 8.990966796875000000e+00 9.279239654541015625e+00 6.181043148040771484e+00 8.214895248413085938e+00 1.116753101348876953e+01 8.127761840820312500e+00 1.280968284606933594e+01 8.642815589904785156e+00 5.759284019470214844e+00 9.585021972656250000e+00 7.134622573852539062e+00 1.038129806518554688e+01 8.710930824279785156e+00
8.602976799011230469e+00 1.020493602752685547e+01 1.260557365417480469e+01 7.047739028930664062e+00 1.130356311798095703e+01 7.584839820861816406e+00 6.149497032165527344e+00 7.301637172698974609e+00 9.825513839721679688e+00 6.693494796752929688e+00 1.336530876159667969e+01 1.107844924926757812e+01 1.165964126586914062e+01 7.201128482818603516e+00 6.421983242034912109e+00 9.303956985473632812e+00 5.689951896667480469e+00 7.004999160766601562e+00 6.410349845886230469e+00 7.663056373596191406e+00
6.120136260986328125e+00 5.945216655731201172e+00 9.025987625122070312e+00 9.264509201049804688e+00 7.977167129516601562e+00 9.454573631286621094e+00 6.997409820556640625e+00 5.173757076263427734e+00 1.350557518005371094e+01 9.657743453979492188e+00 9.739967346191406250e+00 8.104219436645507812e+00 8.361655235290527344e+00 8.577188491821289062e+00 9.710784912109375000e+00 6.524349689483642578e+00 1.217975425720214844e+01 9.987384796142578125e+00 8.160682678222656250e+00 1.022518348693847656e+01
1.188696765899658203e+01 6.604625701904296875e+00 9.532577514648437500e+00 7.487357139587402344e+00 6.330001831054687500e+00 1.053045845031738281e+01 6.805741786956787109e+00 1.046129035949707031e+01 1.187381553649902344e+01 7.517793178558349609e+00 7.379400730133056641e+00 1.112453651428222656e+01 9.455624580383300781e+00 9.947504043579101562e+00 6.684737682342529297e+00 6.787710189819335938e+00 7.357985019683837891e+00 6.248650074005126953e+00 8.343017578125000000e+00 6.404071807861328125e+00
6.698024749755859375e+00 5.927300453186035156e+00 4.887536048889160156e+00 6.249477863311767578e+00 7.664605140686035156e+00 9.920479774475097656e+00 9.414565086364746094e+00 1.011060142517089844e+01 7.758158683776855469e+00 1.067003059387207031e+01 7.222170352935791016e+00 5.095610618591308594e+00 4.998282909393310547e+00 8.974517822265625000e+00 7.688803672790527344e+00 7.622496604919433594e+00 7.961602210998535156e+00 5.917413711547851562e+00 9.807710647583007812e+00 8.336593627929687500e+00
8.792708396911621094e+00 7.732413768768310547e+00 4.299405574798583984e+00 8.537667274475097656e+00 8.648578643798828125e+00 5.617157936096191406e+00 1.027112293243408203e+01 6.925539970397949219e+00 9.126257896423339844e+00 5.965163707733154297e+00 7.357087612152099609e+00 1.002965545654296875e+01 1.022332572937011719e+01 8.935342788696289062e+00 6.065305709838867188e+00 7.241578102111816406e+00 8.588313102722167969e+00 6.162895679473876953e+00 8.715063095092773438e+00 7.439345359802246094e+00
8.105494499206542969e+00 1.025852775573730469e+01 6.130059242248535156e+00 8.157915115356445312e+00 8.348780632019042969e+00 1.333419418334960938e+01 8.988382339477539062e+00 5.144309043884277344e+00 6.136390686035156250e+00 1.144836807250976562e+01 6.903410434722900391e+00 1.104427146911621094e+01 6.098087310791015625e+00 7.117914199829101562e+00 5.463600158691406250e+00 9.595899581909179688e+00 7.113802909851074219e+00 9.738496780395507812e+00 9.868192672729492188e+00 7.165400505065917969e+00
