2019-07-26 05:30:00
7.966254234313964844e+00 7.325111865997314453e+00 1.013035392761230469e+01 1.080470371246337891e+01 9.577110290527343750e+00 8.823537826538085938e+00 7.532561302185058594e+00 7.184540748596191406e+00 1.051069068908691406e+01 8.186216354370117188e+00 6.212953090667724609e+00 5.299026012420654297e+00 9.366314888000488281e+00 7.688298225402832031e+00 1.016058444976806641e+01 6.451434612274169922e+00 1.004392528533935547e+01 5.896403312683105469e+00 8.891521453857421875e+00 6.642794609069824219e+00
8.878410339355468750e+00 7.364480972290039062e+00 5.797932624816894531e+00 9.340971946716308594e+00 7.103575706481933594e+00 8.517430305480957031e+00 6.867919921875000000e+00 5.303476810455322266e+00 6.347465038299560547e+00 5.850895881652832031e+00 4.718742370605468750e+00 3.510585069656372070e+00 6.499117851257324219e+00 8.447573661804199219e+00 6.760392189025878906e+00 3.588210582733154297e+00 4.138042449951171875e+00 5.826424121856689453e+00 1.063479423522949219e+01 7.113760948181152344e+00
4.328697681427001953e+00 6.333629131317138672e+00 1.084435367584228516e+01 8.985697746276855469e+00 7.618894577026367188e+00 1.272659683227539062e+01 5.876205921173095703e+00 5.210000991821289062e+00 7.204801082611083984e+00 3.896148681640625000e+00 8.958097457885742188e+00 7.995263576507568359e+00 4.856652736663818359e+00 6.511569976806640625e+00 5.783680915832519531e+00 1.247520732879638672e+01 3.804718971252441406e+00 7.039362430572509766e+00 6.565500259399414062e+00 7.101193904876708984e+00
5.136224269866943359e+00 9.814071655273437500e+00 7.405536651611328125e+00 6.509143829345703125e+00 6.415026187896728516e+00 6.806585788726806641e+00 5.471642494201660156e+00 6.003226757049560547e+00 6.987412452697753906e+00 8.431837081909179688e+00 5.066219329833984375e+00 8.705448150634765625e+00 4.344653129577636719e+00 5.093975543975830078e+00 7.654989242553710938e+00 4.873301506042480469e+00 5.894467830657958984e+00 8.376775741577148438e+00 6.065657615661621094e+00 3.549370765686035156e+00
5.821631431579589844e+00 5.642034530639648438e+00 7.448070526123046875e+00 5.384391784667968750e+00 4.269526958465576172e+00 6.922929763793945312e+00 1.273070430755615234e+01 8.275938987731933594e+00 5.561987876892089844e+00 5.378829956054687500e+00 6.758266448974609375e+00 5.661815643310546875e+00 9.458757400512695312e+00 7.317759990692138672e+00 7.200026512145996094e+00 7.589137077331542969e+00 7.246670722961425781e+00 1.045073032379150391e+01 8.180163383483886719e+00 6.596349716186523438e+00
6.121542930603027344e+00 8.607553482055664062e+00 5.124076843261718750e+00 8.332070350646972656e+00 6.575059890747070312e+00 7.234212875366210938e+00 7.593072891235351562e+00 9.400543212890625000e+00 1.193145751953125000e+01 8.543458938598632812e+00 7.164240360260009766e+00 4.813747406005859375e+00 4.779732227325439453e+00 5.653801918029785156e+00 6.121481895446777344e+00 6.965013504028320312e+00 5.942221164703369141e+00 7.491771697998046875e+00 1.113717842102050781e+01 4.327077865600585938e+00
9.394887924194335938e+00 7.835956096649169922e+00 1.207555389404296875e+01 6.545864105224609375e+00 5.082190990447998047e+00 1.026888084411621094e+01 5.493911743164062500e+00 8.015149116516113281e+00 4.218955993652343750e+00 5.954464912414550781e+00 4.580076217651367188e+00 5.418870925903320312e+00 1.088636970520019531e+01 1.141004753112792969e+01 3.165728092193603516e+00 5.857521057128906250e+00 6.222548484802246094e+00 7.225783348083496094e+00 8.654167175292968750e+00 6.071909427642822266e+00
5.924459457397460938e+00 6.525977134704589844e+00 6.220454216003417969e+00 8.999011993408203125e+00 6.851643085479736328e+00 7.160962104797363281e+00 6.940694808959960938e+00 5.793126106262207031e+00 6.875767707824707031e+00 4.830798625946044922e+00 9.761516571044921875e+00 6.119452953338623047e+00 8.735409736633300781e+00 1.005608272552490234e+01 5.739443302154541016e+00 6.613504886627197266e+00 7.360903739929199219e+00 7.800985336303710938e+00 6.058109283447265625e+00 3.798682212829589844e+00
3.994272708892822266e+00 6.903289794921875000e+00 5.574527740478515625e+00 8.116885185241699219e+00 9.868207931518554688e+00 6.356843948364257812e+00 9.786354064941406250e+00 4.358978271484375000e+00 4.624938964843750000e+00 7.839137554168701172e+00 7.822860717773437500e+00 7.377372264862060547e+00 6.376909255981445312e+00 7.707785129547119141e+00 6.208901882171630859e+00 3.367368221282958984e+00 6.861911773681640625e+00 6.279869556427001953e+00 5.094030380249023438e+00 6.355865955352783203e+00
9.248378753662109375e+00 9.237182617187500000e+00 7.696863174438476562e+00 6.385714530944824219e+00 1.027973175048828125e+01 6.443571567535400391e+00 5.212591648101806641e+00 5.410712242126464844e+00 4.793290138244628906e+00 6.620909214019775391e+00 6.157867431640625000e+00 4.300449371337890625e+00 6.267297267913818359e+00 6.484148025512695312e+00 7.318695068359375000e+00 5.546364784240722656e+00 1.072983169555664062e+01 8.344931602478027344e+00 7.425214290618896484e+00 7.620624542236328125e+00
7.766580581665039062e+00 6.965152263641357422e+00 9.252612113952636719e+00 1.106590843200683594e+01 1.322016334533691406e+01 6.406744480133056641e+00 8.845758438110351562e+00 6.904773712158203125e+00 6.509023666381835938e+00 5.258884906768798828e+00 6.813834190368652344e+00 6.467411994934082031e+00 8.408008575439453125e+00 9.776872634887695312e+00 5.982962608337402344e+00 7.033439159393310547e+00 4.433526515960693359e+00 5.835693836212158203e+00 6.671648979187011719e+00 7.933106422424316406e+00
7.695853233337402344e+00 6.896184921264648438e+00 1.053831481933593750e+01 9.527889251708984375e+00 5.163528442382812500e+00 9.605600357055664062e+00 7.835821628570556641e+00 8.198745727539062500e+00 8.805972099304199219e+00 9.700496673583984375e+00 1.054091453552246094e+01 5.846478939056396484e+00 1.008747291564941406e+01 9.817827224731445312e+00 9.683626174926757812e+00 8.111985206604003906e+00 4.171068668365478516e+00 4.909863948822021484e+00 7.527245998382568359e+00 9.421232223510742188e+00
9.148893356323242188e+00 4.856642723083496094e+00 1.117025566101074219e+01 4.912539482116699219e+00 1.030785942077636719e+01 7.896017551422119141e+00 1.010863876342773438e+01 4.964257240295410156e+00 6.584775447845458984e+00 8.776900291442871094e+00 1.108476924896240234e+01 8.206790924072265625e+00 3.252411603927612305e+00 1.067847633361816406e+01 6.834454536437988281e+00 5.457297325134277344e+00 3.519366264343261719e+00 4.988146305084228516e+00 1.077870464324951172e+01 7.017701625823974609e+00
8.551483154296875000e+00 7.474845886230468750e+00 5.526941299438476562e+00 5.771652698516845703e+00 7.003851890563964844e+00 8.724292755126953125e+00 6.730711936950683594e+00 6.205797195434570312e+00 6.499111652374267578e+00 1.003592872619628906e+01 7.549623966217041016e+00 6.864929199218750000e+00 7.980319499969482422e+00 8.847476959228515625e+00 9.407931327819824219e+00 1.005869579315185547e+01 8.142534255981445312e+00 7.044269561767578125e+00 9.799761772155761719e+00 7.388992309570312500e+00
6.167300224304199219e+00 8.576302528381347656e+00 7.855148315429687500e+00 7.668300151824951172e+00 5.758014678955078125e+00 8.302652359008789062e+00 5.328838825225830078e+00 8.859417915344238281e+00 5.267839431762695312e+00 1.098423767089843750e+01 8.242416381835937500e+00 8.715710639953613281e+00 7.368115425109863281e+00 6.522396087646484375e+00 7.707706451416015625e+00 6.951178550720214844e+00 7.671886444091796875e+00 8.474502563476562500e+00 7.142536640167236328e+00 9.493790626525878906e+00
1.126255607604980469e+01 7.677800178527832031e+00 7.395584583282470703e+00 6.820066452026367188e+00 6.941135883331298828e+00 7.518041133880615234e+00 7.423234939575195312e+00 7.494631767272949219e+00 7.904707908630371094e+00 3.894190311431884766e+00 8.568551063537597656e+00 9.338193893432617188e+00 4.961701393127441406e+00 1.087522888183593750e+01 9.749050140380859375e+00 8.265059471130371094e+00 7.787798404693603516e+00 6.459330081939697266e+00 5.411566257476806641e+00 7.275791168212890625e+00
1.019184017181396484e+01 8.019361495971679688e+00 7.800654888153076172e+00 1.018862438201904297e+01 7.299830436706542969e+00 8.357128143310546875e+00 6.309934139251708984e+00 9.094214439392089844e+00 7.196864128112792969e+00 7.268201351165771484e+00 9.846771240234375000e+00 9.325142860412597656e+00 8.895914077758789062e+00 6.914766311645507812e+00 6.511057853698730469e+00 6.991660118103027344e+00 5.843432426452636719e+00 6.646963596343994141e+00 4.453329086303710938e+00 1.013731765747070312e+01
1.224726963043212891e+01 6.259422302246093750e+00 5.267571926116943359e+00 9.776133537292480469e+00 8.650959014892578125e+00 9.422163963317871094e+00 1.047882080078125000e+01 6.027883529663085938e+00 5.552288055419921875e+00 8.659112930297851562e+00 6.311526298522949219e+00 4.761415004730224609e+00 1.026228713989257812e+01 8.589620590209960938e+00 6.578315734863281250e+00 7.677328109741210938e+00 5.187895774841308594e+00 6.941318035125732422e+00 7.069520473480224609e+00 1.009862518310546875e+01
1.157784843444824219e+01 5.222830772399902344e+00 3.358237981796264648e+00 9.158750534057617188e+00 5.433259487152099609e+00 1.005438041687011719e+01 1.022183990478515625e+01 7.201918601989746094e+00 5.888501167297363281e+00 1.143724822998046875e+01 6.952295303344726562e+00 9.881838798522949219e+00 7.218017578125000000e+00 7.046250820159912109e+00 7.605636596679687500e+00 8.587295532226562500e+00 3.979461193084716797e+00 6.834505558013916016e+00 7.844526290893554688e+00 1.120248222351074219e+01
5.373098373413085938e+00 6.164793491363525391e+00 5.690663337707519531e+00 3.868471145629882812e+00 1.058139991760253906e+01 8.418942451477050781e+00 6.086385726928710938e+00 7.390271186828613281e+00 5.661319732666015625e+00 8.378517150878906250e+00 5.766107082366943359e+00 1.076801204681396484e+01 4.766925334930419922e+00 4.190152645111083984e+00 7.300221443176269531e+00 1.209971809387207031e+01 7.479740619659423828e+00 8.538578033447265625e+00 5.837257385253906250e+00 6.448202610015869141e+00
