2019-07-26 06:15:00
6.638951301574707031e+00 6.187158584594726562e+00 8.494506835937500000e+00 7.921510696411132812e+00 8.058297157287597656e+00 4.369247913360595703e+00 4.482217788696289062e+00 3.760686397552490234e+00 4.600765228271484375e+00 6.566500186920166016e+00 4.564131736755371094e+00 3.268664360046386719e+00 7.590344429016113281e+00 4.889289855957031250e+00 5.040925025939941406e+00 8.998615264892578125e+00 5.458518981933593750e+00 6.019404411315917969e+00 5.211072921752929688e+00 6.371017456054687500e+00
8.257642745971679688e+00 5.473484992980957031e+00 8.390470504760742188e+00 5.858467578887939453e+00 1.063931941986083984e+01 6.099923610687255859e+00 4.440804481506347656e+00 5.115835189819335938e+00 4.940864562988281250e+00 5.014553546905517578e+00 4.047173500061035156e+00 3.795660972595214844e+00 5.037815093994140625e+00 6.402938365936279297e+00 6.925727844238281250e+00 4.764818668365478516e+00 8.406460762023925781e+00 6.215920448303222656e+00 4.670994281768798828e+00 3.642449855804443359e+00
1.031493663787841797e+01 4.266959190368652344e+00 6.276819705963134766e+00 8.620759963989257812e+00 6.522316932678222656e+00 1.250912666320800781e+01 6.814674377441406250e+00 4.987472057342529297e+00 3.557468175888061523e+00 4.353410243988037109e+00 1.085185813903808594e+01 1.068360519409179688e+01 4.156233787536621094e+00 5.024873256683349609e+00 4.231298446655273438e+00 5.186593055725097656e+00 4.649251937866210938e+00 4.492699623107910156e+00 6.575467586517333984e+00 3.783229351043701172e+00
2.442213058471679688e+00 7.657922744750976562e+00 1.049285507202148438e+01 1.134470558166503906e+01 4.105946540832519531e+00 3.580507278442382812e+00 3.292353630065917969e+00 3.371669769287109375e+00 3.742357969284057617e+00 1.013793945312500000e+01 6.896986961364746094e+00 8.158277511596679688e+00 2.683186054229736328e+00 4.848184585571289062e+00 4.788554191589355469e+00 5.705079078674316406e+00 5.194211483001708984e+00 5.163439273834228516e+00 6.683076858520507812e+00 2.101977825164794922e+00
4.167527675628662109e+00 4.546535491943359375e+00 4.683301925659179688e+00 4.113401889801025391e+00 3.643900871276855469e+00 6.769453048706054688e+00 5.872483253479003906e+00 5.397601127624511719e+00 8.159986495971679688e+00 8.870637893676757812e+00 3.670437335968017578e+00 5.985390186309814453e+00 7.730967521667480469e+00 3.362596035003662109e+00 1.169219398498535156e+01 9.429855346679687500e+00 6.371698856353759766e+00 8.773849487304687500e+00 8.030980110168457031e+00 6.282939910888671875e+00
7.461633205413818359e+00 5.536165237426757812e+00 6.760057449340820312e+00 4.583518028259277344e+00 8.758483886718750000e+00 3.955744981765747070e+00 4.335012912750244141e+00 8.995542526245117188e+00 6.873930931091308594e+00 5.880629539489746094e+00 4.911882877349853516e+00 6.939304351806640625e+00 5.498572349548339844e+00 5.682885169982910156e+00 2.689490795135498047e+00 7.666342735290527344e+00 5.060055732727050781e+00 8.365087509155273438e+00 9.707823753356933594e+00 3.032290220260620117e+00
8.597122192382812500e+00 7.229827880859375000e+00 9.458233833312988281e+00 9.327676773071289062e+00 8.409305572509765625e+00 7.636327743530273438e+00 5.562809944152832031e+00 2.342848777770996094e+00 6.143746376037597656e+00 5.581579208374023438e+00 5.613687992095947266e+00 5.893772125244140625e+00 5.482384681701660156e+00 8.385689735412597656e+00 3.862466812133789062e+00 4.127349853515625000e+00 3.928855180740356445e+00 4.896153450012207031e+00 5.904320716857910156e+00 7.243389606475830078e+00
8.467428207397460938e+00 5.835228443145751953e+00 7.001332283020019531e+00 1.004760932922363281e+01 8.106728553771972656e+00 9.991560935974121094e+00 3.772893905639648438e+00 5.493467807769775391e+00 4.949434280395507812e+00 5.297356128692626953e+00 5.252181053161621094e+00 5.930036544799804688e+00 6.416819572448730469e+00 7.128364562988281250e+00 6.621422767639160156e+00 4.792187690734863281e+00 5.813501834869384766e+00 6.031863212585449219e+00 4.917760372161865234e+00 4.620183467864990234e+00
6.567186355590820312e+00 5.651171207427978516e+00 6.467336654663085938e+00 8.700675010681152344e+00 9.303873062133789062e+00 6.457807064056396484e+00 4.721125125885009766e+00 5.677392482757568359e+00 4.849083423614501953e+00 3.491241455078125000e+00 4.446086883544921875e+00 1.043568897247314453e+01 8.650159835815429688e+00 8.646598815917968750e+00 4.937150478363037109e+00 6.229038715362548828e+00 4.316166877746582031e+00 6.968774318695068359e+00 7.579658031463623047e+00 4.641445636749267578e+00
1.262957763671875000e+01 1.128826713562011719e+01 6.946235179901123047e+00 8.014537811279296875e+00 7.607547283172607422e+00 4.503650665283203125e+00 5.728895187377929688e+00 6.091768741607666016e+00 4.815723419189453125e+00 7.559992790222167969e+00 5.305614471435546875e+00 4.305010795593261719e+00 7.389183998107910156e+00 3.961991786956787109e+00 5.127576351165771484e+00 3.588502407073974609e+00 9.629842758178710938e+00 6.863433837890625000e+00 4.926126480102539062e+00 4.688472747802734375e+00
6.921910285949707031e+00 5.719222068786621094e+00 6.875432014465332031e+00 7.229055404663085938e+00 7.509470939636230469e+00 3.766526699066162109e+00 6.295495033264160156e+00 2.982524871826171875e+00 4.914273262023925781e+00 5.240425109863281250e+00 8.095512390136718750e+00 7.655155658721923828e+00 5.446297645568847656e+00 5.201378345489501953e+00 5.377498626708984375e+00 4.832207202911376953e+00 3.353322029113769531e+00 4.870953559875488281e+00 4.874843597412109375e+00 6.077596187591552734e+00
6.066025257110595703e+00 6.000374794006347656e+00 7.008220672607421875e+00 6.614401817321777344e+00 8.601881980895996094e+00 5.934938907623291016e+00 5.690116882324218750e+00 6.428769588470458984e+00 4.650131225585937500e+00 5.324410438537597656e+00 8.222741127014160156e+00 1.088865280151367188e+01 1.087404632568359375e+01 6.340725898742675781e+00 7.487416267395019531e+00 4.687649250030517578e+00 5.042097568511962891e+00 5.970789909362792969e+00 5.254971504211425781e+00 7.456594467163085938e+00
6.062606334686279297e+00 5.155075550079345703e+00 6.979112625122070312e+00 6.274968624114990234e+00 9.110134124755859375e+00 3.768025875091552734e+00 9.263999938964843750e+00 7.505889415740966797e+00 4.105863571166992188e+00 4.569227695465087891e+00 9.123132705688476562e+00 7.003664970397949219e+00 8.164816856384277344e+00 1.004964065551757812e+01 4.831473350524902344e+00 6.772262573242187500e+00 4.597427368164062500e+00 6.246796131134033203e+00 8.935445785522460938e+00 5.239365577697753906e+00
4.481957435607910156e+00 5.819970130920410156e+00 4.186979293823242188e+00 5.688899993896484375e+00 6.395307540893554688e+00 6.231584072113037109e+00 6.918609142303466797e+00 6.574941635131835938e+00 5.008035659790039062e+00 4.266872882843017578e+00 3.062506675720214844e+00 5.362675189971923828e+00 6.266884803771972656e+00 5.681866645812988281e+00 6.133211135864257812e+00 8.837626457214355469e+00 6.720754623413085938e+00 6.924147605895996094e+00 6.652438163757324219e+00 4.250076293945312500e+00
5.249105453491210938e+00 3.291561365127563477e+00 5.264097213745117188e+00 5.960929870605468750e+00 5.511247634887695312e+00 6.794327735900878906e+00 6.689948558807373047e+00 6.415027618408203125e+00 6.864131927490234375e+00 1.032261276245117188e+01 7.424525737762451172e+00 4.705589771270751953e+00 8.762262344360351562e+00 4.565971851348876953e+00 6.230541229248046875e+00 8.031183242797851562e+00 6.850914001464843750e+00 6.507930278778076172e+00 6.685358047485351562e+00 6.852934837341308594e+00
7.928762435913085938e+00 6.024047374725341797e+00 6.329214096069335938e+00 4.045221328735351562e+00 5.178263664245605469e+00 2.864166259765625000e+00 5.695406913757324219e+00 6.223701953887939453e+00 9.145240783691406250e+00 8.629984855651855469e+00 4.264919281005859375e+00 6.001555919647216797e+00 6.059371948242187500e+00 5.303069591522216797e+00 4.165735244750976562e+00 4.792917728424072266e+00 4.319014549255371094e+00 5.982287883758544922e+00 4.541690826416015625e+00 7.589165687561035156e+00
5.130710601806640625e+00 3.911867141723632812e+00 6.193559646606445312e+00 4.367839813232421875e+00 1.217413043975830078e+01 6.416946411132812500e+00 6.437879085540771484e+00 5.655055999755859375e+00 5.885449409484863281e+00 6.392990112304687500e+00 5.996493339538574219e+00 5.127120971679687500e+00 4.745817184448242188e+00 4.250777244567871094e+00 5.314602851867675781e+00 6.660716056823730469e+00 5.520502090454101562e+00 5.591073989868164062e+00 9.118351936340332031e+00 5.737182617187500000e+00
4.145179271697998047e+00 6.020635604858398438e+00 4.797745704650878906e+00 7.577088832855224609e+00 7.304105281829833984e+00 3.829064846038818359e+00 5.961621284484863281e+00 7.148608684539794922e+00 7.941009044647216797e+00 7.165531635284423828e+00 7.488560676574707031e+00 6.073200702667236328e+00 4.976558208465576172e+00 6.040961265563964844e+00 6.277803897857666016e+00 6.812280654907226562e+00 6.779656410217285156e+00 6.971591472625732422e+00 4.713449478149414062e+00 4.601782798767089844e+00
5.202064514160156250e+00 7.332010746002197266e+00 3.895742177963256836e+00 6.042299270629882812e+00 5.791531562805175781e+00 7.025476455688476562e+00 8.259789466857910156e+00 6.983208179473876953e+00 6.190192222595214844e+00 5.123349189758300781e+00 7.290689468383789062e+00 4.633122444152832031e+00 7.927746772766113281e+00 5.505767345428466797e+00 4.074036121368408203e+00 6.342733860015869141e+00 4.051137924194335938e+00 6.454963207244873047e+00 8.456620216369628906e+00 6.450863838195800781e+00
7.053838729858398438e+00 5.232514381408691406e+00 5.758185386657714844e+00 7.761121749877929688e+00 1.073444080352783203e+01 3.445366621017456055e+00 6.565996170043945312e+00 1.052597332000732422e+01 5.614388942718505859e+00 5.361901283264160156e+00 7.927609443664550781e+00 1.212178325653076172e+01 4.283103942871093750e+00 4.330207824707031250e+00 8.167175292968750000e+00 3.999330997467041016e+00 5.953475952148437500e+00 4.832389831542968750e+00 6.401398658752441406e+00 3.024608612060546875e+00
