2019-07-26 06:30:00
6.228187561035156250e+00 6.303350448608398438e+00 7.701477527618408203e+00 5.640834808349609375e+00 5.612553119659423828e+00 3.611943244934082031e+00 5.363408088684082031e+00 5.082009792327880859e+00 3.448055267333984375e+00 9.257584571838378906e+00 5.701128482818603516e+00 3.580773115158081055e+00 7.517068386077880859e+00 3.871406078338623047e+00 5.376988410949707031e+00 1.176124954223632812e+01 6.331493854522705078e+00 4.937452793121337891e+00 6.462368965148925781e+00 5.045563697814941406e+00
9.035034179687500000e+00 9.185008049011230469e+00 8.736611366271972656e+00 9.153802871704101562e+00 1.198580646514892578e+01 3.296438694000244141e+00 4.862350463867187500e+00 2.852977275848388672e+00 2.824416160583496094e+00 3.860936880111694336e+00 4.871757507324218750e+00 4.195410728454589844e+00 5.131056785583496094e+00 5.776333808898925781e+00 3.066203117370605469e+00 6.875075340270996094e+00 7.836493015289306641e+00 5.816654682159423828e+00 5.939819812774658203e+00 4.496958255767822266e+00
1.252775192260742188e+01 9.489692687988281250e+00 5.407577037811279297e+00 8.478480339050292969e+00 9.024364471435546875e+00 8.363545417785644531e+00 8.079458236694335938e+00 5.113172054290771484e+00 3.367889881134033203e+00 5.132050037384033203e+00 8.581980705261230469e+00 7.963372707366943359e+00 5.882509708404541016e+00 3.662892580032348633e+00 4.011414527893066406e+00 5.542407989501953125e+00 7.142915725708007812e+00 4.785509586334228516e+00 4.007212638854980469e+00 4.164623260498046875e+00
3.227161169052124023e+00 6.758142471313476562e+00 6.011732101440429688e+00 5.316740512847900391e+00 3.532428979873657227e+00 5.374473094940185547e+00 4.012402534484863281e+00 3.394401550292968750e+00 4.029615402221679688e+00 1.258979797363281250e+01 5.693424224853515625e+00 8.554935455322265625e+00 4.275347232818603516e+00 4.618628025054931641e+00 7.215982437133789062e+00 4.996647357940673828e+00 5.258903503417968750e+00 5.857388973236083984e+00 7.585827350616455078e+00 6.170852661132812500e+00
4.712165832519531250e+00 3.250061750411987305e+00 5.199406147003173828e+00 5.673062324523925781e+00 4.420351982116699219e+00 1.025582981109619141e+01 6.376708984375000000e+00 1.002029132843017578e+01 8.918748855590820312e+00 4.698378086090087891e+00 8.449825286865234375e+00 6.006111145019531250e+00 8.995512008666992188e+00 4.019658565521240234e+00 7.188587188720703125e+00 1.105184555053710938e+01 4.493820667266845703e+00 4.915122032165527344e+00 6.807397842407226562e+00 4.438652992248535156e+00
9.626341819763183594e+00 8.645246505737304688e+00 5.916086196899414062e+00 8.483179092407226562e+00 7.384606838226318359e+00 8.162303924560546875e+00 7.676590919494628906e+00 1.132231044769287109e+01 5.901573181152343750e+00 5.257618904113769531e+00 5.407442092895507812e+00 6.889020442962646484e+00 6.323682785034179688e+00 2.861327409744262695e+00 5.274601936340332031e+00 8.392990112304687500e+00 3.883397579193115234e+00 8.514081001281738281e+00 4.058554649353027344e+00 5.092453002929687500e+00
6.367908954620361328e+00 1.119344711303710938e+01 1.003614425659179688e+01 7.723747730255126953e+00 9.948205947875976562e+00 7.470421791076660156e+00 5.759753227233886719e+00 7.752694606781005859e+00 5.947056293487548828e+00 4.815813064575195312e+00 5.127587795257568359e+00 5.430950164794921875e+00 9.694125175476074219e+00 8.935046195983886719e+00 4.260426998138427734e+00 5.579165458679199219e+00 6.068194866180419922e+00 7.497576713562011719e+00 8.394628524780273438e+00 5.321554183959960938e+00
6.222374916076660156e+00 6.583721160888671875e+00 7.826838970184326172e+00 8.123082160949707031e+00 3.445570707321166992e+00 9.143020629882812500e+00 4.205841541290283203e+00 5.652131080627441406e+00 5.154889106750488281e+00 5.033406257629394531e+00 4.655031204223632812e+00 6.570034027099609375e+00 1.058866310119628906e+01 1.029498100280761719e+01 5.010197639465332031e+00 5.930062770843505859e+00 4.539800643920898438e+00 4.923408508300781250e+00 9.295492172241210938e+00 5.715025901794433594e+00
7.543960094451904297e+00 6.929261684417724609e+00 6.851313591003417969e+00 9.235555648803710938e+00 8.933622360229492188e+00 7.444600105285644531e+00 5.616878032684326172e+00 5.312433719635009766e+00 5.722467422485351562e+00 3.984180212020874023e+00 7.177602767944335938e+00 6.268485069274902344e+00 8.087980270385742188e+00 6.939021110534667969e+00 7.538865566253662109e+00 5.276672363281250000e+00 5.926733970642089844e+00 7.016580581665039062e+00 6.160976409912109375e+00 6.964200019836425781e+00
1.280629920959472656e+01 1.068063163757324219e+01 8.402299880981445312e+00 9.835416793823242188e+00 5.425573348999023438e+00 6.439604759216308594e+00 8.237377166748046875e+00 4.527917861938476562e+00 5.357765197753906250e+00 9.596446037292480469e+00 5.167384147644042969e+00 4.269114494323730469e+00 5.388379096984863281e+00 5.678680419921875000e+00 5.252266883850097656e+00 2.834598064422607422e+00 9.714046478271484375e+00 6.015212059020996094e+00 6.359461307525634766e+00 4.974164009094238281e+00
6.623695373535156250e+00 7.345787048339843750e+00 5.254031181335449219e+00 6.637710571289062500e+00 8.184541702270507812e+00 8.437147140502929688e+00 8.734039306640625000e+00 4.252063751220703125e+00 5.137652873992919922e+00 5.019353389739990234e+00 4.511963844299316406e+00 6.043337345123291016e+00 3.964043378829956055e+00 7.844239234924316406e+00 5.929966926574707031e+00 3.127912521362304688e+00 4.134800910949707031e+00 5.144596099853515625e+00 5.365487575531005859e+00 6.291244506835937500e+00
4.330389976501464844e+00 9.230384826660156250e+00 1.102844333648681641e+01 4.053058147430419922e+00 1.004928302764892578e+01 6.508429527282714844e+00 7.136580944061279297e+00 5.745745182037353516e+00 4.105059623718261719e+00 5.031897068023681641e+00 8.315464019775390625e+00 6.076279640197753906e+00 7.264164447784423828e+00 3.849131584167480469e+00 5.979063510894775391e+00 9.016011238098144531e+00 4.790122032165527344e+00 6.875872611999511719e+00 3.685712337493896484e+00 5.584978103637695312e+00
5.758930206298828125e+00 5.853582382202148438e+00 7.039662837982177734e+00 7.696878433227539062e+00 6.224222183227539062e+00 5.971944332122802734e+00 7.596908569335937500e+00 6.196515083312988281e+00 6.105370521545410156e+00 6.652533054351806641e+00 5.733665466308593750e+00 8.321103096008300781e+00 1.027790832519531250e+01 7.675513267517089844e+00 7.211302757263183594e+00 6.227958679199218750e+00 4.523969173431396484e+00 4.337586402893066406e+00 5.411231517791748047e+00 4.625472068786621094e+00
8.314950942993164062e+00 6.768012046813964844e+00 6.373320102691650391e+00 6.245679378509521484e+00 6.263558387756347656e+00 7.029361724853515625e+00 4.476813316345214844e+00 5.016317367553710938e+00 9.873484611511230469e+00 6.457496166229248047e+00 8.985851287841796875e+00 9.467680931091308594e+00 5.472282886505126953e+00 5.500986099243164062e+00 6.351466178894042969e+00 6.773206710815429688e+00 5.770297527313232422e+00 4.113451957702636719e+00 6.574468612670898438e+00 5.298770904541015625e+00
5.751105785369873047e+00 5.702868461608886719e+00 5.118676662445068359e+00 5.807213783264160156e+00 8.760824203491210938e+00 9.598661422729492188e+00 4.473358154296875000e+00 6.950778961181640625e+00 6.421317100524902344e+00 6.460326194763183594e+00 4.468396186828613281e+00 7.225161552429199219e+00 7.116247177124023438e+00 9.203819274902343750e+00 6.896167278289794922e+00 5.211438655853271484e+00 5.519337654113769531e+00 6.189454078674316406e+00 6.841552257537841797e+00 7.074127674102783203e+00
7.596125602722167969e+00 5.143460273742675781e+00 4.623607158660888672e+00 5.729311466217041016e+00 5.547307014465332031e+00 4.946775913238525391e+00 6.418086528778076172e+00 8.164615631103515625e+00 5.899149417877197266e+00 7.275398731231689453e+00 3.715219497680664062e+00 6.052514553070068359e+00 6.775484561920166016e+00 7.341596603393554688e+00 5.436651706695556641e+00 3.903664588928222656e+00 3.999103546142578125e+00 6.563508033752441406e+00 5.438459396362304688e+00 9.839305877685546875e+00
5.182294845581054688e+00 6.026435852050781250e+00 7.481877326965332031e+00 5.724092483520507812e+00 8.747115135192871094e+00 7.353640079498291016e+00 4.989101409912109375e+00 4.282715320587158203e+00 5.547508716583251953e+00 5.734367847442626953e+00 5.636121749877929688e+00 4.411417961120605469e+00 4.718684196472167969e+00 4.615419387817382812e+00 3.012086153030395508e+00 5.332187652587890625e+00 6.839967727661132812e+00 4.974132537841796875e+00 3.014433622360229492e+00 3.165903329849243164e+00
6.118652820587158203e+00 2.634138584136962891e+00 4.403945922851562500e+00 5.621430397033691406e+00 8.492229461669921875e+00 5.950407028198242188e+00 4.464531421661376953e+00 5.347828388214111328e+00 6.635499000549316406e+00 6.773351669311523438e+00 6.431277275085449219e+00 5.361920356750488281e+00 4.353270053863525391e+00 8.174596786499023438e+00 4.889094829559326172e+00 7.109726905822753906e+00 6.042510032653808594e+00 8.428514480590820312e+00 6.653418540954589844e+00 6.423109054565429688e+00
7.932035923004150391e+00 5.892607688903808594e+00 3.381198406219482422e+00 6.809065818786621094e+00 5.479790687561035156e+00 8.434843063354492188e+00 5.466213226318359375e+00 5.041825294494628906e+00 5.696132183074951172e+00 6.250038146972656250e+00 6.901960849761962891e+00 6.583467483520507812e+00 7.701375961303710938e+00 5.254403114318847656e+00 6.084769248962402344e+00 6.089925289154052734e+00 5.293705463409423828e+00 5.112848281860351562e+00 9.443503379821777344e+00 3.563659191131591797e+00
7.915246486663818359e+00 8.625880241394042969e+00 4.856573104858398438e+00 9.341113090515136719e+00 6.049180030822753906e+00 4.778466224670410156e+00 5.516573905944824219e+00 5.705201148986816406e+00 6.004944801330566406e+00 6.499869346618652344e+00 8.696041107177734375e+00 5.326395511627197266e+00 4.154224872589111328e+00 4.626241683959960938e+00 8.973397254943847656e+00 6.720612525939941406e+00 6.303727149963378906e+00 6.594595909118652344e+00 9.045423507690429688e+00 5.250212669372558594e+00
