2019-07-26 06:45:00
6.491914749145507812e+00 5.107469081878662109e+00 7.480608940124511719e+00 8.391208648681640625e+00 7.642164230346679688e+00 4.716997146606445312e+00 4.337310791015625000e+00 6.671745777130126953e+00 9.372760772705078125e+00 6.812758445739746094e+00 2.757653236389160156e+00 6.018171310424804688e+00 8.926058769226074219e+00 4.139472007751464844e+00 5.021049499511718750e+00 9.417520523071289062e+00 9.745149612426757812e+00 7.254462242126464844e+00 5.311046123504638672e+00 4.798374176025390625e+00
6.291943550109863281e+00 6.384838104248046875e+00 7.696648120880126953e+00 8.716692924499511719e+00 8.940290451049804688e+00 5.735846996307373047e+00 5.918021678924560547e+00 6.338485717773437500e+00 5.831274986267089844e+00 5.657496929168701172e+00 5.748709678649902344e+00 5.422132015228271484e+00 3.282421350479125977e+00 7.494178771972656250e+00 5.918868541717529297e+00 7.013279914855957031e+00 7.785256385803222656e+00 5.068079948425292969e+00 5.380594253540039062e+00 2.154773235321044922e+00
8.402608871459960938e+00 9.391083717346191406e+00 7.297950744628906250e+00 7.360448837280273438e+00 7.334322452545166016e+00 9.484684944152832031e+00 1.176054573059082031e+01 5.753714561462402344e+00 5.981880187988281250e+00 3.947970628738403320e+00 1.045254898071289062e+01 6.646493911743164062e+00 4.691432952880859375e+00 6.524077415466308594e+00 6.241706848144531250e+00 6.677484989166259766e+00 6.525922775268554688e+00 6.097629547119140625e+00 6.430180549621582031e+00 5.285729885101318359e+00
6.240726470947265625e+00 5.899678230285644531e+00 8.950402259826660156e+00 6.277855873107910156e+00 3.319856643676757812e+00 4.775528907775878906e+00 4.457695960998535156e+00 4.364065647125244141e+00 3.493351221084594727e+00 7.559214115142822266e+00 8.100999832153320312e+00 5.901426792144775391e+00 4.949780464172363281e+00 3.760665416717529297e+00 5.159193992614746094e+00 3.646853446960449219e+00 4.708667755126953125e+00 6.020132064819335938e+00 5.688890457153320312e+00 4.728265762329101562e+00
4.982671737670898438e+00 3.905354976654052734e+00 5.294552803039550781e+00 5.119545459747314453e+00 5.337378501892089844e+00 1.048268032073974609e+01 7.355159282684326172e+00 6.125638484954833984e+00 8.330219268798828125e+00 6.498519897460937500e+00 8.618124961853027344e+00 8.365685462951660156e+00 1.020680332183837891e+01 3.107187271118164062e+00 1.044512939453125000e+01 8.455393791198730469e+00 5.036685466766357422e+00 7.558518409729003906e+00 8.145253181457519531e+00 4.278473377227783203e+00
5.090538024902343750e+00 4.387763023376464844e+00 8.129980087280273438e+00 6.053199768066406250e+00 1.220564460754394531e+01 7.530323982238769531e+00 5.765304088592529297e+00 1.124063968658447266e+01 7.130937576293945312e+00 6.732429504394531250e+00 5.688537597656250000e+00 6.612436294555664062e+00 6.018818378448486328e+00 4.284371376037597656e+00 4.302921772003173828e+00 9.254734992980957031e+00 7.379058837890625000e+00 7.131963253021240234e+00 2.488808631896972656e+00 5.225018024444580078e+00
7.065463066101074219e+00 1.074562644958496094e+01 4.779561996459960938e+00 6.158070564270019531e+00 9.046221733093261719e+00 7.112222671508789062e+00 4.731000423431396484e+00 5.276410102844238281e+00 5.292680740356445312e+00 3.710412502288818359e+00 5.059860229492187500e+00 4.523170471191406250e+00 7.193243980407714844e+00 8.724123001098632812e+00 3.809381961822509766e+00 7.923609733581542969e+00 4.071017265319824219e+00 5.673027992248535156e+00 8.541173934936523438e+00 7.927561759948730469e+00
8.002027511596679688e+00 6.568222045898437500e+00 6.277612686157226562e+00 9.964930534362792969e+00 7.149659633636474609e+00 5.429080009460449219e+00 6.717208862304687500e+00 5.863809585571289062e+00 6.027276992797851562e+00 4.270883560180664062e+00 6.882973670959472656e+00 6.117515563964843750e+00 1.100641918182373047e+01 8.726770401000976562e+00 6.435628890991210938e+00 3.477708339691162109e+00 7.204996585845947266e+00 6.822061538696289062e+00 8.935401916503906250e+00 4.386408805847167969e+00
7.504251480102539062e+00 6.260742664337158203e+00 8.204454421997070312e+00 7.369880199432373047e+00 8.564630508422851562e+00 4.896674156188964844e+00 9.082633972167968750e+00 3.338840723037719727e+00 4.353616237640380859e+00 2.832700252532958984e+00 7.041223526000976562e+00 5.721141815185546875e+00 6.122852325439453125e+00 7.720402717590332031e+00 7.691714286804199219e+00 4.130927085876464844e+00 6.214179039001464844e+00 7.223994731903076172e+00 5.914031028747558594e+00 5.349494934082031250e+00
1.192129898071289062e+01 1.036242485046386719e+01 5.772493362426757812e+00 7.685286521911621094e+00 3.451321601867675781e+00 7.210978031158447266e+00 6.154921531677246094e+00 5.806120872497558594e+00 5.056868553161621094e+00 1.048972511291503906e+01 6.740610122680664062e+00 5.276385307312011719e+00 7.542720794677734375e+00 6.055355072021484375e+00 4.708549499511718750e+00 5.253535270690917969e+00 7.979718685150146484e+00 8.289361953735351562e+00 6.918775558471679688e+00 5.991502761840820312e+00
4.174374103546142578e+00 5.545762538909912109e+00 8.399671554565429688e+00 8.756116867065429688e+00 9.183181762695312500e+00 7.016360282897949219e+00 6.452424049377441406e+00 5.895503997802734375e+00 5.190056800842285156e+00 5.735867500305175781e+00 3.993587493896484375e+00 7.056894302368164062e+00 8.643030166625976562e+00 7.680657386779785156e+00 5.437170982360839844e+00 4.448647975921630859e+00 4.847120285034179688e+00 8.271768569946289062e+00 3.844181537628173828e+00 6.507844924926757812e+00
6.429205894470214844e+00 6.720829010009765625e+00 5.969460010528564453e+00 5.660645961761474609e+00 7.468911170959472656e+00 5.674266815185546875e+00 6.479527473449707031e+00 6.960343360900878906e+00 4.175989151000976562e+00 6.004228591918945312e+00 6.024825572967529297e+00 8.953668594360351562e+00 8.495616912841796875e+00 7.818179130554199219e+00 5.676534652709960938e+00 6.352439880371093750e+00 4.110155105590820312e+00 4.674608230590820312e+00 4.992675304412841797e+00 7.129950523376464844e+00
6.023480415344238281e+00 5.600543498992919922e+00 3.619340181350708008e+00 5.927202224731445312e+00 5.823829650878906250e+00 7.010791301727294922e+00 4.269496917724609375e+00 5.978669643402099609e+00 2.769062042236328125e+00 4.463159561157226562e+00 5.422406673431396484e+00 5.757246971130371094e+00 1.058238410949707031e+01 4.318024635314941406e+00 6.229510784149169922e+00 5.345880508422851562e+00 4.893126010894775391e+00 3.497241497039794922e+00 7.996072769165039062e+00 4.763976097106933594e+00
5.433756828308105469e+00 4.538577556610107422e+00 5.193653583526611328e+00 7.504288673400878906e+00 6.111312866210937500e+00 7.368083953857421875e+00 8.839862823486328125e+00 6.000001907348632812e+00 4.575628280639648438e+00 5.462068557739257812e+00 6.584820270538330078e+00 8.916559219360351562e+00 9.975422859191894531e+00 5.810953140258789062e+00 8.666132926940917969e+00 5.816639900207519531e+00 6.489356517791748047e+00 3.625481128692626953e+00 6.609766960144042969e+00 5.475252151489257812e+00
3.620863914489746094e+00 5.286986827850341797e+00 5.093260765075683594e+00 6.736577510833740234e+00 1.065837192535400391e+01 7.529717445373535156e+00 4.040917396545410156e+00 7.558652400970458984e+00 5.445908546447753906e+00 7.335286140441894531e+00 7.047581672668457031e+00 5.106173515319824219e+00 6.611943721771240234e+00 1.169161605834960938e+01 5.346870422363281250e+00 4.287113189697265625e+00 7.231739997863769531e+00 6.928809165954589844e+00 4.711152553558349609e+00 7.758551597595214844e+00
9.161855697631835938e+00 6.761170387268066406e+00 5.867612361907958984e+00 6.103521347045898438e+00 3.588740110397338867e+00 6.781684398651123047e+00 5.582737445831298828e+00 6.170594215393066406e+00 4.762393474578857422e+00 5.989640235900878906e+00 9.389558792114257812e+00 5.942719459533691406e+00 6.068346023559570312e+00 7.045110702514648438e+00 5.215192317962646484e+00 6.434165954589843750e+00 5.697486877441406250e+00 5.355515003204345703e+00 7.068609237670898438e+00 8.158445358276367188e+00
6.526995658874511719e+00 5.213510513305664062e+00 5.719946861267089844e+00 4.210520744323730469e+00 1.347553730010986328e+01 6.028654575347900391e+00 6.725107192993164062e+00 6.399700164794921875e+00 5.487071037292480469e+00 4.072396755218505859e+00 5.752241134643554688e+00 3.428400993347167969e+00 4.325655937194824219e+00 5.640424728393554688e+00 5.445737838745117188e+00 3.783302068710327148e+00 2.947495937347412109e+00 5.265285968780517578e+00 6.834791183471679688e+00 5.345247268676757812e+00
7.427527427673339844e+00 5.136236190795898438e+00 6.174803733825683594e+00 4.568121910095214844e+00 4.211262702941894531e+00 5.784477233886718750e+00 8.317653656005859375e+00 5.761758327484130859e+00 7.277056694030761719e+00 1.037262916564941406e+01 9.373950958251953125e+00 5.586422443389892578e+00 6.103650569915771484e+00 4.649506092071533203e+00 4.109202384948730469e+00 7.067749977111816406e+00 4.840641498565673828e+00 9.826389312744140625e+00 4.763648033142089844e+00 9.851783752441406250e+00
6.931072235107421875e+00 8.500941276550292969e+00 5.656372547149658203e+00 8.194778442382812500e+00 8.985456466674804688e+00 5.626003742218017578e+00 7.435012817382812500e+00 7.507167816162109375e+00 8.926023483276367188e+00 8.965555191040039062e+00 6.996954441070556641e+00 1.087408828735351562e+01 4.348132610321044922e+00 5.419068813323974609e+00 3.708328008651733398e+00 5.919662475585937500e+00 9.929809570312500000e+00 7.183976173400878906e+00 6.462921142578125000e+00 5.941682338714599609e+00
8.468513488769531250e+00 9.321825027465820312e+00 5.443505287170410156e+00 8.495645523071289062e+00 5.481017112731933594e+00 9.974802017211914062e+00 4.406764984130859375e+00 6.597865581512451172e+00 8.591092109680175781e+00 6.093141555786132812e+00 4.761343955993652344e+00 8.210486412048339844e+00 7.123419761657714844e+00 4.810037612915039062e+00 4.081481933593750000e+00 4.572747707366943359e+00 6.192347526550292969e+00 7.091940879821777344e+00 7.953231811523437500e+00 4.150215148925781250e+00
