2019-07-26 07:00:00
1.164878845214843750e+01 4.477221488952636719e+00 6.811498165130615234e+00 6.008599281311035156e+00 5.169994831085205078e+00 6.925434112548828125e+00 5.824641227722167969e+00 3.799936056137084961e+00 1.178965377807617188e+01 5.078892230987548828e+00 3.586687088012695312e+00 5.190095901489257812e+00 9.655761718750000000e+00 8.762809753417968750e+00 9.031078338623046875e+00 6.511545658111572266e+00 6.791220664978027344e+00 5.087422370910644531e+00 6.458526134490966797e+00 6.078813076019287109e+00
7.066917419433593750e+00 1.343240547180175781e+01 8.109062194824218750e+00 6.932173252105712891e+00 7.901479721069335938e+00 1.091026115417480469e+01 5.319384574890136719e+00 2.995224952697753906e+00 5.298843860626220703e+00 6.609361648559570312e+00 6.502528190612792969e+00 3.718596696853637695e+00 4.243118286132812500e+00 4.169106483459472656e+00 3.231555700302124023e+00 6.399112224578857422e+00 9.184686660766601562e+00 7.796231269836425781e+00 7.524545669555664062e+00 5.273058891296386719e+00
8.423561096191406250e+00 7.279009819030761719e+00 1.046206665039062500e+01 9.116467475891113281e+00 1.015567588806152344e+01 6.049532890319824219e+00 1.080089187622070312e+01 5.459681034088134766e+00 5.547510147094726562e+00 5.291337013244628906e+00 1.082446765899658203e+01 7.463590145111083984e+00 4.521959304809570312e+00 5.507438659667968750e+00 4.193256378173828125e+00 7.498361110687255859e+00 9.705787658691406250e+00 7.604922771453857422e+00 5.997703552246093750e+00 5.547024250030517578e+00
6.169345855712890625e+00 4.962465286254882812e+00 6.999885559082031250e+00 5.882932186126708984e+00 4.874133110046386719e+00 6.158600807189941406e+00 5.342629432678222656e+00 4.881538391113281250e+00 2.695182323455810547e+00 7.738359928131103516e+00 1.201691818237304688e+01 8.514141082763671875e+00 2.807431697845458984e+00 6.070086479187011719e+00 8.748945236206054688e+00 6.263589859008789062e+00 8.258661270141601562e+00 6.108237266540527344e+00 3.855924606323242188e+00 5.072359085083007812e+00
4.219891548156738281e+00 5.828522682189941406e+00 5.810093879699707031e+00 5.519174575805664062e+00 5.093494892120361328e+00 6.824368000030517578e+00 8.446988105773925781e+00 7.344129562377929688e+00 5.687968730926513672e+00 9.929396629333496094e+00 8.297483444213867188e+00 7.840794563293457031e+00 1.118119239807128906e+01 4.879991054534912109e+00 9.217177391052246094e+00 5.607899188995361328e+00 7.470947265625000000e+00 7.855723381042480469e+00 8.924676895141601562e+00 4.923121929168701172e+00
5.677443027496337891e+00 6.675740242004394531e+00 4.808845520019531250e+00 7.062338829040527344e+00 9.546579360961914062e+00 8.212033271789550781e+00 6.524845123291015625e+00 6.105514049530029297e+00 6.819787025451660156e+00 6.767973899841308594e+00 8.134033203125000000e+00 4.976623535156250000e+00 4.992655754089355469e+00 5.575765132904052734e+00 5.210783004760742188e+00 7.940203666687011719e+00 5.708771705627441406e+00 1.169278526306152344e+01 6.993248939514160156e+00 5.501044273376464844e+00
5.451857566833496094e+00 7.907725334167480469e+00 5.336226463317871094e+00 8.535093307495117188e+00 9.574880599975585938e+00 5.694902420043945312e+00 8.703987121582031250e+00 2.955677986145019531e+00 5.270569324493408203e+00 6.254737854003906250e+00 6.339278697967529297e+00 6.179425239562988281e+00 7.425053596496582031e+00 8.250411987304687500e+00 4.903396606445312500e+00 5.540807723999023438e+00 6.639049530029296875e+00 7.077639579772949219e+00 8.370886802673339844e+00 1.087269210815429688e+01
4.158233165740966797e+00 9.758075714111328125e+00 6.241750717163085938e+00 4.100093364715576172e+00 5.386365890502929688e+00 6.771939277648925781e+00 7.321618556976318359e+00 5.008512496948242188e+00 4.980108737945556641e+00 5.007196903228759766e+00 4.498680114746093750e+00 7.668704032897949219e+00 7.416610240936279297e+00 2.678890228271484375e+00 4.833932876586914062e+00 4.300116539001464844e+00 8.245515823364257812e+00 7.306871891021728516e+00 6.712139129638671875e+00 6.569499015808105469e+00
8.973187446594238281e+00 9.110464096069335938e+00 1.102532577514648438e+01 9.221123695373535156e+00 1.216862201690673828e+01 5.979010581970214844e+00 8.763428688049316406e+00 4.902443408966064453e+00 4.172787666320800781e+00 5.481101036071777344e+00 9.347237586975097656e+00 4.816288948059082031e+00 7.656038284301757812e+00 5.992071628570556641e+00 5.139404773712158203e+00 4.180136203765869141e+00 6.657404899597167969e+00 4.526367187500000000e+00 6.796503067016601562e+00 6.178275108337402344e+00
6.034459590911865234e+00 1.088507270812988281e+01 9.649694442749023438e+00 6.598385810852050781e+00 8.632333755493164062e+00 7.525100708007812500e+00 8.828235626220703125e+00 5.463256835937500000e+00 8.352953910827636719e+00 8.368388175964355469e+00 7.950918197631835938e+00 4.165074348449707031e+00 7.034394264221191406e+00 7.519726753234863281e+00 4.542261123657226562e+00 3.253461360931396484e+00 4.731129646301269531e+00 6.227027893066406250e+00 5.694327831268310547e+00 4.845118045806884766e+00
5.428503990173339844e+00 6.336893558502197266e+00 7.721171379089355469e+00 8.665699005126953125e+00 7.857178211212158203e+00 8.483329772949218750e+00 5.083162307739257812e+00 8.845504760742187500e+00 3.825690269470214844e+00 6.225732803344726562e+00 4.250768661499023438e+00 6.403585433959960938e+00 6.916275024414062500e+00 9.926201820373535156e+00 4.051604270935058594e+00 5.228707313537597656e+00 5.695058345794677734e+00 1.428698539733886719e+01 7.992834091186523438e+00 4.755993366241455078e+00
7.774012565612792969e+00 8.652259826660156250e+00 1.006206417083740234e+01 7.269282817840576172e+00 1.034165954589843750e+01 8.111482620239257812e+00 7.247797012329101562e+00 6.591275691986083984e+00 7.640152454376220703e+00 7.668263435363769531e+00 5.116679191589355469e+00 8.644809722900390625e+00 9.271694183349609375e+00 6.738153457641601562e+00 9.313666343688964844e+00 5.764213562011718750e+00 7.467588424682617188e+00 5.380960464477539062e+00 7.882387161254882812e+00 6.605288505554199219e+00
7.347827911376953125e+00 1.088870525360107422e+01 4.987292289733886719e+00 8.992324829101562500e+00 7.854801177978515625e+00 1.014389514923095703e+01 6.525582313537597656e+00 5.069444656372070312e+00 4.546927452087402344e+00 7.157161235809326172e+00 5.905866622924804688e+00 8.065755844116210938e+00 1.035136032104492188e+01 1.093451881408691406e+01 8.680847167968750000e+00 8.330515861511230469e+00 3.416485548019409180e+00 4.739630699157714844e+00 8.875753402709960938e+00 4.611094474792480469e+00
6.784853458404541016e+00 1.039597511291503906e+01 8.190616607666015625e+00 8.110652923583984375e+00 7.641348838806152344e+00 7.598877906799316406e+00 6.023429393768310547e+00 9.732248306274414062e+00 9.189741134643554688e+00 7.737735748291015625e+00 1.468702220916748047e+01 6.173175811767578125e+00 6.601480484008789062e+00 5.287420272827148438e+00 9.597478866577148438e+00 7.897537231445312500e+00 8.969537734985351562e+00 7.349680900573730469e+00 9.201485633850097656e+00 9.030027389526367188e+00
5.867344379425048828e+00 5.903286933898925781e+00 7.968928813934326172e+00 4.104589939117431641e+00 8.265561103820800781e+00 5.541122436523437500e+00 7.449749469757080078e+00 7.663760662078857422e+00 8.698109626770019531e+00 7.715871334075927734e+00 6.597127914428710938e+00 5.895350456237792969e+00 4.819090843200683594e+00 4.989584922790527344e+00 5.780981063842773438e+00 5.940518379211425781e+00 7.035205364227294922e+00 7.942993640899658203e+00 1.057309055328369141e+01 5.566694259643554688e+00
6.804574012756347656e+00 5.589008808135986328e+00 6.331231117248535156e+00 9.494157791137695312e+00 4.344895839691162109e+00 7.521027565002441406e+00 6.311194419860839844e+00 1.031553363800048828e+01 5.818333625793457031e+00 8.811954498291015625e+00 1.164759063720703125e+01 8.927093505859375000e+00 6.211006164550781250e+00 7.354724884033203125e+00 4.671314716339111328e+00 3.842415332794189453e+00 8.552873611450195312e+00 6.314405918121337891e+00 5.727274894714355469e+00 3.631255149841308594e+00
5.034330844879150391e+00 7.494153022766113281e+00 7.128137111663818359e+00 5.968722820281982422e+00 1.244497680664062500e+01 4.367966175079345703e+00 6.247929573059082031e+00 7.788170814514160156e+00 6.399808883666992188e+00 7.330059051513671875e+00 8.048055648803710938e+00 8.653816223144531250e+00 6.698195934295654297e+00 7.300859928131103516e+00 6.384538650512695312e+00 5.844412803649902344e+00 5.237075328826904297e+00 4.218883514404296875e+00 7.374390125274658203e+00 5.567575931549072266e+00
6.508449554443359375e+00 4.225656509399414062e+00 4.903585433959960938e+00 8.069722175598144531e+00 3.621409893035888672e+00 5.946738243103027344e+00 6.761412620544433594e+00 8.309539794921875000e+00 5.197326183319091797e+00 9.266515731811523438e+00 4.506794929504394531e+00 7.774707317352294922e+00 4.102238178253173828e+00 7.441762447357177734e+00 6.393857002258300781e+00 7.288002490997314453e+00 7.151359558105468750e+00 4.857943534851074219e+00 5.015982627868652344e+00 6.342610359191894531e+00
5.587477684020996094e+00 6.454354286193847656e+00 4.376683235168457031e+00 6.073507308959960938e+00 6.985042572021484375e+00 7.929790496826171875e+00 8.324232101440429688e+00 4.889974594116210938e+00 1.033851051330566406e+01 1.121876430511474609e+01 9.251675605773925781e+00 8.220399856567382812e+00 7.668818473815917969e+00 4.057698726654052734e+00 8.857931137084960938e+00 7.863958835601806641e+00 5.850329875946044922e+00 6.422615051269531250e+00 5.219874382019042969e+00 5.777802467346191406e+00
1.088608932495117188e+01 9.087839126586914062e+00 4.925275325775146484e+00 8.037723541259765625e+00 6.713652610778808594e+00 7.349992752075195312e+00 8.442412376403808594e+00 6.623933792114257812e+00 4.190863609313964844e+00 4.414610385894775391e+00 6.942640781402587891e+00 1.118955993652343750e+01 9.647398948669433594e+00 5.021023750305175781e+00 8.022693634033203125e+00 5.695154190063476562e+00 3.861595392227172852e+00 9.651428222656250000e+00 8.656452178955078125e+00 4.506299495697021484e+00
