2019-07-26 07:15:00
5.867209434509277344e+00 6.605586051940917969e+00 1.105079650878906250e+01 8.631290435791015625e+00 6.143187522888183594e+00 5.283548355102539062e+00 6.888703823089599609e+00 5.519022941589355469e+00 6.773258209228515625e+00 7.068511486053466797e+00 3.607227802276611328e+00 5.141472339630126953e+00 8.709243774414062500e+00 4.058411121368408203e+00 5.253552436828613281e+00 9.751664161682128906e+00 1.216411781311035156e+01 5.249722480773925781e+00 7.568504333496093750e+00 3.975119113922119141e+00
1.193156337738037109e+01 7.612420082092285156e+00 5.147178173065185547e+00 7.531514167785644531e+00 6.146452903747558594e+00 5.606394767761230469e+00 5.104211807250976562e+00 5.063071250915527344e+00 3.221836090087890625e+00 4.591794490814208984e+00 5.025169372558593750e+00 5.438139915466308594e+00 3.588920593261718750e+00 6.615421295166015625e+00 8.155331611633300781e+00 2.474714279174804688e+00 1.033092498779296875e+01 7.117895126342773438e+00 7.368949890136718750e+00 4.924520015716552734e+00
7.517865657806396484e+00 1.009393692016601562e+01 9.230712890625000000e+00 7.177368164062500000e+00 8.122263908386230469e+00 9.959133148193359375e+00 5.541238784790039062e+00 4.137246131896972656e+00 6.413386344909667969e+00 4.657311916351318359e+00 7.176757812500000000e+00 7.089661121368408203e+00 5.227577209472656250e+00 3.638254404067993164e+00 6.675899505615234375e+00 4.656427383422851562e+00 4.397605895996093750e+00 5.762402057647705078e+00 5.686162471771240234e+00 5.528073787689208984e+00
9.078186988830566406e+00 9.820819854736328125e+00 1.005037498474121094e+01 7.835431575775146484e+00 3.962575435638427734e+00 5.285487174987792969e+00 4.781959533691406250e+00 4.300702571868896484e+00 5.238537788391113281e+00 6.697154045104980469e+00 9.723583221435546875e+00 5.498811244964599609e+00 4.572429180145263672e+00 3.492149353027343750e+00 1.102029132843017578e+01 4.818170070648193359e+00 7.555013656616210938e+00 5.875439643859863281e+00 5.358957290649414062e+00 6.101896286010742188e+00
4.916666030883789062e+00 4.427401542663574219e+00 5.499105930328369141e+00 5.997557640075683594e+00 4.141481399536132812e+00 9.110098838806152344e+00 7.439236640930175781e+00 8.795379638671875000e+00 6.631793022155761719e+00 1.231157588958740234e+01 7.919774055480957031e+00 4.394763946533203125e+00 1.293072891235351562e+01 3.780577898025512695e+00 9.376358032226562500e+00 5.259639739990234375e+00 1.021241092681884766e+01 5.665589332580566406e+00 8.926496505737304688e+00 3.999733924865722656e+00
4.045098304748535156e+00 7.088742256164550781e+00 8.023210525512695312e+00 7.093699455261230469e+00 7.436452865600585938e+00 1.248199081420898438e+01 6.628110885620117188e+00 9.055755615234375000e+00 9.518523216247558594e+00 4.798586845397949219e+00 4.905003547668457031e+00 6.957162857055664062e+00 5.675776004791259766e+00 6.923820495605468750e+00 5.802592277526855469e+00 1.279208946228027344e+01 5.960497856140136719e+00 7.696176528930664062e+00 1.050480461120605469e+01 4.454913139343261719e+00
1.164419746398925781e+01 1.136551094055175781e+01 3.182091712951660156e+00 7.359810352325439453e+00 7.316143035888671875e+00 7.250506401062011719e+00 8.488780975341796875e+00 6.684459209442138672e+00 3.468245744705200195e+00 6.780408859252929688e+00 8.415957450866699219e+00 7.088945388793945312e+00 5.962943077087402344e+00 7.988449096679687500e+00 5.576650142669677734e+00 6.596885681152343750e+00 8.645319938659667969e+00 6.808596611022949219e+00 6.706530570983886719e+00 9.652454376220703125e+00
3.378403186798095703e+00 7.090977668762207031e+00 7.190983772277832031e+00 6.549329757690429688e+00 8.066820144653320312e+00 6.551196098327636719e+00 6.229916095733642578e+00 4.784023284912109375e+00 5.925915718078613281e+00 8.408645629882812500e+00 5.989768505096435547e+00 8.410596847534179688e+00 8.055066108703613281e+00 1.317004966735839844e+01 4.795014381408691406e+00 3.581613302230834961e+00 5.375044822692871094e+00 7.611187934875488281e+00 3.713344335556030273e+00 7.857848644256591797e+00
9.418915748596191406e+00 8.990358352661132812e+00 1.017753124237060547e+01 1.001120185852050781e+01 9.580299377441406250e+00 9.199790954589843750e+00 5.972963333129882812e+00 3.530389785766601562e+00 5.051724433898925781e+00 5.345064163208007812e+00 8.680386543273925781e+00 5.688894271850585938e+00 8.171090126037597656e+00 4.972890853881835938e+00 5.854613304138183594e+00 3.887752532958984375e+00 6.184191703796386719e+00 7.195816993713378906e+00 5.474749088287353516e+00 5.205841064453125000e+00
1.019004821777343750e+01 6.606529235839843750e+00 7.705906867980957031e+00 9.374035835266113281e+00 9.232885360717773438e+00 7.988851547241210938e+00 4.325399398803710938e+00 5.542625904083251953e+00 7.020801067352294922e+00 7.772233963012695312e+00 7.095164299011230469e+00 9.011277198791503906e+00 2.545540332794189453e+00 4.974045753479003906e+00 3.916907787322998047e+00 5.902697563171386719e+00 1.005631256103515625e+01 5.380297660827636719e+00 7.477937698364257812e+00 4.664535522460937500e+00
8.336647987365722656e+00 8.474306106567382812e+00 1.231241893768310547e+01 6.305498123168945312e+00 7.141247749328613281e+00 8.038806915283203125e+00 8.471632957458496094e+00 5.867555618286132812e+00 3.779802083969116211e+00 5.720633506774902344e+00 5.543128967285156250e+00 7.679973602294921875e+00 8.062801361083984375e+00 6.904663562774658203e+00 4.131223201751708984e+00 4.070143699645996094e+00 8.623536109924316406e+00 7.370219707489013672e+00 3.785404205322265625e+00 5.577681064605712891e+00
8.290486335754394531e+00 7.701439380645751953e+00 9.754278182983398438e+00 9.223512649536132812e+00 7.569886684417724609e+00 8.602972030639648438e+00 5.723056316375732422e+00 5.955485820770263672e+00 5.079368591308593750e+00 3.914965152740478516e+00 8.456559181213378906e+00 5.781460762023925781e+00 9.130735397338867188e+00 8.669240951538085938e+00 8.146314620971679688e+00 6.701904296875000000e+00 3.710951566696166992e+00 7.729237556457519531e+00 5.819297790527343750e+00 7.952319145202636719e+00
8.279891967773437500e+00 9.508112907409667969e+00 5.291921615600585938e+00 8.408935546875000000e+00 5.049807548522949219e+00 1.219794845581054688e+01 7.577889442443847656e+00 5.542308807373046875e+00 5.235407829284667969e+00 8.778457641601562500e+00 8.520915985107421875e+00 8.382929801940917969e+00 6.236979484558105469e+00 9.573780059814453125e+00 8.357531547546386719e+00 6.100802898406982422e+00 5.298707008361816406e+00 3.962409973144531250e+00 5.291857719421386719e+00 4.707921028137207031e+00
5.168045043945312500e+00 8.086484909057617188e+00 9.219872474670410156e+00 9.663626670837402344e+00 5.597194671630859375e+00 6.107181549072265625e+00 5.008548259735107422e+00 5.510400772094726562e+00 9.191920280456542969e+00 3.841991901397705078e+00 7.915268421173095703e+00 5.180653095245361328e+00 8.656663894653320312e+00 6.642880439758300781e+00 8.449583053588867188e+00 8.002403259277343750e+00 6.937039375305175781e+00 4.906072616577148438e+00 6.703969001770019531e+00 6.349654197692871094e+00
5.653283119201660156e+00 8.292333602905273438e+00 8.180695533752441406e+00 6.933058738708496094e+00 4.349318981170654297e+00 9.834093093872070312e+00 8.908985137939453125e+00 5.166328430175781250e+00 6.710734367370605469e+00 6.299432277679443359e+00 4.646411895751953125e+00 8.015485763549804688e+00 9.779189109802246094e+00 7.745052337646484375e+00 5.161227226257324219e+00 9.687562942504882812e+00 7.784876823425292969e+00 5.410318851470947266e+00 6.572393417358398438e+00 6.609328269958496094e+00
7.675721168518066406e+00 5.072866439819335938e+00 8.090526580810546875e+00 7.812067031860351562e+00 5.821882724761962891e+00 7.992090225219726562e+00 5.425764560699462891e+00 6.267297744750976562e+00 4.464086055755615234e+00 7.689449787139892578e+00 6.472725868225097656e+00 9.265258789062500000e+00 5.210972309112548828e+00 5.782164573669433594e+00 5.729713916778564453e+00 8.010257720947265625e+00 6.519763946533203125e+00 5.402894973754882812e+00 5.204049110412597656e+00 1.496698379516601562e+01
6.350132942199707031e+00 6.780630111694335938e+00 4.476426124572753906e+00 6.684827804565429688e+00 5.473394393920898438e+00 9.932491302490234375e+00 3.860078334808349609e+00 3.903960704803466797e+00 7.638546466827392578e+00 4.853308200836181641e+00 4.388053417205810547e+00 4.595249176025390625e+00 5.671309471130371094e+00 8.060604095458984375e+00 4.817773818969726562e+00 4.566700458526611328e+00 4.424244403839111328e+00 7.580643653869628906e+00 4.779823303222656250e+00 6.296704292297363281e+00
8.015773773193359375e+00 4.992921829223632812e+00 5.621181011199951172e+00 9.349195480346679688e+00 8.900260925292968750e+00 4.798892974853515625e+00 8.306402206420898438e+00 6.559727668762207031e+00 5.852138996124267578e+00 4.199900627136230469e+00 9.435517311096191406e+00 7.417532920837402344e+00 6.363763809204101562e+00 9.277706146240234375e+00 8.120738983154296875e+00 9.461544990539550781e+00 7.660097599029541016e+00 8.328856468200683594e+00 7.610780715942382812e+00 6.640110492706298828e+00
6.747288703918457031e+00 1.036713886260986328e+01 5.525812149047851562e+00 7.611666679382324219e+00 7.793519496917724609e+00 8.379995346069335938e+00 6.889761924743652344e+00 5.497358322143554688e+00 8.864027023315429688e+00 8.521770477294921875e+00 8.897411346435546875e+00 7.675830364227294922e+00 6.685529708862304688e+00 5.792305469512939453e+00 4.500116348266601562e+00 6.199100494384765625e+00 4.437990665435791016e+00 6.722428321838378906e+00 1.119932937622070312e+01 7.812408447265625000e+00
7.755106925964355469e+00 6.031894683837890625e+00 5.740241527557373047e+00 7.269729614257812500e+00 6.488389968872070312e+00 8.070075988769531250e+00 7.768246650695800781e+00 7.778901100158691406e+00 6.051474571228027344e+00 8.426485061645507812e+00 7.019588470458984375e+00 9.198613166809082031e+00 1.070503139495849609e+01 6.829962253570556641e+00 6.212252140045166016e+00 5.535742759704589844e+00 6.800691604614257812e+00 7.712446212768554688e+00 9.940645217895507812e+00 4.358717441558837891e+00
