2019-07-26 07:30:00
7.704038619995117188e+00 4.949973583221435547e+00 1.053567218780517578e+01 8.410145759582519531e+00 4.406388759613037109e+00 6.446092605590820312e+00 5.264611244201660156e+00 4.895476341247558594e+00 5.755571365356445312e+00 6.386254310607910156e+00 4.481888771057128906e+00 4.516035079956054688e+00 7.284888267517089844e+00 6.203087329864501953e+00 5.636768817901611328e+00 1.137431526184082031e+01 5.244674682617187500e+00 5.634610176086425781e+00 7.362776279449462891e+00 5.580673217773437500e+00
5.638545036315917969e+00 1.137651062011718750e+01 4.908738136291503906e+00 6.433953285217285156e+00 4.894827842712402344e+00 7.750913619995117188e+00 7.769173622131347656e+00 4.012291908264160156e+00 5.783476829528808594e+00 4.441558837890625000e+00 6.596039772033691406e+00 3.658117771148681641e+00 4.675631999969482422e+00 7.274822235107421875e+00 4.217725753784179688e+00 8.092941284179687500e+00 8.270502090454101562e+00 7.969819068908691406e+00 7.131111621856689453e+00 5.441883087158203125e+00
7.969691276550292969e+00 6.435492038726806641e+00 9.063931465148925781e+00 9.539506912231445312e+00 8.858778953552246094e+00 6.683817863464355469e+00 8.793611526489257812e+00 5.543481826782226562e+00 5.699917793273925781e+00 4.899761199951171875e+00 4.384764671325683594e+00 8.796960830688476562e+00 3.605237960815429688e+00 4.820144653320312500e+00 6.880029678344726562e+00 5.930865287780761719e+00 6.580297470092773438e+00 9.102441787719726562e+00 6.285254955291748047e+00 4.642442703247070312e+00
6.081222057342529297e+00 1.121465873718261719e+01 1.215960311889648438e+01 1.302219200134277344e+01 4.717362880706787109e+00 4.702585697174072266e+00 2.474212646484375000e+00 4.976092815399169922e+00 4.482359409332275391e+00 7.462766647338867188e+00 9.939301490783691406e+00 7.837915420532226562e+00 5.219601154327392578e+00 3.972417593002319336e+00 4.914203643798828125e+00 4.866440296173095703e+00 5.412800788879394531e+00 6.442472457885742188e+00 6.639382362365722656e+00 4.180861949920654297e+00
4.270948886871337891e+00 5.311739444732666016e+00 3.575762271881103516e+00 4.072449684143066406e+00 4.953351974487304688e+00 7.385900974273681641e+00 6.261046886444091797e+00 8.080022811889648438e+00 1.416803932189941406e+01 1.005244922637939453e+01 1.204396915435791016e+01 8.845253944396972656e+00 1.054552936553955078e+01 3.887414932250976562e+00 7.080561637878417969e+00 6.118395805358886719e+00 6.328441619873046875e+00 5.510381698608398438e+00 4.733540534973144531e+00 3.704189777374267578e+00
6.633747100830078125e+00 9.662144660949707031e+00 6.858315467834472656e+00 8.655152320861816406e+00 5.491738319396972656e+00 1.324056243896484375e+01 9.919521331787109375e+00 1.252264881134033203e+01 6.642240524291992188e+00 6.778844356536865234e+00 5.350797653198242188e+00 6.620803833007812500e+00 5.283540725708007812e+00 4.486850738525390625e+00 4.957845687866210938e+00 8.678689002990722656e+00 5.286900520324707031e+00 1.098542785644531250e+01 8.132366180419921875e+00 6.180365085601806641e+00
8.036191940307617188e+00 6.750584602355957031e+00 1.162792778015136719e+01 8.994266510009765625e+00 6.093048572540283203e+00 7.266256332397460938e+00 4.233822345733642578e+00 8.589806556701660156e+00 4.621217727661132812e+00 5.381105422973632812e+00 7.413648605346679688e+00 6.131895065307617188e+00 4.836115837097167969e+00 5.611517906188964844e+00 4.224658966064453125e+00 6.850247383117675781e+00 6.271504402160644531e+00 4.626346588134765625e+00 7.335712909698486328e+00 7.389499187469482422e+00
8.236176490783691406e+00 9.418962478637695312e+00 7.341135025024414062e+00 6.400918006896972656e+00 8.090150833129882812e+00 8.858148574829101562e+00 7.923389911651611328e+00 4.594303131103515625e+00 4.038360595703125000e+00 4.390715122222900391e+00 8.255872726440429688e+00 7.984485626220703125e+00 9.675087928771972656e+00 9.153046607971191406e+00 5.855688571929931641e+00 5.596853256225585938e+00 7.011735916137695312e+00 6.959175586700439453e+00 5.067898750305175781e+00 4.724125862121582031e+00
5.405826568603515625e+00 5.572500705718994141e+00 9.860018730163574219e+00 7.674126625061035156e+00 8.111932754516601562e+00 7.181531906127929688e+00 7.369515895843505859e+00 4.452148437500000000e+00 5.193285942077636719e+00 3.998281478881835938e+00 7.840851783752441406e+00 5.800521850585937500e+00 1.149850749969482422e+01 6.891250610351562500e+00 7.917373180389404297e+00 4.179631710052490234e+00 6.177576065063476562e+00 5.391243934631347656e+00 7.144228458404541016e+00 5.802263259887695312e+00
1.116604232788085938e+01 7.556795597076416016e+00 3.879972696304321289e+00 5.547113418579101562e+00 7.031996726989746094e+00 7.959933280944824219e+00 4.819208145141601562e+00 2.737532615661621094e+00 5.592375278472900391e+00 9.258854866027832031e+00 5.571250438690185547e+00 9.020088195800781250e+00 5.679352760314941406e+00 4.770419120788574219e+00 5.942743301391601562e+00 5.972039222717285156e+00 8.681068420410156250e+00 6.567490577697753906e+00 7.165251731872558594e+00 7.622377395629882812e+00
7.794322967529296875e+00 6.776394844055175781e+00 7.417282581329345703e+00 9.406341552734375000e+00 7.757906913757324219e+00 7.628290653228759766e+00 7.964621543884277344e+00 6.821915626525878906e+00 5.313222885131835938e+00 5.518089771270751953e+00 6.987327098846435547e+00 7.837523460388183594e+00 5.228961944580078125e+00 8.547503471374511719e+00 9.145386695861816406e+00 5.726789474487304688e+00 4.568849563598632812e+00 9.656535148620605469e+00 7.375693798065185547e+00 5.618277549743652344e+00
7.328522682189941406e+00 7.285471916198730469e+00 7.506942272186279297e+00 7.018284797668457031e+00 4.392920970916748047e+00 5.691894531250000000e+00 7.927608966827392578e+00 6.912978172302246094e+00 5.465066432952880859e+00 4.834670543670654297e+00 5.974786758422851562e+00 8.486044883728027344e+00 9.082105636596679688e+00 7.622653007507324219e+00 1.067462158203125000e+01 7.580046653747558594e+00 6.324245452880859375e+00 5.321727752685546875e+00 4.909958839416503906e+00 8.258410453796386719e+00
1.000544357299804688e+01 7.529100418090820312e+00 5.191100120544433594e+00 1.064249038696289062e+01 7.285781860351562500e+00 7.276964187622070312e+00 6.719800949096679688e+00 7.285077095031738281e+00 3.555487155914306641e+00 4.302119255065917969e+00 8.053849220275878906e+00 6.582815647125244141e+00 6.197822093963623047e+00 7.657131195068359375e+00 9.061578750610351562e+00 8.717310905456542969e+00 2.939908027648925781e+00 4.969644546508789062e+00 3.548107385635375977e+00 5.733679771423339844e+00
9.292164802551269531e+00 6.289064407348632812e+00 1.010704994201660156e+01 6.849408149719238281e+00 7.859932899475097656e+00 9.152027130126953125e+00 6.240461349487304688e+00 4.736704349517822266e+00 4.717493534088134766e+00 7.357480049133300781e+00 8.009896278381347656e+00 8.625595092773437500e+00 8.772901535034179688e+00 1.297016143798828125e+01 7.110022544860839844e+00 9.612162590026855469e+00 8.947140693664550781e+00 4.551061153411865234e+00 5.977281093597412109e+00 5.788167953491210938e+00
6.915851593017578125e+00 5.422494888305664062e+00 5.437648773193359375e+00 7.604876995086669922e+00 1.071640968322753906e+01 7.962675571441650391e+00 5.535911560058593750e+00 7.295342445373535156e+00 8.382394790649414062e+00 7.653993606567382812e+00 5.154938220977783203e+00 1.000613975524902344e+01 1.083025741577148438e+01 7.347374916076660156e+00 5.836820602416992188e+00 8.549589157104492188e+00 4.681032180786132812e+00 7.351539611816406250e+00 7.409080505371093750e+00 6.085352420806884766e+00
5.380862236022949219e+00 3.714265584945678711e+00 6.340556144714355469e+00 4.516979694366455078e+00 8.756460189819335938e+00 8.670534133911132812e+00 5.689089775085449219e+00 6.287757396697998047e+00 7.355444431304931641e+00 4.886136054992675781e+00 9.738936424255371094e+00 7.308404445648193359e+00 5.652254104614257812e+00 5.825484275817871094e+00 9.031604766845703125e+00 7.017761707305908203e+00 5.566812992095947266e+00 6.248950958251953125e+00 6.906950950622558594e+00 9.704532623291015625e+00
6.473019123077392578e+00 4.270970344543457031e+00 7.768604755401611328e+00 5.823588848114013672e+00 7.578516483306884766e+00 7.455406188964843750e+00 9.065877914428710938e+00 6.145042896270751953e+00 8.014804840087890625e+00 7.587713241577148438e+00 7.412921905517578125e+00 7.025101661682128906e+00 6.112815856933593750e+00 6.815554618835449219e+00 7.712447643280029297e+00 3.822288036346435547e+00 4.473973274230957031e+00 5.793435573577880859e+00 5.716336727142333984e+00 7.568693161010742188e+00
6.447713375091552734e+00 2.629318237304687500e+00 5.779345512390136719e+00 8.596086502075195312e+00 6.967099189758300781e+00 8.286038398742675781e+00 7.907332420349121094e+00 5.283591747283935547e+00 5.397858142852783203e+00 5.740365982055664062e+00 7.412326812744140625e+00 2.741731643676757812e+00 7.356544494628906250e+00 7.005956649780273438e+00 4.495233058929443359e+00 5.946021080017089844e+00 8.239126205444335938e+00 6.304119110107421875e+00 5.915607452392578125e+00 8.242095947265625000e+00
9.260080337524414062e+00 3.095158576965332031e+00 5.654612541198730469e+00 8.525778770446777344e+00 6.454020500183105469e+00 6.459818840026855469e+00 8.002677917480468750e+00 7.427389144897460938e+00 5.802586555480957031e+00 1.147227668762207031e+01 1.312529468536376953e+01 7.368247509002685547e+00 7.900540351867675781e+00 5.847680091857910156e+00 7.134840488433837891e+00 6.243206024169921875e+00 6.622004508972167969e+00 4.674714565277099609e+00 5.246518611907958984e+00 7.380237579345703125e+00
8.045729637145996094e+00 9.061139106750488281e+00 6.981362819671630859e+00 9.925833702087402344e+00 7.233524322509765625e+00 4.981773853302001953e+00 5.383749961853027344e+00 6.769624710083007812e+00 1.051867866516113281e+01 4.935645103454589844e+00 3.753934383392333984e+00 8.235397338867187500e+00 1.127468585968017578e+01 4.150799274444580078e+00 4.626122474670410156e+00 6.231144428253173828e+00 6.478684425354003906e+00 6.224513053894042969e+00 5.432998180389404297e+00 4.079186916351318359e+00
