2019-07-26 07:45:00
9.236091613769531250e+00 4.826859951019287109e+00 8.633348464965820312e+00 6.117456912994384766e+00 5.765566349029541016e+00 4.709976196289062500e+00 5.815061569213867188e+00 6.105518817901611328e+00 9.399909973144531250e+00 6.929748535156250000e+00 5.923158168792724609e+00 6.234439849853515625e+00 9.982890129089355469e+00 8.232285499572753906e+00 6.170871257781982422e+00 7.575890541076660156e+00 6.683910369873046875e+00 6.601212501525878906e+00 4.366259574890136719e+00 4.903356552124023438e+00
4.940479755401611328e+00 5.008275032043457031e+00 6.835124969482421875e+00 4.073243141174316406e+00 1.146325492858886719e+01 8.050573348999023438e+00 4.871583938598632812e+00 4.501805305480957031e+00 5.680648803710937500e+00 3.417291402816772461e+00 2.126167774200439453e+00 5.677001953125000000e+00 4.209770679473876953e+00 7.072571277618408203e+00 4.463833332061767578e+00 6.159957885742187500e+00 1.147084426879882812e+01 6.085804939270019531e+00 7.211555480957031250e+00 5.225308895111083984e+00
7.716397762298583984e+00 8.955554962158203125e+00 5.215076923370361328e+00 9.305377960205078125e+00 1.239740371704101562e+01 8.605735778808593750e+00 8.610675811767578125e+00 5.775451660156250000e+00 3.864138126373291016e+00 4.762959003448486328e+00 8.404827117919921875e+00 7.116208076477050781e+00 4.465135097503662109e+00 6.495797157287597656e+00 9.157342910766601562e+00 5.182727336883544922e+00 6.426702499389648438e+00 6.818239212036132812e+00 5.848437786102294922e+00 5.774817466735839844e+00
8.456277847290039062e+00 1.058638763427734375e+01 4.437909126281738281e+00 8.503454208374023438e+00 7.856409549713134766e+00 2.728467941284179688e+00 4.761249542236328125e+00 3.523520946502685547e+00 3.771478176116943359e+00 1.203912353515625000e+01 1.001373195648193359e+01 9.222497940063476562e+00 3.970614671707153320e+00 5.170288562774658203e+00 6.086483478546142578e+00 5.237366676330566406e+00 6.721115589141845703e+00 5.742233276367187500e+00 5.641460895538330078e+00 6.261741638183593750e+00
4.989142894744873047e+00 6.007947921752929688e+00 5.920330047607421875e+00 3.679935455322265625e+00 4.381832599639892578e+00 1.394831848144531250e+01 8.401538848876953125e+00 7.986716747283935547e+00 9.057580947875976562e+00 4.922814846038818359e+00 5.086305618286132812e+00 3.750043392181396484e+00 5.483047485351562500e+00 4.745332717895507812e+00 9.481487274169921875e+00 7.178460121154785156e+00 4.612792015075683594e+00 6.578343391418457031e+00 6.553833007812500000e+00 3.744231224060058594e+00
6.328650474548339844e+00 7.010487079620361328e+00 7.556060314178466797e+00 4.703414440155029297e+00 1.326118659973144531e+01 1.050929450988769531e+01 6.989877700805664062e+00 8.179166793823242188e+00 6.377714157104492188e+00 7.572183609008789062e+00 6.814184188842773438e+00 4.800660133361816406e+00 6.998300552368164062e+00 6.502782821655273438e+00 5.719718456268310547e+00 5.549387931823730469e+00 4.647454261779785156e+00 8.760013580322265625e+00 5.564351081848144531e+00 2.743896961212158203e+00
5.495869636535644531e+00 8.416270256042480469e+00 4.184442043304443359e+00 6.705383300781250000e+00 4.526575088500976562e+00 9.294330596923828125e+00 8.608939170837402344e+00 7.318748474121093750e+00 7.455828666687011719e+00 7.012532234191894531e+00 7.937548637390136719e+00 5.239670753479003906e+00 1.110552978515625000e+01 9.488767623901367188e+00 4.722966670989990234e+00 3.074698925018310547e+00 6.125283718109130859e+00 4.649576663970947266e+00 1.241966819763183594e+01 7.034584045410156250e+00
7.073029041290283203e+00 8.189352035522460938e+00 9.841795921325683594e+00 5.179158210754394531e+00 6.422087669372558594e+00 4.654697418212890625e+00 6.306019783020019531e+00 5.522481918334960938e+00 8.783981323242187500e+00 5.787144660949707031e+00 6.694214820861816406e+00 7.392778396606445312e+00 1.166783714294433594e+01 9.773632049560546875e+00 5.145267486572265625e+00 4.704240798950195312e+00 8.222053527832031250e+00 5.285382270812988281e+00 9.183782577514648438e+00 4.647809982299804688e+00
9.101854324340820312e+00 5.270555496215820312e+00 1.042258930206298828e+01 9.750919342041015625e+00 1.249873733520507812e+01 5.658783912658691406e+00 8.309761047363281250e+00 3.512858867645263672e+00 6.850838184356689453e+00 5.041482925415039062e+00 6.436462402343750000e+00 5.874532222747802734e+00 1.150357818603515625e+01 4.790462017059326172e+00 6.777680873870849609e+00 4.470922470092773438e+00 5.196967601776123047e+00 7.112082481384277344e+00 5.261322021484375000e+00 6.843684196472167969e+00
8.899641990661621094e+00 8.014432907104492188e+00 9.064668655395507812e+00 6.636255264282226562e+00 4.983255386352539062e+00 6.971079826354980469e+00 5.162756443023681641e+00 3.950395584106445312e+00 6.136810779571533203e+00 7.070982933044433594e+00 6.707244873046875000e+00 5.769842147827148438e+00 7.211928367614746094e+00 5.506265163421630859e+00 7.088858604431152344e+00 5.506399154663085938e+00 7.132593154907226562e+00 3.723631143569946289e+00 6.101972579956054688e+00 5.773717403411865234e+00
6.973528385162353516e+00 5.858271598815917969e+00 7.696107864379882812e+00 5.883022308349609375e+00 7.472554206848144531e+00 5.176244735717773438e+00 6.730325698852539062e+00 4.531414985656738281e+00 5.377528190612792969e+00 3.443298816680908203e+00 4.255057811737060547e+00 5.634027481079101562e+00 7.027321815490722656e+00 3.921877384185791016e+00 6.313225746154785156e+00 4.062669754028320312e+00 4.216237068176269531e+00 6.754008769989013672e+00 8.564693450927734375e+00 9.265165328979492188e+00
1.043099403381347656e+01 7.734869480133056641e+00 6.456652641296386719e+00 8.555347442626953125e+00 7.206461429595947266e+00 9.155274391174316406e+00 5.865790843963623047e+00 5.873320579528808594e+00 9.713827133178710938e+00 7.762799263000488281e+00 8.892516136169433594e+00 6.318063735961914062e+00 7.372984886169433594e+00 8.819552421569824219e+00 4.792013645172119141e+00 5.384599208831787109e+00 4.494542598724365234e+00 5.744347095489501953e+00 5.900408267974853516e+00 6.016445159912109375e+00
7.481489181518554688e+00 6.846015453338623047e+00 7.222508907318115234e+00 5.197279930114746094e+00 1.060750675201416016e+01 7.410499572753906250e+00 1.012366294860839844e+01 5.946329116821289062e+00 7.993029594421386719e+00 8.725791931152343750e+00 5.635734081268310547e+00 7.901671409606933594e+00 8.008680343627929688e+00 8.194501876831054688e+00 7.693657875061035156e+00 4.410207271575927734e+00 4.181923866271972656e+00 4.300960063934326172e+00 1.021927070617675781e+01 9.017198562622070312e+00
4.497363567352294922e+00 5.454904556274414062e+00 6.173130512237548828e+00 6.629705905914306641e+00 3.809690952301025391e+00 8.641852378845214844e+00 7.781800270080566406e+00 9.895158767700195312e+00 5.538078308105468750e+00 1.001872634887695312e+01 7.756128787994384766e+00 7.893006324768066406e+00 6.818943023681640625e+00 6.496458053588867188e+00 9.520006179809570312e+00 8.548163414001464844e+00 7.946625709533691406e+00 4.985519886016845703e+00 7.500173568725585938e+00 6.883074760437011719e+00
4.451116561889648438e+00 8.178812026977539062e+00 7.953108787536621094e+00 1.105093193054199219e+01 8.056697845458984375e+00 9.815304756164550781e+00 7.550848960876464844e+00 5.208191871643066406e+00 1.052066612243652344e+01 1.035227775573730469e+01 7.142130851745605469e+00 6.874509334564208984e+00 5.034457206726074219e+00 7.380778789520263672e+00 8.328807830810546875e+00 5.796665191650390625e+00 7.522346973419189453e+00 5.969380378723144531e+00 5.422713279724121094e+00 4.906389236450195312e+00
7.212172508239746094e+00 6.220474720001220703e+00 5.386652469635009766e+00 5.416201591491699219e+00 6.008938789367675781e+00 3.838691234588623047e+00 5.434054851531982422e+00 5.589156150817871094e+00 7.284890651702880859e+00 9.924616813659667969e+00 7.668956279754638672e+00 4.752829551696777344e+00 7.474005222320556641e+00 4.486346244812011719e+00 8.358941078186035156e+00 7.828893661499023438e+00 5.588768482208251953e+00 6.425549030303955078e+00 5.546957969665527344e+00 1.095503425598144531e+01
4.819166183471679688e+00 5.016671180725097656e+00 8.467693328857421875e+00 6.061329841613769531e+00 5.813103675842285156e+00 7.223258972167968750e+00 7.193242073059082031e+00 7.120721817016601562e+00 5.239893913269042969e+00 6.139099121093750000e+00 4.528060436248779297e+00 8.243270874023437500e+00 9.350986480712890625e+00 5.904065132141113281e+00 4.100559234619140625e+00 5.390839576721191406e+00 6.608093738555908203e+00 5.906185150146484375e+00 4.628754138946533203e+00 7.302418708801269531e+00
6.658993721008300781e+00 5.470291614532470703e+00 6.773808956146240234e+00 9.221434593200683594e+00 5.468472003936767578e+00 8.257495880126953125e+00 1.015338897705078125e+01 4.882251262664794922e+00 6.288718223571777344e+00 5.394568920135498047e+00 3.257784366607666016e+00 3.583337306976318359e+00 7.608905315399169922e+00 9.059444427490234375e+00 4.082020282745361328e+00 5.862829208374023438e+00 1.077200126647949219e+01 7.009387016296386719e+00 5.749237537384033203e+00 5.952476501464843750e+00
8.819011688232421875e+00 6.368808269500732422e+00 5.635299682617187500e+00 6.726839065551757812e+00 7.028814315795898438e+00 5.952114105224609375e+00 6.537489891052246094e+00 3.209368705749511719e+00 7.126555919647216797e+00 5.363726615905761719e+00 8.244872093200683594e+00 9.673659324645996094e+00 8.151136398315429688e+00 9.559375762939453125e+00 5.881251811981201172e+00 5.948130607604980469e+00 5.632872104644775391e+00 5.608942985534667969e+00 6.226901054382324219e+00 5.507612228393554688e+00
1.014368057250976562e+01 7.648503780364990234e+00 5.133226394653320312e+00 1.058128166198730469e+01 7.186583042144775391e+00 6.702621459960937500e+00 7.779675483703613281e+00 5.999236106872558594e+00 5.470478057861328125e+00 6.521136283874511719e+00 7.922353744506835938e+00 7.919282913208007812e+00 6.499250888824462891e+00 5.022362709045410156e+00 6.370241165161132812e+00 5.133692741394042969e+00 7.127891063690185547e+00 5.914185523986816406e+00 7.211756706237792969e+00 3.970120191574096680e+00
