2019-07-26 08:00:00
9.672461509704589844e+00 7.022954940795898438e+00 9.586610794067382812e+00 5.497097492218017578e+00 4.396040916442871094e+00 5.157951354980468750e+00 4.830333709716796875e+00 3.674562454223632812e+00 5.558304786682128906e+00 5.621141433715820312e+00 4.840236663818359375e+00 7.740389347076416016e+00 8.628903388977050781e+00 3.810948848724365234e+00 3.573672294616699219e+00 1.092943954467773438e+01 7.379127502441406250e+00 4.957283973693847656e+00 3.360718250274658203e+00 4.055788516998291016e+00
7.542333602905273438e+00 5.479084968566894531e+00 6.138516902923583984e+00 9.418951034545898438e+00 6.605228424072265625e+00 5.104696750640869141e+00 4.254580974578857422e+00 2.769097805023193359e+00 5.618410110473632812e+00 3.731801748275756836e+00 3.919381380081176758e+00 4.499187469482421875e+00 3.547298669815063477e+00 4.523630142211914062e+00 3.579303741455078125e+00 5.534410476684570312e+00 8.302206039428710938e+00 7.830152034759521484e+00 6.645118713378906250e+00 4.378659725189208984e+00
7.818166732788085938e+00 1.034424495697021484e+01 6.033650875091552734e+00 6.483358383178710938e+00 9.293721199035644531e+00 6.674124717712402344e+00 8.340833663940429688e+00 3.085432291030883789e+00 5.282664299011230469e+00 3.376182079315185547e+00 1.109496498107910156e+01 4.953018665313720703e+00 3.410913944244384766e+00 3.317326068878173828e+00 5.454024314880371094e+00 3.756446361541748047e+00 7.870643615722656250e+00 5.441538810729980469e+00 6.775225639343261719e+00 5.436254501342773438e+00
5.982533454895019531e+00 6.818189620971679688e+00 6.122328758239746094e+00 7.158292293548583984e+00 3.072681903839111328e+00 3.711724281311035156e+00 4.229024887084960938e+00 5.166806221008300781e+00 4.688450813293457031e+00 7.882870674133300781e+00 1.094859218597412109e+01 6.037024974822998047e+00 4.045938491821289062e+00 4.373472690582275391e+00 7.090415954589843750e+00 4.108570098876953125e+00 4.655978202819824219e+00 7.197317123413085938e+00 4.142945289611816406e+00 5.299717903137207031e+00
5.744819641113281250e+00 4.091720104217529297e+00 4.353797912597656250e+00 4.473460197448730469e+00 4.199149131774902344e+00 8.007711410522460938e+00 6.054391860961914062e+00 6.526417732238769531e+00 1.245360946655273438e+01 1.287354373931884766e+01 6.836054801940917969e+00 6.515815734863281250e+00 7.894722461700439453e+00 2.925216197967529297e+00 5.044089317321777344e+00 6.661168098449707031e+00 3.923777818679809570e+00 5.247899532318115234e+00 5.127756595611572266e+00 3.296146869659423828e+00
6.711552143096923828e+00 5.207916259765625000e+00 8.115131378173828125e+00 7.451337814331054688e+00 1.248430061340332031e+01 5.482767581939697266e+00 6.080825328826904297e+00 1.563180541992187500e+01 7.377458572387695312e+00 6.955740928649902344e+00 5.030040264129638672e+00 5.621773719787597656e+00 7.629456520080566406e+00 5.703128814697265625e+00 3.610380887985229492e+00 5.134354591369628906e+00 3.337938308715820312e+00 7.272737979888916016e+00 7.197368621826171875e+00 4.133633613586425781e+00
5.451645374298095703e+00 5.688791751861572266e+00 9.242807388305664062e+00 6.886259555816650391e+00 6.487236499786376953e+00 1.506471443176269531e+01 4.582517623901367188e+00 3.937942504882812500e+00 6.224344253540039062e+00 4.923718452453613281e+00 7.252233982086181641e+00 6.256977081298828125e+00 7.471439361572265625e+00 5.215819358825683594e+00 6.412321567535400391e+00 6.038908958435058594e+00 5.965391159057617188e+00 4.545745849609375000e+00 6.957104682922363281e+00 8.310567855834960938e+00
7.597807884216308594e+00 5.795118331909179688e+00 5.800124168395996094e+00 8.607632637023925781e+00 6.829368591308593750e+00 6.380215644836425781e+00 4.764843463897705078e+00 5.470940589904785156e+00 2.940019369125366211e+00 4.329386711120605469e+00 4.836034774780273438e+00 5.974473476409912109e+00 8.871451377868652344e+00 1.103901672363281250e+01 5.047567367553710938e+00 2.548284530639648438e+00 5.151606559753417969e+00 5.212315559387207031e+00 9.517293930053710938e+00 6.332247734069824219e+00
4.143329620361328125e+00 6.124830245971679688e+00 7.151976585388183594e+00 1.176175880432128906e+01 9.892194747924804688e+00 6.461163520812988281e+00 7.089403152465820312e+00 3.622405529022216797e+00 5.827555179595947266e+00 4.628203392028808594e+00 4.093400955200195312e+00 5.999317646026611328e+00 6.273289680480957031e+00 3.959504365921020508e+00 2.867554426193237305e+00 4.054550170898437500e+00 2.754767656326293945e+00 6.146078109741210938e+00 5.305174827575683594e+00 5.258277416229248047e+00
9.358417510986328125e+00 9.700706481933593750e+00 7.115440368652343750e+00 4.550082206726074219e+00 5.264660358428955078e+00 6.965896606445312500e+00 4.862061500549316406e+00 5.773642539978027344e+00 5.686035156250000000e+00 9.643051147460937500e+00 5.063287734985351562e+00 5.283511161804199219e+00 7.711456298828125000e+00 5.421820640563964844e+00 5.939144134521484375e+00 5.114972591400146484e+00 5.452094554901123047e+00 6.512463092803955078e+00 4.222671031951904297e+00 4.348123073577880859e+00
5.887587547302246094e+00 4.886081695556640625e+00 5.640042304992675781e+00 5.215214252471923828e+00 7.981883525848388672e+00 5.535472393035888672e+00 5.874633789062500000e+00 5.359048366546630859e+00 5.013750076293945312e+00 4.355869293212890625e+00 5.300497055053710938e+00 6.540133476257324219e+00 2.804584980010986328e+00 6.509902000427246094e+00 5.784890651702880859e+00 3.746976852416992188e+00 4.705581665039062500e+00 8.363982200622558594e+00 4.992136478424072266e+00 7.129982471466064453e+00
5.009683609008789062e+00 6.097908973693847656e+00 2.177387237548828125e+00 6.497212409973144531e+00 5.917700767517089844e+00 7.381648063659667969e+00 6.692151069641113281e+00 5.613582611083984375e+00 2.349543094635009766e+00 5.379477500915527344e+00 5.919737815856933594e+00 6.206115722656250000e+00 7.002360343933105469e+00 9.050799369812011719e+00 8.972120285034179688e+00 8.102943420410156250e+00 3.854080438613891602e+00 5.624819278717041016e+00 3.960508584976196289e+00 4.373750686645507812e+00
5.687474250793457031e+00 4.941801071166992188e+00 4.792671680450439453e+00 6.527290344238281250e+00 7.071774482727050781e+00 7.386509895324707031e+00 6.777747631072998047e+00 6.754455089569091797e+00 5.475162029266357422e+00 6.383836746215820312e+00 6.002492904663085938e+00 7.729357242584228516e+00 6.546566486358642578e+00 8.398821830749511719e+00 6.988821983337402344e+00 5.745441913604736328e+00 3.755835533142089844e+00 4.678940296173095703e+00 8.906513214111328125e+00 4.864779472351074219e+00
7.297016143798828125e+00 3.663269996643066406e+00 4.525156021118164062e+00 6.386157989501953125e+00 9.400749206542968750e+00 6.080305099487304688e+00 8.806226730346679688e+00 5.957777023315429688e+00 4.997503757476806641e+00 5.075563430786132812e+00 2.760871171951293945e+00 5.804324626922607422e+00 6.235586643218994141e+00 6.150455474853515625e+00 5.893112182617187500e+00 4.830356597900390625e+00 7.695469856262207031e+00 3.671258211135864258e+00 7.336091041564941406e+00 4.581036090850830078e+00
5.124040603637695312e+00 3.617631435394287109e+00 3.395997047424316406e+00 5.327842712402343750e+00 4.916073799133300781e+00 5.101257324218750000e+00 4.567607879638671875e+00 3.099531173706054688e+00 5.179146766662597656e+00 4.784846305847167969e+00 4.340499877929687500e+00 4.892681121826171875e+00 8.032328605651855469e+00 3.223958015441894531e+00 4.921400547027587891e+00 5.903765678405761719e+00 6.817878246307373047e+00 5.620008468627929688e+00 5.922260761260986328e+00 3.811203956604003906e+00
3.943564891815185547e+00 4.082314968109130859e+00 4.030297756195068359e+00 4.807374000549316406e+00 5.878739833831787109e+00 5.782389163970947266e+00 2.622334480285644531e+00 4.582944869995117188e+00 5.848976135253906250e+00 4.064170360565185547e+00 3.258403301239013672e+00 4.756601810455322266e+00 6.971650600433349609e+00 4.067412376403808594e+00 5.479732513427734375e+00 4.770804882049560547e+00 4.032382011413574219e+00 5.001666545867919922e+00 3.781506538391113281e+00 5.160379409790039062e+00
6.332859039306640625e+00 3.865056991577148438e+00 4.591784477233886719e+00 6.439996242523193359e+00 1.379185581207275391e+01 4.873893737792968750e+00 5.554101467132568359e+00 4.893202781677246094e+00 3.721884727478027344e+00 3.092816114425659180e+00 3.849592924118041992e+00 4.994265556335449219e+00 3.369815111160278320e+00 4.362294673919677734e+00 2.917085647583007812e+00 5.681852340698242188e+00 4.365530014038085938e+00 3.847184658050537109e+00 6.282673835754394531e+00 6.751948356628417969e+00
4.906198501586914062e+00 2.883973121643066406e+00 4.041710853576660156e+00 5.060744762420654297e+00 4.654982089996337891e+00 4.880535125732421875e+00 7.600927352905273438e+00 3.896414756774902344e+00 4.151645660400390625e+00 7.734165191650390625e+00 6.075830459594726562e+00 4.787012100219726562e+00 4.901659965515136719e+00 3.759628534317016602e+00 4.204074859619140625e+00 4.163457870483398438e+00 8.626976013183593750e+00 6.376863956451416016e+00 4.705706596374511719e+00 6.419454574584960938e+00
5.078928947448730469e+00 5.150337219238281250e+00 4.438539028167724609e+00 8.178321838378906250e+00 6.748600959777832031e+00 6.509110450744628906e+00 6.369004249572753906e+00 4.714980125427246094e+00 7.447383880615234375e+00 6.155768394470214844e+00 1.031115913391113281e+01 6.574453353881835938e+00 6.807815551757812500e+00 3.268140077590942383e+00 6.455167770385742188e+00 5.759175777435302734e+00 3.594785451889038086e+00 5.735813617706298828e+00 5.758200168609619141e+00 4.246790409088134766e+00
7.491635799407958984e+00 6.837867736816406250e+00 4.043866157531738281e+00 8.210527420043945312e+00 7.804506301879882812e+00 4.457962512969970703e+00 1.044603538513183594e+01 7.843435287475585938e+00 8.201806068420410156e+00 1.045733833312988281e+01 1.129759788513183594e+01 1.148100662231445312e+01 9.843500137329101562e+00 4.185061931610107422e+00 6.681693553924560547e+00 6.296853065490722656e+00 4.127737998962402344e+00 5.717298507690429688e+00 6.542760848999023438e+00 3.785684108734130859e+00
