2019-07-26 08:15:00
6.016813278198242188e+00 3.228782415390014648e+00 5.255567073822021484e+00 2.673879623413085938e+00 7.407840728759765625e+00 4.966100692749023438e+00 2.936914920806884766e+00 4.292743682861328125e+00 6.512148857116699219e+00 9.863424301147460938e+00 4.159361839294433594e+00 4.361185550689697266e+00 8.315814971923828125e+00 3.742992401123046875e+00 5.109695434570312500e+00 5.933098793029785156e+00 9.049845695495605469e+00 5.383402347564697266e+00 4.270904064178466797e+00 3.645124435424804688e+00
7.616703033447265625e+00 9.702379226684570312e+00 7.063808917999267578e+00 9.179957389831542969e+00 7.380114555358886719e+00 3.375768423080444336e+00 5.291835784912109375e+00 5.631459236145019531e+00 2.668397665023803711e+00 3.784022808074951172e+00 4.297703742980957031e+00 2.888588905334472656e+00 4.498500823974609375e+00 4.247793197631835938e+00 4.954671859741210938e+00 5.224992752075195312e+00 8.983617782592773438e+00 9.541005134582519531e+00 3.815063714981079102e+00 3.775718450546264648e+00
6.910726070404052734e+00 6.632080554962158203e+00 7.917389392852783203e+00 6.327626228332519531e+00 9.117691040039062500e+00 6.281139850616455078e+00 6.861509323120117188e+00 5.585882186889648438e+00 5.420872688293457031e+00 4.418591499328613281e+00 3.955402851104736328e+00 7.714947223663330078e+00 3.639610528945922852e+00 8.278430938720703125e+00 4.326804637908935547e+00 3.105113506317138672e+00 5.258133888244628906e+00 5.274465084075927734e+00 4.705616950988769531e+00 5.551523208618164062e+00
5.733338356018066406e+00 7.683484077453613281e+00 8.357083320617675781e+00 6.059805870056152344e+00 3.567015409469604492e+00 3.570616245269775391e+00 3.452523946762084961e+00 3.124849319458007812e+00 3.643256664276123047e+00 6.409790039062500000e+00 8.419528961181640625e+00 7.108814239501953125e+00 4.612414836883544922e+00 4.865166664123535156e+00 1.104742336273193359e+01 3.686667203903198242e+00 3.324006319046020508e+00 3.865632057189941406e+00 3.817467212677001953e+00 4.201625823974609375e+00
4.134786128997802734e+00 4.398442745208740234e+00 5.823415756225585938e+00 5.389610290527343750e+00 3.336064577102661133e+00 7.517504692077636719e+00 4.672759056091308594e+00 8.750812530517578125e+00 1.416429710388183594e+01 5.717976093292236328e+00 8.285958290100097656e+00 5.643642425537109375e+00 6.493553161621093750e+00 4.858567237854003906e+00 4.836056709289550781e+00 5.421809673309326172e+00 5.288674354553222656e+00 5.078016281127929688e+00 4.776881217956542969e+00 5.138469696044921875e+00
5.090513229370117188e+00 3.478414058685302734e+00 9.895775794982910156e+00 3.784225702285766602e+00 9.348146438598632812e+00 3.622906684875488281e+00 7.800189018249511719e+00 9.095310211181640625e+00 6.503028869628906250e+00 6.176205635070800781e+00 5.509813308715820312e+00 4.895292282104492188e+00 8.225333213806152344e+00 3.030299186706542969e+00 4.623896598815917969e+00 8.343556404113769531e+00 4.681066513061523438e+00 6.251822948455810547e+00 7.342265605926513672e+00 3.997723579406738281e+00
9.220149993896484375e+00 1.292018318176269531e+01 4.779961109161376953e+00 5.249086380004882812e+00 8.649621963500976562e+00 3.803672313690185547e+00 6.664253711700439453e+00 5.116762161254882812e+00 4.310801506042480469e+00 5.635612487792968750e+00 4.186835289001464844e+00 5.851445198059082031e+00 1.237976264953613281e+01 5.971236228942871094e+00 3.689742088317871094e+00 5.936411857604980469e+00 3.782158136367797852e+00 4.853685379028320312e+00 5.374476432800292969e+00 6.325815200805664062e+00
3.719472885131835938e+00 5.362070560455322266e+00 6.323540210723876953e+00 1.076994800567626953e+01 8.372138977050781250e+00 7.176299571990966797e+00 4.009674549102783203e+00 6.273761749267578125e+00 4.299622535705566406e+00 3.882941007614135742e+00 3.875159025192260742e+00 6.341588020324707031e+00 1.250529289245605469e+01 1.028085803985595703e+01 4.096964836120605469e+00 3.414957046508789062e+00 5.162333011627197266e+00 4.062200546264648438e+00 7.570667743682861328e+00 4.108512878417968750e+00
7.424919605255126953e+00 5.168951034545898438e+00 6.572015762329101562e+00 9.600965499877929688e+00 1.216906738281250000e+01 4.046949386596679688e+00 4.078931808471679688e+00 3.608504295349121094e+00 4.199928283691406250e+00 4.140471458435058594e+00 4.903601169586181641e+00 3.299529552459716797e+00 8.937871932983398438e+00 7.889982700347900391e+00 6.741648674011230469e+00 4.339420795440673828e+00 7.553171157836914062e+00 6.379261493682861328e+00 6.653320312500000000e+00 6.113876819610595703e+00
5.570211887359619141e+00 9.263732910156250000e+00 4.981501579284667969e+00 4.459900856018066406e+00 4.704313278198242188e+00 2.930250167846679688e+00 6.601891517639160156e+00 4.922863960266113281e+00 4.942170143127441406e+00 7.065666198730468750e+00 4.846055984497070312e+00 6.777267456054687500e+00 7.151254653930664062e+00 4.648290634155273438e+00 5.371429443359375000e+00 5.592139244079589844e+00 8.028546333312988281e+00 4.182862281799316406e+00 2.737841129302978516e+00 4.950483322143554688e+00
5.678476810455322266e+00 6.149485588073730469e+00 7.023773193359375000e+00 5.612638473510742188e+00 5.830944061279296875e+00 2.788975477218627930e+00 3.395288467407226562e+00 4.358085632324218750e+00 3.756037950515747070e+00 5.578521251678466797e+00 5.228357791900634766e+00 6.827675819396972656e+00 6.522221088409423828e+00 6.543553829193115234e+00 4.751908302307128906e+00 4.888470649719238281e+00 4.892664909362792969e+00 6.136533737182617188e+00 4.807494163513183594e+00 6.231024742126464844e+00
4.986747741699218750e+00 3.993272542953491211e+00 3.968858718872070312e+00 7.100497245788574219e+00 8.186768531799316406e+00 5.360735416412353516e+00 5.709694862365722656e+00 3.546005249023437500e+00 4.209816932678222656e+00 3.585406064987182617e+00 5.843569755554199219e+00 1.117084980010986328e+01 7.217685699462890625e+00 4.658877372741699219e+00 4.711181640625000000e+00 7.791656017303466797e+00 3.925928115844726562e+00 6.081532001495361328e+00 3.779327869415283203e+00 4.368058204650878906e+00
5.191354751586914062e+00 3.434529304504394531e+00 4.816587448120117188e+00 4.522763729095458984e+00 7.802593708038330078e+00 6.169476509094238281e+00 4.950073242187500000e+00 4.281162738800048828e+00 1.975814342498779297e+00 4.180144309997558594e+00 6.288560867309570312e+00 7.915323734283447266e+00 7.867472648620605469e+00 8.168617248535156250e+00 4.850769042968750000e+00 4.199402809143066406e+00 5.175130367279052734e+00 3.626947879791259766e+00 4.102630138397216797e+00 4.935056686401367188e+00
5.969736576080322266e+00 5.130748748779296875e+00 4.483830928802490234e+00 5.963329315185546875e+00 6.521734237670898438e+00 4.967100143432617188e+00 6.409723281860351562e+00 4.317819118499755859e+00 2.833959102630615234e+00 2.924380779266357422e+00 7.122259616851806641e+00 5.296080112457275391e+00 6.753676414489746094e+00 5.153031349182128906e+00 5.054368019104003906e+00 4.457260131835937500e+00 7.246592521667480469e+00 6.690340995788574219e+00 8.355739593505859375e+00 2.787694454193115234e+00
3.319107055664062500e+00 3.422570466995239258e+00 3.372269153594970703e+00 3.899848937988281250e+00 3.723563194274902344e+00 6.828134536743164062e+00 4.541814327239990234e+00 4.572512626647949219e+00 3.545795917510986328e+00 2.369300842285156250e+00 6.741367340087890625e+00 3.263962745666503906e+00 6.972490310668945312e+00 6.391708374023437500e+00 5.254148006439208984e+00 4.257893562316894531e+00 5.005118370056152344e+00 4.300269603729248047e+00 4.817496299743652344e+00 3.868645668029785156e+00
4.213685035705566406e+00 3.930681705474853516e+00 3.074807643890380859e+00 4.861244201660156250e+00 3.121850490570068359e+00 3.931009769439697266e+00 3.387084007263183594e+00 5.105710983276367188e+00 2.616594076156616211e+00 4.944474697113037109e+00 4.741537094116210938e+00 4.801198005676269531e+00 4.738164901733398438e+00 4.800550460815429688e+00 4.680695533752441406e+00 4.541192531585693359e+00 4.529339790344238281e+00 5.165812969207763672e+00 4.865130901336669922e+00 1.211644268035888672e+01
5.217258930206298828e+00 4.702121257781982422e+00 7.257765293121337891e+00 5.556617736816406250e+00 7.834934234619140625e+00 5.435253143310546875e+00 2.543779850006103516e+00 5.887391090393066406e+00 4.806154251098632812e+00 4.458436012268066406e+00 6.136342048645019531e+00 3.316834211349487305e+00 3.456641674041748047e+00 3.812978982925415039e+00 2.913467168807983398e+00 5.177772998809814453e+00 4.972432136535644531e+00 5.614324569702148438e+00 4.334216117858886719e+00 4.584512233734130859e+00
3.857667922973632812e+00 4.064777374267578125e+00 4.089634418487548828e+00 7.502221107482910156e+00 5.517106056213378906e+00 4.393999099731445312e+00 5.077441692352294922e+00 5.037227630615234375e+00 8.554654121398925781e+00 5.399608135223388672e+00 7.753943443298339844e+00 4.150856018066406250e+00 4.684878349304199219e+00 5.441120624542236328e+00 6.150114059448242188e+00 2.995410919189453125e+00 5.950830936431884766e+00 1.031198215484619141e+01 5.740965843200683594e+00 6.684584617614746094e+00
7.029767513275146484e+00 4.768174648284912109e+00 4.227475643157958984e+00 4.784944534301757812e+00 4.240559101104736328e+00 7.359061717987060547e+00 9.791778564453125000e+00 3.605232477188110352e+00 6.645244598388671875e+00 5.941753387451171875e+00 8.242931365966796875e+00 6.721433639526367188e+00 5.735740661621093750e+00 3.543318033218383789e+00 8.859619140625000000e+00 3.247486829757690430e+00 5.533186912536621094e+00 4.842938423156738281e+00 7.257153034210205078e+00 6.416116237640380859e+00
7.143311500549316406e+00 7.129851818084716797e+00 4.116294860839843750e+00 6.492315292358398438e+00 6.862399101257324219e+00 6.754075050354003906e+00 5.880170822143554688e+00 6.355427742004394531e+00 3.229454278945922852e+00 6.293003082275390625e+00 1.102611827850341797e+01 6.796558856964111328e+00 5.673550128936767578e+00 4.690371513366699219e+00 4.728368759155273438e+00 3.310546159744262695e+00 5.737289428710937500e+00 8.309741973876953125e+00 6.209933280944824219e+00 4.470298767089843750e+00
