2019-07-26 08:30:00
8.419919967651367188e+00 6.206427574157714844e+00 1.259745979309082031e+01 4.088132381439208984e+00 5.369860649108886719e+00 4.547107696533203125e+00 5.065150260925292969e+00 5.174392700195312500e+00 4.716933727264404297e+00 8.007740020751953125e+00 3.584668159484863281e+00 3.290117979049682617e+00 8.378244400024414062e+00 5.317203998565673828e+00 3.678412675857543945e+00 4.122982501983642578e+00 9.426701545715332031e+00 4.930445671081542969e+00 5.444149017333984375e+00 4.971224784851074219e+00
5.353121757507324219e+00 8.143607139587402344e+00 8.565946578979492188e+00 1.118676376342773438e+01 9.253914833068847656e+00 5.323217868804931641e+00 5.159698486328125000e+00 5.259195327758789062e+00 5.275791168212890625e+00 4.043502330780029297e+00 4.170787811279296875e+00 4.792509078979492188e+00 5.335265159606933594e+00 6.954497337341308594e+00 4.108813762664794922e+00 5.818836212158203125e+00 6.613722801208496094e+00 6.695935249328613281e+00 5.139058113098144531e+00 3.027683258056640625e+00
7.748122215270996094e+00 8.109487533569335938e+00 9.664131164550781250e+00 6.909858703613281250e+00 7.687201976776123047e+00 6.087654590606689453e+00 5.403128623962402344e+00 3.398874521255493164e+00 4.715366363525390625e+00 4.160422801971435547e+00 8.203432083129882812e+00 5.637064933776855469e+00 2.948349952697753906e+00 5.299866199493408203e+00 6.980731964111328125e+00 4.626857280731201172e+00 1.513298416137695312e+01 5.378701210021972656e+00 3.413026809692382812e+00 3.579346895217895508e+00
6.778538703918457031e+00 3.632517099380493164e+00 6.218959808349609375e+00 6.505314826965332031e+00 3.184179782867431641e+00 3.245294809341430664e+00 3.757097959518432617e+00 3.706308364868164062e+00 6.077083587646484375e+00 5.996180534362792969e+00 1.246025085449218750e+01 9.949558258056640625e+00 4.315471649169921875e+00 3.616191387176513672e+00 9.938160896301269531e+00 5.463708877563476562e+00 5.794425964355468750e+00 3.397383213043212891e+00 4.984112739562988281e+00 3.221101284027099609e+00
4.327143669128417969e+00 5.224915027618408203e+00 2.975495815277099609e+00 2.950685739517211914e+00 3.418024301528930664e+00 9.573095321655273438e+00 7.293637275695800781e+00 9.155164718627929688e+00 1.165566253662109375e+01 8.755735397338867188e+00 4.917049884796142578e+00 7.583738327026367188e+00 4.912671089172363281e+00 3.307778835296630859e+00 7.028333663940429688e+00 5.295749664306640625e+00 5.119133949279785156e+00 5.070449829101562500e+00 6.274447917938232422e+00 5.164246559143066406e+00
7.980340003967285156e+00 5.298034191131591797e+00 3.911962509155273438e+00 4.678102970123291016e+00 7.108555793762207031e+00 9.445907592773437500e+00 3.367746114730834961e+00 6.387063503265380859e+00 8.577884674072265625e+00 7.451347351074218750e+00 7.141185760498046875e+00 7.164309501647949219e+00 6.582802772521972656e+00 3.889585256576538086e+00 6.136505603790283203e+00 5.836151123046875000e+00 3.850690126419067383e+00 7.529653549194335938e+00 6.236620426177978516e+00 4.185161113739013672e+00
5.569231033325195312e+00 7.666619300842285156e+00 5.511120796203613281e+00 6.627667903900146484e+00 7.541550636291503906e+00 9.255494117736816406e+00 5.699517726898193359e+00 4.687638759613037109e+00 4.271706104278564453e+00 5.492401599884033203e+00 6.408152580261230469e+00 4.989322185516357422e+00 6.153355598449707031e+00 6.002160549163818359e+00 3.004409313201904297e+00 5.824193954467773438e+00 4.782164096832275391e+00 5.485114097595214844e+00 4.590756416320800781e+00 9.472863197326660156e+00
6.582180023193359375e+00 5.630474567413330078e+00 8.654820442199707031e+00 7.848297595977783203e+00 1.062535762786865234e+01 5.839273452758789062e+00 4.122099876403808594e+00 3.756856918334960938e+00 3.951492309570312500e+00 3.588122606277465820e+00 4.891878604888916016e+00 8.010753631591796875e+00 6.444089889526367188e+00 5.835390090942382812e+00 3.643139362335205078e+00 4.044635295867919922e+00 4.601991653442382812e+00 6.260776519775390625e+00 8.166589736938476562e+00 4.558836936950683594e+00
8.550782203674316406e+00 7.229441642761230469e+00 8.891344070434570312e+00 9.987115859985351562e+00 8.568258285522460938e+00 6.262683868408203125e+00 3.763329982757568359e+00 4.698221206665039062e+00 4.380500793457031250e+00 3.673180818557739258e+00 5.274609088897705078e+00 6.215641975402832031e+00 8.034689903259277344e+00 3.198590993881225586e+00 5.747991561889648438e+00 4.612303256988525391e+00 5.392606735229492188e+00 5.131583213806152344e+00 4.953026771545410156e+00 6.131849288940429688e+00
6.454729080200195312e+00 7.775804042816162109e+00 5.183348655700683594e+00 5.917014122009277344e+00 5.819422721862792969e+00 5.899889945983886719e+00 4.337901115417480469e+00 2.727141618728637695e+00 4.758436203002929688e+00 8.697177886962890625e+00 5.829831600189208984e+00 3.789958000183105469e+00 5.392452239990234375e+00 5.941837310791015625e+00 5.409693717956542969e+00 4.110034465789794922e+00 7.482844352722167969e+00 6.071556091308593750e+00 4.627320766448974609e+00 5.872292518615722656e+00
7.178290843963623047e+00 6.138517856597900391e+00 6.085340976715087891e+00 6.560982704162597656e+00 4.265533924102783203e+00 4.599803447723388672e+00 4.043656826019287109e+00 4.280559539794921875e+00 4.469795227050781250e+00 4.537329673767089844e+00 4.662084579467773438e+00 4.987085342407226562e+00 4.959509372711181641e+00 6.394792556762695312e+00 7.018805503845214844e+00 5.381356239318847656e+00 3.219781875610351562e+00 7.543704986572265625e+00 5.153163909912109375e+00 9.681364059448242188e+00
4.004489898681640625e+00 3.450221776962280273e+00 7.153662681579589844e+00 4.635197162628173828e+00 5.043038368225097656e+00 5.699116230010986328e+00 4.111997127532958984e+00 3.502388477325439453e+00 3.662684679031372070e+00 3.943423748016357422e+00 3.919180870056152344e+00 4.147102355957031250e+00 6.572828292846679688e+00 6.780072689056396484e+00 6.889335155487060547e+00 7.906426429748535156e+00 4.365526199340820312e+00 4.851042747497558594e+00 5.084757328033447266e+00 7.045631885528564453e+00
6.561570167541503906e+00 5.973453044891357422e+00 5.844243049621582031e+00 6.098567008972167969e+00 4.804488182067871094e+00 5.269843101501464844e+00 3.369666099548339844e+00 1.879412531852722168e+00 3.482359647750854492e+00 3.156637668609619141e+00 2.564208269119262695e+00 2.880954265594482422e+00 6.397799015045166016e+00 5.612797260284423828e+00 6.816867828369140625e+00 5.555626869201660156e+00 3.745496273040771484e+00 5.747939586639404297e+00 6.303729057312011719e+00 2.946296215057373047e+00
3.740061521530151367e+00 3.957732677459716797e+00 4.402578830718994141e+00 4.432728767395019531e+00 3.491052865982055664e+00 3.837833642959594727e+00 3.351183891296386719e+00 3.419660568237304688e+00 3.604894638061523438e+00 4.706151008605957031e+00 3.065238475799560547e+00 4.630947113037109375e+00 6.397298812866210938e+00 5.101466178894042969e+00 5.467600345611572266e+00 6.433649063110351562e+00 5.044767379760742188e+00 6.623934745788574219e+00 5.180316925048828125e+00 5.690015316009521484e+00
3.496725320816040039e+00 5.166843891143798828e+00 5.038244247436523438e+00 4.884815692901611328e+00 4.107820987701416016e+00 4.629492759704589844e+00 3.563389539718627930e+00 4.513647079467773438e+00 3.095114707946777344e+00 2.824044466018676758e+00 2.840927600860595703e+00 4.075470924377441406e+00 5.225769042968750000e+00 4.658590316772460938e+00 3.537300586700439453e+00 4.485951423645019531e+00 4.539991378784179688e+00 6.674627304077148438e+00 4.023716926574707031e+00 7.342876434326171875e+00
5.466743946075439453e+00 6.769227981567382812e+00 5.375355720520019531e+00 5.461032867431640625e+00 3.900660514831542969e+00 4.717468738555908203e+00 3.916148424148559570e+00 3.302114486694335938e+00 3.455678939819335938e+00 5.150182723999023438e+00 3.384141445159912109e+00 2.746834278106689453e+00 3.287005424499511719e+00 4.728598594665527344e+00 4.748024463653564453e+00 4.000630378723144531e+00 5.020123481750488281e+00 4.781679630279541016e+00 5.404756546020507812e+00 9.442185401916503906e+00
6.061503410339355469e+00 3.410967588424682617e+00 4.349073886871337891e+00 6.181823730468750000e+00 1.275182533264160156e+01 5.734296321868896484e+00 4.784287929534912109e+00 3.442930459976196289e+00 3.776886940002441406e+00 2.543085813522338867e+00 3.762941122055053711e+00 4.640460968017578125e+00 3.659220695495605469e+00 4.530799388885498047e+00 4.527523517608642578e+00 2.712324857711791992e+00 4.555036067962646484e+00 4.918564319610595703e+00 3.229060888290405273e+00 5.196031570434570312e+00
4.305833816528320312e+00 4.071966648101806641e+00 3.486623764038085938e+00 6.610069274902343750e+00 4.609559059143066406e+00 5.730843544006347656e+00 7.082457542419433594e+00 3.137305259704589844e+00 8.478706359863281250e+00 6.418551445007324219e+00 4.216331481933593750e+00 3.133884191513061523e+00 3.942779064178466797e+00 3.797830820083618164e+00 3.326651096343994141e+00 3.930104494094848633e+00 5.489285469055175781e+00 6.132734298706054688e+00 4.655670166015625000e+00 5.053976058959960938e+00
6.910812854766845703e+00 4.618035316467285156e+00 3.188224077224731445e+00 1.032430934906005859e+01 8.244421005249023438e+00 8.161207199096679688e+00 3.578618526458740234e+00 1.941174149513244629e+00 6.215106964111328125e+00 6.215231895446777344e+00 8.645205497741699219e+00 4.888727188110351562e+00 4.142615318298339844e+00 4.211643218994140625e+00 7.493618965148925781e+00 3.679296731948852539e+00 3.861641407012939453e+00 4.987224102020263672e+00 5.407904624938964844e+00 6.233488082885742188e+00
7.323310852050781250e+00 9.821204185485839844e+00 3.893178701400756836e+00 7.095642089843750000e+00 4.292709350585937500e+00 6.587451934814453125e+00 5.609488487243652344e+00 6.407123088836669922e+00 8.220788955688476562e+00 7.124657630920410156e+00 5.338819503784179688e+00 9.457574844360351562e+00 6.459285259246826172e+00 3.368842124938964844e+00 6.042158126831054688e+00 3.590624094009399414e+00 3.480329990386962891e+00 6.694252014160156250e+00 7.210521697998046875e+00 3.782448291778564453e+00
