2019-07-26 08:45:00
5.700361251831054688e+00 5.261743545532226562e+00 1.089047622680664062e+01 3.935579776763916016e+00 3.085851907730102539e+00 3.866943120956420898e+00 3.697640895843505859e+00 6.005002021789550781e+00 9.416296005249023438e+00 6.655076980590820312e+00 5.797759532928466797e+00 3.674242496490478516e+00 6.136443138122558594e+00 5.049258708953857422e+00 2.934327602386474609e+00 4.871270179748535156e+00 9.645219802856445312e+00 4.432032585144042969e+00 4.204831123352050781e+00 5.555570602416992188e+00
7.162279605865478516e+00 1.022529983520507812e+01 5.896737098693847656e+00 6.138433456420898438e+00 7.190041542053222656e+00 3.832142114639282227e+00 5.574800968170166016e+00 1.429664373397827148e+00 4.379133701324462891e+00 3.500754833221435547e+00 4.488446235656738281e+00 4.135955810546875000e+00 4.642607212066650391e+00 7.098266601562500000e+00 3.991493701934814453e+00 4.492690086364746094e+00 8.157205581665039062e+00 6.379499435424804688e+00 3.916695117950439453e+00 5.679114341735839844e+00
9.585900306701660156e+00 3.524793148040771484e+00 1.105253028869628906e+01 6.517270088195800781e+00 5.977639198303222656e+00 1.015867805480957031e+01 6.621141433715820312e+00 4.169480323791503906e+00 3.020517826080322266e+00 2.455290079116821289e+00 4.232581615447998047e+00 7.890630722045898438e+00 4.808172225952148438e+00 3.899658441543579102e+00 4.940573692321777344e+00 3.191073417663574219e+00 5.770551681518554688e+00 5.019953727722167969e+00 3.355223894119262695e+00 5.072250366210937500e+00
3.855841636657714844e+00 6.362686157226562500e+00 9.998721122741699219e+00 5.988801002502441406e+00 3.408697128295898438e+00 3.326709747314453125e+00 4.409205436706542969e+00 4.462920188903808594e+00 3.369227409362792969e+00 6.613470077514648438e+00 1.106023788452148438e+01 7.954209327697753906e+00 3.223509311676025391e+00 3.708266496658325195e+00 7.076806545257568359e+00 5.560141563415527344e+00 2.903061389923095703e+00 7.068134784698486328e+00 6.151366710662841797e+00 3.845137596130371094e+00
2.926742553710937500e+00 3.165620326995849609e+00 6.573345661163330078e+00 2.979285478591918945e+00 4.093052864074707031e+00 6.821062088012695312e+00 3.448985576629638672e+00 6.109112739562988281e+00 1.013579463958740234e+01 6.281877517700195312e+00 7.879062652587890625e+00 3.568651437759399414e+00 1.105523204803466797e+01 4.935201168060302734e+00 8.405233383178710938e+00 8.243326187133789062e+00 3.968138217926025391e+00 7.986939430236816406e+00 5.925248146057128906e+00 7.213359832763671875e+00
5.257441520690917969e+00 3.777832508087158203e+00 5.606306076049804688e+00 5.039668083190917969e+00 8.335821151733398438e+00 6.017683982849121094e+00 5.641480445861816406e+00 1.047569751739501953e+01 7.545784950256347656e+00 6.884664535522460938e+00 9.796788215637207031e+00 5.545701980590820312e+00 4.152106761932373047e+00 5.080997943878173828e+00 4.835257530212402344e+00 7.529454231262207031e+00 4.935626029968261719e+00 5.676108360290527344e+00 5.602136611938476562e+00 3.844285249710083008e+00
7.091968536376953125e+00 7.696239471435546875e+00 9.864994049072265625e+00 7.765280723571777344e+00 1.041822910308837891e+01 9.583543777465820312e+00 3.584687232971191406e+00 6.046644687652587891e+00 3.917183160781860352e+00 4.998418807983398438e+00 5.104597091674804688e+00 5.691109657287597656e+00 6.548461437225341797e+00 7.170119285583496094e+00 5.427190303802490234e+00 4.891828536987304688e+00 5.078770637512207031e+00 6.202638626098632812e+00 4.951901435852050781e+00 8.293911933898925781e+00
4.884835243225097656e+00 8.520120620727539062e+00 7.376663208007812500e+00 9.222818374633789062e+00 5.866303443908691406e+00 6.045022487640380859e+00 4.878914356231689453e+00 5.405997753143310547e+00 3.709333896636962891e+00 3.862432003021240234e+00 4.671784400939941406e+00 5.932332038879394531e+00 6.733479976654052734e+00 4.970924377441406250e+00 3.725498914718627930e+00 4.539568901062011719e+00 4.672137737274169922e+00 5.527196407318115234e+00 6.801644325256347656e+00 3.335369110107421875e+00
5.269163131713867188e+00 5.449956417083740234e+00 7.080352306365966797e+00 6.018681526184082031e+00 9.453711509704589844e+00 4.491996765136718750e+00 3.062700986862182617e+00 6.299574851989746094e+00 3.331573963165283203e+00 4.685865402221679688e+00 3.255211353302001953e+00 3.853918075561523438e+00 5.830910682678222656e+00 6.019106864929199219e+00 1.697423696517944336e+00 2.708328247070312500e+00 7.152034759521484375e+00 5.441308498382568359e+00 3.468718051910400391e+00 3.131126880645751953e+00
8.864343643188476562e+00 5.323200225830078125e+00 5.758399486541748047e+00 4.152858734130859375e+00 3.611243009567260742e+00 5.642918109893798828e+00 3.014893054962158203e+00 3.668942928314208984e+00 4.796498298645019531e+00 7.843183517456054688e+00 4.868429183959960938e+00 5.955594062805175781e+00 7.641981601715087891e+00 5.937714576721191406e+00 4.115222930908203125e+00 3.679415464401245117e+00 5.798646926879882812e+00 3.985904932022094727e+00 3.612475633621215820e+00 3.057583570480346680e+00
3.527158260345458984e+00 5.227244377136230469e+00 3.103931188583374023e+00 4.687650680541992188e+00 4.242309093475341797e+00 3.073581218719482422e+00 4.095777511596679688e+00 3.088613748550415039e+00 3.672192096710205078e+00 6.323657989501953125e+00 3.051491260528564453e+00 6.303532600402832031e+00 4.371101856231689453e+00 4.624498367309570312e+00 5.035052299499511719e+00 2.710361957550048828e+00 3.272174596786499023e+00 5.515924930572509766e+00 4.594718933105468750e+00 7.411968231201171875e+00
4.351217269897460938e+00 4.617225646972656250e+00 3.472519636154174805e+00 4.965461254119873047e+00 5.174987792968750000e+00 4.569590568542480469e+00 3.510278224945068359e+00 2.691554307937622070e+00 2.478682518005371094e+00 5.302660942077636719e+00 2.044614076614379883e+00 3.406912565231323242e+00 4.153182983398437500e+00 4.985238552093505859e+00 4.855525493621826172e+00 5.569873809814453125e+00 3.129288434982299805e+00 4.615033149719238281e+00 4.449351310729980469e+00 5.518290042877197266e+00
4.697731018066406250e+00 1.834204435348510742e+00 3.553971767425537109e+00 5.278657436370849609e+00 2.457657814025878906e+00 3.683095455169677734e+00 4.163095474243164062e+00 3.985423326492309570e+00 4.363317489624023438e+00 3.627580165863037109e+00 4.850667953491210938e+00 3.787045717239379883e+00 3.439645051956176758e+00 4.834156990051269531e+00 2.355215311050415039e+00 3.623532056808471680e+00 4.118277072906494141e+00 3.653906106948852539e+00 6.657403469085693359e+00 6.398474693298339844e+00
4.757498741149902344e+00 4.881841659545898438e+00 3.628921031951904297e+00 2.739388942718505859e+00 4.485596656799316406e+00 3.275435924530029297e+00 4.880927085876464844e+00 3.946780681610107422e+00 3.859989643096923828e+00 3.281505823135375977e+00 3.139960289001464844e+00 3.787111997604370117e+00 4.467850685119628906e+00 3.173429727554321289e+00 4.953369617462158203e+00 2.491751432418823242e+00 3.270731925964355469e+00 4.965295791625976562e+00 3.389064550399780273e+00 4.361313819885253906e+00
4.495976448059082031e+00 3.140598535537719727e+00 3.448003053665161133e+00 4.100097179412841797e+00 3.156492710113525391e+00 2.634811401367187500e+00 3.584102153778076172e+00 3.722992658615112305e+00 3.540545225143432617e+00 3.097552299499511719e+00 3.111356019973754883e+00 4.072735786437988281e+00 2.138370990753173828e+00 2.363934040069580078e+00 1.971565485000610352e+00 2.856319665908813477e+00 4.516982078552246094e+00 5.358729839324951172e+00 3.804185628890991211e+00 5.512927532196044922e+00
4.131794929504394531e+00 4.859924316406250000e+00 3.780560255050659180e+00 3.885591983795166016e+00 5.033384323120117188e+00 3.186020374298095703e+00 4.278412342071533203e+00 3.642878293991088867e+00 3.056414604187011719e+00 4.689751625061035156e+00 3.147390842437744141e+00 3.928684234619140625e+00 2.706226348876953125e+00 3.494556665420532227e+00 2.830081462860107422e+00 2.912160873413085938e+00 3.774873256683349609e+00 4.452001094818115234e+00 4.526716232299804688e+00 7.447954177856445312e+00
3.556745529174804688e+00 6.332537651062011719e+00 4.632965564727783203e+00 3.449618339538574219e+00 4.975720882415771484e+00 3.985767841339111328e+00 3.365123748779296875e+00 4.612188816070556641e+00 4.180308818817138672e+00 2.717244148254394531e+00 2.735649585723876953e+00 3.074667692184448242e+00 2.256279945373535156e+00 2.940371513366699219e+00 3.546881675720214844e+00 3.139980792999267578e+00 3.873876810073852539e+00 3.587313175201416016e+00 4.541213989257812500e+00 4.713982582092285156e+00
5.452204704284667969e+00 4.974539279937744141e+00 2.453533887863159180e+00 6.300345897674560547e+00 7.261321067810058594e+00 5.644354820251464844e+00 3.693432331085205078e+00 3.432565927505493164e+00 4.223240852355957031e+00 4.378337860107421875e+00 2.831010341644287109e+00 2.050030708312988281e+00 3.806163549423217773e+00 4.465815067291259766e+00 3.593142986297607422e+00 4.273196220397949219e+00 5.119009017944335938e+00 5.562664985656738281e+00 3.248141527175903320e+00 2.607393741607666016e+00
4.809460639953613281e+00 5.405055999755859375e+00 2.693800926208496094e+00 3.531804800033569336e+00 7.291721343994140625e+00 6.439786911010742188e+00 4.146511554718017578e+00 2.704252481460571289e+00 3.754550933837890625e+00 6.919250488281250000e+00 4.524020195007324219e+00 6.847588539123535156e+00 2.384387016296386719e+00 3.019009590148925781e+00 4.696359157562255859e+00 3.546904563903808594e+00 2.270115613937377930e+00 3.216741323471069336e+00 5.150993824005126953e+00 2.734881639480590820e+00
7.040479660034179688e+00 7.098934650421142578e+00 4.687614440917968750e+00 6.615353107452392578e+00 5.881556510925292969e+00 4.755500793457031250e+00 7.127251625061035156e+00 3.986145734786987305e+00 5.201845169067382812e+00 4.803053855895996094e+00 5.013201236724853516e+00 5.182353496551513672e+00 7.208515644073486328e+00 2.486430168151855469e+00 3.317065000534057617e+00 2.528703689575195312e+00 3.260216712951660156e+00 4.890954017639160156e+00 4.333446502685546875e+00 3.404648780822753906e+00
