2019-07-26 09:15:00
4.737358570098876953e+00 6.641614913940429688e+00 8.975396156311035156e+00 6.394666194915771484e+00 8.606266021728515625e+00 7.770909309387207031e+00 4.353156566619873047e+00 3.432741403579711914e+00 5.098937511444091797e+00 6.738790512084960938e+00 3.487099409103393555e+00 4.928646087646484375e+00 5.182011604309082031e+00 5.045094966888427734e+00 5.956304550170898438e+00 1.111486530303955078e+01 4.884385108947753906e+00 5.420118331909179688e+00 3.758201599121093750e+00 4.632709503173828125e+00
4.447366237640380859e+00 9.937604904174804688e+00 7.535244941711425781e+00 8.909880638122558594e+00 7.221436500549316406e+00 4.227775096893310547e+00 5.698452472686767578e+00 2.910003900527954102e+00 3.917921781539916992e+00 3.251873493194580078e+00 4.747689723968505859e+00 3.820758104324340820e+00 3.977145910263061523e+00 6.067918777465820312e+00 4.356780529022216797e+00 6.773735046386718750e+00 8.931346893310546875e+00 7.438976287841796875e+00 4.753316879272460938e+00 3.352308511734008789e+00
1.123867797851562500e+01 6.775856494903564453e+00 5.724213600158691406e+00 5.923108100891113281e+00 9.479722976684570312e+00 1.109218978881835938e+01 7.609066963195800781e+00 4.953626155853271484e+00 5.008563041687011719e+00 4.851679801940917969e+00 9.335830688476562500e+00 6.810754776000976562e+00 4.213858604431152344e+00 6.333907604217529297e+00 4.948317527770996094e+00 4.090661048889160156e+00 6.846331596374511719e+00 5.529767990112304688e+00 3.969506502151489258e+00 3.360683679580688477e+00
6.542851924896240234e+00 9.652807235717773438e+00 8.489997863769531250e+00 6.891987323760986328e+00 4.907030582427978516e+00 4.871883869171142578e+00 5.588266372680664062e+00 4.709677696228027344e+00 3.379562854766845703e+00 5.909112453460693359e+00 1.587301349639892578e+01 6.241353988647460938e+00 4.075410366058349609e+00 4.490772724151611328e+00 5.747889995574951172e+00 4.427028179168701172e+00 4.300554275512695312e+00 4.744719505310058594e+00 5.017845153808593750e+00 4.515420913696289062e+00
5.953951835632324219e+00 5.338582038879394531e+00 6.182999134063720703e+00 4.397275924682617188e+00 4.655518531799316406e+00 1.059502029418945312e+01 7.275805950164794922e+00 7.751691341400146484e+00 8.931606292724609375e+00 1.291856479644775391e+01 8.302318572998046875e+00 4.543276309967041016e+00 9.417776107788085938e+00 4.456933021545410156e+00 8.883812904357910156e+00 7.535470962524414062e+00 4.388327598571777344e+00 7.952865123748779297e+00 4.791113376617431641e+00 3.666965007781982422e+00
5.576371669769287109e+00 8.682920455932617188e+00 8.241131782531738281e+00 7.473685264587402344e+00 9.689287185668945312e+00 9.326702117919921875e+00 8.836878776550292969e+00 1.353239536285400391e+01 8.658045768737792969e+00 5.026811599731445312e+00 6.909237861633300781e+00 6.772994995117187500e+00 4.682951450347900391e+00 3.721956729888916016e+00 4.713077068328857422e+00 4.295962333679199219e+00 6.359532356262207031e+00 5.494971275329589844e+00 1.029841423034667969e+01 5.316026687622070312e+00
5.540932655334472656e+00 1.320777320861816406e+01 7.181535243988037109e+00 7.003602981567382812e+00 9.256687164306640625e+00 6.984144210815429688e+00 1.041525268554687500e+01 4.873609542846679688e+00 4.929412364959716797e+00 5.340842247009277344e+00 6.597112178802490234e+00 4.336281776428222656e+00 5.629966735839843750e+00 4.474430084228515625e+00 4.114382266998291016e+00 5.929596900939941406e+00 5.911068916320800781e+00 5.054394721984863281e+00 7.330145835876464844e+00 8.302433013916015625e+00
9.175718307495117188e+00 8.706442832946777344e+00 6.204366683959960938e+00 4.972030639648437500e+00 1.009119892120361328e+01 6.531311988830566406e+00 5.536263465881347656e+00 4.744136810302734375e+00 5.280938148498535156e+00 5.219608306884765625e+00 5.279154777526855469e+00 3.995584249496459961e+00 5.093416213989257812e+00 6.055279254913330078e+00 5.275630950927734375e+00 4.712451934814453125e+00 6.063552856445312500e+00 5.802279472351074219e+00 9.205992698669433594e+00 7.220344543457031250e+00
8.685720443725585938e+00 4.934330940246582031e+00 7.859976768493652344e+00 9.936205863952636719e+00 1.206933975219726562e+01 4.718558311462402344e+00 6.077210903167724609e+00 3.778139829635620117e+00 5.647325992584228516e+00 7.214767456054687500e+00 3.793512105941772461e+00 3.150886058807373047e+00 9.016548156738281250e+00 4.995647907257080078e+00 7.021280288696289062e+00 2.656678199768066406e+00 4.957828044891357422e+00 6.263479232788085938e+00 3.547146081924438477e+00 5.510531425476074219e+00
7.724674701690673828e+00 1.235121154785156250e+01 8.242644309997558594e+00 8.998929977416992188e+00 7.499569892883300781e+00 8.606891632080078125e+00 8.225051879882812500e+00 4.230996131896972656e+00 6.890697956085205078e+00 1.025456619262695312e+01 4.643254280090332031e+00 3.896390438079833984e+00 9.423786163330078125e+00 5.029344558715820312e+00 5.252776145935058594e+00 4.334753990173339844e+00 7.588911056518554688e+00 3.521631240844726562e+00 4.518958091735839844e+00 6.346964359283447266e+00
7.641127586364746094e+00 1.341100692749023438e+01 8.397047042846679688e+00 9.678777694702148438e+00 4.654624938964843750e+00 5.084001541137695312e+00 4.231577873229980469e+00 5.039544105529785156e+00 7.341788291931152344e+00 4.371913909912109375e+00 4.610695362091064453e+00 4.428034782409667969e+00 4.550685405731201172e+00 3.489295482635498047e+00 5.106801033020019531e+00 4.223025321960449219e+00 4.426459789276123047e+00 1.032680606842041016e+01 6.525354862213134766e+00 5.393159389495849609e+00
7.338120460510253906e+00 7.456163406372070312e+00 5.873448848724365234e+00 5.711079597473144531e+00 5.501418590545654297e+00 8.155590057373046875e+00 4.766465187072753906e+00 6.396692276000976562e+00 3.187377452850341797e+00 3.214851856231689453e+00 3.540706872940063477e+00 1.341225266456604004e+00 6.117290973663330078e+00 4.181186676025390625e+00 4.997548580169677734e+00 1.049625015258789062e+01 3.641617298126220703e+00 5.576656341552734375e+00 4.054740428924560547e+00 4.375120162963867188e+00
9.454724311828613281e+00 7.549345970153808594e+00 8.819672584533691406e+00 9.593951225280761719e+00 5.688947677612304688e+00 6.789791107177734375e+00 6.743774890899658203e+00 5.559922218322753906e+00 7.563467025756835938e+00 3.616975307464599609e+00 2.900414705276489258e+00 3.668638706207275391e+00 3.713386535644531250e+00 4.367757320404052734e+00 4.642770767211914062e+00 2.973613977432250977e+00 3.349567890167236328e+00 4.901115417480468750e+00 5.973035812377929688e+00 5.814574241638183594e+00
6.284908294677734375e+00 8.798409461975097656e+00 6.907459259033203125e+00 7.091991424560546875e+00 5.415012359619140625e+00 5.114255905151367188e+00 5.608861446380615234e+00 5.255792617797851562e+00 5.478084564208984375e+00 4.383170127868652344e+00 2.769094467163085938e+00 4.360110759735107422e+00 2.239420413970947266e+00 3.394992351531982422e+00 4.546728610992431641e+00 6.120841979980468750e+00 5.569399833679199219e+00 4.672424793243408203e+00 5.366934776306152344e+00 6.127852439880371094e+00
8.351202964782714844e+00 7.207806587219238281e+00 6.209928035736083984e+00 6.748514652252197266e+00 7.317400932312011719e+00 6.623674392700195312e+00 6.184214115142822266e+00 5.907515525817871094e+00 4.790071487426757812e+00 4.862189292907714844e+00 4.494215011596679688e+00 3.120676517486572266e+00 3.809313774108886719e+00 3.735001564025878906e+00 5.676235198974609375e+00 3.942847967147827148e+00 4.206487178802490234e+00 4.959897041320800781e+00 4.550497055053710938e+00 5.801766395568847656e+00
8.234842300415039062e+00 4.642243862152099609e+00 1.021186447143554688e+01 6.524843692779541016e+00 4.326514244079589844e+00 5.342480659484863281e+00 5.294682979583740234e+00 5.740793228149414062e+00 3.285811424255371094e+00 4.821758270263671875e+00 2.598391771316528320e+00 4.025059700012207031e+00 3.028422594070434570e+00 3.045903205871582031e+00 3.666525363922119141e+00 3.966008663177490234e+00 3.726921796798706055e+00 2.715207099914550781e+00 4.690154075622558594e+00 1.086593818664550781e+01
4.482645988464355469e+00 5.540621280670166016e+00 6.902556896209716797e+00 6.331018447875976562e+00 9.044790267944335938e+00 6.647076129913330078e+00 7.610632419586181641e+00 3.422540187835693359e+00 2.832211971282958984e+00 3.677118778228759766e+00 5.176135063171386719e+00 2.735962390899658203e+00 3.703887939453125000e+00 4.382293224334716797e+00 3.570410966873168945e+00 3.709340810775756836e+00 3.577850341796875000e+00 5.308218002319335938e+00 5.463500022888183594e+00 7.845599651336669922e+00
5.743533611297607422e+00 5.768345832824707031e+00 5.060759067535400391e+00 8.667904853820800781e+00 6.647338867187500000e+00 7.532278537750244141e+00 2.691179752349853516e+00 7.198982238769531250e+00 8.116882324218750000e+00 4.933456897735595703e+00 6.839967727661132812e+00 2.817420482635498047e+00 3.712078571319580078e+00 3.859795570373535156e+00 2.696348667144775391e+00 4.408050537109375000e+00 7.664453506469726562e+00 7.684707641601562500e+00 6.208435058593750000e+00 3.632841587066650391e+00
1.067206096649169922e+01 5.229257583618164062e+00 5.855553150177001953e+00 5.258303642272949219e+00 8.905132293701171875e+00 5.398272991180419922e+00 8.190210342407226562e+00 4.460863590240478516e+00 1.092784404754638672e+01 1.008662319183349609e+01 7.073834419250488281e+00 7.250799179077148438e+00 4.809616088867187500e+00 4.652038574218750000e+00 6.157656192779541016e+00 4.118424415588378906e+00 4.590481758117675781e+00 5.857070922851562500e+00 4.567471504211425781e+00 4.547917366027832031e+00
9.267867088317871094e+00 6.191917419433593750e+00 4.953826904296875000e+00 6.021985054016113281e+00 8.231607437133789062e+00 7.975514411926269531e+00 7.274546146392822266e+00 7.528872489929199219e+00 9.756498336791992188e+00 7.617971897125244141e+00 1.103901767730712891e+01 7.286396026611328125e+00 5.733752250671386719e+00 2.818159580230712891e+00 6.188564300537109375e+00 4.892394065856933594e+00 3.961760997772216797e+00 6.821157455444335938e+00 7.599364757537841797e+00 3.977842807769775391e+00
