2019-07-26 09:45:00
6.113157749176025391e+00 6.027569293975830078e+00 4.555158615112304688e+00 4.096935272216796875e+00 3.775368690490722656e+00 3.821808815002441406e+00 2.804888963699340820e+00 3.642181873321533203e+00 9.079276084899902344e+00 6.743058204650878906e+00 3.559025287628173828e+00 2.980528593063354492e+00 7.045886516571044922e+00 3.898431777954101562e+00 3.741168498992919922e+00 9.148811340332031250e+00 5.120879173278808594e+00 2.998369693756103516e+00 2.124265432357788086e+00 3.035445690155029297e+00
4.651173591613769531e+00 8.990005493164062500e+00 9.106158256530761719e+00 4.715524673461914062e+00 7.351078033447265625e+00 4.739862442016601562e+00 3.339221954345703125e+00 4.686047554016113281e+00 3.594406127929687500e+00 3.287223815917968750e+00 2.690491199493408203e+00 3.579596519470214844e+00 4.315625190734863281e+00 5.118620872497558594e+00 3.167193651199340820e+00 3.812682151794433594e+00 5.956440925598144531e+00 7.084134578704833984e+00 4.358601093292236328e+00 4.315569877624511719e+00
6.981936931610107422e+00 1.157700157165527344e+01 7.907526016235351562e+00 9.773416519165039062e+00 8.558938980102539062e+00 7.493672847747802734e+00 1.536008644104003906e+01 4.059865951538085938e+00 3.191020488739013672e+00 2.927106380462646484e+00 9.165077209472656250e+00 7.844688892364501953e+00 5.456915378570556641e+00 5.873539924621582031e+00 7.148584365844726562e+00 5.979516029357910156e+00 5.974162101745605469e+00 6.729122161865234375e+00 4.231990337371826172e+00 4.610666275024414062e+00
5.011739730834960938e+00 8.992726325988769531e+00 7.014585018157958984e+00 8.075229644775390625e+00 5.207015514373779297e+00 4.027467727661132812e+00 2.729714632034301758e+00 3.132380485534667969e+00 5.891055583953857422e+00 7.747390270233154297e+00 9.592906951904296875e+00 8.567146301269531250e+00 4.248929500579833984e+00 4.389472961425781250e+00 1.050001144409179688e+01 5.083730697631835938e+00 4.031848907470703125e+00 7.310553550720214844e+00 5.734663009643554688e+00 3.152576208114624023e+00
4.912910938262939453e+00 5.621474266052246094e+00 4.411993980407714844e+00 4.180696964263916016e+00 5.541750907897949219e+00 7.089231014251708984e+00 5.295691490173339844e+00 8.385430335998535156e+00 8.959078788757324219e+00 6.072778701782226562e+00 1.284824466705322266e+01 5.781013011932373047e+00 5.440093994140625000e+00 3.982938289642333984e+00 6.477766036987304688e+00 6.710236072540283203e+00 4.011758327484130859e+00 8.809576034545898438e+00 7.625701904296875000e+00 4.649406909942626953e+00
5.093168735504150391e+00 5.181132793426513672e+00 7.978754997253417969e+00 5.627414703369140625e+00 1.385421371459960938e+01 6.021313667297363281e+00 4.713881969451904297e+00 9.870163917541503906e+00 7.282820701599121094e+00 7.700218677520751953e+00 4.591941833496093750e+00 5.972715377807617188e+00 5.298037528991699219e+00 3.769073247909545898e+00 4.157239913940429688e+00 5.170037746429443359e+00 3.692893266677856445e+00 6.392748832702636719e+00 5.256848335266113281e+00 3.056633949279785156e+00
6.249004364013671875e+00 4.715102195739746094e+00 5.445583820343017578e+00 6.532701969146728516e+00 6.110195159912109375e+00 6.493126869201660156e+00 3.741543292999267578e+00 6.365929603576660156e+00 4.462694644927978516e+00 4.392561435699462891e+00 3.255415916442871094e+00 5.977019309997558594e+00 3.819769859313964844e+00 8.367093086242675781e+00 5.642609596252441406e+00 4.283861637115478516e+00 4.341581344604492188e+00 4.272605419158935547e+00 5.383820056915283203e+00 8.442052841186523438e+00
8.278837203979492188e+00 7.184338569641113281e+00 6.730943679809570312e+00 7.646362304687500000e+00 9.024166107177734375e+00 5.699212551116943359e+00 5.744967460632324219e+00 4.935800552368164062e+00 3.591860771179199219e+00 5.738132476806640625e+00 4.469577789306640625e+00 4.641202449798583984e+00 3.519768714904785156e+00 6.799458503723144531e+00 2.428582668304443359e+00 2.812944173812866211e+00 4.217458248138427734e+00 5.110482692718505859e+00 6.289573669433593750e+00 3.901074409484863281e+00
6.861894607543945312e+00 5.852931022644042969e+00 8.275059700012207031e+00 8.432426452636718750e+00 9.490444183349609375e+00 3.922364473342895508e+00 4.169608592987060547e+00 3.685522317886352539e+00 5.143781185150146484e+00 4.592486858367919922e+00 5.478694915771484375e+00 2.738790035247802734e+00 4.752382755279541016e+00 4.826055526733398438e+00 5.095565795898437500e+00 2.819364547729492188e+00 5.810384750366210938e+00 5.211175918579101562e+00 4.569242954254150391e+00 4.025254249572753906e+00
7.519284248352050781e+00 7.075311183929443359e+00 3.880273818969726562e+00 3.667476177215576172e+00 6.826626777648925781e+00 3.314804553985595703e+00 3.406784534454345703e+00 3.827679395675659180e+00 5.733627796173095703e+00 7.780913829803466797e+00 3.341695308685302734e+00 5.979969024658203125e+00 6.085493087768554688e+00 2.803032636642456055e+00 3.049034595489501953e+00 4.516495227813720703e+00 1.042054176330566406e+01 4.290820121765136719e+00 3.513060092926025391e+00 5.858699798583984375e+00
5.390292167663574219e+00 2.597333431243896484e+00 5.062342643737792969e+00 3.946818828582763672e+00 3.556313514709472656e+00 5.849091529846191406e+00 3.814051866531372070e+00 3.463714122772216797e+00 4.343602657318115234e+00 4.568238735198974609e+00 3.418779134750366211e+00 6.870035648345947266e+00 6.344646453857421875e+00 5.095586776733398438e+00 3.405841827392578125e+00 2.627416610717773438e+00 4.413305282592773438e+00 9.479572296142578125e+00 3.074615001678466797e+00 4.519616603851318359e+00
3.617344617843627930e+00 3.341205358505249023e+00 3.119709014892578125e+00 3.569985628128051758e+00 4.082623004913330078e+00 4.529737472534179688e+00 4.313265323638916016e+00 5.354788780212402344e+00 1.855522751808166504e+00 3.320375204086303711e+00 2.575222969055175781e+00 4.166628360748291016e+00 3.689081668853759766e+00 3.156630277633666992e+00 3.482501268386840820e+00 9.844789505004882812e+00 4.515569686889648438e+00 4.252810478210449219e+00 3.274489641189575195e+00 4.141412734985351562e+00
5.694349288940429688e+00 5.906599521636962891e+00 4.226000785827636719e+00 4.662154197692871094e+00 5.171879768371582031e+00 5.039733409881591797e+00 4.089806556701660156e+00 3.043334007263183594e+00 4.145987510681152344e+00 3.774981975555419922e+00 3.370245933532714844e+00 2.138288497924804688e+00 4.283855438232421875e+00 4.251259326934814453e+00 3.224548339843750000e+00 3.655620574951171875e+00 3.803282737731933594e+00 3.784541606903076172e+00 6.455300331115722656e+00 4.069580554962158203e+00
3.606489658355712891e+00 5.438530921936035156e+00 4.432346343994140625e+00 4.945564270019531250e+00 4.609460830688476562e+00 4.815037727355957031e+00 4.368555545806884766e+00 4.527849197387695312e+00 5.207107543945312500e+00 4.633823394775390625e+00 3.685696125030517578e+00 2.902697563171386719e+00 2.362806320190429688e+00 4.000759124755859375e+00 3.900418043136596680e+00 3.641422033309936523e+00 3.956513881683349609e+00 2.899911880493164062e+00 3.048274517059326172e+00 4.740482807159423828e+00
3.653460502624511719e+00 4.565806865692138672e+00 3.487495899200439453e+00 6.926724433898925781e+00 4.969035148620605469e+00 1.017495918273925781e+01 5.312885284423828125e+00 6.614972591400146484e+00 4.686015129089355469e+00 3.563453674316406250e+00 3.353858470916748047e+00 2.873434543609619141e+00 2.718462467193603516e+00 3.549878120422363281e+00 2.254407405853271484e+00 3.031459569931030273e+00 4.047752380371093750e+00 3.671302318572998047e+00 4.583432674407958984e+00 6.792373657226562500e+00
6.853953361511230469e+00 5.372629642486572266e+00 4.391399383544921875e+00 3.666515588760375977e+00 4.522541522979736328e+00 4.004644393920898438e+00 7.491112709045410156e+00 3.657386779785156250e+00 2.652569532394409180e+00 4.779302120208740234e+00 3.437676429748535156e+00 3.351955652236938477e+00 3.546356916427612305e+00 3.116894721984863281e+00 3.562881708145141602e+00 3.478693962097167969e+00 3.175835132598876953e+00 3.977079629898071289e+00 4.729986190795898438e+00 1.194533920288085938e+01
7.486186027526855469e+00 5.840748310089111328e+00 5.802376270294189453e+00 4.873757362365722656e+00 5.983531951904296875e+00 5.378039360046386719e+00 4.060934066772460938e+00 4.010365009307861328e+00 3.423839330673217773e+00 2.090290069580078125e+00 4.007420539855957031e+00 2.892090797424316406e+00 3.602138996124267578e+00 3.135665416717529297e+00 2.487973213195800781e+00 2.882723093032836914e+00 5.083091259002685547e+00 4.256172180175781250e+00 4.195301055908203125e+00 8.133235931396484375e+00
3.744988441467285156e+00 3.858201980590820312e+00 4.056396484375000000e+00 7.249609947204589844e+00 6.864665031433105469e+00 6.824701309204101562e+00 6.841180324554443359e+00 3.573960065841674805e+00 4.153524875640869141e+00 6.102720737457275391e+00 4.668600082397460938e+00 3.740659236907958984e+00 1.896835565567016602e+00 2.583033323287963867e+00 1.477993607521057129e+00 3.768164873123168945e+00 4.619249343872070312e+00 5.275564193725585938e+00 5.578779220581054688e+00 5.179491996765136719e+00
4.940045356750488281e+00 7.106654644012451172e+00 4.176769256591796875e+00 6.030532360076904297e+00 6.584814548492431641e+00 8.807477951049804688e+00 9.399746894836425781e+00 4.621934890747070312e+00 6.656582355499267578e+00 4.936223983764648438e+00 1.062884140014648438e+01 7.951706409454345703e+00 2.593516588211059570e+00 4.024108886718750000e+00 2.862481117248535156e+00 4.002780437469482422e+00 3.563956737518310547e+00 5.439167022705078125e+00 3.445905923843383789e+00 2.757036209106445312e+00
5.019304275512695312e+00 7.461863040924072266e+00 3.792406558990478516e+00 7.043217182159423828e+00 9.150068283081054688e+00 6.720902919769287109e+00 4.179128170013427734e+00 8.150774955749511719e+00 7.860983371734619141e+00 5.274380683898925781e+00 9.381341934204101562e+00 2.584071636199951172e+00 5.980672836303710938e+00 2.556730508804321289e+00 3.060360431671142578e+00 4.613902091979980469e+00 2.438095569610595703e+00 4.797762870788574219e+00 4.116570472717285156e+00 4.766075134277343750e+00
