2019-07-26 10:00:00
7.022737503051757812e+00 3.617326498031616211e+00 4.977992057800292969e+00 2.471486806869506836e+00 3.997385025024414062e+00 3.447523117065429688e+00 2.567097663879394531e+00 4.363432407379150391e+00 8.813689231872558594e+00 7.175717353820800781e+00 4.938002586364746094e+00 3.794179677963256836e+00 6.359512805938720703e+00 2.954975366592407227e+00 3.389593124389648438e+00 6.247061729431152344e+00 5.354510307312011719e+00 2.304100513458251953e+00 2.966943025588989258e+00 4.524052143096923828e+00
6.297563552856445312e+00 4.125067710876464844e+00 7.761468887329101562e+00 6.845620632171630859e+00 2.642036676406860352e+00 3.625016927719116211e+00 4.667631149291992188e+00 1.663690447807312012e+00 3.862638711929321289e+00 2.720751285552978516e+00 3.977349281311035156e+00 2.183746576309204102e+00 2.856110572814941406e+00 5.870939254760742188e+00 5.231960773468017578e+00 3.299682855606079102e+00 7.048945426940917969e+00 6.849446773529052734e+00 3.018761157989501953e+00 2.594410896301269531e+00
7.688318252563476562e+00 5.848876953125000000e+00 8.500188827514648438e+00 8.769992828369140625e+00 7.497615814208984375e+00 9.643175125122070312e+00 4.308940887451171875e+00 3.437248468399047852e+00 3.296440124511718750e+00 4.535362243652343750e+00 9.149951934814453125e+00 7.576475620269775391e+00 3.388621330261230469e+00 4.842250823974609375e+00 3.832826375961303711e+00 3.316915988922119141e+00 3.803932666778564453e+00 5.286608695983886719e+00 4.497957229614257812e+00 3.742291450500488281e+00
3.846188783645629883e+00 6.314244270324707031e+00 4.969806671142578125e+00 7.847663879394531250e+00 3.479549646377563477e+00 3.606558799743652344e+00 2.327248096466064453e+00 5.022588729858398438e+00 3.958886623382568359e+00 7.837634086608886719e+00 6.783684730529785156e+00 8.044427871704101562e+00 3.724029779434204102e+00 2.728104114532470703e+00 6.326770782470703125e+00 3.970402717590332031e+00 3.354259014129638672e+00 6.340898513793945312e+00 5.059389114379882812e+00 3.822943210601806641e+00
3.381616115570068359e+00 4.329276084899902344e+00 3.461515426635742188e+00 4.205116271972656250e+00 3.078582763671875000e+00 6.557393074035644531e+00 4.734794616699218750e+00 8.807291030883789062e+00 5.652148723602294922e+00 4.499095916748046875e+00 5.822587013244628906e+00 3.765943527221679688e+00 6.580666542053222656e+00 2.581301212310791016e+00 6.345407962799072266e+00 4.935891151428222656e+00 4.187306404113769531e+00 4.452180862426757812e+00 4.920435905456542969e+00 3.275547266006469727e+00
3.951730966567993164e+00 3.675126791000366211e+00 7.123222351074218750e+00 1.080862331390380859e+01 1.011817836761474609e+01 7.781528472900390625e+00 2.183313846588134766e+00 6.656546592712402344e+00 7.196166038513183594e+00 3.899311542510986328e+00 3.341860294342041016e+00 5.698764801025390625e+00 3.781634569168090820e+00 3.167574405670166016e+00 3.901211738586425781e+00 8.559621810913085938e+00 3.407513618469238281e+00 4.988537311553955078e+00 7.329531192779541016e+00 2.925440549850463867e+00
6.358603477478027344e+00 7.688605785369873047e+00 7.999901294708251953e+00 4.308852195739746094e+00 6.970873832702636719e+00 9.608939170837402344e+00 2.849387645721435547e+00 4.753791332244873047e+00 3.301893472671508789e+00 2.964115619659423828e+00 4.718069076538085938e+00 4.077925205230712891e+00 1.157921981811523438e+01 1.021868610382080078e+01 4.088557720184326172e+00 5.343660831451416016e+00 3.687614679336547852e+00 2.672196388244628906e+00 7.688268661499023438e+00 5.732351303100585938e+00
6.898708820343017578e+00 5.062492370605468750e+00 3.199803352355957031e+00 5.801815986633300781e+00 5.299734115600585938e+00 4.976643085479736328e+00 4.177318572998046875e+00 2.428768157958984375e+00 4.263888359069824219e+00 3.814905881881713867e+00 3.848309516906738281e+00 3.185810089111328125e+00 4.738307952880859375e+00 3.869967460632324219e+00 3.792891502380371094e+00 3.095334529876708984e+00 8.004163742065429688e+00 3.086521148681640625e+00 9.201203346252441406e+00 2.076487541198730469e+00
3.353347778320312500e+00 6.373600959777832031e+00 5.757720470428466797e+00 3.554502725601196289e+00 2.681928396224975586e+00 2.615499019622802734e+00 4.408205509185791016e+00 4.829795360565185547e+00 4.414932250976562500e+00 6.607253551483154297e+00 3.642752647399902344e+00 4.164081573486328125e+00 6.423849582672119141e+00 3.882813453674316406e+00 5.280235290527343750e+00 2.749669790267944336e+00 3.916100502014160156e+00 3.249042987823486328e+00 2.239617347717285156e+00 2.876832485198974609e+00
6.731760978698730469e+00 6.736295700073242188e+00 2.529461383819580078e+00 3.744566440582275391e+00 3.436133384704589844e+00 4.908914566040039062e+00 3.696138858795166016e+00 3.779915571212768555e+00 5.689440727233886719e+00 7.685990333557128906e+00 6.832629203796386719e+00 5.989734172821044922e+00 6.753282070159912109e+00 3.081123113632202148e+00 3.751725435256958008e+00 2.854840993881225586e+00 7.589242935180664062e+00 3.905796527862548828e+00 2.187954425811767578e+00 3.461359739303588867e+00
3.787474155426025391e+00 2.348281860351562500e+00 3.565636396408081055e+00 3.175703525543212891e+00 3.365096330642700195e+00 3.421441078186035156e+00 3.338022708892822266e+00 5.489935874938964844e+00 4.461885452270507812e+00 3.793281793594360352e+00 4.314240455627441406e+00 4.672604560852050781e+00 4.439764499664306641e+00 3.940611362457275391e+00 3.004814147949218750e+00 3.484065055847167969e+00 5.251077175140380859e+00 7.066393852233886719e+00 4.557909488677978516e+00 5.067741870880126953e+00
4.124683380126953125e+00 3.150763750076293945e+00 4.300397872924804688e+00 3.388492822647094727e+00 3.900413513183593750e+00 4.192747116088867188e+00 4.860533237457275391e+00 4.499115943908691406e+00 3.979966163635253906e+00 4.132321357727050781e+00 3.776330709457397461e+00 2.996907711029052734e+00 4.624505996704101562e+00 5.117281913757324219e+00 5.044142246246337891e+00 6.249664306640625000e+00 2.619771957397460938e+00 4.737484931945800781e+00 4.085567474365234375e+00 1.730890393257141113e+00
3.429615259170532227e+00 3.304094552993774414e+00 4.129893302917480469e+00 3.958987712860107422e+00 3.712898254394531250e+00 2.866292953491210938e+00 4.011181831359863281e+00 3.374273300170898438e+00 4.707015991210937500e+00 2.818521976470947266e+00 3.367789506912231445e+00 3.404727220535278320e+00 4.141170024871826172e+00 3.453693389892578125e+00 3.283866643905639648e+00 3.105648994445800781e+00 2.932513236999511719e+00 2.845738649368286133e+00 3.989380836486816406e+00 3.826197147369384766e+00
4.540863513946533203e+00 5.243828296661376953e+00 5.050055503845214844e+00 3.572474956512451172e+00 2.994576930999755859e+00 1.848931074142456055e+00 3.149195909500122070e+00 3.155864715576171875e+00 3.923507213592529297e+00 4.058443069458007812e+00 3.499370098114013672e+00 4.965325355529785156e+00 2.689444541931152344e+00 4.837034225463867188e+00 4.309377670288085938e+00 5.022819519042968750e+00 2.704203844070434570e+00 4.716825485229492188e+00 2.383671998977661133e+00 4.666589736938476562e+00
4.206692695617675781e+00 3.524677753448486328e+00 4.547919750213623047e+00 3.843172550201416016e+00 2.217154979705810547e+00 9.249200820922851562e+00 3.778943538665771484e+00 2.779677391052246094e+00 4.053179264068603516e+00 3.094441890716552734e+00 3.238213539123535156e+00 2.704950809478759766e+00 4.225662231445312500e+00 4.847130775451660156e+00 4.593644142150878906e+00 3.721983194351196289e+00 3.017531156539916992e+00 4.382150173187255859e+00 2.802681446075439453e+00 5.692970275878906250e+00
4.093173027038574219e+00 3.627350807189941406e+00 4.852199554443359375e+00 5.156011581420898438e+00 3.707444667816162109e+00 4.353800773620605469e+00 3.100847244262695312e+00 4.160650253295898438e+00 4.175737380981445312e+00 4.808005332946777344e+00 2.904597282409667969e+00 3.266671180725097656e+00 3.848379373550415039e+00 3.269994974136352539e+00 3.757831335067749023e+00 3.122257709503173828e+00 2.563279628753662109e+00 2.971903324127197266e+00 3.238003730773925781e+00 1.037119293212890625e+01
3.395767211914062500e+00 4.410680770874023438e+00 4.557499408721923828e+00 2.636399030685424805e+00 4.399316310882568359e+00 2.755731105804443359e+00 3.031931877136230469e+00 3.533927440643310547e+00 3.211633205413818359e+00 4.029785633087158203e+00 3.835173606872558594e+00 3.397192955017089844e+00 3.760031700134277344e+00 4.796597480773925781e+00 4.681586265563964844e+00 3.447886228561401367e+00 3.647664785385131836e+00 4.205905437469482422e+00 3.082882165908813477e+00 5.285332679748535156e+00
3.929103851318359375e+00 3.932048082351684570e+00 4.252487182617187500e+00 6.675168514251708984e+00 4.583343982696533203e+00 3.051808834075927734e+00 5.900531768798828125e+00 3.379198312759399414e+00 5.327953338623046875e+00 4.757852554321289062e+00 4.919340610504150391e+00 3.297522068023681641e+00 5.739678382873535156e+00 2.844368934631347656e+00 4.069296836853027344e+00 3.434088706970214844e+00 5.779895305633544922e+00 7.442608833312988281e+00 3.123926401138305664e+00 3.162819862365722656e+00
2.146733045578002930e+00 2.887908220291137695e+00 2.381642341613769531e+00 2.240884780883789062e+00 6.660140037536621094e+00 7.156549930572509766e+00 5.597455024719238281e+00 2.902650594711303711e+00 4.088147640228271484e+00 4.803334236145019531e+00 6.201638221740722656e+00 4.925477981567382812e+00 2.725805759429931641e+00 3.373964309692382812e+00 6.940382480621337891e+00 3.085388183593750000e+00 3.275340080261230469e+00 4.990579128265380859e+00 4.387471199035644531e+00 3.040473937988281250e+00
4.365063667297363281e+00 5.908790111541748047e+00 3.946563720703125000e+00 3.691912651062011719e+00 3.948172092437744141e+00 3.035491466522216797e+00 3.104008674621582031e+00 5.512972831726074219e+00 5.566423892974853516e+00 8.665226936340332031e+00 4.943244934082031250e+00 7.952786445617675781e+00 9.994844436645507812e+00 2.345235109329223633e+00 4.205046653747558594e+00 2.518534660339355469e+00 3.682387590408325195e+00 2.713661193847656250e+00 4.399583816528320312e+00 4.472708702087402344e+00
