2019-07-26 10:15:00
6.474925041198730469e+00 5.369104385375976562e+00 7.498029708862304688e+00 3.607914924621582031e+00 4.216128349304199219e+00 3.271945953369140625e+00 3.448338031768798828e+00 3.726078987121582031e+00 7.248494625091552734e+00 5.933548927307128906e+00 5.013368129730224609e+00 3.047444820404052734e+00 7.809497833251953125e+00 2.480901718139648438e+00 4.435728073120117188e+00 7.445860862731933594e+00 1.121563911437988281e+01 3.796534061431884766e+00 3.380804061889648438e+00 3.973902702331542969e+00
4.010403633117675781e+00 2.930259227752685547e+00 6.654295921325683594e+00 5.903694152832031250e+00 7.148526191711425781e+00 3.225975036621093750e+00 1.689881443977355957e+00 4.115580081939697266e+00 4.636877059936523438e+00 2.817114353179931641e+00 4.011486053466796875e+00 3.804909229278564453e+00 3.530967235565185547e+00 5.914143562316894531e+00 4.476962089538574219e+00 3.194641113281250000e+00 8.553297996520996094e+00 4.447876930236816406e+00 4.070745468139648438e+00 2.925440549850463867e+00
8.142045974731445312e+00 7.332032680511474609e+00 4.644560337066650391e+00 8.163404464721679688e+00 5.570630073547363281e+00 4.039631843566894531e+00 4.502200126647949219e+00 2.781739711761474609e+00 3.230393886566162109e+00 3.531251668930053711e+00 7.768163204193115234e+00 3.292436599731445312e+00 4.129179954528808594e+00 6.223018169403076172e+00 6.388421058654785156e+00 3.121603250503540039e+00 5.192903518676757812e+00 4.432117462158203125e+00 4.498104572296142578e+00 3.457920074462890625e+00
3.721299409866333008e+00 6.492060661315917969e+00 7.489723682403564453e+00 4.218522071838378906e+00 3.845526695251464844e+00 3.090992927551269531e+00 4.202904224395751953e+00 3.413718223571777344e+00 3.092049121856689453e+00 9.068254470825195312e+00 4.254746437072753906e+00 3.505740642547607422e+00 3.442507266998291016e+00 4.571613311767578125e+00 5.462938308715820312e+00 4.368426322937011719e+00 3.214604854583740234e+00 4.592119216918945312e+00 3.874627113342285156e+00 1.516575574874877930e+00
2.736077308654785156e+00 4.040813922882080078e+00 2.644622802734375000e+00 3.932137966156005859e+00 2.828847885131835938e+00 4.234907150268554688e+00 3.665856599807739258e+00 9.677408218383789062e+00 4.034644126892089844e+00 4.997121810913085938e+00 7.219070434570312500e+00 7.516605854034423828e+00 6.776546478271484375e+00 2.439681768417358398e+00 6.828916549682617188e+00 7.818351745605468750e+00 3.455606460571289062e+00 7.193644523620605469e+00 6.778136253356933594e+00 3.242433547973632812e+00
5.801434993743896484e+00 3.632766962051391602e+00 4.891942977905273438e+00 5.276411056518554688e+00 7.789252281188964844e+00 9.933176994323730469e+00 3.635361671447753906e+00 9.847942352294921875e+00 6.000741004943847656e+00 3.323368787765502930e+00 6.693419933319091797e+00 4.925557136535644531e+00 4.350781440734863281e+00 3.405614376068115234e+00 3.590548276901245117e+00 6.343002796173095703e+00 3.464795112609863281e+00 4.682441711425781250e+00 4.556074142456054688e+00 3.967843770980834961e+00
6.397053718566894531e+00 1.028177070617675781e+01 6.769663333892822266e+00 2.496820926666259766e+00 4.575184822082519531e+00 2.840340137481689453e+00 3.424909830093383789e+00 7.688731193542480469e+00 4.379239082336425781e+00 2.803015232086181641e+00 3.765944719314575195e+00 2.776554584503173828e+00 6.660554409027099609e+00 4.864387512207031250e+00 4.567834854125976562e+00 3.276744365692138672e+00 3.986750125885009766e+00 4.650899410247802734e+00 6.088296890258789062e+00 7.121412277221679688e+00
6.935574054718017578e+00 4.513860702514648438e+00 3.798250198364257812e+00 6.977751731872558594e+00 5.868419647216796875e+00 5.074942588806152344e+00 3.470941543579101562e+00 3.127381563186645508e+00 3.588578462600708008e+00 2.999178409576416016e+00 2.906800270080566406e+00 1.885296106338500977e+00 5.891733646392822266e+00 5.177153587341308594e+00 2.481982469558715820e+00 3.608445167541503906e+00 5.307392120361328125e+00 2.908910274505615234e+00 4.413815021514892578e+00 3.471394538879394531e+00
4.788408279418945312e+00 4.251511573791503906e+00 7.021677970886230469e+00 5.711511611938476562e+00 6.534727096557617188e+00 3.181127548217773438e+00 4.125562667846679688e+00 4.253422260284423828e+00 2.557196617126464844e+00 4.676211833953857422e+00 2.349602222442626953e+00 2.916503190994262695e+00 7.145951271057128906e+00 7.419104576110839844e+00 6.139894008636474609e+00 1.629410862922668457e+00 4.879888534545898438e+00 2.794693946838378906e+00 4.646911621093750000e+00 3.211232423782348633e+00
7.449523925781250000e+00 6.122154235839843750e+00 3.181290149688720703e+00 3.724833965301513672e+00 3.444878578186035156e+00 4.520290374755859375e+00 2.987526893615722656e+00 4.107123374938964844e+00 6.854549884796142578e+00 6.643600940704345703e+00 6.579771041870117188e+00 6.272062301635742188e+00 7.070178031921386719e+00 3.164763212203979492e+00 2.663619995117187500e+00 1.847124934196472168e+00 6.095754623413085938e+00 4.632514953613281250e+00 3.691739559173583984e+00 2.761030197143554688e+00
4.407392978668212891e+00 3.995585441589355469e+00 1.586521387100219727e+00 3.401273965835571289e+00 2.233848094940185547e+00 3.607969522476196289e+00 2.924407005310058594e+00 4.517384529113769531e+00 2.828454017639160156e+00 2.244208812713623047e+00 3.169104576110839844e+00 5.221472263336181641e+00 3.793195247650146484e+00 6.248332023620605469e+00 3.089729547500610352e+00 3.369079589843750000e+00 3.493679523468017578e+00 4.690073966979980469e+00 3.010293722152709961e+00 5.569402694702148438e+00
3.379641532897949219e+00 4.539886474609375000e+00 3.817958116531372070e+00 2.962233066558837891e+00 4.738920211791992188e+00 2.327159166336059570e+00 3.952914714813232422e+00 2.551417350769042969e+00 3.248281002044677734e+00 3.227723121643066406e+00 3.844601154327392578e+00 3.649853467941284180e+00 3.007884502410888672e+00 3.262415647506713867e+00 3.549989700317382812e+00 6.896330833435058594e+00 3.833294868469238281e+00 3.337960720062255859e+00 4.249311923980712891e+00 2.723960399627685547e+00
2.777760982513427734e+00 4.815962314605712891e+00 3.388618469238281250e+00 3.257633209228515625e+00 1.807156801223754883e+00 2.821328878402709961e+00 3.510974884033203125e+00 4.613452434539794922e+00 3.566692352294921875e+00 4.244877815246582031e+00 3.076666831970214844e+00 3.963411331176757812e+00 2.268544197082519531e+00 2.615298509597778320e+00 3.658788681030273438e+00 3.777021884918212891e+00 4.396677017211914062e+00 3.372165918350219727e+00 5.771465301513671875e+00 3.510780334472656250e+00
3.130383968353271484e+00 2.108575582504272461e+00 4.507957458496093750e+00 2.351096868515014648e+00 3.818577766418457031e+00 3.069655418395996094e+00 2.856374263763427734e+00 2.599137783050537109e+00 3.373199939727783203e+00 2.906791448593139648e+00 2.825315475463867188e+00 3.436337471008300781e+00 3.131291151046752930e+00 2.882103919982910156e+00 2.905600547790527344e+00 4.952899456024169922e+00 3.057946681976318359e+00 2.721684694290161133e+00 2.522212505340576172e+00 3.328427314758300781e+00
3.476813793182373047e+00 3.038446903228759766e+00 3.975554704666137695e+00 3.448513031005859375e+00 5.681737899780273438e+00 8.813684463500976562e+00 3.452084779739379883e+00 2.411385059356689453e+00 2.595209836959838867e+00 2.224901199340820312e+00 3.524293899536132812e+00 3.678029537200927734e+00 5.068429946899414062e+00 4.246447563171386719e+00 2.687456369400024414e+00 2.891294479370117188e+00 2.597402095794677734e+00 3.280873537063598633e+00 2.961326837539672852e+00 6.389286518096923828e+00
2.758743524551391602e+00 4.481846332550048828e+00 3.033157348632812500e+00 3.720157146453857422e+00 2.705412864685058594e+00 3.536565542221069336e+00 5.185515403747558594e+00 3.452897548675537109e+00 3.183681011199951172e+00 2.448073387145996094e+00 3.987689971923828125e+00 4.475936889648437500e+00 4.240650177001953125e+00 3.956389188766479492e+00 4.356704711914062500e+00 3.110065460205078125e+00 3.597122192382812500e+00 2.336794853210449219e+00 4.918303966522216797e+00 6.074972629547119141e+00
3.509699821472167969e+00 4.061671257019042969e+00 4.920650482177734375e+00 4.317499160766601562e+00 5.478266239166259766e+00 2.187736272811889648e+00 3.627770185470581055e+00 3.795377731323242188e+00 3.921695709228515625e+00 2.991348266601562500e+00 1.807919979095458984e+00 3.220712661743164062e+00 3.138660430908203125e+00 2.185863018035888672e+00 3.459214687347412109e+00 2.441552162170410156e+00 3.045011043548583984e+00 3.870626688003540039e+00 3.728734016418457031e+00 6.010030746459960938e+00
4.094681262969970703e+00 2.099271297454833984e+00 3.401214122772216797e+00 3.380387783050537109e+00 3.407675266265869141e+00 4.227478981018066406e+00 3.294258117675781250e+00 2.615567207336425781e+00 6.253552436828613281e+00 5.353963851928710938e+00 2.734536170959472656e+00 3.220453500747680664e+00 3.583693027496337891e+00 4.112677574157714844e+00 3.192425251007080078e+00 3.606034755706787109e+00 6.130793571472167969e+00 4.042610168457031250e+00 3.812161445617675781e+00 4.444848060607910156e+00
2.153238058090209961e+00 4.770245552062988281e+00 3.143310308456420898e+00 3.589395046234130859e+00 3.712038516998291016e+00 5.796003818511962891e+00 3.150710821151733398e+00 3.027967214584350586e+00 4.103413105010986328e+00 4.614643096923828125e+00 6.494421958923339844e+00 7.648822784423828125e+00 2.481544733047485352e+00 3.620679140090942383e+00 4.537727355957031250e+00 3.984856128692626953e+00 2.434675693511962891e+00 2.868474006652832031e+00 3.403728008270263672e+00 4.423072338104248047e+00
4.143366813659667969e+00 5.928610801696777344e+00 2.363269090652465820e+00 3.655079841613769531e+00 3.581475496292114258e+00 3.891154766082763672e+00 6.161297798156738281e+00 2.721016407012939453e+00 7.372573852539062500e+00 8.064851760864257812e+00 5.685133934020996094e+00 5.850472927093505859e+00 3.968231678009033203e+00 1.917793273925781250e+00 5.087316513061523438e+00 3.776419878005981445e+00 2.799028396606445312e+00 5.466560363769531250e+00 4.816458225250244141e+00 1.946758985519409180e+00
