2019-07-26 10:30:00
5.316905975341796875e+00 7.520964622497558594e+00 1.030007457733154297e+01 3.978034734725952148e+00 3.936456918716430664e+00 5.003708839416503906e+00 4.517046928405761719e+00 5.103601455688476562e+00 7.904484748840332031e+00 6.886605739593505859e+00 3.584646224975585938e+00 2.268532752990722656e+00 8.140455245971679688e+00 2.432088136672973633e+00 3.620415687561035156e+00 6.484778881072998047e+00 1.144034576416015625e+01 3.614833831787109375e+00 4.161233901977539062e+00 3.025339126586914062e+00
4.700259208679199219e+00 9.058927536010742188e+00 8.958573341369628906e+00 6.817447662353515625e+00 5.042930603027343750e+00 3.963379859924316406e+00 3.615457534790039062e+00 1.445873022079467773e+00 3.568438529968261719e+00 3.244257211685180664e+00 4.636433124542236328e+00 4.538426399230957031e+00 4.646468162536621094e+00 3.557357311248779297e+00 3.516637086868286133e+00 3.685913562774658203e+00 8.130063056945800781e+00 8.011949539184570312e+00 3.318193435668945312e+00 3.050897121429443359e+00
9.280740737915039062e+00 7.148764610290527344e+00 4.606572151184082031e+00 6.288202285766601562e+00 6.865966796875000000e+00 6.342914104461669922e+00 5.733567237854003906e+00 3.473124027252197266e+00 3.473279953002929688e+00 4.386653900146484375e+00 6.122879028320312500e+00 5.427109718322753906e+00 3.123113393783569336e+00 5.698609352111816406e+00 5.915512084960937500e+00 4.025547027587890625e+00 8.862682342529296875e+00 4.229376316070556641e+00 3.850849866867065430e+00 5.723337173461914062e+00
2.517179250717163086e+00 7.032135963439941406e+00 5.025581836700439453e+00 6.489874839782714844e+00 4.147519588470458984e+00 3.364422798156738281e+00 4.923130035400390625e+00 3.818994998931884766e+00 3.632542133331298828e+00 7.398731231689453125e+00 5.534863471984863281e+00 7.044132232666015625e+00 3.328181266784667969e+00 5.136224746704101562e+00 7.651679992675781250e+00 4.074810504913330078e+00 3.638214588165283203e+00 5.058207511901855469e+00 5.236466407775878906e+00 2.871417045593261719e+00
4.115644454956054688e+00 3.901396274566650391e+00 5.184327125549316406e+00 3.366689682006835938e+00 2.411712646484375000e+00 6.022343158721923828e+00 4.171158313751220703e+00 5.122879981994628906e+00 6.291795730590820312e+00 9.026792526245117188e+00 8.019130706787109375e+00 5.696709632873535156e+00 1.106538581848144531e+01 4.247956275939941406e+00 8.642060279846191406e+00 4.523733139038085938e+00 4.629812240600585938e+00 1.307264041900634766e+01 6.682541847229003906e+00 2.436992168426513672e+00
7.555680274963378906e+00 5.446418285369873047e+00 6.081513404846191406e+00 6.899682521820068359e+00 8.226573944091796875e+00 7.846101760864257812e+00 3.113204956054687500e+00 5.723224639892578125e+00 8.395204544067382812e+00 3.943208456039428711e+00 8.120689392089843750e+00 7.054113388061523438e+00 5.565453529357910156e+00 2.766610622406005859e+00 3.516902923583984375e+00 5.279280185699462891e+00 4.147314548492431641e+00 7.205297946929931641e+00 4.819012165069580078e+00 2.826059103012084961e+00
4.929577827453613281e+00 8.113550186157226562e+00 4.888212203979492188e+00 9.348403930664062500e+00 8.654085159301757812e+00 4.829599380493164062e+00 3.271557569503784180e+00 6.231991291046142578e+00 5.089149475097656250e+00 4.784276008605957031e+00 2.397341251373291016e+00 4.484786033630371094e+00 8.249357223510742188e+00 4.942478179931640625e+00 3.820556640625000000e+00 5.681601524353027344e+00 3.258245944976806641e+00 4.635004997253417969e+00 6.022449493408203125e+00 7.435729980468750000e+00
6.946668624877929688e+00 7.696750640869140625e+00 3.191311836242675781e+00 5.868770122528076172e+00 5.529001235961914062e+00 5.734560012817382812e+00 3.439659595489501953e+00 3.552041053771972656e+00 4.753795623779296875e+00 2.297603607177734375e+00 3.346417427062988281e+00 3.651934146881103516e+00 6.166502475738525391e+00 7.015158176422119141e+00 4.141151428222656250e+00 4.543030738830566406e+00 5.666108608245849609e+00 3.894016265869140625e+00 5.294468879699707031e+00 3.509834766387939453e+00
6.346850872039794922e+00 4.955194473266601562e+00 8.589551925659179688e+00 6.914302825927734375e+00 6.468302726745605469e+00 4.665636539459228516e+00 2.841142654418945312e+00 3.014047622680664062e+00 4.363608360290527344e+00 4.855868339538574219e+00 4.613327026367187500e+00 5.262829780578613281e+00 9.197658538818359375e+00 5.232054233551025391e+00 7.537150382995605469e+00 4.106884956359863281e+00 6.605937957763671875e+00 4.103248119354248047e+00 2.411025285720825195e+00 3.709428787231445312e+00
7.611761093139648438e+00 7.825926303863525391e+00 3.937137603759765625e+00 2.809751749038696289e+00 2.371262311935424805e+00 4.790402889251708984e+00 3.760298013687133789e+00 4.206329822540283203e+00 3.492939949035644531e+00 7.831691741943359375e+00 6.256005764007568359e+00 6.061218261718750000e+00 3.889388084411621094e+00 4.858304023742675781e+00 3.867947340011596680e+00 3.884056806564331055e+00 4.939798355102539062e+00 3.543868780136108398e+00 4.230742931365966797e+00 3.457132339477539062e+00
4.188593387603759766e+00 2.968550920486450195e+00 3.738596439361572266e+00 3.800698280334472656e+00 2.291025161743164062e+00 4.092657566070556641e+00 4.491233825683593750e+00 3.558410644531250000e+00 3.966149806976318359e+00 3.705485820770263672e+00 3.670583486557006836e+00 7.747650146484375000e+00 7.779632568359375000e+00 5.067747116088867188e+00 2.767820358276367188e+00 3.845732212066650391e+00 3.464438438415527344e+00 7.391682624816894531e+00 4.364317417144775391e+00 4.109946250915527344e+00
5.455265998840332031e+00 4.142534255981445312e+00 4.367814064025878906e+00 3.242743253707885742e+00 3.571220397949218750e+00 3.183179378509521484e+00 4.439461708068847656e+00 5.928230762481689453e+00 2.106855869293212891e+00 4.077755928039550781e+00 3.432152032852172852e+00 4.522352218627929688e+00 3.423768281936645508e+00 2.757918834686279297e+00 4.074833393096923828e+00 8.933366775512695312e+00 2.695153236389160156e+00 4.167838096618652344e+00 3.004236936569213867e+00 2.315414190292358398e+00
6.101078033447265625e+00 2.382047891616821289e+00 4.376935005187988281e+00 3.989791870117187500e+00 3.436439037322998047e+00 5.433040618896484375e+00 4.050108909606933594e+00 2.267101764678955078e+00 4.106173515319824219e+00 4.397148132324218750e+00 5.828967571258544922e+00 3.500329256057739258e+00 2.621211767196655273e+00 3.243532657623291016e+00 3.614929199218750000e+00 4.435541152954101562e+00 4.528894424438476562e+00 4.210286617279052734e+00 4.367530822753906250e+00 3.988988876342773438e+00
3.966622829437255859e+00 4.768095016479492188e+00 3.003657102584838867e+00 3.621256351470947266e+00 4.942503929138183594e+00 2.341442108154296875e+00 4.506769657135009766e+00 3.312230825424194336e+00 4.616707801818847656e+00 4.639369964599609375e+00 4.492602825164794922e+00 2.975590467453002930e+00 3.370256423950195312e+00 3.573814392089843750e+00 2.445837736129760742e+00 2.630112648010253906e+00 3.773998737335205078e+00 4.305900573730468750e+00 3.740905761718750000e+00 4.176669597625732422e+00
5.698946952819824219e+00 5.327290058135986328e+00 3.569322347640991211e+00 5.234367370605468750e+00 3.455984592437744141e+00 1.286273097991943359e+01 4.013130187988281250e+00 4.630861759185791016e+00 4.091244697570800781e+00 5.077786445617675781e+00 4.846022129058837891e+00 1.739258766174316406e+00 4.251794815063476562e+00 3.752332687377929688e+00 4.159435272216796875e+00 3.442538738250732422e+00 2.742613554000854492e+00 4.105800151824951172e+00 3.735466718673706055e+00 5.341035842895507812e+00
3.195779323577880859e+00 4.447893142700195312e+00 3.957759380340576172e+00 3.037249088287353516e+00 5.104011058807373047e+00 2.335456848144531250e+00 4.057087421417236328e+00 5.849961280822753906e+00 3.793316364288330078e+00 4.100070953369140625e+00 4.121060371398925781e+00 5.246584415435791016e+00 4.299679279327392578e+00 4.327106475830078125e+00 2.674798250198364258e+00 4.273231506347656250e+00 4.338301181793212891e+00 4.230733394622802734e+00 3.122609376907348633e+00 4.267215251922607422e+00
3.498380422592163086e+00 4.161826610565185547e+00 5.728436470031738281e+00 2.870047092437744141e+00 8.662891387939453125e+00 2.130603313446044922e+00 4.013844013214111328e+00 2.805675506591796875e+00 4.471775531768798828e+00 3.857050180435180664e+00 5.262488365173339844e+00 4.013586521148681641e+00 3.189019680023193359e+00 3.234076023101806641e+00 3.251144170761108398e+00 4.759711265563964844e+00 4.444260597229003906e+00 4.177734375000000000e+00 2.599280595779418945e+00 6.418222427368164062e+00
3.491383552551269531e+00 3.541764974594116211e+00 2.683796405792236328e+00 4.375080585479736328e+00 4.686480045318603516e+00 4.068313598632812500e+00 5.327297687530517578e+00 3.306238651275634766e+00 6.053049087524414062e+00 5.817488193511962891e+00 5.954329967498779297e+00 5.149936676025390625e+00 7.978975296020507812e+00 3.768483877182006836e+00 2.474252223968505859e+00 2.737241983413696289e+00 3.874377489089965820e+00 5.905163764953613281e+00 3.547428607940673828e+00 2.382265567779541016e+00
2.381817579269409180e+00 4.543802261352539062e+00 4.338895797729492188e+00 4.033334255218505859e+00 4.931789875030517578e+00 6.778704166412353516e+00 4.245954990386962891e+00 3.286188602447509766e+00 7.195405960083007812e+00 7.514987945556640625e+00 5.639358997344970703e+00 7.212311744689941406e+00 3.387680053710937500e+00 3.892048835754394531e+00 5.807543754577636719e+00 2.596403837203979492e+00 4.027208805084228516e+00 4.743006706237792969e+00 6.105889320373535156e+00 3.803466558456420898e+00
5.273228645324707031e+00 5.507004261016845703e+00 3.321398735046386719e+00 4.767733097076416016e+00 6.986258029937744141e+00 3.900055885314941406e+00 3.557404279708862305e+00 6.401246070861816406e+00 4.865607738494873047e+00 5.112700462341308594e+00 8.772873878479003906e+00 7.300863265991210938e+00 1.006869316101074219e+01 4.266219615936279297e+00 5.587283611297607422e+00 2.525465250015258789e+00 2.950541973114013672e+00 7.189658164978027344e+00 4.913297176361083984e+00 3.230446100234985352e+00
