2019-07-26 10:45:00
9.842700958251953125e+00 6.889299392700195312e+00 5.656234264373779297e+00 3.428939104080200195e+00 5.918107509613037109e+00 5.492751598358154297e+00 4.039783477783203125e+00 4.549521446228027344e+00 6.999020576477050781e+00 7.001183509826660156e+00 3.184799909591674805e+00 4.252810478210449219e+00 4.925372123718261719e+00 3.064785480499267578e+00 6.618004798889160156e+00 7.082713127136230469e+00 6.036289215087890625e+00 3.333563089370727539e+00 4.048634052276611328e+00 4.373009681701660156e+00
4.753107070922851562e+00 9.425798416137695312e+00 5.538988113403320312e+00 4.842543601989746094e+00 6.578992366790771484e+00 5.609840869903564453e+00 5.595997810363769531e+00 4.101574897766113281e+00 4.608039855957031250e+00 3.934645652770996094e+00 2.471497774124145508e+00 3.633893728256225586e+00 4.812466621398925781e+00 7.067176818847656250e+00 6.846430778503417969e+00 5.172953128814697266e+00 6.898176670074462891e+00 7.893803596496582031e+00 4.088028907775878906e+00 4.707373142242431641e+00
9.156414031982421875e+00 5.467611312866210938e+00 5.541452407836914062e+00 6.965004920959472656e+00 5.475797653198242188e+00 1.179364013671875000e+01 5.643771171569824219e+00 4.653526306152343750e+00 4.078862190246582031e+00 5.206392765045166016e+00 8.102821350097656250e+00 1.036463356018066406e+01 5.142030239105224609e+00 5.599489688873291016e+00 4.529164314270019531e+00 5.709121227264404297e+00 1.158472728729248047e+01 4.888001441955566406e+00 6.042666435241699219e+00 6.181547164916992188e+00
5.843673229217529297e+00 6.594184875488281250e+00 9.150370597839355469e+00 6.515984535217285156e+00 4.910499572753906250e+00 4.812486171722412109e+00 3.525997638702392578e+00 4.963945388793945312e+00 3.162471771240234375e+00 1.047850322723388672e+01 8.061744689941406250e+00 9.097217559814453125e+00 3.547321796417236328e+00 3.389329910278320312e+00 6.083807945251464844e+00 5.901961326599121094e+00 5.671220779418945312e+00 7.458988189697265625e+00 4.482355117797851562e+00 2.215518236160278320e+00
3.147366046905517578e+00 6.342710971832275391e+00 6.560856819152832031e+00 3.574125766754150391e+00 3.821488618850708008e+00 9.369966506958007812e+00 5.174678325653076172e+00 9.748029708862304688e+00 9.075219154357910156e+00 1.169242572784423828e+01 2.387411832809448242e+00 6.427647590637207031e+00 1.126192474365234375e+01 3.450604677200317383e+00 4.656362056732177734e+00 9.384602546691894531e+00 3.705531835556030273e+00 3.054728507995605469e+00 7.481770038604736328e+00 3.379743576049804688e+00
3.483878135681152344e+00 4.792086601257324219e+00 1.075823402404785156e+01 6.768382072448730469e+00 5.615957736968994141e+00 8.031538009643554688e+00 5.206641674041748047e+00 7.876816749572753906e+00 5.416535377502441406e+00 7.180888175964355469e+00 3.560435295104980469e+00 5.528990745544433594e+00 6.056179046630859375e+00 2.556512832641601562e+00 4.459001541137695312e+00 9.045965194702148438e+00 5.974245548248291016e+00 7.101085186004638672e+00 7.539991855621337891e+00 3.464954853057861328e+00
7.198503971099853516e+00 6.670192718505859375e+00 1.093615245819091797e+01 5.747673988342285156e+00 1.241882228851318359e+01 9.341341018676757812e+00 6.620011806488037109e+00 7.631886482238769531e+00 3.380598306655883789e+00 3.535302400588989258e+00 3.200144767761230469e+00 4.365600585937500000e+00 8.752187728881835938e+00 6.224510192871093750e+00 5.895640373229980469e+00 8.221189498901367188e+00 4.964372158050537109e+00 7.653779029846191406e+00 6.529974937438964844e+00 5.737971305847167969e+00
6.980525970458984375e+00 5.302053451538085938e+00 8.059543609619140625e+00 9.836492538452148438e+00 5.706243991851806641e+00 5.780992507934570312e+00 4.997214317321777344e+00 5.317143917083740234e+00 5.307538032531738281e+00 5.147846221923828125e+00 6.736785888671875000e+00 6.056340217590332031e+00 9.025220870971679688e+00 1.219552803039550781e+01 5.228869915008544922e+00 2.509896516799926758e+00 6.147706031799316406e+00 5.302742481231689453e+00 8.711154937744140625e+00 5.664219856262207031e+00
8.717191696166992188e+00 6.601958274841308594e+00 8.235768318176269531e+00 1.095450973510742188e+01 9.527528762817382812e+00 5.108590126037597656e+00 5.477764129638671875e+00 6.951357364654541016e+00 4.906829357147216797e+00 5.980010032653808594e+00 5.620002746582031250e+00 4.641489028930664062e+00 5.530794143676757812e+00 5.195610046386718750e+00 7.496410369873046875e+00 5.660584449768066406e+00 6.356587409973144531e+00 5.686185359954833984e+00 3.761956930160522461e+00 3.596602916717529297e+00
9.185123443603515625e+00 5.800693511962890625e+00 2.227657794952392578e+00 3.776662826538085938e+00 4.591232299804687500e+00 5.376053810119628906e+00 5.505955219268798828e+00 3.948957204818725586e+00 3.515338420867919922e+00 8.524188995361328125e+00 4.037875175476074219e+00 3.940245151519775391e+00 3.900422334671020508e+00 3.152015686035156250e+00 4.484345436096191406e+00 4.169184207916259766e+00 7.869495868682861328e+00 4.358266830444335938e+00 4.521369934082031250e+00 4.383731365203857422e+00
4.631070137023925781e+00 2.955703973770141602e+00 3.481650829315185547e+00 3.351129293441772461e+00 3.468932628631591797e+00 3.091787338256835938e+00 3.723873376846313477e+00 3.269772529602050781e+00 2.739904880523681641e+00 2.179860591888427734e+00 3.996257066726684570e+00 4.717079162597656250e+00 5.200037479400634766e+00 2.698856830596923828e+00 3.477060794830322266e+00 4.626397132873535156e+00 3.080845832824707031e+00 8.771823883056640625e+00 6.400338649749755859e+00 6.691305160522460938e+00
2.286933422088623047e+00 3.612924098968505859e+00 3.486692905426025391e+00 2.955199718475341797e+00 3.701258182525634766e+00 4.607238292694091797e+00 6.884163856506347656e+00 4.631210327148437500e+00 2.267261743545532227e+00 3.331225395202636719e+00 3.678468465805053711e+00 2.517979860305786133e+00 1.979869365692138672e+00 3.333559036254882812e+00 3.259727001190185547e+00 1.096177101135253906e+01 3.654034137725830078e+00 4.481429576873779297e+00 3.402321338653564453e+00 6.062983512878417969e+00
7.171114921569824219e+00 2.877686023712158203e+00 2.612529516220092773e+00 5.438768386840820312e+00 4.926334381103515625e+00 1.095692825317382812e+01 1.313556289672851562e+01 6.454224586486816406e+00 3.447160959243774414e+00 2.717347621917724609e+00 3.366200923919677734e+00 3.590060710906982422e+00 3.469954252243041992e+00 3.613810062408447266e+00 5.313354015350341797e+00 4.246546745300292969e+00 3.707598209381103516e+00 4.343384742736816406e+00 6.700370311737060547e+00 5.582834720611572266e+00
1.211068344116210938e+01 5.706724166870117188e+00 2.182902574539184570e+00 9.754051208496093750e+00 9.612915039062500000e+00 1.080198287963867188e+01 1.394899368286132812e+01 1.064615440368652344e+01 6.723181724548339844e+00 5.066312313079833984e+00 2.808099269866943359e+00 3.619994640350341797e+00 3.477449655532836914e+00 4.551442146301269531e+00 5.949955940246582031e+00 4.617084980010986328e+00 7.468895912170410156e+00 5.107978343963623047e+00 5.011286735534667969e+00 3.613526821136474609e+00
1.377291584014892578e+01 5.906498908996582031e+00 3.487521886825561523e+00 6.412557601928710938e+00 7.614606857299804688e+00 1.251101875305175781e+01 1.194221210479736328e+01 1.120042991638183594e+01 4.716993331909179688e+00 2.473398923873901367e+00 4.643231391906738281e+00 3.429399490356445312e+00 4.197918415069580078e+00 4.012726783752441406e+00 5.000782489776611328e+00 6.359060764312744141e+00 5.416619300842285156e+00 5.540145874023437500e+00 5.542666435241699219e+00 3.780454158782958984e+00
9.903730392456054688e+00 4.865765571594238281e+00 5.497061729431152344e+00 9.288161277770996094e+00 9.999214172363281250e+00 1.014287757873535156e+01 6.912310600280761719e+00 2.619949340820312500e+00 2.450981616973876953e+00 2.640649795532226562e+00 2.380047559738159180e+00 4.519628047943115234e+00 2.812084674835205078e+00 4.177396774291992188e+00 2.528870582580566406e+00 5.479434013366699219e+00 3.391126394271850586e+00 5.590722084045410156e+00 5.983061790466308594e+00 5.316119670867919922e+00
6.940387725830078125e+00 4.296615123748779297e+00 7.134632110595703125e+00 7.802315235137939453e+00 8.676776885986328125e+00 4.497446060180664062e+00 1.179961323738098145e+00 -8.712216019630432129e-01 8.054027557373046875e-01 2.607772350311279297e+00 2.036215782165527344e+00 4.801071166992187500e+00 3.969110488891601562e+00 3.333014488220214844e+00 4.304160118103027344e+00 4.149301052093505859e+00 5.200795173645019531e+00 3.529482603073120117e+00 5.361868858337402344e+00 4.654269218444824219e+00
6.713166713714599609e+00 3.902758598327636719e+00 3.411739826202392578e+00 9.873594284057617188e+00 6.544696807861328125e+00 5.088405609130859375e+00 1.775693058967590332e+00 2.805899143218994141e+00 1.151599884033203125e+00 3.670778512954711914e+00 2.794492244720458984e+00 2.677060127258300781e+00 3.805060386657714844e+00 2.935864925384521484e+00 3.671867370605468750e+00 5.704775810241699219e+00 7.238879203796386719e+00 6.836280822753906250e+00 5.860113143920898438e+00 5.198343276977539062e+00
3.760961771011352539e+00 5.087858200073242188e+00 4.273606300354003906e+00 2.290939807891845703e+00 6.906998634338378906e+00 6.891038894653320312e+00 4.296191215515136719e+00 4.030657768249511719e+00 6.828820228576660156e+00 7.036921501159667969e+00 5.966551780700683594e+00 3.570920467376708984e+00 2.012810468673706055e+00 3.620815277099609375e+00 7.214527606964111328e+00 4.534495830535888672e+00 4.957515716552734375e+00 6.454944610595703125e+00 6.136822700500488281e+00 5.566070556640625000e+00
6.171601295471191406e+00 6.688787460327148438e+00 3.366139650344848633e+00 3.661639213562011719e+00 6.233870506286621094e+00 2.985194206237792969e+00 5.676859855651855469e+00 4.423146724700927734e+00 6.177907466888427734e+00 7.651014804840087891e+00 8.316206932067871094e+00 6.057793617248535156e+00 4.830832481384277344e+00 3.850965499877929688e+00 7.355240345001220703e+00 4.266007423400878906e+00 5.085993289947509766e+00 4.995562076568603516e+00 1.036746406555175781e+01 3.825171470642089844e+00
