2019-07-26 11:00:00
8.945585250854492188e+00 5.990977287292480469e+00 8.809956550598144531e+00 4.579276084899902344e+00 5.043229103088378906e+00 6.401400566101074219e+00 5.287453651428222656e+00 5.268783092498779297e+00 7.350721359252929688e+00 6.480426311492919922e+00 3.356406927108764648e+00 3.320542097091674805e+00 1.176986217498779297e+01 4.728877544403076172e+00 3.823261499404907227e+00 9.510002136230468750e+00 1.210591125488281250e+01 4.538923263549804688e+00 4.473597526550292969e+00 2.858219146728515625e+00
7.595735549926757812e+00 6.825520038604736328e+00 5.714102745056152344e+00 1.236463356018066406e+01 7.311384677886962891e+00 6.162098884582519531e+00 5.026432037353515625e+00 3.623222827911376953e+00 3.808977127075195312e+00 4.511322498321533203e+00 3.693582534790039062e+00 4.142549514770507812e+00 3.597258567810058594e+00 7.906554222106933594e+00 6.574440956115722656e+00 3.685130119323730469e+00 8.885898590087890625e+00 6.189708709716796875e+00 6.416913032531738281e+00 4.580040931701660156e+00
6.081010818481445312e+00 6.136108875274658203e+00 6.982915878295898438e+00 8.465782165527343750e+00 7.200902938842773438e+00 7.908987998962402344e+00 9.008419036865234375e+00 4.019622325897216797e+00 2.468593835830688477e+00 5.280073165893554688e+00 4.855873584747314453e+00 9.816669464111328125e+00 3.400387287139892578e+00 3.676783800125122070e+00 8.417573928833007812e+00 4.742344856262207031e+00 1.229862594604492188e+01 4.370348930358886719e+00 5.500342845916748047e+00 6.059084892272949219e+00
4.891638278961181641e+00 8.557511329650878906e+00 9.369342803955078125e+00 9.011008262634277344e+00 4.348765373229980469e+00 2.786194324493408203e+00 4.852409839630126953e+00 2.709905147552490234e+00 3.199792623519897461e+00 7.989254951477050781e+00 9.321237564086914062e+00 7.809391021728515625e+00 5.304934501647949219e+00 4.734558105468750000e+00 9.877683639526367188e+00 4.658981323242187500e+00 7.240331172943115234e+00 6.086379051208496094e+00 4.193619728088378906e+00 2.925158977508544922e+00
3.347629547119140625e+00 4.336016654968261719e+00 3.916204452514648438e+00 4.148641586303710938e+00 2.962188720703125000e+00 8.968278884887695312e+00 3.395769119262695312e+00 1.280111408233642578e+01 8.147187232971191406e+00 6.957527160644531250e+00 9.310502052307128906e+00 7.092880725860595703e+00 6.319598674774169922e+00 5.094768524169921875e+00 6.757127761840820312e+00 3.189951419830322266e+00 6.323514938354492188e+00 6.948764801025390625e+00 4.935861587524414062e+00 4.953984737396240234e+00
4.061630249023437500e+00 5.208398342132568359e+00 8.567660331726074219e+00 4.618050575256347656e+00 1.306733989715576172e+01 7.351009368896484375e+00 5.987712860107421875e+00 1.083488082885742188e+01 5.237393856048583984e+00 7.066267967224121094e+00 6.453909873962402344e+00 5.514107704162597656e+00 5.667984008789062500e+00 3.436545372009277344e+00 5.702205181121826172e+00 7.770350456237792969e+00 4.783244609832763672e+00 9.645809173583984375e+00 9.857028961181640625e+00 4.015061378479003906e+00
6.241636276245117188e+00 2.882798194885253906e+00 7.803533077239990234e+00 5.920579910278320312e+00 7.853557586669921875e+00 1.139578056335449219e+01 7.823908805847167969e+00 4.837662696838378906e+00 5.994232177734375000e+00 5.772341728210449219e+00 4.524320125579833984e+00 4.344989776611328125e+00 6.381278991699218750e+00 7.088726997375488281e+00 3.946908950805664062e+00 7.037604331970214844e+00 5.849968433380126953e+00 3.848196029663085938e+00 6.579395294189453125e+00 6.487472534179687500e+00
5.680873870849609375e+00 7.438414573669433594e+00 3.465923786163330078e+00 9.717718124389648438e+00 6.232550621032714844e+00 5.968186855316162109e+00 5.898626327514648438e+00 6.359296798706054688e+00 6.918061256408691406e+00 3.796817302703857422e+00 6.645128726959228516e+00 3.971614599227905273e+00 5.536741733551025391e+00 9.979333877563476562e+00 4.192549705505371094e+00 5.317855834960937500e+00 9.025245666503906250e+00 6.507090568542480469e+00 9.218713760375976562e+00 5.939702987670898438e+00
6.543639183044433594e+00 7.203078269958496094e+00 1.031509780883789062e+01 7.154274940490722656e+00 5.388792991638183594e+00 8.270319938659667969e+00 5.535814285278320312e+00 5.805004119873046875e+00 7.470455646514892578e+00 4.733942985534667969e+00 7.216698169708251953e+00 3.940512657165527344e+00 8.547597885131835938e+00 3.732973098754882812e+00 5.263027191162109375e+00 5.075977325439453125e+00 6.412712574005126953e+00 5.335908412933349609e+00 4.781780242919921875e+00 5.968225479125976562e+00
9.196929931640625000e+00 1.166258239746093750e+01 6.298521995544433594e+00 5.443606376647949219e+00 8.302957534790039062e+00 5.200357437133789062e+00 6.925864696502685547e+00 7.366632461547851562e+00 8.835274696350097656e+00 8.837594985961914062e+00 6.798455238342285156e+00 5.954504966735839844e+00 5.311563968658447266e+00 3.684522390365600586e+00 4.458308219909667969e+00 3.410634279251098633e+00 6.202421665191650391e+00 4.639508724212646484e+00 4.936635494232177734e+00 6.418469905853271484e+00
4.761082649230957031e+00 4.263805389404296875e+00 4.069274425506591797e+00 6.262131214141845703e+00 8.049814224243164062e+00 6.523808479309082031e+00 6.563047409057617188e+00 6.073190689086914062e+00 4.615067481994628906e+00 5.793546676635742188e+00 5.999644756317138672e+00 4.018409252166748047e+00 6.111860275268554688e+00 4.152101993560791016e+00 4.609662055969238281e+00 3.455890178680419922e+00 3.518038749694824219e+00 6.537341594696044922e+00 3.912702798843383789e+00 6.048595428466796875e+00
4.812253475189208984e+00 4.242336273193359375e+00 6.011507987976074219e+00 5.667352676391601562e+00 3.885866880416870117e+00 7.538123607635498047e+00 6.262588977813720703e+00 6.848064422607421875e+00 2.968776226043701172e+00 6.777779579162597656e+00 5.703422546386718750e+00 2.003604412078857422e+00 2.802456855773925781e+00 2.874313354492187500e+00 3.664475440979003906e+00 7.357889652252197266e+00 4.017128467559814453e+00 3.670459747314453125e+00 4.749311447143554688e+00 6.051430225372314453e+00
3.213098526000976562e+00 4.546937942504882812e+00 5.990255355834960938e+00 7.513758659362792969e+00 7.805688858032226562e+00 6.266455650329589844e+00 6.549108505249023438e+00 1.125804901123046875e+01 6.423722267150878906e+00 4.405825614929199219e+00 4.515751361846923828e+00 4.724385738372802734e+00 2.812138080596923828e+00 4.473001956939697266e+00 4.861330986022949219e+00 3.621487617492675781e+00 4.563575744628906250e+00 4.335009574890136719e+00 5.918065071105957031e+00 5.735278606414794922e+00
4.081829071044921875e+00 6.549624919891357422e+00 7.045047283172607422e+00 6.062437057495117188e+00 9.027407646179199219e+00 7.596860885620117188e+00 8.434341430664062500e+00 7.406871318817138672e+00 5.598098278045654297e+00 7.574359893798828125e+00 4.884444713592529297e+00 4.647753715515136719e+00 4.922289848327636719e+00 5.762721061706542969e+00 4.668244361877441406e+00 3.411242723464965820e+00 6.633328437805175781e+00 5.054712295532226562e+00 4.882947921752929688e+00 6.336295604705810547e+00
3.467625856399536133e+00 5.089657783508300781e+00 4.140641212463378906e+00 9.877532958984375000e+00 6.626940727233886719e+00 1.152151966094970703e+01 8.161852836608886719e+00 7.288535594940185547e+00 9.197166442871093750e+00 6.326211929321289062e+00 9.316781044006347656e+00 5.364451408386230469e+00 5.395360946655273438e+00 4.871134757995605469e+00 4.171205520629882812e+00 5.599874973297119141e+00 6.848160743713378906e+00 3.270952224731445312e+00 6.364480972290039062e+00 4.168208599090576172e+00
4.804901599884033203e+00 7.253330230712890625e+00 6.563706874847412109e+00 5.948437690734863281e+00 5.305513381958007812e+00 5.959739685058593750e+00 7.002099990844726562e+00 9.806861877441406250e+00 7.120039463043212891e+00 5.748168945312500000e+00 5.428496360778808594e+00 1.022786140441894531e+01 4.444114685058593750e+00 7.709929943084716797e+00 3.399092674255371094e+00 4.264578819274902344e+00 5.621816635131835938e+00 5.100142002105712891e+00 5.444063663482666016e+00 8.735177040100097656e+00
4.711666107177734375e+00 3.566748857498168945e+00 7.585429191589355469e+00 6.942434310913085938e+00 1.349975872039794922e+01 6.236556053161621094e+00 7.971185684204101562e+00 7.142026901245117188e+00 8.878211975097656250e+00 8.116729736328125000e+00 8.476759910583496094e+00 2.832382678985595703e+00 1.083290004730224609e+01 4.644746780395507812e+00 5.225321769714355469e+00 4.092817306518554688e+00 6.524162769317626953e+00 7.268122673034667969e+00 3.475623130798339844e+00 4.245175838470458984e+00
5.085085868835449219e+00 4.112051963806152344e+00 4.455429077148437500e+00 5.752635002136230469e+00 8.265963554382324219e+00 8.994810104370117188e+00 6.356966972351074219e+00 8.223388671875000000e+00 5.590792655944824219e+00 5.471317768096923828e+00 9.503374099731445312e+00 6.386541366577148438e+00 5.203626155853271484e+00 7.076176643371582031e+00 2.515698432922363281e+00 5.556301116943359375e+00 4.848116874694824219e+00 5.725520133972167969e+00 4.017693519592285156e+00 4.830206394195556641e+00
3.978907108306884766e+00 5.323355197906494141e+00 4.700301647186279297e+00 5.831648826599121094e+00 5.377332210540771484e+00 8.851110458374023438e+00 8.885300636291503906e+00 8.237416267395019531e+00 6.600750446319580078e+00 1.081913948059082031e+01 9.550556182861328125e+00 6.073539733886718750e+00 3.287868022918701172e+00 7.310286521911621094e+00 6.962241649627685547e+00 4.419298171997070312e+00 4.586598396301269531e+00 5.641279220581054688e+00 6.036818504333496094e+00 4.994022369384765625e+00
5.478578567504882812e+00 7.070985794067382812e+00 4.090736389160156250e+00 2.814829587936401367e+00 5.170104980468750000e+00 6.108458518981933594e+00 5.737228393554687500e+00 1.091092300415039062e+01 1.022801113128662109e+01 8.065750122070312500e+00 4.662839889526367188e+00 1.277551174163818359e+01 6.394905567169189453e+00 4.533824920654296875e+00 1.017689228057861328e+01 6.095322608947753906e+00 3.880232334136962891e+00 6.872334480285644531e+00 7.876151084899902344e+00 5.678240776062011719e+00
