2019-07-26 11:30:00
6.314281463623046875e+00 6.565798282623291016e+00 7.575790882110595703e+00 1.086478233337402344e+01 7.549813270568847656e+00 7.781675338745117188e+00 5.084714889526367188e+00 5.350831031799316406e+00 5.840433120727539062e+00 5.865255355834960938e+00 7.576844215393066406e+00 4.237721443176269531e+00 7.485116958618164062e+00 3.835945606231689453e+00 7.326519966125488281e+00 7.738311290740966797e+00 6.589952468872070312e+00 7.807235717773437500e+00 5.108714580535888672e+00 2.528596878051757812e+00
7.459609508514404297e+00 5.033863067626953125e+00 4.829421043395996094e+00 7.651358604431152344e+00 8.585470199584960938e+00 4.548089027404785156e+00 8.819055557250976562e+00 7.199281692504882812e+00 4.221403598785400391e+00 5.422876834869384766e+00 3.635633945465087891e+00 3.012421846389770508e+00 3.369039297103881836e+00 5.991582870483398438e+00 4.727212905883789062e+00 4.835426330566406250e+00 1.419963741302490234e+01 8.072595596313476562e+00 6.561531543731689453e+00 4.688174724578857422e+00
8.887585639953613281e+00 1.058183193206787109e+01 1.037754631042480469e+01 6.050985336303710938e+00 7.026902675628662109e+00 6.590573787689208984e+00 1.144173049926757812e+01 4.079143524169921875e+00 5.124481201171875000e+00 3.960455417633056641e+00 7.372908115386962891e+00 5.306682586669921875e+00 5.796887397766113281e+00 4.246090412139892578e+00 5.337499618530273438e+00 7.649847507476806641e+00 8.532865524291992188e+00 5.041914939880371094e+00 4.541453361511230469e+00 8.187177658081054688e+00
6.060070514678955078e+00 7.688251018524169922e+00 3.882897377014160156e+00 6.163064002990722656e+00 5.297879219055175781e+00 4.123091220855712891e+00 5.492014884948730469e+00 4.604666233062744141e+00 4.759073257446289062e+00 7.415406227111816406e+00 1.102700710296630859e+01 4.185525894165039062e+00 7.085019111633300781e+00 5.034703254699707031e+00 7.376606941223144531e+00 4.951494216918945312e+00 4.505245208740234375e+00 6.584554672241210938e+00 4.108314990997314453e+00 5.290510177612304688e+00
7.440108776092529297e+00 3.702466249465942383e+00 6.186171531677246094e+00 4.176475524902343750e+00 4.862152099609375000e+00 5.965692520141601562e+00 8.589297294616699219e+00 8.528658866882324219e+00 1.294439506530761719e+01 1.178000831604003906e+01 8.483569145202636719e+00 5.997273445129394531e+00 1.019222450256347656e+01 4.471360206604003906e+00 4.858708381652832031e+00 8.447148323059082031e+00 5.414818763732910156e+00 5.320379257202148438e+00 6.357096672058105469e+00 3.134278774261474609e+00
5.057166576385498047e+00 9.298430442810058594e+00 9.104985237121582031e+00 8.569719314575195312e+00 8.864321708679199219e+00 8.066244125366210938e+00 4.678871154785156250e+00 9.248764038085937500e+00 5.797524929046630859e+00 5.943795680999755859e+00 4.953156471252441406e+00 5.295946121215820312e+00 3.098216056823730469e+00 5.032376289367675781e+00 3.539771318435668945e+00 8.432789802551269531e+00 5.506104469299316406e+00 5.864532470703125000e+00 6.497976303100585938e+00 2.424272060394287109e+00
7.989709377288818359e+00 9.100496292114257812e+00 6.372476577758789062e+00 8.195411682128906250e+00 9.591377258300781250e+00 1.171982860565185547e+01 1.034950447082519531e+01 6.333980560302734375e+00 5.010981082916259766e+00 5.441752433776855469e+00 1.052580070495605469e+01 5.621749401092529297e+00 9.909772872924804688e+00 5.220047950744628906e+00 6.251290321350097656e+00 4.704250812530517578e+00 5.303961753845214844e+00 5.477333068847656250e+00 5.743138313293457031e+00 6.951605796813964844e+00
8.855360031127929688e+00 5.820487022399902344e+00 6.567249298095703125e+00 7.061066150665283203e+00 9.275268554687500000e+00 7.105681896209716797e+00 4.640063285827636719e+00 5.951404571533203125e+00 5.754365921020507812e+00 5.230350494384765625e+00 7.469842433929443359e+00 7.669128417968750000e+00 8.943805694580078125e+00 4.544456958770751953e+00 4.747610569000244141e+00 4.559597492218017578e+00 4.629155635833740234e+00 6.558704376220703125e+00 9.003159523010253906e+00 7.303252220153808594e+00
5.995597362518310547e+00 1.118128013610839844e+01 1.364225959777832031e+01 8.141832351684570312e+00 8.643844604492187500e+00 6.375139236450195312e+00 8.568304061889648438e+00 4.530278205871582031e+00 5.857739448547363281e+00 6.081542491912841797e+00 7.628695487976074219e+00 1.015245437622070312e+01 9.728127479553222656e+00 7.996593952178955078e+00 7.080540657043457031e+00 4.756576061248779297e+00 5.425455093383789062e+00 4.168251514434814453e+00 7.520092010498046875e+00 7.911550521850585938e+00
6.542058944702148438e+00 1.206206703186035156e+01 7.447890758514404297e+00 5.744617938995361328e+00 5.847940444946289062e+00 5.628949642181396484e+00 1.004571628570556641e+01 7.647903919219970703e+00 5.931587219238281250e+00 1.021092605590820312e+01 5.760587692260742188e+00 7.641182899475097656e+00 4.799816608428955078e+00 6.091471672058105469e+00 5.724554061889648438e+00 4.192942619323730469e+00 9.129935264587402344e+00 5.559620857238769531e+00 8.509883880615234375e+00 5.038493633270263672e+00
6.169257640838623047e+00 4.642532348632812500e+00 8.548946380615234375e+00 6.491638183593750000e+00 6.791127204895019531e+00 7.646457195281982422e+00 8.041906356811523438e+00 7.539359092712402344e+00 4.574408054351806641e+00 6.860085487365722656e+00 5.558757305145263672e+00 5.532340049743652344e+00 7.854050636291503906e+00 4.843764305114746094e+00 7.969837665557861328e+00 4.534112930297851562e+00 5.828361511230468750e+00 1.389994430541992188e+01 3.066080331802368164e+00 6.190742015838623047e+00
5.104604244232177734e+00 4.968935012817382812e+00 6.601673603057861328e+00 6.884817123413085938e+00 3.025576829910278320e+00 7.344010829925537109e+00 7.280036926269531250e+00 1.028533458709716797e+01 4.821959495544433594e+00 4.942606449127197266e+00 7.053981304168701172e+00 6.004033088684082031e+00 5.243213653564453125e+00 4.589342117309570312e+00 6.283189773559570312e+00 6.979162693023681641e+00 4.816238403320312500e+00 4.703454971313476562e+00 6.762998580932617188e+00 6.318723201751708984e+00
8.288885116577148438e+00 3.363373994827270508e+00 8.712406158447265625e+00 6.895314216613769531e+00 4.642742633819580078e+00 7.601462364196777344e+00 5.289568901062011719e+00 7.379949092864990234e+00 5.759072780609130859e+00 6.538548469543457031e+00 8.525117874145507812e+00 5.999660015106201172e+00 9.932670593261718750e+00 8.040790557861328125e+00 8.632560729980468750e+00 7.498706340789794922e+00 5.511241912841796875e+00 5.192875862121582031e+00 9.421264648437500000e+00 5.061887264251708984e+00
7.236954689025878906e+00 8.031385421752929688e+00 8.586096763610839844e+00 6.327826499938964844e+00 5.798379898071289062e+00 7.588716506958007812e+00 6.711375713348388672e+00 7.506134986877441406e+00 8.394326210021972656e+00 1.001103019714355469e+01 8.301052093505859375e+00 6.891303539276123047e+00 9.322944641113281250e+00 7.706770896911621094e+00 5.627081871032714844e+00 8.782318115234375000e+00 5.054408550262451172e+00 5.387832641601562500e+00 6.433955669403076172e+00 4.917417049407958984e+00
5.068179130554199219e+00 9.039678573608398438e+00 5.393924713134765625e+00 5.803604125976562500e+00 8.035174369812011719e+00 4.882269382476806641e+00 6.918772220611572266e+00 6.304189682006835938e+00 7.481099128723144531e+00 6.742508411407470703e+00 9.351356506347656250e+00 8.864065170288085938e+00 1.162792778015136719e+01 7.324721336364746094e+00 5.282079696655273438e+00 7.120342254638671875e+00 8.818483352661132812e+00 5.274182319641113281e+00 8.860689163208007812e+00 5.451209068298339844e+00
4.663346767425537109e+00 3.116863250732421875e+00 4.870885372161865234e+00 6.573608875274658203e+00 5.847831726074218750e+00 5.680901527404785156e+00 6.736739158630371094e+00 1.128614521026611328e+01 8.043840408325195312e+00 9.157049179077148438e+00 1.314645099639892578e+01 6.875631332397460938e+00 9.291380882263183594e+00 7.248063087463378906e+00 5.880164146423339844e+00 8.105838775634765625e+00 5.652466773986816406e+00 6.474227905273437500e+00 4.543373107910156250e+00 1.314952468872070312e+01
5.632173061370849609e+00 6.788949489593505859e+00 7.631738662719726562e+00 6.170981407165527344e+00 8.122228622436523438e+00 6.914021492004394531e+00 7.886177062988281250e+00 6.489454269409179688e+00 6.965853691101074219e+00 1.022765922546386719e+01 4.618454933166503906e+00 3.756530761718750000e+00 6.738471031188964844e+00 8.084302902221679688e+00 5.443532943725585938e+00 8.945755004882812500e+00 5.792301177978515625e+00 4.519739151000976562e+00 5.557832717895507812e+00 9.140073776245117188e+00
6.403889656066894531e+00 4.587494373321533203e+00 4.723932743072509766e+00 1.168214035034179688e+01 6.185311317443847656e+00 7.853739738464355469e+00 7.274039268493652344e+00 5.450725555419921875e+00 5.256432056427001953e+00 6.748983383178710938e+00 4.813895225524902344e+00 5.540896415710449219e+00 6.276065826416015625e+00 8.063047409057617188e+00 7.202825546264648438e+00 7.190186977386474609e+00 7.405630111694335938e+00 3.214339733123779297e+00 7.138121604919433594e+00 6.730461597442626953e+00
8.157926559448242188e+00 8.811110496520996094e+00 6.236241817474365234e+00 1.016794109344482422e+01 3.774199247360229492e+00 4.872148513793945312e+00 7.439018726348876953e+00 5.065144062042236328e+00 9.142265319824218750e+00 5.922784805297851562e+00 9.233574867248535156e+00 9.932453155517578125e+00 3.829776048660278320e+00 7.787970542907714844e+00 5.879111766815185547e+00 6.092703819274902344e+00 3.593588113784790039e+00 6.570683479309082031e+00 8.555288314819335938e+00 5.900393009185791016e+00
6.011692523956298828e+00 5.919045448303222656e+00 4.961356163024902344e+00 3.690589427947998047e+00 6.292486190795898438e+00 5.277939319610595703e+00 8.423885345458984375e+00 5.990348815917968750e+00 8.156698226928710938e+00 8.799092292785644531e+00 7.894220829010009766e+00 6.953355312347412109e+00 6.588518142700195312e+00 8.236927032470703125e+00 7.506122589111328125e+00 7.879562854766845703e+00 6.000381469726562500e+00 7.060275077819824219e+00 4.477955341339111328e+00 5.865612983703613281e+00
