2019-07-26 11:45:00
9.600717544555664062e+00 5.234433650970458984e+00 7.305144786834716797e+00 7.072788715362548828e+00 5.812808036804199219e+00 7.360112190246582031e+00 5.492584705352783203e+00 6.286058902740478516e+00 6.861279487609863281e+00 5.517744064331054688e+00 5.095776081085205078e+00 4.812449932098388672e+00 6.545356750488281250e+00 3.747768878936767578e+00 5.295706272125244141e+00 1.063084316253662109e+01 9.072333335876464844e+00 5.794208526611328125e+00 3.844649791717529297e+00 3.488713979721069336e+00
6.602891445159912109e+00 8.097629547119140625e+00 6.681639671325683594e+00 4.125041007995605469e+00 7.847687244415283203e+00 6.405417442321777344e+00 6.440458297729492188e+00 4.653944015502929688e+00 2.542739629745483398e+00 4.404496192932128906e+00 3.156732082366943359e+00 3.630356550216674805e+00 4.851457118988037109e+00 6.078907966613769531e+00 3.835460901260375977e+00 6.559378623962402344e+00 6.803536415100097656e+00 1.053747653961181641e+01 5.180257797241210938e+00 3.679071426391601562e+00
5.254446983337402344e+00 9.227565765380859375e+00 5.557743549346923828e+00 6.814360618591308594e+00 1.006011962890625000e+01 7.585294246673583984e+00 1.072491836547851562e+01 4.818075656890869141e+00 5.010993003845214844e+00 4.468487262725830078e+00 9.890593528747558594e+00 4.935351371765136719e+00 3.604911088943481445e+00 4.758709907531738281e+00 3.650830030441284180e+00 6.597670555114746094e+00 1.065603351593017578e+01 5.630350112915039062e+00 4.599254608154296875e+00 6.190969467163085938e+00
5.483714580535888672e+00 8.618008613586425781e+00 9.142969131469726562e+00 6.060823917388916016e+00 4.120811939239501953e+00 5.439884185791015625e+00 4.245964050292968750e+00 6.137286663055419922e+00 4.037266731262207031e+00 8.239801406860351562e+00 9.812276840209960938e+00 5.364322662353515625e+00 6.020507335662841797e+00 5.683476448059082031e+00 6.602529525756835938e+00 4.132901668548583984e+00 4.760280609130859375e+00 6.398450851440429688e+00 4.254059314727783203e+00 3.058234930038452148e+00
2.389276504516601562e+00 3.866075277328491211e+00 5.521343231201171875e+00 4.811698913574218750e+00 4.937719345092773438e+00 6.556468963623046875e+00 7.823044776916503906e+00 9.241207122802734375e+00 1.189764404296875000e+01 6.657637596130371094e+00 8.676863670349121094e+00 6.975709915161132812e+00 8.785964012145996094e+00 5.538140296936035156e+00 1.069387912750244141e+01 9.366966247558593750e+00 4.357394695281982422e+00 8.598978042602539062e+00 9.397285461425781250e+00 3.530324459075927734e+00
4.416421413421630859e+00 1.949900031089782715e+00 5.625327587127685547e+00 5.682391166687011719e+00 1.432896804809570312e+01 1.061828994750976562e+01 3.922439098358154297e+00 7.412425041198730469e+00 7.381577491760253906e+00 2.940906524658203125e+00 5.254295349121093750e+00 5.307972908020019531e+00 8.023458480834960938e+00 5.300469398498535156e+00 3.010863304138183594e+00 7.642221450805664062e+00 4.524340629577636719e+00 6.111283302307128906e+00 4.106463432312011719e+00 2.767831325531005859e+00
6.346326828002929688e+00 7.364840984344482422e+00 8.077206611633300781e+00 7.590699195861816406e+00 1.143183231353759766e+01 1.097410678863525391e+01 8.345142364501953125e+00 6.576588630676269531e+00 4.566362380981445312e+00 7.751492977142333984e+00 6.586353302001953125e+00 7.154706954956054688e+00 8.024473190307617188e+00 9.233470916748046875e+00 4.641273498535156250e+00 7.430828571319580078e+00 3.597356796264648438e+00 3.823968648910522461e+00 7.061963081359863281e+00 5.095523834228515625e+00
5.634831428527832031e+00 6.460371971130371094e+00 9.098595619201660156e+00 1.021077346801757812e+01 6.298688411712646484e+00 7.663901805877685547e+00 6.675133705139160156e+00 5.873880386352539062e+00 7.936285018920898438e+00 7.263096809387207031e+00 6.766309261322021484e+00 8.430900573730468750e+00 8.896194458007812500e+00 1.153395557403564453e+01 3.330798387527465820e+00 2.500785350799560547e+00 5.814019680023193359e+00 5.432349681854248047e+00 6.815890312194824219e+00 2.864164590835571289e+00
5.124953269958496094e+00 3.977477312088012695e+00 1.359460449218750000e+01 7.517695426940917969e+00 1.634616470336914062e+01 7.141635894775390625e+00 8.624041557312011719e+00 6.855821609497070312e+00 6.815573692321777344e+00 7.529778480529785156e+00 9.656247138977050781e+00 6.549819946289062500e+00 7.704970359802246094e+00 6.961674213409423828e+00 7.676799297332763672e+00 4.713041305541992188e+00 4.379071712493896484e+00 4.085949897766113281e+00 3.390627384185791016e+00 4.054302215576171875e+00
6.145736694335937500e+00 8.890790939331054688e+00 4.524073600769042969e+00 4.190797328948974609e+00 6.343888282775878906e+00 7.254778385162353516e+00 7.579821586608886719e+00 2.809161663055419922e+00 1.419772624969482422e+01 9.365140914916992188e+00 6.165566921234130859e+00 5.696961879730224609e+00 6.852375984191894531e+00 3.460861682891845703e+00 3.779706239700317383e+00 3.665791511535644531e+00 1.071008300781250000e+01 3.828991889953613281e+00 2.954893589019775391e+00 4.490333557128906250e+00
2.686574459075927734e+00 3.051062107086181641e+00 2.827028989791870117e+00 5.761770248413085938e+00 5.039561748504638672e+00 6.023211479187011719e+00 6.267889976501464844e+00 5.605199813842773438e+00 6.293756961822509766e+00 6.633190155029296875e+00 5.607963562011718750e+00 7.885238647460937500e+00 6.187983512878417969e+00 6.828416347503662109e+00 4.603096961975097656e+00 2.347644090652465820e+00 3.999098300933837891e+00 3.716404914855957031e+00 3.739689111709594727e+00 6.120446205139160156e+00
3.511288642883300781e+00 3.719107866287231445e+00 4.904968261718750000e+00 4.542798042297363281e+00 2.581360578536987305e+00 7.000760078430175781e+00 4.905760765075683594e+00 7.175161361694335938e+00 3.641319751739501953e+00 6.589787483215332031e+00 7.140407562255859375e+00 1.029856014251708984e+01 3.464323043823242188e+00 3.451840877532958984e+00 2.929962158203125000e+00 7.564076423645019531e+00 3.006711483001708984e+00 2.585972070693969727e+00 4.836649417877197266e+00 3.324037313461303711e+00
3.243534564971923828e+00 3.901180267333984375e+00 2.500442266464233398e+00 4.568924427032470703e+00 4.393154144287109375e+00 4.673464298248291016e+00 6.454472541809082031e+00 6.103221893310546875e+00 7.072977066040039062e+00 8.184793472290039062e+00 8.154390335083007812e+00 8.754308700561523438e+00 5.585955619812011719e+00 5.397038459777832031e+00 2.860499143600463867e+00 4.308172702789306641e+00 3.450497150421142578e+00 3.650614976882934570e+00 3.454385757446289062e+00 2.514853477478027344e+00
4.290011882781982422e+00 2.950364589691162109e+00 4.675663948059082031e+00 2.684050559997558594e+00 4.177150726318359375e+00 7.851907730102539062e+00 8.296195030212402344e+00 6.821298599243164062e+00 6.790687084197998047e+00 1.044763183593750000e+01 7.665034294128417969e+00 5.905639648437500000e+00 5.300574779510498047e+00 4.239420890808105469e+00 2.537075996398925781e+00 3.013745307922363281e+00 3.652976036071777344e+00 4.476845741271972656e+00 4.737448215484619141e+00 3.553067207336425781e+00
4.983901023864746094e+00 2.610389232635498047e+00 3.476749420166015625e+00 3.754620552062988281e+00 4.924661636352539062e+00 6.205934524536132812e+00 5.241084575653076172e+00 5.399951457977294922e+00 8.944180488586425781e+00 1.026540946960449219e+01 6.145260334014892578e+00 7.554461479187011719e+00 7.060101985931396484e+00 5.729231357574462891e+00 4.312506675720214844e+00 4.091913223266601562e+00 4.428518772125244141e+00 4.273272514343261719e+00 2.925100564956665039e+00 5.581242561340332031e+00
4.376767158508300781e+00 3.544385910034179688e+00 4.300812244415283203e+00 3.624142885208129883e+00 6.207678318023681641e+00 5.080342292785644531e+00 6.624769210815429688e+00 7.012085437774658203e+00 1.065073776245117188e+01 5.824951171875000000e+00 8.488939285278320312e+00 8.401448249816894531e+00 7.519048690795898438e+00 6.196581840515136719e+00 4.325139999389648438e+00 4.613675117492675781e+00 3.388514995574951172e+00 4.082947254180908203e+00 3.690296173095703125e+00 8.931678771972656250e+00
5.075332641601562500e+00 4.986033439636230469e+00 4.976703643798828125e+00 4.228444099426269531e+00 5.827243804931640625e+00 5.903640747070312500e+00 5.377436161041259766e+00 7.247485160827636719e+00 2.145913600921630859e+00 6.383248329162597656e+00 7.768952369689941406e+00 5.076332092285156250e+00 5.951213836669921875e+00 4.023450851440429688e+00 3.938679695129394531e+00 5.329895019531250000e+00 3.159517288208007812e+00 3.444364786148071289e+00 6.099830627441406250e+00 8.230234146118164062e+00
2.657585620880126953e+00 4.330708980560302734e+00 3.483397960662841797e+00 5.909279823303222656e+00 5.962934017181396484e+00 3.713808536529541016e+00 5.534689426422119141e+00 4.376096725463867188e+00 7.432095527648925781e+00 6.917593002319335938e+00 7.787966728210449219e+00 5.824365615844726562e+00 6.836637496948242188e+00 5.093955993652343750e+00 5.874511718750000000e+00 4.024889945983886719e+00 5.422794342041015625e+00 3.106495857238769531e+00 3.020391941070556641e+00 2.860665798187255859e+00
3.479931116104125977e+00 4.314547538757324219e+00 2.959998607635498047e+00 5.856806755065917969e+00 2.103167295455932617e+00 6.488059520721435547e+00 8.637401580810546875e+00 3.811958312988281250e+00 7.347947597503662109e+00 5.569390773773193359e+00 1.125329303741455078e+01 8.114299774169921875e+00 2.638660430908203125e+00 3.839489221572875977e+00 5.594986915588378906e+00 2.939452171325683594e+00 2.317925930023193359e+00 2.839736223220825195e+00 3.707796573638916016e+00 3.075543403625488281e+00
5.283411026000976562e+00 4.359846115112304688e+00 4.090719223022460938e+00 4.626708030700683594e+00 5.769316196441650391e+00 5.071639537811279297e+00 9.463533401489257812e+00 5.817182540893554688e+00 4.656026840209960938e+00 1.332922554016113281e+01 9.261739730834960938e+00 6.848200798034667969e+00 6.830975055694580078e+00 2.786749362945556641e+00 5.220834255218505859e+00 3.957880496978759766e+00 5.783107757568359375e+00 4.116395950317382812e+00 4.631237983703613281e+00 3.442043304443359375e+00
