2019-07-26 01:15:00
6.759303569793701172e+00 6.339340209960937500e+00 6.793890953063964844e+00 3.481675624847412109e+00 4.501882553100585938e+00 2.692653894424438477e+00 3.518318653106689453e+00 3.992191553115844727e+00 6.434354305267333984e+00 6.694226741790771484e+00 3.461447000503540039e+00 2.179050922393798828e+00 7.620605468750000000e+00 2.996988296508789062e+00 3.636212348937988281e+00 5.560507774353027344e+00 8.371355056762695312e+00 2.313687801361083984e+00 2.579273462295532227e+00 2.920953750610351562e+00
8.165084838867187500e+00 4.387143611907958984e+00 3.227169036865234375e+00 6.504059791564941406e+00 7.409614562988281250e+00 4.341669082641601562e+00 2.954898118972778320e+00 2.719906806945800781e+00 4.568164825439453125e+00 2.935229301452636719e+00 3.195569276809692383e+00 4.010561943054199219e+00 3.623174905776977539e+00 6.274813652038574219e+00 3.748494863510131836e+00 3.074339628219604492e+00 5.275092124938964844e+00 8.448307991027832031e+00 3.162049770355224609e+00 5.148370742797851562e+00
5.737602710723876953e+00 8.984897613525390625e+00 8.449245452880859375e+00 5.519512653350830078e+00 5.186478614807128906e+00 6.428605556488037109e+00 4.922091484069824219e+00 4.257780075073242188e+00 2.697216987609863281e+00 3.149677038192749023e+00 6.697990417480468750e+00 6.973840236663818359e+00 4.464629650115966797e+00 4.307260990142822266e+00 5.240302085876464844e+00 2.816035747528076172e+00 1.061482906341552734e+01 3.955378293991088867e+00 2.796962261199951172e+00 3.904363870620727539e+00
2.883031368255615234e+00 6.495412826538085938e+00 7.189442157745361328e+00 7.756047248840332031e+00 2.305119752883911133e+00 3.294611454010009766e+00 3.501382827758789062e+00 3.628851890563964844e+00 5.090156555175781250e+00 7.612923145294189453e+00 4.832088470458984375e+00 5.657188892364501953e+00 3.673632621765136719e+00 2.122279167175292969e+00 8.242617607116699219e+00 3.696017742156982422e+00 3.279228925704956055e+00 5.789991378784179688e+00 3.010302305221557617e+00 3.916887521743774414e+00
2.205819129943847656e+00 3.557542324066162109e+00 1.948694109916687012e+00 3.244344711303710938e+00 2.989150047302246094e+00 4.587806701660156250e+00 2.538651943206787109e+00 7.444248199462890625e+00 7.640947818756103516e+00 7.393209457397460938e+00 6.923590660095214844e+00 7.618924617767333984e+00 6.303946495056152344e+00 2.674526453018188477e+00 7.809468746185302734e+00 8.654507637023925781e+00 2.428044795989990234e+00 5.439616203308105469e+00 7.874134063720703125e+00 3.999265670776367188e+00
4.100240707397460938e+00 3.590334892272949219e+00 4.650073528289794922e+00 8.725551605224609375e+00 6.751348972320556641e+00 4.417759895324707031e+00 2.642038106918334961e+00 7.132779121398925781e+00 9.589927673339843750e+00 5.753684043884277344e+00 4.780099868774414062e+00 6.974272727966308594e+00 3.102946281433105469e+00 3.901517868041992188e+00 3.318578243255615234e+00 6.484213829040527344e+00 4.048413276672363281e+00 7.572795867919921875e+00 7.044601440429687500e+00 2.961884737014770508e+00
5.215574741363525391e+00 6.869734287261962891e+00 9.018523216247558594e+00 5.660079002380371094e+00 6.686357975006103516e+00 5.307985305786132812e+00 4.410639762878417969e+00 6.005699157714843750e+00 4.362647056579589844e+00 2.990579605102539062e+00 4.216151237487792969e+00 4.449223041534423828e+00 7.065087318420410156e+00 7.545906543731689453e+00 3.481360435485839844e+00 5.140095710754394531e+00 3.287843227386474609e+00 3.431682109832763672e+00 8.588725090026855469e+00 6.343321800231933594e+00
6.322761058807373047e+00 3.228286743164062500e+00 5.499105453491210938e+00 7.179765224456787109e+00 6.587015151977539062e+00 4.929750442504882812e+00 3.286228656768798828e+00 3.529111623764038086e+00 5.254496574401855469e+00 4.054991722106933594e+00 4.428162574768066406e+00 3.166755676269531250e+00 5.462409973144531250e+00 9.837472915649414062e+00 4.092573165893554688e+00 3.487199068069458008e+00 2.799223899841308594e+00 3.365868568420410156e+00 5.965917110443115234e+00 3.410493373870849609e+00
5.723818778991699219e+00 5.494977951049804688e+00 5.546854972839355469e+00 4.166573524475097656e+00 6.881314754486083984e+00 4.257064342498779297e+00 1.786296486854553223e+00 3.225949287414550781e+00 4.244643211364746094e+00 2.486662864685058594e+00 3.223849773406982422e+00 3.675265789031982422e+00 6.278047084808349609e+00 6.920254707336425781e+00 5.810051918029785156e+00 3.936264753341674805e+00 4.346554279327392578e+00 2.174618244171142578e+00 2.983831882476806641e+00 3.286342144012451172e+00
4.603517055511474609e+00 4.565146446228027344e+00 4.033646583557128906e+00 3.196307659149169922e+00 3.707932472229003906e+00 2.842764377593994141e+00 2.738711833953857422e+00 3.072728157043457031e+00 6.800000190734863281e+00 6.862736701965332031e+00 5.728020191192626953e+00 5.580590248107910156e+00 7.480484962463378906e+00 3.971315145492553711e+00 3.068036556243896484e+00 2.198322296142578125e+00 6.503817081451416016e+00 2.820164918899536133e+00 3.093721866607666016e+00 1.938988447189331055e+00
2.686710596084594727e+00 2.302181005477905273e+00 3.108367443084716797e+00 2.557965993881225586e+00 3.182826995849609375e+00 4.335780620574951172e+00 3.059689998626708984e+00 3.664541006088256836e+00 4.654986381530761719e+00 3.985366821289062500e+00 4.064967155456542969e+00 6.404504776000976562e+00 4.893069267272949219e+00 3.332933187484741211e+00 2.348078489303588867e+00 3.736860275268554688e+00 2.543060302734375000e+00 7.049410820007324219e+00 3.457868576049804688e+00 3.354954719543457031e+00
3.610178947448730469e+00 3.326045513153076172e+00 3.136581897735595703e+00 3.093327522277832031e+00 3.371347665786743164e+00 3.838887214660644531e+00 3.050889730453491211e+00 3.099966287612915039e+00 3.168215751647949219e+00 3.626729488372802734e+00 3.473376274108886719e+00 2.783688545227050781e+00 3.008849620819091797e+00 3.504425287246704102e+00 3.420586109161376953e+00 1.009806442260742188e+01 3.839608430862426758e+00 2.789857625961303711e+00 4.596180438995361328e+00 3.848661422729492188e+00
4.391303539276123047e+00 1.901689052581787109e+00 4.844326019287109375e+00 3.132513999938964844e+00 3.640184640884399414e+00 2.943769216537475586e+00 3.138268947601318359e+00 3.550106048583984375e+00 2.174042224884033203e+00 2.939644336700439453e+00 2.493141889572143555e+00 4.124225616455078125e+00 3.330103397369384766e+00 2.626615047454833984e+00 1.295748949050903320e+00 1.847618460655212402e+00 3.109942436218261719e+00 2.704485416412353516e+00 2.568585872650146484e+00 3.278214931488037109e+00
4.454369544982910156e+00 2.937796592712402344e+00 3.644846916198730469e+00 3.607816219329833984e+00 3.316650390625000000e+00 3.665666580200195312e+00 3.896275520324707031e+00 2.810796260833740234e+00 3.691360235214233398e+00 4.222874641418457031e+00 3.510594367980957031e+00 2.789807796478271484e+00 3.541107654571533203e+00 2.132542610168457031e+00 1.670042634010314941e+00 3.291190147399902344e+00 2.744526147842407227e+00 3.013896942138671875e+00 3.905930042266845703e+00 2.752048015594482422e+00
2.320138692855834961e+00 3.102601289749145508e+00 3.284521102905273438e+00 3.418255567550659180e+00 4.092615604400634766e+00 3.356459140777587891e+00 3.977246284484863281e+00 3.806046724319458008e+00 3.084077119827270508e+00 3.092038869857788086e+00 3.504091024398803711e+00 3.397179126739501953e+00 3.688636302947998047e+00 2.933404922485351562e+00 3.245394229888916016e+00 3.040979146957397461e+00 3.252659797668457031e+00 3.056635379791259766e+00 3.357593536376953125e+00 4.758890151977539062e+00
2.956578493118286133e+00 3.117106199264526367e+00 3.308547019958496094e+00 3.231261730194091797e+00 3.654046058654785156e+00 2.719300985336303711e+00 3.307666778564453125e+00 2.398960113525390625e+00 3.017272949218750000e+00 4.072752475738525391e+00 3.388657569885253906e+00 3.594186782836914062e+00 3.131378412246704102e+00 2.856456518173217773e+00 3.741402626037597656e+00 2.698642015457153320e+00 3.689081668853759766e+00 3.590512514114379883e+00 1.977186203002929688e+00 4.891566276550292969e+00
2.902003049850463867e+00 3.856356620788574219e+00 2.525307655334472656e+00 4.322410583496093750e+00 4.730528831481933594e+00 3.877540826797485352e+00 3.389671802520751953e+00 3.654009342193603516e+00 3.120282173156738281e+00 1.894664525985717773e+00 1.047615051269531250e+00 2.803009986877441406e+00 3.545790195465087891e+00 2.404270172119140625e+00 2.711055278778076172e+00 2.178200483322143555e+00 2.325856924057006836e+00 2.658954143524169922e+00 2.393751621246337891e+00 5.255568981170654297e+00
4.616002082824707031e+00 3.239378213882446289e+00 2.352705478668212891e+00 6.576435565948486328e+00 3.726018905639648438e+00 2.118932247161865234e+00 5.290316581726074219e+00 2.466196537017822266e+00 1.861121654510498047e+00 2.785860538482666016e+00 2.814901113510131836e+00 1.110230684280395508e+00 2.941519975662231445e+00 4.509797096252441406e+00 2.363424301147460938e+00 3.609306812286376953e+00 4.399534225463867188e+00 3.946019411087036133e+00 2.613026618957519531e+00 2.953638553619384766e+00
3.188832283020019531e+00 4.377144813537597656e+00 3.208855628967285156e+00 3.509207725524902344e+00 4.501522064208984375e+00 4.919898986816406250e+00 3.879216194152832031e+00 3.540874242782592773e+00 3.033436775207519531e+00 3.764545440673828125e+00 2.877941846847534180e+00 3.958132266998291016e+00 1.245464801788330078e+00 3.022675037384033203e+00 2.827442646026611328e+00 2.912239789962768555e+00 3.797282218933105469e+00 2.392457485198974609e+00 3.197369575500488281e+00 3.085532665252685547e+00
5.469941139221191406e+00 5.906905174255371094e+00 3.349271535873413086e+00 4.212325096130371094e+00 4.757558345794677734e+00 2.543199777603149414e+00 3.054145574569702148e+00 2.642492771148681641e+00 3.404442310333251953e+00 3.608707904815673828e+00 5.712329864501953125e+00 3.917597293853759766e+00 3.589101552963256836e+00 2.307088136672973633e+00 2.452437400817871094e+00 3.308718681335449219e+00 3.548961162567138672e+00 2.604987144470214844e+00 2.562968969345092773e+00 3.090281009674072266e+00
