2019-07-26 12:45:00
4.289715766906738281e+00 5.989912509918212891e+00 1.141755104064941406e+01 5.289295673370361328e+00 3.650312185287475586e+00 4.476768970489501953e+00 4.492713451385498047e+00 5.096862792968750000e+00 7.463745117187500000e+00 6.824053764343261719e+00 3.476772546768188477e+00 3.736243724822998047e+00 9.088006973266601562e+00 5.043437480926513672e+00 3.644917726516723633e+00 1.319999599456787109e+01 5.838338851928710938e+00 5.598571777343750000e+00 4.851012229919433594e+00 3.925892829895019531e+00
7.759037971496582031e+00 5.767977237701416016e+00 5.931003570556640625e+00 5.557994842529296875e+00 1.048576736450195312e+01 3.400107860565185547e+00 5.505721092224121094e+00 2.853312969207763672e+00 3.445685863494873047e+00 3.884843349456787109e+00 4.901309013366699219e+00 3.468773365020751953e+00 3.589179515838623047e+00 5.485243320465087891e+00 3.989642620086669922e+00 5.399015426635742188e+00 7.206015586853027344e+00 1.204052352905273438e+01 3.400786876678466797e+00 2.531482696533203125e+00
7.684574604034423828e+00 7.680105686187744141e+00 3.888159751892089844e+00 7.484692573547363281e+00 3.934285163879394531e+00 8.700567245483398438e+00 6.493972301483154297e+00 4.775746822357177734e+00 6.071649551391601562e+00 3.357763767242431641e+00 7.918065071105957031e+00 6.570714473724365234e+00 3.531602859497070312e+00 6.095804691314697266e+00 7.822740077972412109e+00 3.500973701477050781e+00 4.759692192077636719e+00 5.687076568603515625e+00 2.951740741729736328e+00 5.002489566802978516e+00
2.863583564758300781e+00 1.080807685852050781e+01 6.646413803100585938e+00 9.700464248657226562e+00 3.317761898040771484e+00 4.571758270263671875e+00 4.076028347015380859e+00 3.382229804992675781e+00 4.195445060729980469e+00 9.758913993835449219e+00 1.207077121734619141e+01 6.412969589233398438e+00 3.178011178970336914e+00 2.947804927825927734e+00 5.656224250793457031e+00 5.305955886840820312e+00 4.388534545898437500e+00 5.905954360961914062e+00 4.634135246276855469e+00 4.274632453918457031e+00
2.904236555099487305e+00 4.397227764129638672e+00 4.985457420349121094e+00 4.752283573150634766e+00 4.965430259704589844e+00 9.355362892150878906e+00 5.456298828125000000e+00 4.849071502685546875e+00 6.213218212127685547e+00 8.790565490722656250e+00 8.881774902343750000e+00 5.153761863708496094e+00 5.317753791809082031e+00 5.804134368896484375e+00 1.018585109710693359e+01 5.245256423950195312e+00 4.270128250122070312e+00 8.799048423767089844e+00 7.940530776977539062e+00 2.522108554840087891e+00
7.159994125366210938e+00 5.095628261566162109e+00 5.478836059570312500e+00 5.488383769989013672e+00 7.102526664733886719e+00 4.282145977020263672e+00 4.029889106750488281e+00 9.435735702514648438e+00 7.388195991516113281e+00 3.876032590866088867e+00 3.673384428024291992e+00 5.074756145477294922e+00 7.787778854370117188e+00 2.287988424301147461e+00 3.820142030715942383e+00 6.204212188720703125e+00 4.906035900115966797e+00 5.749648094177246094e+00 7.498152732849121094e+00 4.117040634155273438e+00
4.842714786529541016e+00 5.138049602508544922e+00 2.981656074523925781e+00 9.717050552368164062e+00 7.015135765075683594e+00 3.902337074279785156e+00 4.275774002075195312e+00 5.756103038787841797e+00 2.793380737304687500e+00 6.174656867980957031e+00 2.684008598327636719e+00 4.882186889648437500e+00 7.743031501770019531e+00 6.899841308593750000e+00 4.865144729614257812e+00 4.267061233520507812e+00 4.145801067352294922e+00 1.429877758026123047e+00 9.049188613891601562e+00 5.400942802429199219e+00
6.394789695739746094e+00 6.105997085571289062e+00 4.494160175323486328e+00 5.968960762023925781e+00 8.215258598327636719e+00 5.088214397430419922e+00 3.012583732604980469e+00 3.404985666275024414e+00 3.821025371551513672e+00 4.056382179260253906e+00 3.993664979934692383e+00 4.838094711303710938e+00 4.363988876342773438e+00 9.745912551879882812e+00 5.545610427856445312e+00 5.276393890380859375e+00 7.673639297485351562e+00 5.068253040313720703e+00 6.586093902587890625e+00 5.655051231384277344e+00
7.074566841125488281e+00 6.228759765625000000e+00 1.041533851623535156e+01 9.784406661987304688e+00 1.016621398925781250e+01 5.760113716125488281e+00 2.788247823715209961e+00 3.344356060028076172e+00 4.703166961669921875e+00 3.652482986450195312e+00 4.724699020385742188e+00 5.309960365295410156e+00 7.212636947631835938e+00 3.646933078765869141e+00 5.721415519714355469e+00 3.526083946228027344e+00 5.536355018615722656e+00 3.395447254180908203e+00 4.035988807678222656e+00 3.801677227020263672e+00
6.771259307861328125e+00 1.077494144439697266e+01 4.092066287994384766e+00 4.020414829254150391e+00 4.177922248840332031e+00 3.450975418090820312e+00 4.482086181640625000e+00 3.624547004699707031e+00 5.898614883422851562e+00 1.036193466186523438e+01 5.310762405395507812e+00 6.649864196777343750e+00 5.754267692565917969e+00 4.831172943115234375e+00 4.072103977203369141e+00 3.636820316314697266e+00 5.944529533386230469e+00 3.358181715011596680e+00 4.072789669036865234e+00 4.066411495208740234e+00
5.233210563659667969e+00 4.083329200744628906e+00 4.015090942382812500e+00 4.806403636932373047e+00 4.754833221435546875e+00 3.454635858535766602e+00 4.031731605529785156e+00 4.029686927795410156e+00 3.502640485763549805e+00 3.630490303039550781e+00 3.191869974136352539e+00 4.633772373199462891e+00 9.533670425415039062e+00 4.409571170806884766e+00 3.295969009399414062e+00 3.429831981658935547e+00 6.209449291229248047e+00 5.280501365661621094e+00 3.967621564865112305e+00 7.890090942382812500e+00
4.085271835327148438e+00 4.561751842498779297e+00 2.430447101593017578e+00 2.774942398071289062e+00 2.717436552047729492e+00 4.897540092468261719e+00 3.763037919998168945e+00 3.146454811096191406e+00 3.430205345153808594e+00 3.096665859222412109e+00 4.423240661621093750e+00 4.121992588043212891e+00 2.811368465423583984e+00 4.487729072570800781e+00 3.145464420318603516e+00 6.659756660461425781e+00 4.640609741210937500e+00 5.733747959136962891e+00 4.774257659912109375e+00 4.548135757446289062e+00
1.912304162979125977e+00 2.634577989578247070e+00 4.533501148223876953e+00 2.775643348693847656e+00 5.112400054931640625e+00 4.987205505371093750e+00 5.099897861480712891e+00 5.309999465942382812e+00 5.213297843933105469e+00 3.385688066482543945e+00 2.461356163024902344e+00 4.947955131530761719e+00 5.983856201171875000e+00 4.809205055236816406e+00 4.916503906250000000e+00 2.413546085357666016e+00 4.444217681884765625e+00 2.518553972244262695e+00 7.841245651245117188e+00 4.886969566345214844e+00
4.811724185943603516e+00 3.660154581069946289e+00 4.661386013031005859e+00 4.274599552154541016e+00 6.542364597320556641e+00 6.728264808654785156e+00 4.112926959991455078e+00 4.563933849334716797e+00 4.033102512359619141e+00 3.993071079254150391e+00 7.330770492553710938e+00 5.566290378570556641e+00 4.257266044616699219e+00 4.312363624572753906e+00 4.349275588989257812e+00 3.536575794219970703e+00 4.784102439880371094e+00 4.274225234985351562e+00 2.882086515426635742e+00 5.972206592559814453e+00
4.593021869659423828e+00 4.005095481872558594e+00 4.283601760864257812e+00 4.826018333435058594e+00 6.233058929443359375e+00 6.840181350708007812e+00 6.946959972381591797e+00 4.860171794891357422e+00 4.267663955688476562e+00 3.913550853729248047e+00 4.646226882934570312e+00 3.544688940048217773e+00 3.254898548126220703e+00 4.695266723632812500e+00 5.193840026855468750e+00 3.607783794403076172e+00 4.597183227539062500e+00 3.503513097763061523e+00 5.296012878417968750e+00 6.694300651550292969e+00
5.081085205078125000e+00 6.178293228149414062e+00 3.217350006103515625e+00 5.341180801391601562e+00 5.167614459991455078e+00 7.512166500091552734e+00 4.576017379760742188e+00 5.223129272460937500e+00 2.443786859512329102e+00 4.760817527770996094e+00 5.524664878845214844e+00 7.045435905456542969e+00 4.360585212707519531e+00 7.012756347656250000e+00 3.930475711822509766e+00 3.129529953002929688e+00 3.207076549530029297e+00 3.889839410781860352e+00 5.568246841430664062e+00 1.084459018707275391e+01
5.265900611877441406e+00 4.967858314514160156e+00 5.655707359313964844e+00 3.190794944763183594e+00 5.701274394989013672e+00 4.050479888916015625e+00 4.631133556365966797e+00 4.937716484069824219e+00 2.601959228515625000e+00 2.908224582672119141e+00 5.330671310424804688e+00 5.435747146606445312e+00 3.496120452880859375e+00 3.598317384719848633e+00 5.146265983581542969e+00 4.373237609863281250e+00 6.798773765563964844e+00 4.547955036163330078e+00 4.867307662963867188e+00 2.624628305435180664e+00
2.938416481018066406e+00 3.539463520050048828e+00 3.027393817901611328e+00 5.664015769958496094e+00 3.901592016220092773e+00 3.173808574676513672e+00 8.732135772705078125e+00 4.794246673583984375e+00 6.815173149108886719e+00 6.719467163085937500e+00 5.185942173004150391e+00 5.582438468933105469e+00 4.139925003051757812e+00 4.962189674377441406e+00 2.088523864746093750e+00 5.029240608215332031e+00 4.952585220336914062e+00 8.124586105346679688e+00 4.966591358184814453e+00 3.821419239044189453e+00
4.386341094970703125e+00 5.357298851013183594e+00 4.417106628417968750e+00 5.119520664215087891e+00 9.317681312561035156e+00 5.403400421142578125e+00 5.543710708618164062e+00 3.915478467941284180e+00 6.876770019531250000e+00 5.991683006286621094e+00 5.769593238830566406e+00 4.681959152221679688e+00 3.833181858062744141e+00 4.196803569793701172e+00 6.514530181884765625e+00 3.929945945739746094e+00 3.299031734466552734e+00 4.189706325531005859e+00 4.945621490478515625e+00 5.266079902648925781e+00
5.920166969299316406e+00 7.822226524353027344e+00 3.361992835998535156e+00 6.322368144989013672e+00 9.481677055358886719e+00 3.675827026367187500e+00 6.294797897338867188e+00 6.529485225677490234e+00 7.471752166748046875e+00 7.521704673767089844e+00 7.770318508148193359e+00 1.108481216430664062e+01 7.366644859313964844e+00 3.079548597335815430e+00 7.652060508728027344e+00 4.052599430084228516e+00 4.828262329101562500e+00 4.514859199523925781e+00 4.489995956420898438e+00 4.371398925781250000e+00
