2019-07-26 13:00:00
7.104740619659423828e+00 6.722546100616455078e+00 6.996778488159179688e+00 3.831152915954589844e+00 4.559584617614746094e+00 6.719594955444335938e+00 5.362405776977539062e+00 5.233410835266113281e+00 5.011554718017578125e+00 6.702754020690917969e+00 6.019942283630371094e+00 5.113691806793212891e+00 7.464958190917968750e+00 5.718507766723632812e+00 6.130353450775146484e+00 7.731977462768554688e+00 1.024798774719238281e+01 2.992207527160644531e+00 3.463111877441406250e+00 5.393743515014648438e+00
7.895559310913085938e+00 1.088804244995117188e+01 5.607099533081054688e+00 4.290261268615722656e+00 7.903644561767578125e+00 4.013110160827636719e+00 5.221103668212890625e+00 3.826893568038940430e+00 3.423146724700927734e+00 5.973212242126464844e+00 4.344256877899169922e+00 2.564546108245849609e+00 3.949030876159667969e+00 6.159427642822265625e+00 4.008997917175292969e+00 5.849303722381591797e+00 5.740950584411621094e+00 7.287781238555908203e+00 4.823705673217773438e+00 4.204041481018066406e+00
1.084702873229980469e+01 4.381532669067382812e+00 6.051730155944824219e+00 5.670407295227050781e+00 7.608788013458251953e+00 6.340986251831054688e+00 8.869295120239257812e+00 3.698297977447509766e+00 3.075612068176269531e+00 5.422325134277343750e+00 7.143043518066406250e+00 5.574772834777832031e+00 4.183995246887207031e+00 5.681325435638427734e+00 7.485041141510009766e+00 3.508691310882568359e+00 7.380275726318359375e+00 5.549531936645507812e+00 6.878358840942382812e+00 4.503699779510498047e+00
4.237567901611328125e+00 8.141788482666015625e+00 7.847972869873046875e+00 5.083308696746826172e+00 3.958920955657958984e+00 4.279865264892578125e+00 4.584755897521972656e+00 4.704800128936767578e+00 4.363094329833984375e+00 1.113673019409179688e+01 5.763044357299804688e+00 6.208170890808105469e+00 3.788752555847167969e+00 4.583242416381835938e+00 8.196536064147949219e+00 4.662607669830322266e+00 4.786335945129394531e+00 5.113863945007324219e+00 5.227535724639892578e+00 4.518383502960205078e+00
4.634168624877929688e+00 2.792503833770751953e+00 7.556962966918945312e+00 4.634541034698486328e+00 3.393820047378540039e+00 8.863975524902343750e+00 4.263493061065673828e+00 8.131287574768066406e+00 1.046505069732666016e+01 9.731340408325195312e+00 6.706401824951171875e+00 7.263931274414062500e+00 2.710436344146728516e+00 4.860193252563476562e+00 7.965919971466064453e+00 6.257207870483398438e+00 5.654333114624023438e+00 5.610045433044433594e+00 8.193149566650390625e+00 3.276477575302124023e+00
4.785257339477539062e+00 3.226915836334228516e+00 5.032664299011230469e+00 7.574932098388671875e+00 7.062085151672363281e+00 8.142443656921386719e+00 3.368109226226806641e+00 7.232985496520996094e+00 8.378836631774902344e+00 3.817414760589599609e+00 5.929113388061523438e+00 3.103035449981689453e+00 5.523830413818359375e+00 3.518024444580078125e+00 4.918794155120849609e+00 9.981351852416992188e+00 5.875486373901367188e+00 1.019894313812255859e+01 5.455342292785644531e+00 3.872503757476806641e+00
6.206633567810058594e+00 7.681530952453613281e+00 7.878835678100585938e+00 1.253203964233398438e+01 9.920707702636718750e+00 1.234386634826660156e+01 6.068500041961669922e+00 6.629338741302490234e+00 5.861046791076660156e+00 3.201913595199584961e+00 3.050525188446044922e+00 4.263114929199218750e+00 8.130883216857910156e+00 7.436743259429931641e+00 2.742818355560302734e+00 4.535013198852539062e+00 4.162561893463134766e+00 5.689337253570556641e+00 6.950850486755371094e+00 4.856348037719726562e+00
5.789244651794433594e+00 7.343089580535888672e+00 7.721790790557861328e+00 6.768544673919677734e+00 8.453231811523437500e+00 5.407656669616699219e+00 4.945921897888183594e+00 3.907281160354614258e+00 3.445802927017211914e+00 4.826669216156005859e+00 6.388540744781494141e+00 4.853440284729003906e+00 7.865554332733154297e+00 1.065942096710205078e+01 4.133281707763671875e+00 3.568333148956298828e+00 5.272006988525390625e+00 6.997740268707275391e+00 1.002413368225097656e+01 6.144748687744140625e+00
7.166728973388671875e+00 5.298046588897705078e+00 1.166334152221679688e+01 8.957485198974609375e+00 2.624114751815795898e+00 4.460868358612060547e+00 4.748709678649902344e+00 4.106644630432128906e+00 5.670794486999511719e+00 5.275386810302734375e+00 2.974215507507324219e+00 6.309165000915527344e+00 7.516202926635742188e+00 4.824965476989746094e+00 5.294249534606933594e+00 3.197282791137695312e+00 8.118112564086914062e+00 6.205799102783203125e+00 4.864598751068115234e+00 5.225899696350097656e+00
9.791282653808593750e+00 7.807866096496582031e+00 5.466934204101562500e+00 5.324069023132324219e+00 7.051984310150146484e+00 5.423529624938964844e+00 2.944265365600585938e+00 4.239864826202392578e+00 6.611759185791015625e+00 6.549894332885742188e+00 5.914208889007568359e+00 2.743592262268066406e+00 4.449811935424804688e+00 4.200067996978759766e+00 4.478350639343261719e+00 4.348898887634277344e+00 7.515204429626464844e+00 4.696132659912109375e+00 2.650479078292846680e+00 4.207150459289550781e+00
5.004480361938476562e+00 4.911979198455810547e+00 4.307380199432373047e+00 4.685175895690917969e+00 5.465445995330810547e+00 3.760441780090332031e+00 5.887131690979003906e+00 4.945360183715820312e+00 4.863896369934082031e+00 4.935510158538818359e+00 4.677826881408691406e+00 5.748335838317871094e+00 7.859941959381103516e+00 8.360782623291015625e+00 5.311147689819335938e+00 4.195901393890380859e+00 4.824459075927734375e+00 9.118562698364257812e+00 5.913739204406738281e+00 3.953891754150390625e+00
3.123278141021728516e+00 2.826847553253173828e+00 4.869299888610839844e+00 6.089100837707519531e+00 4.280821800231933594e+00 4.156150817871093750e+00 3.405170202255249023e+00 6.804831504821777344e+00 3.592323780059814453e+00 4.968991279602050781e+00 3.693780183792114258e+00 4.524954795837402344e+00 4.435238361358642578e+00 3.920903682708740234e+00 6.303980827331542969e+00 8.391950607299804688e+00 3.962155342102050781e+00 3.503832817077636719e+00 3.727223873138427734e+00 5.726073265075683594e+00
3.458014965057373047e+00 3.649031639099121094e+00 4.461833000183105469e+00 6.025366783142089844e+00 4.590202331542968750e+00 3.239963769912719727e+00 4.077244281768798828e+00 4.286338806152343750e+00 4.775960445404052734e+00 4.212947368621826172e+00 5.987429618835449219e+00 4.798442840576171875e+00 3.539856672286987305e+00 5.104140758514404297e+00 5.101920127868652344e+00 4.582038402557373047e+00 3.373796463012695312e+00 3.877297401428222656e+00 7.409590721130371094e+00 3.556156396865844727e+00
5.491912841796875000e+00 4.873929023742675781e+00 5.599714756011962891e+00 5.031845092773437500e+00 8.045537948608398438e+00 5.158239841461181641e+00 4.790160179138183594e+00 5.319400787353515625e+00 5.117453575134277344e+00 3.882441043853759766e+00 2.675739765167236328e+00 4.651124477386474609e+00 6.170298576354980469e+00 3.977067470550537109e+00 4.492450237274169922e+00 4.572874069213867188e+00 4.071628093719482422e+00 5.752740859985351562e+00 3.789754390716552734e+00 5.494280338287353516e+00
4.627937793731689453e+00 1.836731553077697754e+00 3.331986188888549805e+00 4.403977870941162109e+00 4.242213726043701172e+00 6.235345363616943359e+00 3.642250776290893555e+00 2.869546890258789062e+00 4.358411312103271484e+00 5.918622016906738281e+00 4.788976669311523438e+00 4.607364654541015625e+00 7.145981788635253906e+00 4.741295814514160156e+00 5.283372402191162109e+00 6.232143878936767578e+00 3.400509119033813477e+00 4.790139198303222656e+00 5.300599575042724609e+00 5.392766952514648438e+00
5.028238296508789062e+00 5.190126419067382812e+00 4.961363792419433594e+00 3.241839885711669922e+00 4.183387756347656250e+00 5.221451282501220703e+00 4.135323047637939453e+00 4.893929004669189453e+00 6.307660102844238281e+00 3.697569847106933594e+00 5.227465629577636719e+00 5.705754756927490234e+00 5.801658630371093750e+00 3.175019264221191406e+00 5.142933845520019531e+00 4.822364330291748047e+00 3.875450372695922852e+00 3.508956432342529297e+00 4.199853897094726562e+00 6.967322349548339844e+00
3.941856622695922852e+00 2.727022171020507812e+00 7.947602272033691406e+00 5.952205657958984375e+00 6.990428924560546875e+00 4.180371761322021484e+00 3.169016361236572266e+00 4.128882408142089844e+00 5.329051017761230469e+00 4.803443908691406250e+00 3.498622417449951172e+00 4.420382499694824219e+00 4.910977363586425781e+00 3.945627689361572266e+00 4.741934776306152344e+00 4.008279800415039062e+00 3.847193956375122070e+00 5.658396720886230469e+00 5.262535095214843750e+00 6.710644721984863281e+00
5.637922286987304688e+00 3.536053180694580078e+00 4.945623397827148438e+00 5.222811698913574219e+00 4.704384326934814453e+00 4.754260063171386719e+00 7.556512832641601562e+00 3.852470874786376953e+00 6.410947322845458984e+00 8.473382949829101562e+00 6.377732276916503906e+00 6.090884208679199219e+00 4.849504947662353516e+00 2.720111846923828125e+00 4.698215007781982422e+00 4.577692985534667969e+00 5.813064575195312500e+00 4.678327560424804688e+00 5.149091720581054688e+00 5.167819023132324219e+00
4.045774459838867188e+00 4.206572532653808594e+00 4.055316925048828125e+00 4.259293079376220703e+00 9.787556648254394531e+00 7.948493957519531250e+00 5.986205101013183594e+00 5.494883537292480469e+00 7.987383365631103516e+00 1.004547500610351562e+01 8.178498268127441406e+00 8.580744743347167969e+00 4.580434799194335938e+00 6.642498016357421875e+00 3.967844963073730469e+00 3.692075252532958984e+00 4.132228374481201172e+00 3.579992294311523438e+00 7.760617733001708984e+00 3.494458198547363281e+00
5.518588542938232422e+00 5.387026786804199219e+00 4.326201438903808594e+00 6.458994865417480469e+00 6.648927211761474609e+00 5.184748172760009766e+00 6.443801403045654297e+00 8.379302978515625000e+00 7.878018379211425781e+00 7.613801002502441406e+00 6.313263416290283203e+00 6.925985336303710938e+00 7.420347213745117188e+00 3.941190242767333984e+00 4.995682239532470703e+00 3.420378446578979492e+00 3.233754396438598633e+00 6.626722335815429688e+00 7.838339805603027344e+00 2.572764635086059570e+00
