2019-07-26 13:15:00
6.510464668273925781e+00 8.179724693298339844e+00 8.958134651184082031e+00 5.956322669982910156e+00 5.989556312561035156e+00 7.101748466491699219e+00 3.482706069946289062e+00 2.974363803863525391e+00 7.063147544860839844e+00 5.690902233123779297e+00 5.658352851867675781e+00 4.157474517822265625e+00 8.169717788696289062e+00 4.561989784240722656e+00 3.884480237960815430e+00 8.947179794311523438e+00 1.128746700286865234e+01 4.307703495025634766e+00 3.882106781005859375e+00 4.336882114410400391e+00
5.927303314208984375e+00 6.983241081237792969e+00 4.959107398986816406e+00 5.782443046569824219e+00 1.019987106323242188e+01 6.539911270141601562e+00 5.717370986938476562e+00 2.848582744598388672e+00 3.602473258972167969e+00 3.005184173583984375e+00 4.310943603515625000e+00 3.174300670623779297e+00 4.611344337463378906e+00 5.467308521270751953e+00 3.722402095794677734e+00 5.409019947052001953e+00 8.652856826782226562e+00 6.925219058990478516e+00 5.600974082946777344e+00 5.567989349365234375e+00
9.301842689514160156e+00 6.193567276000976562e+00 8.392413139343261719e+00 9.485433578491210938e+00 1.002281665802001953e+01 8.191173553466796875e+00 1.041194152832031250e+01 3.154305458068847656e+00 3.796746730804443359e+00 5.393131732940673828e+00 9.823144912719726562e+00 9.992395401000976562e+00 3.821811676025390625e+00 6.187155723571777344e+00 6.331137657165527344e+00 2.612340450286865234e+00 8.443845748901367188e+00 4.556446075439453125e+00 5.115379810333251953e+00 5.780830383300781250e+00
7.508879661560058594e+00 4.458966732025146484e+00 4.849675655364990234e+00 6.520067214965820312e+00 4.486947059631347656e+00 3.263246536254882812e+00 4.533807277679443359e+00 3.804445981979370117e+00 5.073401451110839844e+00 4.193033218383789062e+00 8.066981315612792969e+00 9.203413009643554688e+00 4.090427398681640625e+00 5.024294853210449219e+00 5.483733177185058594e+00 2.903896331787109375e+00 3.252711296081542969e+00 5.411583900451660156e+00 3.954757690429687500e+00 5.483956336975097656e+00
3.236778259277343750e+00 3.896783351898193359e+00 6.275555610656738281e+00 4.053044319152832031e+00 6.003358364105224609e+00 6.711079120635986328e+00 5.449274063110351562e+00 7.574886798858642578e+00 7.481072425842285156e+00 5.985441207885742188e+00 8.400804519653320312e+00 5.449916839599609375e+00 9.261241912841796875e+00 4.480124950408935547e+00 7.736761569976806641e+00 6.738374710083007812e+00 4.500254154205322266e+00 7.315692901611328125e+00 5.884003639221191406e+00 4.149463653564453125e+00
6.075532913208007812e+00 5.063700675964355469e+00 5.405387878417968750e+00 8.758180618286132812e+00 7.717561721801757812e+00 8.906176567077636719e+00 4.003742218017578125e+00 5.504607200622558594e+00 3.938327789306640625e+00 4.436368465423583984e+00 7.371570587158203125e+00 5.276832580566406250e+00 6.886172771453857422e+00 4.504058837890625000e+00 2.114938259124755859e+00 4.480390071868896484e+00 5.427915573120117188e+00 6.684002876281738281e+00 4.135323047637939453e+00 5.052007198333740234e+00
1.002897644042968750e+01 5.151773929595947266e+00 9.208184242248535156e+00 8.983234405517578125e+00 7.896262645721435547e+00 9.327674865722656250e+00 5.634537696838378906e+00 4.129927635192871094e+00 3.181988716125488281e+00 5.972774982452392578e+00 4.530051231384277344e+00 5.303294181823730469e+00 7.802162170410156250e+00 1.151437664031982422e+01 3.967551708221435547e+00 3.908738613128662109e+00 5.806335926055908203e+00 3.510561943054199219e+00 1.045271682739257812e+01 8.014491081237792969e+00
6.027803897857666016e+00 8.064194679260253906e+00 4.050600051879882812e+00 1.035643768310546875e+01 7.242962837219238281e+00 6.864510059356689453e+00 3.183070182800292969e+00 5.217201232910156250e+00 5.018695354461669922e+00 4.658320426940917969e+00 5.485069274902343750e+00 7.522280693054199219e+00 8.537224769592285156e+00 8.165592193603515625e+00 4.114669322967529297e+00 3.937064409255981445e+00 4.808251857757568359e+00 5.073678016662597656e+00 7.024033546447753906e+00 4.686027526855468750e+00
6.163668632507324219e+00 5.653500080108642578e+00 8.114494323730468750e+00 1.271293067932128906e+01 1.271649742126464844e+01 4.451834201812744141e+00 3.139379739761352539e+00 5.079930305480957031e+00 4.725252151489257812e+00 5.713714599609375000e+00 3.458404302597045898e+00 5.190472602844238281e+00 1.208194351196289062e+01 6.547483444213867188e+00 4.426152229309082031e+00 5.666362762451171875e+00 5.733984947204589844e+00 5.076443195343017578e+00 4.900128364562988281e+00 5.546839237213134766e+00
6.181249141693115234e+00 6.087964057922363281e+00 4.501670360565185547e+00 5.129122734069824219e+00 4.921858787536621094e+00 4.555020809173583984e+00 2.907055854797363281e+00 3.138391256332397461e+00 7.936592102050781250e+00 5.817390441894531250e+00 4.957503318786621094e+00 6.723485946655273438e+00 7.381737709045410156e+00 5.601896286010742188e+00 4.227184295654296875e+00 4.957823753356933594e+00 4.733278274536132812e+00 7.153367996215820312e+00 4.553958415985107422e+00 3.455135822296142578e+00
5.830752372741699219e+00 6.199110984802246094e+00 3.270380735397338867e+00 6.286855697631835938e+00 4.552660465240478516e+00 5.803687572479248047e+00 4.007208347320556641e+00 2.584703207015991211e+00 3.987149238586425781e+00 2.859957933425903320e+00 4.208858489990234375e+00 4.536063671112060547e+00 5.017331123352050781e+00 5.664293289184570312e+00 6.237311840057373047e+00 4.374318122863769531e+00 4.599685668945312500e+00 8.354633331298828125e+00 5.093431949615478516e+00 7.801571846008300781e+00
3.392132282257080078e+00 3.874425888061523438e+00 5.079804420471191406e+00 4.074141502380371094e+00 5.586174011230468750e+00 5.289362430572509766e+00 5.020768165588378906e+00 2.755655527114868164e+00 4.502642154693603516e+00 3.092457294464111328e+00 6.770363807678222656e+00 6.274247169494628906e+00 5.847860336303710938e+00 8.732834815979003906e+00 6.216581344604492188e+00 1.178844165802001953e+01 3.265010595321655273e+00 5.533535003662109375e+00 5.175842761993408203e+00 3.856873989105224609e+00
4.544122219085693359e+00 3.189805507659912109e+00 4.293217658996582031e+00 6.067883491516113281e+00 4.416489124298095703e+00 5.738353252410888672e+00 5.417330265045166016e+00 3.975709438323974609e+00 4.147489070892333984e+00 4.393812179565429688e+00 4.269431114196777344e+00 5.853454113006591797e+00 4.033572196960449219e+00 6.677346229553222656e+00 5.004753112792968750e+00 6.224663734436035156e+00 2.995348930358886719e+00 5.153318405151367188e+00 5.857961654663085938e+00 2.550566434860229492e+00
4.548638343811035156e+00 4.653430461883544922e+00 2.913727760314941406e+00 3.265574455261230469e+00 5.362203598022460938e+00 7.512529850006103516e+00 4.078485012054443359e+00 3.578969478607177734e+00 5.241141319274902344e+00 5.174113750457763672e+00 6.065275192260742188e+00 7.382071495056152344e+00 5.736587524414062500e+00 7.595550537109375000e+00 5.430168151855468750e+00 5.339505195617675781e+00 8.704286575317382812e+00 3.603666305541992188e+00 6.458502769470214844e+00 3.969907760620117188e+00
4.253916740417480469e+00 4.079424381256103516e+00 4.364536762237548828e+00 4.841972351074218750e+00 4.998670578002929688e+00 6.900294303894042969e+00 5.126399517059326172e+00 4.186347961425781250e+00 5.499987602233886719e+00 5.469473361968994141e+00 3.724234104156494141e+00 5.887726783752441406e+00 6.494373321533203125e+00 5.229364871978759766e+00 4.462357044219970703e+00 5.053661823272705078e+00 5.245088577270507812e+00 3.737531661987304688e+00 4.772410392761230469e+00 6.208140373229980469e+00
6.910006523132324219e+00 4.623400688171386719e+00 3.812312126159667969e+00 4.267460346221923828e+00 3.385992050170898438e+00 4.440448760986328125e+00 4.190083026885986328e+00 5.504963397979736328e+00 5.376074314117431641e+00 6.952221393585205078e+00 5.862362861633300781e+00 4.852816581726074219e+00 4.739607810974121094e+00 5.985991001129150391e+00 6.258708000183105469e+00 4.140584468841552734e+00 4.037049293518066406e+00 4.414935111999511719e+00 5.438765525817871094e+00 1.024898147583007812e+01
4.444900035858154297e+00 4.622544765472412109e+00 7.648222923278808594e+00 2.789216279983520508e+00 4.081451892852783203e+00 4.699476242065429688e+00 4.445950508117675781e+00 4.392127037048339844e+00 5.461736679077148438e+00 3.978718757629394531e+00 4.562191486358642578e+00 5.083373546600341797e+00 5.564583778381347656e+00 4.400349617004394531e+00 3.611329078674316406e+00 6.795243263244628906e+00 5.144570350646972656e+00 6.131412029266357422e+00 6.573188304901123047e+00 5.254566192626953125e+00
3.958719968795776367e+00 3.964510202407836914e+00 4.022388935089111328e+00 6.729340076446533203e+00 6.732049942016601562e+00 4.080259799957275391e+00 7.975486755371093750e+00 4.194195747375488281e+00 5.838779449462890625e+00 7.347233295440673828e+00 4.437458038330078125e+00 3.227427482604980469e+00 3.724746227264404297e+00 3.792191982269287109e+00 4.533797740936279297e+00 5.205111503601074219e+00 7.619606018066406250e+00 7.330971717834472656e+00 3.201419353485107422e+00 4.861483573913574219e+00
4.618705749511718750e+00 3.179695606231689453e+00 2.954199075698852539e+00 7.223031044006347656e+00 6.771673202514648438e+00 1.073292636871337891e+01 5.794658184051513672e+00 3.949662208557128906e+00 7.263045787811279297e+00 1.106300163269042969e+01 1.080311107635498047e+01 4.532433509826660156e+00 3.110207319259643555e+00 3.475020408630371094e+00 7.375117778778076172e+00 5.607766151428222656e+00 4.092053413391113281e+00 4.225334644317626953e+00 6.756015777587890625e+00 3.951907157897949219e+00
7.674313068389892578e+00 7.822210311889648438e+00 4.306997776031494141e+00 6.140978813171386719e+00 6.030000209808349609e+00 6.042324542999267578e+00 7.910975933074951172e+00 4.374023437500000000e+00 6.210291862487792969e+00 6.504851341247558594e+00 8.989273071289062500e+00 4.016738891601562500e+00 6.278640747070312500e+00 4.581177234649658203e+00 5.681760787963867188e+00 5.407717227935791016e+00 6.064454555511474609e+00 3.925801038742065430e+00 6.445296287536621094e+00 3.324703216552734375e+00
