2019-07-26 13:30:00
5.153081893920898438e+00 5.970096588134765625e+00 7.277730941772460938e+00 8.245599746704101562e+00 5.419937610626220703e+00 6.015984535217285156e+00 5.135781764984130859e+00 4.700997829437255859e+00 4.525941848754882812e+00 5.015691280364990234e+00 4.344317436218261719e+00 3.598798990249633789e+00 5.101631641387939453e+00 6.359665870666503906e+00 5.855067253112792969e+00 7.080216407775878906e+00 6.570260047912597656e+00 6.212729454040527344e+00 4.469135284423828125e+00 3.998681783676147461e+00
5.006066322326660156e+00 9.898515701293945312e+00 8.412631988525390625e+00 1.061804771423339844e+01 6.927119255065917969e+00 9.352863311767578125e+00 6.258327007293701172e+00 4.164244651794433594e+00 3.758803844451904297e+00 4.586847782135009766e+00 4.653845310211181641e+00 3.310545921325683594e+00 4.886488914489746094e+00 7.934405326843261719e+00 5.314754486083984375e+00 6.204023361206054688e+00 6.403583526611328125e+00 8.470424652099609375e+00 5.272510528564453125e+00 4.524612426757812500e+00
1.007552719116210938e+01 5.574300765991210938e+00 7.972986221313476562e+00 6.205069541931152344e+00 1.085137271881103516e+01 1.175417137145996094e+01 7.586384773254394531e+00 4.123643398284912109e+00 5.197224140167236328e+00 3.525616168975830078e+00 8.501045227050781250e+00 9.298545837402343750e+00 2.829781055450439453e+00 5.554022789001464844e+00 4.536109924316406250e+00 5.666933059692382812e+00 4.722251892089843750e+00 3.711527109146118164e+00 4.027756214141845703e+00 4.909257888793945312e+00
4.054574966430664062e+00 1.237440299987792969e+01 5.288621902465820312e+00 7.411528587341308594e+00 5.100746154785156250e+00 5.740838050842285156e+00 6.798121452331542969e+00 4.813375473022460938e+00 5.629296302795410156e+00 1.305846405029296875e+01 7.681107521057128906e+00 5.840243339538574219e+00 4.545912742614746094e+00 4.819839954376220703e+00 8.214815139770507812e+00 2.331923007965087891e+00 6.076726913452148438e+00 5.115825653076171875e+00 5.084085941314697266e+00 3.755875349044799805e+00
4.668036460876464844e+00 5.059965133666992188e+00 4.758223533630371094e+00 4.213871479034423828e+00 4.318552017211914062e+00 8.983001708984375000e+00 4.869730949401855469e+00 7.296978950500488281e+00 5.122077465057373047e+00 1.262325000762939453e+01 5.493007659912109375e+00 8.532810211181640625e+00 8.782155990600585938e+00 6.385724544525146484e+00 4.527515411376953125e+00 1.287066555023193359e+01 6.402188301086425781e+00 7.247898101806640625e+00 6.598297119140625000e+00 3.921966791152954102e+00
7.961897850036621094e+00 4.613551139831542969e+00 7.249177932739257812e+00 9.170998573303222656e+00 8.482332229614257812e+00 7.473954200744628906e+00 6.302455902099609375e+00 8.398059844970703125e+00 1.026476478576660156e+01 7.368110179901123047e+00 3.630101680755615234e+00 5.434335708618164062e+00 6.182029247283935547e+00 5.891015052795410156e+00 4.248641967773437500e+00 7.317448616027832031e+00 5.101058006286621094e+00 4.616718292236328125e+00 3.777758359909057617e+00 4.623721122741699219e+00
5.436313629150390625e+00 7.190906047821044922e+00 1.000941658020019531e+01 5.302791595458984375e+00 8.119529724121093750e+00 8.010588645935058594e+00 5.628350734710693359e+00 7.264791011810302734e+00 4.954853057861328125e+00 4.302862167358398438e+00 5.492459297180175781e+00 4.222329139709472656e+00 8.990667343139648438e+00 5.527715682983398438e+00 3.620446205139160156e+00 3.055637359619140625e+00 4.700349807739257812e+00 6.887161254882812500e+00 6.664518356323242188e+00 8.732931137084960938e+00
8.018659591674804688e+00 4.188500404357910156e+00 4.355935096740722656e+00 8.071994781494140625e+00 6.403110027313232422e+00 4.973323822021484375e+00 9.254224777221679688e+00 4.665093421936035156e+00 4.118918418884277344e+00 4.836481571197509766e+00 5.796613693237304688e+00 6.456060409545898438e+00 5.876919269561767578e+00 6.298552036285400391e+00 6.455564498901367188e+00 4.248400688171386719e+00 5.011023044586181641e+00 6.296578407287597656e+00 7.473440170288085938e+00 4.087207794189453125e+00
6.625617027282714844e+00 6.425245285034179688e+00 7.010663032531738281e+00 5.464895248413085938e+00 8.609892845153808594e+00 5.213732719421386719e+00 5.691264629364013672e+00 6.342296600341796875e+00 6.361338615417480469e+00 4.504502773284912109e+00 6.333584785461425781e+00 5.313590049743652344e+00 6.596366882324218750e+00 5.298002243041992188e+00 5.239537715911865234e+00 2.658147335052490234e+00 5.480947494506835938e+00 6.877919197082519531e+00 3.561263561248779297e+00 5.164268493652343750e+00
7.838010787963867188e+00 1.191324234008789062e+01 7.717223167419433594e+00 6.764251708984375000e+00 7.509120941162109375e+00 5.414670944213867188e+00 5.525663375854492188e+00 4.825123786926269531e+00 6.605729103088378906e+00 9.412611961364746094e+00 4.245422363281250000e+00 4.575841903686523438e+00 4.687551021575927734e+00 7.550924301147460938e+00 4.122716426849365234e+00 5.725855350494384766e+00 8.586300849914550781e+00 3.562072753906250000e+00 5.830242156982421875e+00 7.137504577636718750e+00
4.594182014465332031e+00 5.561161518096923828e+00 5.256388187408447266e+00 5.707741260528564453e+00 4.542346954345703125e+00 5.924913883209228516e+00 3.659308195114135742e+00 6.164294719696044922e+00 5.233023643493652344e+00 4.632668018341064453e+00 3.318431854248046875e+00 4.767365455627441406e+00 8.203903198242187500e+00 4.371428489685058594e+00 4.223923206329345703e+00 2.758819580078125000e+00 4.621361255645751953e+00 9.517528533935546875e+00 4.192378044128417969e+00 8.259328842163085938e+00
1.057029533386230469e+01 4.479111194610595703e+00 6.764568805694580078e+00 4.573476791381835938e+00 6.969954490661621094e+00 6.510423183441162109e+00 3.299268007278442383e+00 5.376353263854980469e+00 2.694144010543823242e+00 7.323372840881347656e+00 3.533082723617553711e+00 6.245408535003662109e+00 4.639939785003662109e+00 6.546032428741455078e+00 4.544692993164062500e+00 5.109844207763671875e+00 5.814023494720458984e+00 7.565684318542480469e+00 5.946836471557617188e+00 5.834087848663330078e+00
5.561412334442138672e+00 4.183530807495117188e+00 6.219420433044433594e+00 9.185332298278808594e+00 5.531743049621582031e+00 7.567271232604980469e+00 5.931266784667968750e+00 1.013025856018066406e+01 6.330516338348388672e+00 8.269117355346679688e+00 6.457715988159179688e+00 7.048594474792480469e+00 5.286378383636474609e+00 8.303470611572265625e+00 5.759763240814208984e+00 3.913539409637451172e+00 5.097592353820800781e+00 4.109287261962890625e+00 1.126277637481689453e+01 4.872288703918457031e+00
5.203614234924316406e+00 7.645161151885986328e+00 8.347969055175781250e+00 4.772274017333984375e+00 5.207276344299316406e+00 7.050973892211914062e+00 6.952578544616699219e+00 6.075885772705078125e+00 6.557108879089355469e+00 6.616163253784179688e+00 7.690944194793701172e+00 4.328016281127929688e+00 5.985299110412597656e+00 5.363392353057861328e+00 5.361989974975585938e+00 4.190518379211425781e+00 6.993944168090820312e+00 6.911817073822021484e+00 6.178164482116699219e+00 3.619641304016113281e+00
4.978120326995849609e+00 5.183000087738037109e+00 4.321476936340332031e+00 7.517905712127685547e+00 3.205715656280517578e+00 6.781198024749755859e+00 7.170790672302246094e+00 7.912164688110351562e+00 4.853640079498291016e+00 6.626649379730224609e+00 6.538388729095458984e+00 5.026588439941406250e+00 7.431085586547851562e+00 5.008799552917480469e+00 7.124928474426269531e+00 3.426401615142822266e+00 6.895960807800292969e+00 6.864037036895751953e+00 6.857067108154296875e+00 5.234151840209960938e+00
5.600146293640136719e+00 3.954846858978271484e+00 3.676251411437988281e+00 4.681179046630859375e+00 3.039373159408569336e+00 3.210899353027343750e+00 5.920392990112304688e+00 4.561103820800781250e+00 4.760622501373291016e+00 5.088921546936035156e+00 5.777682781219482422e+00 3.541834592819213867e+00 7.648589611053466797e+00 6.895832061767578125e+00 5.968327522277832031e+00 6.219073295593261719e+00 5.238108634948730469e+00 3.396664381027221680e+00 6.333814620971679688e+00 7.716591358184814453e+00
7.455082893371582031e+00 3.702627182006835938e+00 5.263212203979492188e+00 7.501318931579589844e+00 8.558903694152832031e+00 5.962199211120605469e+00 5.150480270385742188e+00 4.639763832092285156e+00 4.535950183868408203e+00 5.176343917846679688e+00 5.336397647857666016e+00 4.545775890350341797e+00 3.814453125000000000e+00 4.763006210327148438e+00 5.834300041198730469e+00 5.699753761291503906e+00 4.545900821685791016e+00 6.862225055694580078e+00 5.428530693054199219e+00 7.559702873229980469e+00
6.598758697509765625e+00 3.754135608673095703e+00 4.651911735534667969e+00 7.586722373962402344e+00 6.275472640991210938e+00 9.162790298461914062e+00 6.922215938568115234e+00 5.422184467315673828e+00 6.816287994384765625e+00 8.357142448425292969e+00 5.538778305053710938e+00 5.772057533264160156e+00 7.746041297912597656e+00 5.558486938476562500e+00 5.378217220306396484e+00 5.266636848449707031e+00 5.191694259643554688e+00 9.222621917724609375e+00 4.927407264709472656e+00 7.227270126342773438e+00
6.117854595184326172e+00 4.550619125366210938e+00 3.798747539520263672e+00 4.682747840881347656e+00 7.049833297729492188e+00 5.390677452087402344e+00 5.214333534240722656e+00 4.215396404266357422e+00 6.914568424224853516e+00 1.170153808593750000e+01 1.160559463500976562e+01 9.458311080932617188e+00 5.947263717651367188e+00 4.571890830993652344e+00 9.454803466796875000e+00 5.926431179046630859e+00 7.541089534759521484e+00 3.498293876647949219e+00 4.790678977966308594e+00 6.726601123809814453e+00
6.448800086975097656e+00 4.677734375000000000e+00 4.073381423950195312e+00 8.005397796630859375e+00 4.520945549011230469e+00 4.028485774993896484e+00 7.312444686889648438e+00 7.254546165466308594e+00 6.771112442016601562e+00 3.856732130050659180e+00 9.579832077026367188e+00 6.889507770538330078e+00 1.257134628295898438e+01 5.057604312896728516e+00 4.977213859558105469e+00 4.749681949615478516e+00 5.177238464355468750e+00 8.144664764404296875e+00 4.029096603393554688e+00 3.428007602691650391e+00
