2019-07-26 13:45:00
6.043787956237792969e+00 5.007192134857177734e+00 9.372006416320800781e+00 5.412533760070800781e+00 9.211562156677246094e+00 7.943356037139892578e+00 6.005156517028808594e+00 4.709774971008300781e+00 7.159507274627685547e+00 9.687546730041503906e+00 4.570661544799804688e+00 3.931751966476440430e+00 1.178585243225097656e+01 3.976144313812255859e+00 5.524493217468261719e+00 3.533451080322265625e+00 1.007093048095703125e+01 4.655614852905273438e+00 4.281665802001953125e+00 6.381358623504638672e+00
7.888619422912597656e+00 6.770950317382812500e+00 6.674327373504638672e+00 6.504799842834472656e+00 1.086350631713867188e+01 4.310421466827392578e+00 6.467819213867187500e+00 3.619006633758544922e+00 4.770327568054199219e+00 5.483301162719726562e+00 5.574172019958496094e+00 4.570775032043457031e+00 3.661758184432983398e+00 6.029902458190917969e+00 5.874526023864746094e+00 5.611618995666503906e+00 7.085016250610351562e+00 5.589558601379394531e+00 6.469820022583007812e+00 3.602625608444213867e+00
6.870186805725097656e+00 7.764952182769775391e+00 4.797759056091308594e+00 8.389104843139648438e+00 6.113106250762939453e+00 7.825482368469238281e+00 1.029947662353515625e+01 5.449790000915527344e+00 4.309298038482666016e+00 4.572130203247070312e+00 9.461097717285156250e+00 4.246001243591308594e+00 4.360414981842041016e+00 3.907574176788330078e+00 7.488739013671875000e+00 6.257625579833984375e+00 9.684236526489257812e+00 5.959571838378906250e+00 8.188638687133789062e+00 6.594371318817138672e+00
5.204964637756347656e+00 6.839160919189453125e+00 5.911046028137207031e+00 6.357744693756103516e+00 4.719513893127441406e+00 3.145559787750244141e+00 4.380700588226318359e+00 5.808742523193359375e+00 4.158715248107910156e+00 9.074632644653320312e+00 8.925549507141113281e+00 2.992204666137695312e+00 4.530817031860351562e+00 4.829610824584960938e+00 1.124173545837402344e+01 4.875575065612792969e+00 5.645701408386230469e+00 4.685108184814453125e+00 6.439341545104980469e+00 3.865650177001953125e+00
3.998509168624877930e+00 7.451549053192138672e+00 4.025824546813964844e+00 5.085905075073242188e+00 4.372386455535888672e+00 4.992062568664550781e+00 5.976967811584472656e+00 1.020597267150878906e+01 6.462763309478759766e+00 8.408767700195312500e+00 5.449183464050292969e+00 5.919199943542480469e+00 8.060599327087402344e+00 4.381466865539550781e+00 6.109766006469726562e+00 3.484592437744140625e+00 5.847785949707031250e+00 5.821973800659179688e+00 8.802553176879882812e+00 5.882480621337890625e+00
5.021960258483886719e+00 5.460909843444824219e+00 7.438395977020263672e+00 5.992369651794433594e+00 7.985894203186035156e+00 6.406073093414306641e+00 7.620799064636230469e+00 1.013131523132324219e+01 1.021494293212890625e+01 6.853263854980468750e+00 7.388862133026123047e+00 6.762304306030273438e+00 6.062862396240234375e+00 5.704532623291015625e+00 4.849382400512695312e+00 8.083745002746582031e+00 6.046784400939941406e+00 1.025357151031494141e+01 4.996506690979003906e+00 4.287538528442382812e+00
6.336549282073974609e+00 6.982458114624023438e+00 3.993299007415771484e+00 1.136114883422851562e+01 1.542404270172119141e+01 6.736745834350585938e+00 7.130883216857910156e+00 6.418452739715576172e+00 4.255335807800292969e+00 4.878455162048339844e+00 1.047882270812988281e+01 6.349209785461425781e+00 4.626492023468017578e+00 9.405095100402832031e+00 3.445007562637329102e+00 6.982107639312744141e+00 5.588738441467285156e+00 6.496923923492431641e+00 6.709914684295654297e+00 4.591535568237304688e+00
1.137549114227294922e+01 6.637104034423828125e+00 4.460633277893066406e+00 7.908038139343261719e+00 6.858201026916503906e+00 6.162798881530761719e+00 5.777706146240234375e+00 4.518585205078125000e+00 4.760372161865234375e+00 6.340182304382324219e+00 5.715662002563476562e+00 7.148782730102539062e+00 4.025567531585693359e+00 9.155694961547851562e+00 4.872551918029785156e+00 4.517021179199218750e+00 5.470597267150878906e+00 6.105085849761962891e+00 9.807668685913085938e+00 8.079263687133789062e+00
6.189436912536621094e+00 4.374477863311767578e+00 9.308006286621093750e+00 7.476632118225097656e+00 6.697526454925537109e+00 5.292042732238769531e+00 8.019223213195800781e+00 4.755560874938964844e+00 5.737354278564453125e+00 6.209260940551757812e+00 4.233488559722900391e+00 5.504625320434570312e+00 6.823009014129638672e+00 6.914344787597656250e+00 4.879029750823974609e+00 4.285775184631347656e+00 3.824299097061157227e+00 7.620519161224365234e+00 4.984515666961669922e+00 5.786363124847412109e+00
9.176563262939453125e+00 8.286970138549804688e+00 6.646990776062011719e+00 8.580707550048828125e+00 6.810740470886230469e+00 5.030039310455322266e+00 9.374723434448242188e+00 5.393087387084960938e+00 5.243263244628906250e+00 8.553398132324218750e+00 5.117149353027343750e+00 7.132359981536865234e+00 6.168143272399902344e+00 4.356126785278320312e+00 3.752448081970214844e+00 3.724298477172851562e+00 8.074640274047851562e+00 6.580322742462158203e+00 5.069229125976562500e+00 4.622230529785156250e+00
5.441921234130859375e+00 4.958415031433105469e+00 7.738042831420898438e+00 1.105869007110595703e+01 6.376545906066894531e+00 6.144120216369628906e+00 4.115229129791259766e+00 6.999885559082031250e+00 7.031420707702636719e+00 6.410571098327636719e+00 5.965385437011718750e+00 7.906925201416015625e+00 6.947126388549804688e+00 5.483695507049560547e+00 7.651768207550048828e+00 5.470285415649414062e+00 4.874457836151123047e+00 6.023242473602294922e+00 5.337832450866699219e+00 8.771042823791503906e+00
6.320668220520019531e+00 6.147174835205078125e+00 5.901767730712890625e+00 7.272834300994873047e+00 6.969062328338623047e+00 8.007604598999023438e+00 5.027586936950683594e+00 5.656428337097167969e+00 2.967376232147216797e+00 8.347142219543457031e+00 7.130152702331542969e+00 8.596516609191894531e+00 6.059712886810302734e+00 6.316169261932373047e+00 9.383613586425781250e+00 6.504146575927734375e+00 3.706783533096313477e+00 6.634614944458007812e+00 6.545410156250000000e+00 6.165386199951171875e+00
6.774808883666992188e+00 5.074575901031494141e+00 7.538203716278076172e+00 5.599278926849365234e+00 4.826973438262939453e+00 9.387310028076171875e+00 7.977952957153320312e+00 1.179945755004882812e+01 7.704786777496337891e+00 8.200862884521484375e+00 6.278826713562011719e+00 7.409849166870117188e+00 1.062951564788818359e+01 6.435544013977050781e+00 9.624340057373046875e+00 8.894248008728027344e+00 2.003038883209228516e+00 5.643353462219238281e+00 6.002280235290527344e+00 7.736257076263427734e+00
1.004126548767089844e+01 4.438338279724121094e+00 4.293920516967773438e+00 7.725982189178466797e+00 1.093209457397460938e+01 6.568936347961425781e+00 7.015086174011230469e+00 4.955198764801025391e+00 7.153673648834228516e+00 7.782345294952392578e+00 5.598059177398681641e+00 7.144546031951904297e+00 4.657220363616943359e+00 8.743500709533691406e+00 1.152759361267089844e+01 7.191068649291992188e+00 1.061574554443359375e+01 6.013308525085449219e+00 5.508657455444335938e+00 7.647174835205078125e+00
3.232964515686035156e+00 5.068422317504882812e+00 5.001788616180419922e+00 4.996041774749755859e+00 5.989644050598144531e+00 8.136962890625000000e+00 9.148994445800781250e+00 1.093093299865722656e+01 6.245248794555664062e+00 6.893192768096923828e+00 9.250415802001953125e+00 7.678349494934082031e+00 8.437539100646972656e+00 5.294283390045166016e+00 6.794497966766357422e+00 1.082202625274658203e+01 7.306737899780273438e+00 8.547823905944824219e+00 5.749580860137939453e+00 5.341096401214599609e+00
9.248842239379882812e+00 5.079761981964111328e+00 4.748204231262207031e+00 5.312950134277343750e+00 5.897401809692382812e+00 4.682439804077148438e+00 6.846426963806152344e+00 5.077557563781738281e+00 1.009617805480957031e+01 5.660755157470703125e+00 4.098114490509033203e+00 9.151766777038574219e+00 6.891583442687988281e+00 5.872749328613281250e+00 5.752168655395507812e+00 6.116434574127197266e+00 6.795571327209472656e+00 4.585721015930175781e+00 5.856254100799560547e+00 7.934023857116699219e+00
6.859532833099365234e+00 6.256057262420654297e+00 1.062748146057128906e+01 5.135410308837890625e+00 7.884696960449218750e+00 3.902903079986572266e+00 9.086590766906738281e+00 1.103626632690429688e+01 4.415125846862792969e+00 5.908520698547363281e+00 6.106240272521972656e+00 5.412072658538818359e+00 7.693384647369384766e+00 8.485301017761230469e+00 5.557911872863769531e+00 7.193444728851318359e+00 6.357498168945312500e+00 5.545424938201904297e+00 7.624992370605468750e+00 4.790722846984863281e+00
6.355554103851318359e+00 3.883651018142700195e+00 3.800682067871093750e+00 7.817099571228027344e+00 8.742536544799804688e+00 5.895545959472656250e+00 5.163856983184814453e+00 5.815104484558105469e+00 7.731815338134765625e+00 6.371508121490478516e+00 8.672077178955078125e+00 7.828745365142822266e+00 5.384869098663330078e+00 1.182586097717285156e+01 5.478371620178222656e+00 8.753705978393554688e+00 5.263651847839355469e+00 5.401189327239990234e+00 7.881174087524414062e+00 6.893283843994140625e+00
5.993613719940185547e+00 6.799105644226074219e+00 2.964919090270996094e+00 6.126594543457031250e+00 7.074874877929687500e+00 6.532585620880126953e+00 8.528969764709472656e+00 6.349871635437011719e+00 5.473132133483886719e+00 4.652141571044921875e+00 1.425262069702148438e+01 9.744729995727539062e+00 7.854809761047363281e+00 8.588228225708007812e+00 7.723296165466308594e+00 4.940020084381103516e+00 1.082915592193603516e+01 5.588526725769042969e+00 1.022917747497558594e+01 9.755334854125976562e+00
6.330957412719726562e+00 4.989390373229980469e+00 4.524086952209472656e+00 6.207413673400878906e+00 7.965423107147216797e+00 8.273994445800781250e+00 6.923797607421875000e+00 6.821450710296630859e+00 5.616927623748779297e+00 5.392125129699707031e+00 8.941036224365234375e+00 1.240523624420166016e+01 8.317865371704101562e+00 6.834638595581054688e+00 8.172886848449707031e+00 8.064466476440429688e+00 7.205342292785644531e+00 9.078886985778808594e+00 5.893360614776611328e+00 3.043845891952514648e+00
