2019-07-26 14:15:00
6.224338054656982422e+00 8.487308502197265625e+00 5.880378723144531250e+00 9.996292114257812500e+00 4.549103736877441406e+00 5.923940658569335938e+00 4.775445461273193359e+00 4.432332515716552734e+00 7.041501998901367188e+00 8.917692184448242188e+00 5.476841926574707031e+00 4.261961936950683594e+00 7.048174381256103516e+00 5.167678833007812500e+00 9.195030212402343750e+00 6.507156372070312500e+00 8.709561347961425781e+00 6.886479377746582031e+00 6.094858169555664062e+00 5.129679203033447266e+00
1.004779815673828125e+01 8.646590232849121094e+00 5.431158065795898438e+00 6.675061702728271484e+00 8.019926071166992188e+00 7.438086509704589844e+00 5.065311431884765625e+00 4.573497772216796875e+00 5.747897148132324219e+00 6.223108291625976562e+00 5.168249130249023438e+00 5.134650230407714844e+00 2.670111656188964844e+00 6.312358379364013672e+00 3.511187314987182617e+00 7.093369960784912109e+00 7.211362838745117188e+00 8.904761314392089844e+00 3.949016094207763672e+00 5.604384899139404297e+00
6.400212287902832031e+00 7.274209499359130859e+00 6.852660179138183594e+00 6.661716461181640625e+00 8.840323448181152344e+00 1.197831916809082031e+01 1.365692806243896484e+01 4.599364280700683594e+00 3.387929916381835938e+00 4.815497398376464844e+00 1.275633239746093750e+01 6.501011848449707031e+00 4.045574665069580078e+00 6.621528148651123047e+00 1.057306194305419922e+01 8.737981796264648438e+00 6.093101978302001953e+00 9.176578521728515625e+00 3.517194032669067383e+00 4.743481636047363281e+00
6.590481758117675781e+00 1.007344055175781250e+01 5.918963909149169922e+00 6.216214179992675781e+00 5.280300140380859375e+00 5.531796455383300781e+00 5.226180076599121094e+00 3.142429590225219727e+00 3.432225465774536133e+00 8.039581298828125000e+00 9.862583160400390625e+00 6.597349166870117188e+00 4.564629554748535156e+00 4.738028526306152344e+00 6.815061569213867188e+00 7.267835617065429688e+00 2.655652523040771484e+00 5.928643703460693359e+00 6.628471374511718750e+00 5.685225486755371094e+00
6.699869155883789062e+00 4.825581073760986328e+00 3.181862115859985352e+00 3.941457748413085938e+00 5.902374267578125000e+00 1.033956623077392578e+01 6.868907451629638672e+00 8.819774627685546875e+00 1.163489913940429688e+01 4.214473724365234375e+00 3.947740077972412109e+00 6.821079730987548828e+00 7.559509277343750000e+00 4.433785438537597656e+00 5.884478569030761719e+00 8.971555709838867188e+00 4.459300994873046875e+00 7.117163658142089844e+00 6.346711158752441406e+00 4.677307605743408203e+00
4.104734897613525391e+00 1.035817527770996094e+01 9.164507865905761719e+00 7.880103111267089844e+00 7.307746887207031250e+00 5.805980682373046875e+00 5.687173843383789062e+00 7.064713478088378906e+00 8.375236511230468750e+00 5.535279273986816406e+00 8.327604293823242188e+00 8.697649955749511719e+00 6.092055797576904297e+00 6.609033584594726562e+00 4.744377613067626953e+00 9.220947265625000000e+00 5.749570846557617188e+00 9.235108375549316406e+00 7.945000648498535156e+00 5.710470199584960938e+00
7.584595203399658203e+00 7.651104450225830078e+00 4.563999176025390625e+00 7.138610363006591797e+00 1.040409851074218750e+01 9.261164665222167969e+00 5.658146858215332031e+00 4.107234477996826172e+00 3.920898675918579102e+00 6.695068359375000000e+00 5.547776222229003906e+00 5.509614944458007812e+00 4.199973583221435547e+00 5.926648616790771484e+00 5.196149826049804688e+00 4.605898857116699219e+00 4.333753585815429688e+00 6.727272987365722656e+00 9.444575309753417969e+00 7.562537193298339844e+00
7.261502265930175781e+00 4.917870521545410156e+00 8.061258316040039062e+00 8.930151939392089844e+00 7.744999885559082031e+00 4.775676250457763672e+00 7.984596252441406250e+00 4.888370037078857422e+00 6.268528938293457031e+00 7.605784416198730469e+00 7.328659057617187500e+00 8.777926445007324219e+00 6.272693634033203125e+00 8.818931579589843750e+00 4.378239631652832031e+00 6.866698741912841797e+00 6.841954231262207031e+00 6.537444114685058594e+00 5.320821762084960938e+00 4.715301513671875000e+00
7.546323776245117188e+00 7.409094333648681641e+00 9.394929885864257812e+00 7.687807559967041016e+00 1.503096771240234375e+01 8.435563087463378906e+00 6.324735164642333984e+00 4.270112991333007812e+00 3.993185758590698242e+00 5.914604663848876953e+00 5.482013702392578125e+00 8.858496665954589844e+00 1.062757587432861328e+01 4.775757312774658203e+00 4.894048690795898438e+00 4.973724365234375000e+00 6.276483535766601562e+00 6.028070926666259766e+00 3.453446388244628906e+00 6.363495826721191406e+00
8.985506057739257812e+00 8.446865081787109375e+00 8.817601203918457031e+00 6.426585674285888672e+00 6.713178634643554688e+00 8.227022171020507812e+00 5.765625953674316406e+00 6.257309913635253906e+00 5.122299194335937500e+00 6.760757446289062500e+00 6.211851119995117188e+00 6.824720859527587891e+00 4.618865013122558594e+00 6.808656692504882812e+00 5.158053874969482422e+00 5.024173259735107422e+00 4.909689903259277344e+00 6.625899314880371094e+00 5.349287986755371094e+00 4.924186706542968750e+00
8.750365257263183594e+00 6.685073375701904297e+00 7.405404090881347656e+00 6.769830703735351562e+00 7.374512195587158203e+00 5.305959701538085938e+00 3.664512157440185547e+00 1.225312423706054688e+01 6.233472347259521484e+00 5.246077537536621094e+00 4.275845527648925781e+00 4.714299678802490234e+00 3.394942283630371094e+00 9.503355026245117188e+00 4.839182853698730469e+00 4.773796558380126953e+00 4.748210430145263672e+00 5.708796024322509766e+00 6.243203163146972656e+00 5.437276840209960938e+00
7.504527091979980469e+00 5.699033737182617188e+00 9.196419715881347656e+00 8.139865875244140625e+00 6.925523757934570312e+00 8.682823181152343750e+00 7.545372009277343750e+00 1.055024719238281250e+01 4.147452831268310547e+00 1.033632087707519531e+01 4.390791893005371094e+00 4.155101776123046875e+00 7.231888771057128906e+00 9.631587982177734375e+00 4.266716003417968750e+00 7.096501827239990234e+00 3.344500541687011719e+00 5.812976837158203125e+00 3.977905988693237305e+00 9.277658462524414062e+00
6.455661773681640625e+00 4.917282104492187500e+00 5.653185844421386719e+00 7.636497497558593750e+00 9.338390350341796875e+00 6.699990272521972656e+00 7.727713108062744141e+00 6.377554416656494141e+00 7.625487327575683594e+00 7.999062538146972656e+00 5.833192825317382812e+00 9.426575660705566406e+00 9.199331283569335938e+00 4.723687171936035156e+00 6.417295455932617188e+00 7.424993515014648438e+00 5.301836967468261719e+00 3.587811946868896484e+00 5.530741691589355469e+00 4.417685508728027344e+00
6.743024826049804688e+00 5.460765361785888672e+00 4.397339820861816406e+00 6.474050521850585938e+00 6.090030670166015625e+00 4.469240188598632812e+00 8.460409164428710938e+00 5.759189605712890625e+00 7.850394248962402344e+00 9.039604187011718750e+00 7.475738525390625000e+00 6.041211605072021484e+00 8.062704086303710938e+00 6.917120933532714844e+00 6.343375682830810547e+00 1.094338607788085938e+01 8.569896697998046875e+00 5.751717090606689453e+00 6.656547069549560547e+00 4.462382316589355469e+00
5.215559482574462891e+00 6.110016822814941406e+00 7.522238254547119141e+00 8.481510162353515625e+00 9.897573471069335938e+00 1.219357967376708984e+01 8.936171531677246094e+00 9.259113311767578125e+00 7.159808158874511719e+00 4.537019729614257812e+00 8.008299827575683594e+00 1.230103588104248047e+01 6.715936183929443359e+00 8.587409973144531250e+00 9.957555770874023438e+00 5.031700134277343750e+00 6.782474517822265625e+00 5.234138965606689453e+00 6.468708515167236328e+00 6.635680198669433594e+00
9.630928993225097656e+00 3.964214801788330078e+00 4.702912330627441406e+00 6.049281597137451172e+00 6.153772354125976562e+00 8.537385940551757812e+00 5.111705303192138672e+00 6.318234443664550781e+00 9.025712966918945312e+00 1.159890747070312500e+01 8.148630142211914062e+00 8.938705444335937500e+00 7.222766876220703125e+00 5.278426170349121094e+00 7.577109336853027344e+00 3.672881603240966797e+00 4.688662528991699219e+00 4.782352447509765625e+00 5.791723728179931641e+00 7.471561431884765625e+00
4.303724288940429688e+00 5.994604110717773438e+00 3.879213094711303711e+00 8.544162750244140625e+00 7.682335853576660156e+00 5.327415943145751953e+00 6.503116607666015625e+00 8.313686370849609375e+00 5.905404567718505859e+00 9.162561416625976562e+00 8.578308105468750000e+00 7.176607131958007812e+00 7.597271919250488281e+00 5.956171989440917969e+00 7.277167320251464844e+00 6.675159454345703125e+00 5.509989261627197266e+00 4.538837432861328125e+00 5.880993843078613281e+00 8.753815650939941406e+00
6.396372795104980469e+00 4.825517177581787109e+00 4.331439971923828125e+00 7.103685379028320312e+00 8.419693946838378906e+00 8.415121078491210938e+00 3.873230934143066406e+00 8.570783615112304688e+00 8.031592369079589844e+00 7.645658969879150391e+00 5.503171920776367188e+00 7.110669136047363281e+00 6.541915893554687500e+00 6.724106788635253906e+00 4.808252334594726562e+00 1.102592849731445312e+01 3.946598052978515625e+00 7.284779548645019531e+00 5.551320075988769531e+00 7.233189582824707031e+00
8.819167137145996094e+00 5.800289154052734375e+00 5.036722183227539062e+00 4.866828918457031250e+00 6.576752662658691406e+00 9.105203628540039062e+00 8.532913208007812500e+00 5.613821983337402344e+00 7.010596752166748047e+00 9.734315872192382812e+00 1.090784454345703125e+01 4.206287384033203125e+00 4.995116233825683594e+00 8.332051277160644531e+00 7.262975692749023438e+00 4.343476295471191406e+00 5.001657485961914062e+00 7.424973011016845703e+00 5.698000907897949219e+00 4.465107917785644531e+00
6.718646526336669922e+00 8.685094833374023438e+00 3.974375247955322266e+00 5.227210998535156250e+00 6.854988574981689453e+00 5.106582641601562500e+00 9.672174453735351562e+00 7.184245109558105469e+00 7.835304737091064453e+00 8.218679428100585938e+00 4.993771553039550781e+00 4.301291942596435547e+00 7.912693977355957031e+00 6.246025085449218750e+00 7.010007858276367188e+00 5.091253280639648438e+00 5.865462779998779297e+00 9.653620719909667969e+00 2.751139163970947266e+00 3.284533500671386719e+00
