2019-07-26 14:30:00
6.077706336975097656e+00 5.477445125579833984e+00 1.290855407714843750e+01 5.385946273803710938e+00 8.133744239807128906e+00 6.850394248962402344e+00 3.634957075119018555e+00 2.888330221176147461e+00 7.977122306823730469e+00 8.080622673034667969e+00 4.183854103088378906e+00 3.700157642364501953e+00 7.410746574401855469e+00 5.440794467926025391e+00 6.104176521301269531e+00 7.643609523773193359e+00 7.445137977600097656e+00 4.668069839477539062e+00 6.448774337768554688e+00 4.206180572509765625e+00
5.942118167877197266e+00 1.203882789611816406e+01 7.131976127624511719e+00 7.426770210266113281e+00 9.735231399536132812e+00 4.785657405853271484e+00 6.567394733428955078e+00 2.985506296157836914e+00 4.057939529418945312e+00 5.097996711730957031e+00 2.645389080047607422e+00 4.593708515167236328e+00 5.259737014770507812e+00 6.842422485351562500e+00 3.848384141921997070e+00 4.929002761840820312e+00 5.103576660156250000e+00 6.191169738769531250e+00 7.731945514678955078e+00 4.560955047607421875e+00
6.354234695434570312e+00 4.675940990447998047e+00 7.989362716674804688e+00 7.496836185455322266e+00 6.726201057434082031e+00 9.966684341430664062e+00 5.220717430114746094e+00 3.990862369537353516e+00 4.762941360473632812e+00 3.305366039276123047e+00 9.172016143798828125e+00 6.688515663146972656e+00 3.901829719543457031e+00 4.280305862426757812e+00 8.962107658386230469e+00 4.732895851135253906e+00 1.227007484436035156e+01 7.171375274658203125e+00 5.480382919311523438e+00 6.784276485443115234e+00
5.091722965240478516e+00 7.086448192596435547e+00 6.036906242370605469e+00 7.102668762207031250e+00 5.703470230102539062e+00 4.817646980285644531e+00 4.875272750854492188e+00 5.621427536010742188e+00 4.185061454772949219e+00 4.531792163848876953e+00 1.118325710296630859e+01 7.288445472717285156e+00 2.999435901641845703e+00 4.834574699401855469e+00 8.502718925476074219e+00 1.978009700775146484e+00 3.085028886795043945e+00 4.514142990112304688e+00 5.782616615295410156e+00 5.999011039733886719e+00
4.301674365997314453e+00 4.171342849731445312e+00 4.359982013702392578e+00 4.071084976196289062e+00 5.076972961425781250e+00 1.027062892913818359e+01 6.346719741821289062e+00 7.785698890686035156e+00 7.513403892517089844e+00 5.984750270843505859e+00 1.030790233612060547e+01 6.251474380493164062e+00 1.136849880218505859e+01 4.540320873260498047e+00 4.972715377807617188e+00 1.038822174072265625e+01 6.455606937408447266e+00 3.955299139022827148e+00 1.235629081726074219e+01 4.522450447082519531e+00
3.866396188735961914e+00 4.925874710083007812e+00 7.861840248107910156e+00 6.012416839599609375e+00 6.277757167816162109e+00 1.212078094482421875e+01 7.468276977539062500e+00 7.025943756103515625e+00 6.165708541870117188e+00 5.634203910827636719e+00 4.872800350189208984e+00 5.312020301818847656e+00 5.194297790527343750e+00 4.963929176330566406e+00 3.405778408050537109e+00 5.899444580078125000e+00 5.051910400390625000e+00 4.055443763732910156e+00 8.619406700134277344e+00 4.183636665344238281e+00
7.283812999725341797e+00 8.246983528137207031e+00 7.392181396484375000e+00 6.073966979980468750e+00 7.016841411590576172e+00 4.665983200073242188e+00 6.411011219024658203e+00 7.705487251281738281e+00 4.387469291687011719e+00 4.750170707702636719e+00 8.312986373901367188e+00 5.609349727630615234e+00 8.547653198242187500e+00 9.255144119262695312e+00 6.048979759216308594e+00 6.871201515197753906e+00 6.574604988098144531e+00 5.665638923645019531e+00 5.064748764038085938e+00 7.700860023498535156e+00
6.034530639648437500e+00 8.696440696716308594e+00 4.204537391662597656e+00 4.532500267028808594e+00 1.055485153198242188e+01 7.056571006774902344e+00 4.561463832855224609e+00 4.335609436035156250e+00 3.761707782745361328e+00 6.558744430541992188e+00 4.421005249023437500e+00 8.161288261413574219e+00 1.016040039062500000e+01 1.089454650878906250e+01 3.905896186828613281e+00 5.059212684631347656e+00 3.133332729339599609e+00 7.807634830474853516e+00 1.290821456909179688e+01 4.282558441162109375e+00
5.311294078826904297e+00 6.867300033569335938e+00 9.085552215576171875e+00 5.967872142791748047e+00 8.643795013427734375e+00 6.145651340484619141e+00 6.644852638244628906e+00 6.644726276397705078e+00 7.854189872741699219e+00 7.049100399017333984e+00 4.968952178955078125e+00 3.607924938201904297e+00 8.590208053588867188e+00 6.954353809356689453e+00 8.203846931457519531e+00 3.888918638229370117e+00 4.412270545959472656e+00 6.164006710052490234e+00 5.936571121215820312e+00 6.208280563354492188e+00
1.159779644012451172e+01 4.805180549621582031e+00 5.481372833251953125e+00 5.446072101593017578e+00 5.329394340515136719e+00 3.896857500076293945e+00 7.221725463867187500e+00 4.759651184082031250e+00 5.193410873413085938e+00 5.593337535858154297e+00 5.259277820587158203e+00 6.339624404907226562e+00 4.851592540740966797e+00 5.666518211364746094e+00 4.739550590515136719e+00 3.854528665542602539e+00 7.152244091033935547e+00 4.926310539245605469e+00 7.373319149017333984e+00 6.981102943420410156e+00
5.238285064697265625e+00 4.362661838531494141e+00 5.524454593658447266e+00 5.690512657165527344e+00 4.058344841003417969e+00 6.803195953369140625e+00 6.151138782501220703e+00 7.272953033447265625e+00 5.143841266632080078e+00 5.475109100341796875e+00 6.340867519378662109e+00 4.489518165588378906e+00 5.537980079650878906e+00 6.509505271911621094e+00 4.937821388244628906e+00 7.163621902465820312e+00 4.213081359863281250e+00 9.055418014526367188e+00 5.926710605621337891e+00 7.346154689788818359e+00
4.189604282379150391e+00 7.433526039123535156e+00 7.178265094757080078e+00 4.658475875854492188e+00 8.169983863830566406e+00 7.177434921264648438e+00 7.506719589233398438e+00 5.651967048645019531e+00 3.738569021224975586e+00 6.091388225555419922e+00 5.528719425201416016e+00 7.698423862457275391e+00 6.283112525939941406e+00 6.084242820739746094e+00 5.614709377288818359e+00 7.655518531799316406e+00 5.542475700378417969e+00 5.832828998565673828e+00 5.831089973449707031e+00 5.471274852752685547e+00
7.227089881896972656e+00 3.863977670669555664e+00 8.509151458740234375e+00 4.923495292663574219e+00 6.430449008941650391e+00 5.360881328582763672e+00 5.247311592102050781e+00 5.651733398437500000e+00 7.300872802734375000e+00 6.276359558105468750e+00 4.984336853027343750e+00 6.223782062530517578e+00 8.357944488525390625e+00 4.450388431549072266e+00 6.899002075195312500e+00 6.234230041503906250e+00 3.158235073089599609e+00 4.244999885559082031e+00 8.975902557373046875e+00 4.035178661346435547e+00
8.031246185302734375e+00 8.015054702758789062e+00 6.722627639770507812e+00 6.297790527343750000e+00 6.069543838500976562e+00 3.676232099533081055e+00 7.349000453948974609e+00 7.714362621307373047e+00 8.349734306335449219e+00 6.166718006134033203e+00 5.832786083221435547e+00 3.287171363830566406e+00 6.326426506042480469e+00 6.487968921661376953e+00 6.250908374786376953e+00 6.883541107177734375e+00 6.486343860626220703e+00 4.387639522552490234e+00 5.589740276336669922e+00 5.002290248870849609e+00
4.898726940155029297e+00 4.718380928039550781e+00 4.361743450164794922e+00 7.116948604583740234e+00 7.214056015014648438e+00 9.524295806884765625e+00 5.705317974090576172e+00 4.732089996337890625e+00 4.487082481384277344e+00 5.721102714538574219e+00 3.857597112655639648e+00 3.716109275817871094e+00 6.312263488769531250e+00 6.144897460937500000e+00 7.441558837890625000e+00 4.670167446136474609e+00 5.094434738159179688e+00 5.516872406005859375e+00 5.207692146301269531e+00 8.359843254089355469e+00
5.220233440399169922e+00 6.802538394927978516e+00 7.026352882385253906e+00 6.504575729370117188e+00 5.040637493133544922e+00 6.891661643981933594e+00 5.834109783172607422e+00 6.861122131347656250e+00 5.585764884948730469e+00 7.528103351593017578e+00 6.502855300903320312e+00 5.188311576843261719e+00 9.737216949462890625e+00 5.004185676574707031e+00 4.233618736267089844e+00 3.345998287200927734e+00 6.069061756134033203e+00 4.533505916595458984e+00 4.659832000732421875e+00 4.330010414123535156e+00
6.294456005096435547e+00 4.302255630493164062e+00 8.350683212280273438e+00 5.446512699127197266e+00 1.189879798889160156e+01 3.758834838867187500e+00 6.448083877563476562e+00 4.892500400543212891e+00 5.341553688049316406e+00 6.654413223266601562e+00 3.539284944534301758e+00 4.773895263671875000e+00 3.427546501159667969e+00 5.643632888793945312e+00 5.189182281494140625e+00 6.308014392852783203e+00 4.788377761840820312e+00 4.546664237976074219e+00 4.590617179870605469e+00 7.526659488677978516e+00
5.995110988616943359e+00 4.015127182006835938e+00 5.054040431976318359e+00 9.654151916503906250e+00 7.411188125610351562e+00 8.877857208251953125e+00 3.557358264923095703e+00 3.207432746887207031e+00 5.579440593719482422e+00 6.681353569030761719e+00 8.429395675659179688e+00 3.682174682617187500e+00 7.410885810852050781e+00 5.810999870300292969e+00 6.684540748596191406e+00 7.440824508666992188e+00 5.489414691925048828e+00 7.368979454040527344e+00 3.826894044876098633e+00 7.548656940460205078e+00
9.067149162292480469e+00 5.297073364257812500e+00 5.506643295288085938e+00 5.543867588043212891e+00 5.708790779113769531e+00 6.756937026977539062e+00 7.501667022705078125e+00 4.487845897674560547e+00 6.385603427886962891e+00 1.030346488952636719e+01 6.951452255249023438e+00 6.211882591247558594e+00 7.179182529449462891e+00 6.422349929809570312e+00 6.529158592224121094e+00 4.426011562347412109e+00 4.870836734771728516e+00 4.838346004486083984e+00 9.795209884643554688e+00 6.836436271667480469e+00
6.379210948944091797e+00 6.804733276367187500e+00 3.456767320632934570e+00 7.166939258575439453e+00 5.676313400268554688e+00 5.741466999053955078e+00 4.942825317382812500e+00 6.286462306976318359e+00 7.869928836822509766e+00 1.183489418029785156e+01 6.199168205261230469e+00 9.995052337646484375e+00 8.621012687683105469e+00 6.008675575256347656e+00 4.804903030395507812e+00 5.738693714141845703e+00 6.142368316650390625e+00 6.475452423095703125e+00 7.492180824279785156e+00 4.475579261779785156e+00
