2019-07-26 14:45:00
7.803146362304687500e+00 7.699619293212890625e+00 8.425395965576171875e+00 5.965305328369140625e+00 8.359948158264160156e+00 7.010656833648681641e+00 4.689435005187988281e+00 2.868373394012451172e+00 5.140152931213378906e+00 5.762229919433593750e+00 3.927988529205322266e+00 6.044847011566162109e+00 9.354719161987304688e+00 7.505925178527832031e+00 1.039935111999511719e+01 1.625756072998046875e+01 8.553514480590820312e+00 1.050825214385986328e+01 6.020530700683593750e+00 3.988154649734497070e+00
6.095325469970703125e+00 7.869456768035888672e+00 6.711496829986572266e+00 4.649348258972167969e+00 6.570216655731201172e+00 8.612735748291015625e+00 8.002968788146972656e+00 4.110296249389648438e+00 6.957080364227294922e+00 5.156636238098144531e+00 4.400306224822998047e+00 2.621311187744140625e+00 8.502182960510253906e+00 5.705626010894775391e+00 4.724374771118164062e+00 6.622313976287841797e+00 6.586582660675048828e+00 6.241460800170898438e+00 8.911448478698730469e+00 5.127925872802734375e+00
6.803351402282714844e+00 1.079339218139648438e+01 8.126016616821289062e+00 6.065439701080322266e+00 4.732919216156005859e+00 8.736680984497070312e+00 1.164892196655273438e+01 5.352578163146972656e+00 4.739208221435546875e+00 3.763944387435913086e+00 1.062429046630859375e+01 9.844520568847656250e+00 3.801603317260742188e+00 6.441761016845703125e+00 9.200304031372070312e+00 6.208339214324951172e+00 6.475804328918457031e+00 8.699392318725585938e+00 5.039802551269531250e+00 5.490645408630371094e+00
5.103394508361816406e+00 1.036131954193115234e+01 6.215775489807128906e+00 1.001821136474609375e+01 6.680160045623779297e+00 4.764474868774414062e+00 2.367884159088134766e+00 5.769517421722412109e+00 3.867570877075195312e+00 9.370244979858398438e+00 1.003469657897949219e+01 5.907240867614746094e+00 5.441400527954101562e+00 4.380610466003417969e+00 6.941710948944091797e+00 6.219591617584228516e+00 7.461832046508789062e+00 4.668496131896972656e+00 5.750833988189697266e+00 3.006404399871826172e+00
3.376233100891113281e+00 5.388106346130371094e+00 6.384553909301757812e+00 4.632712364196777344e+00 7.036157608032226562e+00 8.264183044433593750e+00 6.031279563903808594e+00 9.748497009277343750e+00 9.420566558837890625e+00 5.544703960418701172e+00 1.071763420104980469e+01 7.551117897033691406e+00 3.680395603179931641e+00 5.218801498413085938e+00 1.119067955017089844e+01 1.332635021209716797e+01 5.868841648101806641e+00 7.064942836761474609e+00 6.322247505187988281e+00 5.223192214965820312e+00
5.091204643249511719e+00 6.952709197998046875e+00 6.951727390289306641e+00 6.674399375915527344e+00 8.060566902160644531e+00 8.818732261657714844e+00 6.071608066558837891e+00 1.062932586669921875e+01 6.774199008941650391e+00 4.240320205688476562e+00 6.181706428527832031e+00 5.603288173675537109e+00 4.398028850555419922e+00 7.783536911010742188e+00 4.362165451049804688e+00 6.714476585388183594e+00 6.536056041717529297e+00 8.195238113403320312e+00 1.036113262176513672e+01 6.307075500488281250e+00
7.410153865814208984e+00 9.178174972534179688e+00 9.804650306701660156e+00 8.176191329956054688e+00 8.141174316406250000e+00 9.608202934265136719e+00 5.962980270385742188e+00 7.917477130889892578e+00 5.493152141571044922e+00 5.954101085662841797e+00 7.984077453613281250e+00 6.859813213348388672e+00 7.404033660888671875e+00 8.779328346252441406e+00 5.480267047882080078e+00 7.056881904602050781e+00 7.467502593994140625e+00 6.899665832519531250e+00 8.830381393432617188e+00 9.101887702941894531e+00
5.954064369201660156e+00 5.217417716979980469e+00 8.151766777038574219e+00 1.169894218444824219e+01 7.336944103240966797e+00 5.646327495574951172e+00 7.112556457519531250e+00 5.212905406951904297e+00 7.362735748291015625e+00 5.319826602935791016e+00 5.090955734252929688e+00 9.309082031250000000e+00 1.200467109680175781e+01 1.187038326263427734e+01 6.437293052673339844e+00 5.624462604522705078e+00 7.538133144378662109e+00 5.007334709167480469e+00 8.680624008178710938e+00 7.636146068572998047e+00
7.712745189666748047e+00 7.402055740356445312e+00 5.862880229949951172e+00 8.171022415161132812e+00 9.701851844787597656e+00 1.018420982360839844e+01 6.039293289184570312e+00 6.536682128906250000e+00 4.300491809844970703e+00 4.939953804016113281e+00 6.143857002258300781e+00 8.378423690795898438e+00 8.952692031860351562e+00 5.969142913818359375e+00 5.202865600585937500e+00 6.957501411437988281e+00 7.660003185272216797e+00 1.037233352661132812e+01 5.130144596099853516e+00 6.550644874572753906e+00
1.053550148010253906e+01 8.334004402160644531e+00 6.375687599182128906e+00 1.051148986816406250e+01 8.354159355163574219e+00 1.005049514770507812e+01 5.996453285217285156e+00 3.733721256256103516e+00 5.069795608520507812e+00 7.854278564453125000e+00 7.765663146972656250e+00 6.961826801300048828e+00 3.931878089904785156e+00 6.911849975585937500e+00 7.029239177703857422e+00 6.715213775634765625e+00 1.100645065307617188e+01 5.383855819702148438e+00 1.210869503021240234e+01 6.693127155303955078e+00
9.480226516723632812e+00 4.068580150604248047e+00 3.473268508911132812e+00 6.971380233764648438e+00 9.258129119873046875e+00 5.832621574401855469e+00 6.427155971527099609e+00 3.593850374221801758e+00 4.265350341796875000e+00 5.192431926727294922e+00 4.972860336303710938e+00 5.179692268371582031e+00 3.675596475601196289e+00 8.281345367431640625e+00 6.432826995849609375e+00 5.069699764251708984e+00 3.747212886810302734e+00 1.275631523132324219e+01 3.474927425384521484e+00 7.487448215484619141e+00
5.472441673278808594e+00 3.219279527664184570e+00 2.802920341491699219e+00 3.682357788085937500e+00 5.126753330230712891e+00 3.667988777160644531e+00 3.879487037658691406e+00 3.547197818756103516e+00 3.200620412826538086e+00 4.065071105957031250e+00 6.642323493957519531e+00 4.404094696044921875e+00 7.544446468353271484e+00 9.374157905578613281e+00 6.579192161560058594e+00 1.054975032806396484e+01 6.467640876770019531e+00 6.293158531188964844e+00 7.253004074096679688e+00 5.673880577087402344e+00
1.007303237915039062e+01 5.153182983398437500e+00 4.088603496551513672e+00 2.170240879058837891e+00 4.145800590515136719e+00 3.049100875854492188e+00 2.903502225875854492e+00 2.377715587615966797e+00 2.710960388183593750e+00 6.567644596099853516e+00 3.289170026779174805e+00 3.995129108428955078e+00 5.619674682617187500e+00 5.759455680847167969e+00 8.315949440002441406e+00 6.386032104492187500e+00 7.511497497558593750e+00 4.029260635375976562e+00 7.271401405334472656e+00 7.107229232788085938e+00
1.014196968078613281e+01 7.215612888336181641e+00 9.039545059204101562e+00 7.660452365875244141e+00 2.313343524932861328e+00 2.063471078872680664e+00 1.490764141082763672e+00 2.952034473419189453e+00 3.646394729614257812e+00 5.161257266998291016e+00 6.141263008117675781e+00 5.387104034423828125e+00 6.100211143493652344e+00 7.489185333251953125e+00 7.392808914184570312e+00 5.954432487487792969e+00 7.643906116485595703e+00 7.538906097412109375e+00 8.341812133789062500e+00 4.633108139038085938e+00
9.393190383911132812e+00 1.239503669738769531e+01 1.887553215026855469e+01 1.255575180053710938e+01 1.191629981994628906e+01 6.064220428466796875e+00 7.139226913452148438e+00 7.291452407836914062e+00 7.660914421081542969e+00 8.073294639587402344e+00 7.390437126159667969e+00 4.836194515228271484e+00 6.871167659759521484e+00 8.521225929260253906e+00 8.575811386108398438e+00 1.051782608032226562e+01 1.209791660308837891e+01 7.689070224761962891e+00 6.735202789306640625e+00 6.025201320648193359e+00
8.511623382568359375e+00 1.015003681182861328e+01 1.339719581604003906e+01 1.502540588378906250e+01 1.633557128906250000e+01 2.154814338684082031e+01 1.705575561523437500e+01 8.077613830566406250e+00 9.532653808593750000e+00 6.796352386474609375e+00 5.192698955535888672e+00 8.165379524230957031e+00 5.603549003601074219e+00 7.462511539459228516e+00 5.925200939178466797e+00 4.582774162292480469e+00 5.415365219116210938e+00 7.113797187805175781e+00 4.550388336181640625e+00 7.197482109069824219e+00
7.130425453186035156e+00 8.234735488891601562e+00 7.200917243957519531e+00 8.975724220275878906e+00 1.010579299926757812e+01 1.509837055206298828e+01 1.340023422241210938e+01 1.145031261444091797e+01 5.441300392150878906e+00 7.137384891510009766e+00 6.764530658721923828e+00 4.151462554931640625e+00 2.890230655670166016e+00 4.742837429046630859e+00 4.014247894287109375e+00 5.661354541778564453e+00 5.756266593933105469e+00 6.398534774780273438e+00 6.711474895477294922e+00 5.319807052612304688e+00
7.695124626159667969e+00 6.240645408630371094e+00 3.415535211563110352e+00 8.555316925048828125e+00 1.308790588378906250e+01 1.260728645324707031e+01 1.201230049133300781e+01 7.971909999847412109e+00 8.688886642456054688e+00 5.875746250152587891e+00 7.109395027160644531e+00 3.017776727676391602e+00 5.374952793121337891e+00 4.401049137115478516e+00 4.633759498596191406e+00 6.533350467681884766e+00 6.438738346099853516e+00 7.474208831787109375e+00 7.486535072326660156e+00 6.639969825744628906e+00
7.752443790435791016e+00 3.940586805343627930e+00 4.658569335937500000e+00 4.108390331268310547e+00 7.700151443481445312e+00 6.635894775390625000e+00 7.462182044982910156e+00 5.498601913452148438e+00 5.907296180725097656e+00 6.405846118927001953e+00 5.468268871307373047e+00 6.703574180603027344e+00 4.271441936492919922e+00 2.859056949615478516e+00 5.542748451232910156e+00 5.196103572845458984e+00 7.059413909912109375e+00 7.815083503723144531e+00 5.777933120727539062e+00 5.753100395202636719e+00
5.577918052673339844e+00 1.007880592346191406e+01 3.050920248031616211e+00 5.373480796813964844e+00 4.316372394561767578e+00 6.902791976928710938e+00 4.990220069885253906e+00 7.790181159973144531e+00 8.135044097900390625e+00 7.706143379211425781e+00 5.738418102264404297e+00 1.117737197875976562e+01 7.744626045227050781e+00 4.519188880920410156e+00 6.031464576721191406e+00 7.985892772674560547e+00 5.762174129486083984e+00 6.483993530273437500e+00 6.357323646545410156e+00 5.470776557922363281e+00
