2019-07-26 01:30:00
5.028242111206054688e+00 4.891054630279541016e+00 5.666419982910156250e+00 2.942014694213867188e+00 2.635878562927246094e+00 2.975198030471801758e+00 3.263379812240600586e+00 4.405006885528564453e+00 6.779705524444580078e+00 4.365796566009521484e+00 3.103651046752929688e+00 2.933450698852539062e+00 6.812048435211181641e+00 4.509241104125976562e+00 3.007683277130126953e+00 7.557070255279541016e+00 5.428409576416015625e+00 2.915102720260620117e+00 4.099052906036376953e+00 2.572360038757324219e+00
5.244200229644775391e+00 5.265138626098632812e+00 6.117663383483886719e+00 6.154160022735595703e+00 5.817760467529296875e+00 2.311894893646240234e+00 3.190500736236572266e+00 4.310647964477539062e+00 5.564855575561523438e+00 2.695682048797607422e+00 2.698946475982666016e+00 3.804812431335449219e+00 4.224197864532470703e+00 6.104561328887939453e+00 3.509465217590332031e+00 3.393788814544677734e+00 7.883934020996093750e+00 5.849069595336914062e+00 2.704791069030761719e+00 3.696997642517089844e+00
6.356497764587402344e+00 7.122493267059326172e+00 5.850434303283691406e+00 6.116999149322509766e+00 5.085929870605468750e+00 8.659005165100097656e+00 8.215827941894531250e+00 4.157085418701171875e+00 2.655370235443115234e+00 5.049896240234375000e+00 6.888861656188964844e+00 6.308363914489746094e+00 2.868988990783691406e+00 5.611244201660156250e+00 2.515603303909301758e+00 2.582993507385253906e+00 4.166248321533203125e+00 3.000526666641235352e+00 3.166162014007568359e+00 2.873889446258544922e+00
3.035699844360351562e+00 6.686272144317626953e+00 5.164408206939697266e+00 6.319527626037597656e+00 3.768599033355712891e+00 2.896956443786621094e+00 3.411257028579711914e+00 4.617484092712402344e+00 2.972840309143066406e+00 5.779305458068847656e+00 7.361513137817382812e+00 7.620274543762207031e+00 4.423477172851562500e+00 4.208873748779296875e+00 1.087779998779296875e+01 4.162857532501220703e+00 2.859672307968139648e+00 5.523811340332031250e+00 3.964389085769653320e+00 2.590833425521850586e+00
3.803385257720947266e+00 2.549096584320068359e+00 3.968698501586914062e+00 4.193000793457031250e+00 2.467436313629150391e+00 6.473985671997070312e+00 2.988398551940917969e+00 7.443841457366943359e+00 1.037193298339843750e+01 5.957425594329833984e+00 8.182090759277343750e+00 6.453001976013183594e+00 7.040733337402343750e+00 4.149285793304443359e+00 1.170386505126953125e+01 9.281475067138671875e+00 2.405031681060791016e+00 8.305258750915527344e+00 4.500191688537597656e+00 3.094936847686767578e+00
6.348969459533691406e+00 3.820098400115966797e+00 7.668907165527343750e+00 6.348302364349365234e+00 5.656322479248046875e+00 7.344092369079589844e+00 4.743464469909667969e+00 6.979755401611328125e+00 8.427356719970703125e+00 4.187313556671142578e+00 5.964974403381347656e+00 7.020878314971923828e+00 6.210470199584960938e+00 4.160581111907958984e+00 3.092288017272949219e+00 7.892864227294921875e+00 3.315334796905517578e+00 7.121467590332031250e+00 4.203731536865234375e+00 3.455028772354125977e+00
3.575516939163208008e+00 4.882193088531494141e+00 8.503087043762207031e+00 5.686373710632324219e+00 4.581537246704101562e+00 1.036582756042480469e+01 3.767668724060058594e+00 3.754333496093750000e+00 4.777921199798583984e+00 2.725617885589599609e+00 4.796481132507324219e+00 4.219579696655273438e+00 5.710062026977539062e+00 7.582241535186767578e+00 3.203326702117919922e+00 5.194930553436279297e+00 3.010791778564453125e+00 4.019699096679687500e+00 5.717969417572021484e+00 4.438777923583984375e+00
7.100263118743896484e+00 4.897785186767578125e+00 7.647882938385009766e+00 9.482065200805664062e+00 6.785795688629150391e+00 7.162052631378173828e+00 4.260707855224609375e+00 3.789255142211914062e+00 4.599492073059082031e+00 3.938179969787597656e+00 2.771049261093139648e+00 4.655155658721923828e+00 9.011207580566406250e+00 7.519983291625976562e+00 4.945040702819824219e+00 3.150124073028564453e+00 6.866573333740234375e+00 2.704637289047241211e+00 7.147103309631347656e+00 3.851212501525878906e+00
3.787279844284057617e+00 4.946078777313232422e+00 3.412809848785400391e+00 1.067615032196044922e+01 1.095434570312500000e+01 2.698443889617919922e+00 4.184915065765380859e+00 4.126319885253906250e+00 3.732549190521240234e+00 3.409628629684448242e+00 4.630972385406494141e+00 4.326687812805175781e+00 7.760654449462890625e+00 3.423820734024047852e+00 6.207343101501464844e+00 3.641721725463867188e+00 7.195708274841308594e+00 2.026757717132568359e+00 2.484885215759277344e+00 2.965991497039794922e+00
4.595695495605468750e+00 6.068558216094970703e+00 2.533598661422729492e+00 3.940328121185302734e+00 3.642951250076293945e+00 3.444798231124877930e+00 2.797239780426025391e+00 4.856956481933593750e+00 4.528488159179687500e+00 7.075573444366455078e+00 3.040394306182861328e+00 5.270121097564697266e+00 2.406696081161499023e+00 3.444473266601562500e+00 3.856955051422119141e+00 4.239409446716308594e+00 9.307493209838867188e+00 3.180819988250732422e+00 3.468630075454711914e+00 3.439094305038452148e+00
2.492463588714599609e+00 3.782703161239624023e+00 3.194729804992675781e+00 4.617946624755859375e+00 3.900844573974609375e+00 2.938865184783935547e+00 4.011690616607666016e+00 3.243104219436645508e+00 3.466945171356201172e+00 3.276472091674804688e+00 3.206298828125000000e+00 3.551521778106689453e+00 6.153220653533935547e+00 3.800878047943115234e+00 3.634804248809814453e+00 3.178583383560180664e+00 2.784680128097534180e+00 3.896991729736328125e+00 3.674460411071777344e+00 4.309704780578613281e+00
1.929849863052368164e+00 2.341953516006469727e+00 2.810532093048095703e+00 4.133763313293457031e+00 3.012813568115234375e+00 2.327254056930541992e+00 2.715245485305786133e+00 2.520227670669555664e+00 2.709892034530639648e+00 1.822662591934204102e+00 2.074352741241455078e+00 2.533408641815185547e+00 4.064130783081054688e+00 3.968157768249511719e+00 2.825688600540161133e+00 6.804136753082275391e+00 3.574723005294799805e+00 3.237916946411132812e+00 2.632125139236450195e+00 3.420508384704589844e+00
1.942137479782104492e+00 2.192932605743408203e+00 3.029673576354980469e+00 2.608750343322753906e+00 3.266588926315307617e+00 2.966089725494384766e+00 1.785192728042602539e+00 2.762581825256347656e+00 2.769227504730224609e+00 2.463507652282714844e+00 3.227473497390747070e+00 2.886133670806884766e+00 5.181897163391113281e+00 3.018000125885009766e+00 2.436389684677124023e+00 3.390343427658081055e+00 3.438070535659790039e+00 4.236471176147460938e+00 2.287108898162841797e+00 3.698065042495727539e+00
3.349984169006347656e+00 1.800244092941284180e+00 3.591526031494140625e+00 2.698219299316406250e+00 5.011859416961669922e+00 3.029000997543334961e+00 3.282746791839599609e+00 3.659412384033203125e+00 1.826137542724609375e+00 2.468520164489746094e+00 3.386637687683105469e+00 4.061759948730468750e+00 3.628088951110839844e+00 2.889718770980834961e+00 2.678492784500122070e+00 1.975333213806152344e+00 2.629669189453125000e+00 4.011904716491699219e+00 3.203533649444580078e+00 2.671418905258178711e+00
3.457475662231445312e+00 3.252328872680664062e+00 3.066634178161621094e+00 2.503082036972045898e+00 2.924581527709960938e+00 1.984132170677185059e+00 2.179829597473144531e+00 3.255099296569824219e+00 2.374915122985839844e+00 2.631963014602661133e+00 2.408716201782226562e+00 2.127954483032226562e+00 3.094053268432617188e+00 2.487188339233398438e+00 3.269050598144531250e+00 2.269685029983520508e+00 3.375236749649047852e+00 3.410152912139892578e+00 2.970896005630493164e+00 5.552690505981445312e+00
4.270063400268554688e+00 4.178104400634765625e+00 3.185596704483032227e+00 4.133004188537597656e+00 2.690669536590576172e+00 3.023325443267822266e+00 4.410423755645751953e+00 2.070705413818359375e+00 2.497865676879882812e+00 3.828354835510253906e+00 2.576530456542968750e+00 2.264473438262939453e+00 1.656625747680664062e+00 2.884666919708251953e+00 3.299703836441040039e+00 3.686846971511840820e+00 2.392609357833862305e+00 3.027704715728759766e+00 2.923903465270996094e+00 5.328365325927734375e+00
3.040315628051757812e+00 3.073968410491943359e+00 5.120862960815429688e+00 3.893435001373291016e+00 1.072325897216796875e+01 2.675744056701660156e+00 2.748066902160644531e+00 2.167378425598144531e+00 2.167257785797119141e+00 1.966070652008056641e+00 1.964046955108642578e+00 2.898768424987792969e+00 2.324133872985839844e+00 3.430741310119628906e+00 2.901185035705566406e+00 3.057182788848876953e+00 3.814601898193359375e+00 1.843891859054565430e+00 3.988602638244628906e+00 7.364771842956542969e+00
5.056480407714843750e+00 2.764181137084960938e+00 3.921550750732421875e+00 5.272165298461914062e+00 5.162602424621582031e+00 2.356304645538330078e+00 5.805391788482666016e+00 2.675929069519042969e+00 3.973953247070312500e+00 2.960391521453857422e+00 2.188351869583129883e+00 1.506672859191894531e+00 2.459831714630126953e+00 2.101759433746337891e+00 2.520528793334960938e+00 3.214387655258178711e+00 4.442590713500976562e+00 3.544269561767578125e+00 2.953480005264282227e+00 2.930054187774658203e+00
3.453901290893554688e+00 3.516816139221191406e+00 3.845174074172973633e+00 4.482013702392578125e+00 6.982344627380371094e+00 4.239645004272460938e+00 5.920703887939453125e+00 2.305975437164306641e+00 3.595985889434814453e+00 3.869279861450195312e+00 3.306319713592529297e+00 1.806329011917114258e+00 2.635455131530761719e+00 2.427196979522705078e+00 2.531608819961547852e+00 2.047331333160400391e+00 3.123082160949707031e+00 2.927168607711791992e+00 4.210350036621093750e+00 3.241900444030761719e+00
5.710326194763183594e+00 8.253976821899414062e+00 2.946224212646484375e+00 8.090847015380859375e+00 4.147051811218261719e+00 5.228289127349853516e+00 5.957457542419433594e+00 4.569147586822509766e+00 5.204792022705078125e+00 4.178685665130615234e+00 2.780014991760253906e+00 2.465252876281738281e+00 2.528170585632324219e+00 3.114633083343505859e+00 2.559277296066284180e+00 3.946616649627685547e+00 2.918152809143066406e+00 2.114363431930541992e+00 3.820059299468994141e+00 2.964081525802612305e+00
