2019-07-26 15:15:00
8.407489776611328125e+00 6.492103576660156250e+00 9.224423408508300781e+00 6.368494033813476562e+00 6.540819168090820312e+00 7.957208633422851562e+00 6.203118324279785156e+00 4.660373687744140625e+00 1.091888523101806641e+01 4.975587844848632812e+00 3.341672658920288086e+00 6.005398750305175781e+00 4.595767974853515625e+00 6.740093231201171875e+00 7.041809082031250000e+00 7.375687599182128906e+00 9.165414810180664062e+00 5.551229000091552734e+00 8.386070251464843750e+00 3.210387945175170898e+00
1.008850479125976562e+01 1.128800964355468750e+01 5.369953155517578125e+00 4.461038589477539062e+00 1.519519424438476562e+01 9.878805160522460938e+00 8.439618110656738281e+00 4.503667831420898438e+00 4.328958034515380859e+00 5.914553642272949219e+00 4.365473270416259766e+00 8.888644218444824219e+00 6.692866802215576172e+00 8.514938354492187500e+00 8.586938858032226562e+00 6.149971008300781250e+00 8.511976242065429688e+00 8.519592285156250000e+00 5.635290145874023438e+00 5.141048431396484375e+00
8.648948669433593750e+00 9.263454437255859375e+00 6.532277584075927734e+00 6.969865798950195312e+00 4.816586494445800781e+00 8.202054977416992188e+00 9.190408706665039062e+00 7.496981143951416016e+00 4.435815811157226562e+00 4.869559288024902344e+00 1.493448257446289062e+01 1.014048671722412109e+01 7.191346168518066406e+00 5.116729259490966797e+00 1.159095096588134766e+01 1.150114631652832031e+01 1.298726272583007812e+01 7.707031250000000000e+00 6.868000984191894531e+00 6.674349784851074219e+00
4.803566455841064453e+00 5.289680957794189453e+00 3.993949890136718750e+00 4.892583847045898438e+00 5.344438552856445312e+00 7.976228713989257812e+00 6.969497203826904297e+00 1.258073997497558594e+01 7.628487586975097656e+00 1.089070510864257812e+01 9.309751510620117188e+00 8.282148361206054688e+00 4.003026008605957031e+00 5.533276557922363281e+00 1.069614410400390625e+01 9.450704574584960938e+00 1.498639583587646484e+01 8.987670898437500000e+00 5.733197212219238281e+00 4.410745620727539062e+00
4.280577182769775391e+00 5.065909862518310547e+00 4.319621562957763672e+00 3.054760932922363281e+00 3.828956127166748047e+00 8.120725631713867188e+00 9.588172912597656250e+00 7.492009162902832031e+00 1.217411613464355469e+01 1.109293746948242188e+01 1.024218940734863281e+01 7.620843887329101562e+00 7.386155128479003906e+00 3.067692279815673828e+00 5.653599739074707031e+00 7.936728954315185547e+00 8.581567764282226562e+00 8.001267433166503906e+00 9.487260818481445312e+00 3.257463216781616211e+00
5.765563011169433594e+00 7.510208606719970703e+00 7.034749507904052734e+00 1.007869148254394531e+01 1.224728965759277344e+01 5.640535354614257812e+00 7.981697559356689453e+00 1.449401283264160156e+01 1.343980979919433594e+01 8.776775360107421875e+00 7.838392734527587891e+00 3.983956813812255859e+00 4.576931476593017578e+00 5.746676445007324219e+00 3.363554477691650391e+00 8.833096504211425781e+00 7.566047191619873047e+00 5.534880638122558594e+00 5.104450225830078125e+00 3.680559158325195312e+00
5.914831161499023438e+00 5.324557781219482422e+00 8.519925117492675781e+00 1.031989192962646484e+01 1.521758747100830078e+01 1.594548416137695312e+01 7.298255920410156250e+00 9.479589462280273438e+00 5.064742565155029297e+00 6.773099899291992188e+00 6.448935508728027344e+00 7.650693893432617188e+00 9.789396286010742188e+00 1.331289863586425781e+01 6.015942573547363281e+00 9.748331069946289062e+00 7.753648281097412109e+00 4.701486587524414062e+00 8.166397094726562500e+00 8.032995223999023438e+00
6.944363594055175781e+00 8.666196823120117188e+00 7.194178581237792969e+00 6.239878177642822266e+00 6.796888351440429688e+00 3.562983274459838867e+00 4.697382926940917969e+00 5.145865917205810547e+00 5.825472354888916016e+00 7.259221076965332031e+00 7.549296379089355469e+00 6.824305057525634766e+00 8.431206703186035156e+00 8.687906265258789062e+00 6.263854503631591797e+00 5.317043781280517578e+00 5.984421253204345703e+00 6.894577503204345703e+00 1.021772098541259766e+01 5.398817062377929688e+00
5.236311912536621094e+00 7.301670074462890625e+00 6.373937606811523438e+00 4.502101898193359375e+00 6.677288055419921875e+00 4.047775268554687500e+00 7.061842918395996094e+00 5.802017688751220703e+00 5.428261280059814453e+00 4.566554546356201172e+00 4.302441596984863281e+00 6.833941459655761719e+00 7.720951080322265625e+00 7.545524597167968750e+00 4.792537689208984375e+00 4.882428646087646484e+00 8.435193061828613281e+00 4.884890556335449219e+00 4.947786331176757812e+00 6.891094684600830078e+00
5.526695251464843750e+00 9.504352569580078125e+00 5.221984863281250000e+00 2.579748630523681641e+00 1.436245560646057129e+00 2.776842832565307617e+00 3.814520835876464844e+00 5.028461456298828125e+00 4.768610000610351562e+00 3.942928314208984375e+00 2.441392660140991211e+00 5.821021080017089844e+00 4.937524795532226562e+00 4.798265457153320312e+00 3.971137285232543945e+00 7.446475505828857422e+00 1.059406852722167969e+01 5.740108489990234375e+00 7.235638618469238281e+00 9.577770233154296875e+00
4.538321971893310547e+00 6.088478088378906250e+00 4.213405609130859375e+00 2.849348545074462891e+00 1.823246121406555176e+00 3.444421291351318359e+00 6.153048515319824219e+00 7.638311386108398438e+00 3.101820230484008789e+00 2.737029314041137695e+00 2.316044092178344727e+00 1.593769550323486328e+00 4.806067466735839844e+00 6.286052703857421875e+00 7.062744140625000000e+00 4.371747493743896484e+00 4.722012042999267578e+00 6.260043144226074219e+00 3.576563835144042969e+00 8.590667724609375000e+00
8.848629951477050781e+00 3.722610473632812500e+00 4.282785415649414062e+00 4.342288017272949219e+00 4.101786136627197266e+00 9.476967811584472656e+00 8.405599594116210938e+00 8.849294662475585938e+00 4.055587768554687500e+00 2.427874803543090820e+00 1.027437090873718262e+00 1.575260758399963379e+00 2.550537109375000000e+00 9.409727096557617188e+00 7.667773246765136719e+00 5.330033779144287109e+00 5.315141677856445312e+00 6.580631732940673828e+00 7.110617160797119141e+00 6.423029422760009766e+00
8.367068290710449219e+00 8.083147048950195312e+00 5.623717308044433594e+00 8.409179687500000000e+00 9.005125045776367188e+00 8.787882804870605469e+00 9.598634719848632812e+00 7.777035236358642578e+00 2.951453924179077148e+00 3.169406175613403320e+00 2.269514322280883789e+00 3.078366279602050781e+00 4.035098075866699219e+00 1.130348396301269531e+01 1.208649349212646484e+01 1.040896224975585938e+01 1.216905975341796875e+01 5.399168014526367188e+00 1.004137992858886719e+01 6.222155570983886719e+00
7.902367591857910156e+00 7.362139701843261719e+00 1.102342796325683594e+01 7.822453975677490234e+00 1.128286743164062500e+01 1.278646850585937500e+01 1.024281883239746094e+01 7.363280773162841797e+00 3.299772262573242188e+00 3.685911178588867188e+00 2.339648008346557617e+00 5.351202011108398438e+00 6.853681564331054688e+00 8.487939834594726562e+00 1.150774574279785156e+01 7.830783367156982422e+00 9.931310653686523438e+00 9.127311706542968750e+00 9.937337875366210938e+00 5.719676017761230469e+00
9.075707435607910156e+00 8.346357345581054688e+00 1.108359146118164062e+01 1.188603210449218750e+01 9.468500137329101562e+00 1.300345134735107422e+01 9.971345901489257812e+00 8.147576332092285156e+00 2.989521980285644531e+00 3.251089334487915039e+00 3.018773078918457031e+00 3.935348987579345703e+00 8.194278717041015625e+00 1.052748107910156250e+01 1.746305084228515625e+01 1.307409858703613281e+01 9.136823654174804688e+00 7.512681007385253906e+00 5.103489875793457031e+00 5.344223022460937500e+00
1.020521259307861328e+01 1.081555175781250000e+01 1.230623245239257812e+01 1.725831222534179688e+01 1.560195827484130859e+01 1.669580078125000000e+01 8.237338066101074219e+00 4.148721694946289062e+00 5.332774639129638672e+00 4.017658710479736328e+00 5.504418373107910156e+00 4.110769271850585938e+00 4.455698490142822266e+00 5.332970619201660156e+00 9.365406036376953125e+00 1.181568241119384766e+01 9.366354942321777344e+00 9.866863250732421875e+00 8.019054412841796875e+00 7.275067806243896484e+00
4.903963088989257812e+00 8.102653503417968750e+00 8.406887054443359375e+00 9.097908020019531250e+00 1.071098995208740234e+01 8.490541458129882812e+00 1.063481330871582031e+01 4.421087741851806641e+00 6.151001930236816406e+00 4.543481349945068359e+00 2.680707931518554688e+00 3.335312843322753906e+00 2.803270339965820312e+00 2.585180282592773438e+00 3.817763805389404297e+00 8.482824325561523438e+00 8.268489837646484375e+00 8.272204399108886719e+00 6.236637115478515625e+00 6.435246944427490234e+00
7.603670597076416016e+00 3.942326068878173828e+00 7.455987453460693359e+00 1.017884635925292969e+01 1.437478065490722656e+01 9.431077957153320312e+00 6.786305427551269531e+00 1.071852397918701172e+01 9.994632720947265625e+00 7.994836807250976562e+00 4.271857261657714844e+00 2.182306051254272461e+00 3.147831439971923828e+00 4.059730052947998047e+00 3.440891742706298828e+00 8.080398559570312500e+00 8.619712829589843750e+00 4.366311073303222656e+00 6.528855800628662109e+00 7.013872146606445312e+00
9.477443695068359375e+00 5.067412853240966797e+00 5.616775512695312500e+00 3.489585638046264648e+00 1.119489479064941406e+01 5.788514137268066406e+00 7.986748218536376953e+00 4.908947944641113281e+00 8.038307189941406250e+00 5.999080657958984375e+00 9.724990844726562500e+00 5.703940868377685547e+00 2.764026641845703125e+00 2.242941379547119141e+00 6.825792789459228516e+00 7.420621871948242188e+00 5.470748424530029297e+00 6.652074813842773438e+00 3.810849189758300781e+00 1.087329673767089844e+01
6.459614276885986328e+00 6.715569972991943359e+00 3.612787961959838867e+00 6.733282089233398438e+00 5.150379657745361328e+00 5.289451599121093750e+00 6.152581214904785156e+00 6.655926227569580078e+00 1.145584011077880859e+01 5.076594352722167969e+00 7.587934494018554688e+00 5.786260604858398438e+00 3.994422435760498047e+00 5.076538085937500000e+00 6.262468338012695312e+00 8.903364181518554688e+00 6.418387413024902344e+00 7.017830848693847656e+00 8.449813842773437500e+00 3.239482402801513672e+00
