2019-07-26 15:45:00
8.536503791809082031e+00 8.961288452148437500e+00 9.038784980773925781e+00 3.751176834106445312e+00 4.041904449462890625e+00 4.551075458526611328e+00 4.367478370666503906e+00 3.681815147399902344e+00 6.459716796875000000e+00 6.589555263519287109e+00 3.656728029251098633e+00 3.144085168838500977e+00 1.141012954711914062e+01 4.991489887237548828e+00 6.063299179077148438e+00 9.265846252441406250e+00 4.471061706542968750e+00 4.314772605895996094e+00 4.618961334228515625e+00 3.033625125885009766e+00
5.045120716094970703e+00 8.511424064636230469e+00 7.703054904937744141e+00 9.918992996215820312e+00 9.706509590148925781e+00 2.067707777023315430e+00 3.119019508361816406e+00 3.094454765319824219e+00 4.586643218994140625e+00 4.351096153259277344e+00 3.368106365203857422e+00 4.433469772338867188e+00 5.777438163757324219e+00 5.256569385528564453e+00 4.978177070617675781e+00 3.304188013076782227e+00 6.699971675872802734e+00 7.901195526123046875e+00 4.955878734588623047e+00 3.315559864044189453e+00
4.571339130401611328e+00 6.695677757263183594e+00 5.086506843566894531e+00 4.663251399993896484e+00 7.801058292388916016e+00 8.026912689208984375e+00 6.486841201782226562e+00 3.169753074645996094e+00 3.219786643981933594e+00 2.932416915893554688e+00 5.604595184326171875e+00 5.595109462738037109e+00 5.182949542999267578e+00 3.294998168945312500e+00 6.827430248260498047e+00 5.033489227294921875e+00 8.920919418334960938e+00 6.499216556549072266e+00 3.897019386291503906e+00 4.038207054138183594e+00
4.175812721252441406e+00 4.552827358245849609e+00 9.097805976867675781e+00 1.064231204986572266e+01 2.909124851226806641e+00 5.467859268188476562e+00 3.207551002502441406e+00 4.505462646484375000e+00 3.968842267990112305e+00 7.008831977844238281e+00 8.438886642456054688e+00 8.566238403320312500e+00 4.125707626342773438e+00 3.146176099777221680e+00 5.279752731323242188e+00 4.396719932556152344e+00 5.946093559265136719e+00 4.348197460174560547e+00 6.653007030487060547e+00 3.896194458007812500e+00
4.920858383178710938e+00 3.170864343643188477e+00 4.075854301452636719e+00 4.398237228393554688e+00 2.976801156997680664e+00 5.224328994750976562e+00 3.696029186248779297e+00 5.965197563171386719e+00 5.886585712432861328e+00 6.513429641723632812e+00 1.032515239715576172e+01 7.130805969238281250e+00 1.105910873413085938e+01 2.667408943176269531e+00 8.223610877990722656e+00 8.573236465454101562e+00 3.750480413436889648e+00 6.404027938842773438e+00 7.176180362701416016e+00 3.843332290649414062e+00
9.072505950927734375e+00 4.824620246887207031e+00 5.802475929260253906e+00 7.585531234741210938e+00 7.051911354064941406e+00 5.863447666168212891e+00 2.408035278320312500e+00 8.632242202758789062e+00 6.898010730743408203e+00 4.314839363098144531e+00 3.788284540176391602e+00 5.624092102050781250e+00 2.908222198486328125e+00 3.939477443695068359e+00 4.475892066955566406e+00 1.019150924682617188e+01 2.960849761962890625e+00 9.926279067993164062e+00 6.892491817474365234e+00 3.770855188369750977e+00
7.137373924255371094e+00 4.899347305297851562e+00 7.264440059661865234e+00 9.680398941040039062e+00 4.687342643737792969e+00 4.548450946807861328e+00 4.965001106262207031e+00 6.774987220764160156e+00 3.478656768798828125e+00 3.002071857452392578e+00 3.295484066009521484e+00 2.877237796783447266e+00 7.865481376647949219e+00 9.345877647399902344e+00 4.547410011291503906e+00 6.674085617065429688e+00 6.011524200439453125e+00 6.759047508239746094e+00 3.466355085372924805e+00 6.638917446136474609e+00
6.379433155059814453e+00 4.001970291137695312e+00 4.843513965606689453e+00 7.715698242187500000e+00 6.238699913024902344e+00 5.282963275909423828e+00 3.720091104507446289e+00 3.641438961029052734e+00 5.209422111511230469e+00 4.587604522705078125e+00 5.158512115478515625e+00 3.905497550964355469e+00 8.340848922729492188e+00 1.063499546051025391e+01 2.892756700515747070e+00 4.448514938354492188e+00 5.734012603759765625e+00 2.313146114349365234e+00 6.771121978759765625e+00 3.096860408782958984e+00
3.453889369964599609e+00 5.831972599029541016e+00 5.809189796447753906e+00 5.503481864929199219e+00 6.986810207366943359e+00 2.583985567092895508e+00 3.581915855407714844e+00 3.746139526367187500e+00 4.519157409667968750e+00 5.128848075866699219e+00 4.143146038055419922e+00 3.338487625122070312e+00 7.122240543365478516e+00 5.489441394805908203e+00 5.531519889831542969e+00 3.244704961776733398e+00 6.474884986877441406e+00 2.814571857452392578e+00 3.952811241149902344e+00 3.390172958374023438e+00
3.738545179367065430e+00 6.421529769897460938e+00 3.388193130493164062e+00 3.561377048492431641e+00 2.942464113235473633e+00 4.712361335754394531e+00 3.910806894302368164e+00 4.270122528076171875e+00 5.078655719757080078e+00 6.847908973693847656e+00 5.380851745605468750e+00 4.893919467926025391e+00 6.957480430603027344e+00 5.133481979370117188e+00 2.641543865203857422e+00 3.352148532867431641e+00 4.512583732604980469e+00 3.700967788696289062e+00 5.128015518188476562e+00 3.920306205749511719e+00
3.026537418365478516e+00 4.524888992309570312e+00 4.708606719970703125e+00 1.899363994598388672e+00 3.212703943252563477e+00 3.527186393737792969e+00 3.316765785217285156e+00 5.116857528686523438e+00 5.601552009582519531e+00 5.344986438751220703e+00 6.691936969757080078e+00 3.933409690856933594e+00 6.358702182769775391e+00 4.415005683898925781e+00 3.446013927459716797e+00 3.930530309677124023e+00 3.148562431335449219e+00 5.478197097778320312e+00 4.544535636901855469e+00 5.547916412353515625e+00
2.842828750610351562e+00 2.972837924957275391e+00 3.089883327484130859e+00 3.054145336151123047e+00 2.251127004623413086e+00 4.728036880493164062e+00 5.100693225860595703e+00 4.371861457824707031e+00 3.287256240844726562e+00 6.329872131347656250e+00 6.053404331207275391e+00 6.471988201141357422e+00 2.859409809112548828e+00 4.741315364837646484e+00 2.444801807403564453e+00 4.509019851684570312e+00 3.602784156799316406e+00 5.105312824249267578e+00 3.736870288848876953e+00 4.882349014282226562e+00
2.733694553375244141e+00 2.844517469406127930e+00 3.436728954315185547e+00 3.633950233459472656e+00 4.169239044189453125e+00 4.693253993988037109e+00 6.437350749969482422e+00 4.917508125305175781e+00 7.440550327301025391e+00 6.305939674377441406e+00 8.236759185791015625e+00 4.613239288330078125e+00 5.011145591735839844e+00 4.016087532043457031e+00 3.278843641281127930e+00 3.960153102874755859e+00 4.364650726318359375e+00 1.766295433044433594e+00 4.947760581970214844e+00 3.404064893722534180e+00
3.450466632843017578e+00 3.521442890167236328e+00 4.553002834320068359e+00 3.756681919097900391e+00 6.596731662750244141e+00 5.270021438598632812e+00 9.428779602050781250e+00 9.749044418334960938e+00 5.769629478454589844e+00 8.614403724670410156e+00 6.698832035064697266e+00 3.913266181945800781e+00 4.097699165344238281e+00 4.922985553741455078e+00 3.160646915435791016e+00 3.521315574645996094e+00 4.356616973876953125e+00 4.896268367767333984e+00 3.634776115417480469e+00 4.093960762023925781e+00
2.995260715484619141e+00 2.217931270599365234e+00 3.039592742919921875e+00 3.688990592956542969e+00 7.406578063964843750e+00 5.160264015197753906e+00 6.884326934814453125e+00 7.260508537292480469e+00 7.550833702087402344e+00 8.039714813232421875e+00 6.034757614135742188e+00 7.162486076354980469e+00 7.075771331787109375e+00 4.456016540527343750e+00 3.764273881912231445e+00 3.782472133636474609e+00 5.104891777038574219e+00 3.273047685623168945e+00 5.429248809814453125e+00 2.905801773071289062e+00
3.432119369506835938e+00 5.826008796691894531e+00 3.936399221420288086e+00 2.815958023071289062e+00 3.790772438049316406e+00 3.860733032226562500e+00 5.879588127136230469e+00 8.091743469238281250e+00 9.701442718505859375e+00 8.865503311157226562e+00 6.342739582061767578e+00 5.140873908996582031e+00 5.742192268371582031e+00 5.171385288238525391e+00 4.113698482513427734e+00 4.151414871215820312e+00 4.193750381469726562e+00 3.441065549850463867e+00 3.608467578887939453e+00 7.411820411682128906e+00
3.560912370681762695e+00 3.900146722793579102e+00 3.845361471176147461e+00 4.540341854095458984e+00 6.878999710083007812e+00 4.098853111267089844e+00 6.682638645172119141e+00 5.222623348236083984e+00 6.810036659240722656e+00 6.624979019165039062e+00 5.398905754089355469e+00 2.077898979187011719e+00 4.521102428436279297e+00 4.088446140289306641e+00 3.936680793762207031e+00 4.432027816772460938e+00 4.617495536804199219e+00 3.548136234283447266e+00 4.030378341674804688e+00 5.965697288513183594e+00
4.634921073913574219e+00 3.403084993362426758e+00 3.444204568862915039e+00 4.898072719573974609e+00 4.605140686035156250e+00 5.428810119628906250e+00 6.648264884948730469e+00 5.152108669281005859e+00 5.615974426269531250e+00 6.191703796386718750e+00 9.440939903259277344e+00 4.808431625366210938e+00 9.416584014892578125e+00 5.516131401062011719e+00 3.669803142547607422e+00 6.046895027160644531e+00 6.242763519287109375e+00 5.800790786743164062e+00 3.743105649948120117e+00 4.696192741394042969e+00
4.462797164916992188e+00 3.670818805694580078e+00 3.892524480819702148e+00 2.983430862426757812e+00 8.992002487182617188e+00 5.901952743530273438e+00 7.375358581542968750e+00 6.769917488098144531e+00 7.887588500976562500e+00 7.293834686279296875e+00 9.330405235290527344e+00 9.241762161254882812e+00 3.254275798797607422e+00 4.986298561096191406e+00 6.693616390228271484e+00 4.690399169921875000e+00 4.143970489501953125e+00 4.628619194030761719e+00 7.893054962158203125e+00 4.012335777282714844e+00
5.141473770141601562e+00 6.197953224182128906e+00 2.657445192337036133e+00 4.127521514892578125e+00 5.656133174896240234e+00 3.290299415588378906e+00 8.485504150390625000e+00 4.857717514038085938e+00 1.153377056121826172e+01 1.093440055847167969e+01 1.025044727325439453e+01 1.234673118591308594e+01 8.585912704467773438e+00 4.144385814666748047e+00 7.393361568450927734e+00 5.406373023986816406e+00 2.232535123825073242e+00 5.724317550659179688e+00 4.361714839935302734e+00 3.909902095794677734e+00
