2019-07-26 16:00:00
1.030235290527343750e+01 7.095219612121582031e+00 7.440690040588378906e+00 5.601546287536621094e+00 4.743884563446044922e+00 4.153040885925292969e+00 4.180063247680664062e+00 3.960268020629882812e+00 8.214202880859375000e+00 7.188069343566894531e+00 2.505385398864746094e+00 5.358024597167968750e+00 5.108698368072509766e+00 4.772018432617187500e+00 5.026568412780761719e+00 6.206951618194580078e+00 5.542488574981689453e+00 4.029233932495117188e+00 3.880322694778442383e+00 5.262249946594238281e+00
7.036548614501953125e+00 6.921441555023193359e+00 1.071903896331787109e+01 6.220698356628417969e+00 9.998640060424804688e+00 1.098542785644531250e+01 5.916314125061035156e+00 5.580031394958496094e+00 4.189302444458007812e+00 4.914282798767089844e+00 6.250442504882812500e+00 4.234488487243652344e+00 5.917981147766113281e+00 6.137773513793945312e+00 5.925849914550781250e+00 4.427313804626464844e+00 7.810916423797607422e+00 7.307918548583984375e+00 3.000094413757324219e+00 4.002935886383056641e+00
7.291632175445556641e+00 7.932610511779785156e+00 7.761922836303710938e+00 7.983413696289062500e+00 4.333921432495117188e+00 7.758300304412841797e+00 6.438436031341552734e+00 4.773226261138916016e+00 4.921856880187988281e+00 3.326349735260009766e+00 3.969345808029174805e+00 9.109006881713867188e+00 5.442733287811279297e+00 5.994672775268554688e+00 7.546401500701904297e+00 5.883941650390625000e+00 1.219067573547363281e+01 3.409249067306518555e+00 4.887989997863769531e+00 3.777690649032592773e+00
4.061471462249755859e+00 7.046868324279785156e+00 6.754522800445556641e+00 5.848019599914550781e+00 5.559113502502441406e+00 3.662579059600830078e+00 4.462644577026367188e+00 5.950181961059570312e+00 4.238048076629638672e+00 5.437308311462402344e+00 9.035626411437988281e+00 1.011972999572753906e+01 5.931248188018798828e+00 5.990797042846679688e+00 8.046118736267089844e+00 5.800108909606933594e+00 3.839075565338134766e+00 5.020852565765380859e+00 4.076718807220458984e+00 3.548540592193603516e+00
3.387943267822265625e+00 4.832124233245849609e+00 5.570692062377929688e+00 4.881364822387695312e+00 5.094576835632324219e+00 7.381839752197265625e+00 6.502016067504882812e+00 1.176183700561523438e+01 3.620956420898437500e+00 1.134472370147705078e+01 6.710801124572753906e+00 5.362154483795166016e+00 9.860914230346679688e+00 4.649780273437500000e+00 7.287843227386474609e+00 7.802400588989257812e+00 5.068287372589111328e+00 9.277366638183593750e+00 8.696122169494628906e+00 5.354578971862792969e+00
5.144450187683105469e+00 4.296527385711669922e+00 7.024738311767578125e+00 9.588584899902343750e+00 1.131655406951904297e+01 5.598955154418945312e+00 7.677011966705322266e+00 1.040835571289062500e+01 8.663306236267089844e+00 9.091812133789062500e+00 6.641831874847412109e+00 6.931041240692138672e+00 4.659082412719726562e+00 6.040341377258300781e+00 3.626622200012207031e+00 5.941718101501464844e+00 7.021580696105957031e+00 7.838760375976562500e+00 7.044031143188476562e+00 5.123337745666503906e+00
6.123909950256347656e+00 4.558304786682128906e+00 4.905447483062744141e+00 1.174952697753906250e+01 7.331520557403564453e+00 1.424433708190917969e+01 5.281253337860107422e+00 5.195522308349609375e+00 5.884020805358886719e+00 7.052756309509277344e+00 6.384213924407958984e+00 4.870526790618896484e+00 9.635653495788574219e+00 6.906390666961669922e+00 4.405333042144775391e+00 4.408226013183593750e+00 4.220989227294921875e+00 4.105487823486328125e+00 7.580597400665283203e+00 7.029058456420898438e+00
4.764833927154541016e+00 5.733277320861816406e+00 4.392367839813232422e+00 7.022812366485595703e+00 5.332968235015869141e+00 4.269059181213378906e+00 8.447668075561523438e+00 4.855245590209960938e+00 8.666881561279296875e+00 8.571143150329589844e+00 7.383952617645263672e+00 7.613201141357421875e+00 6.753438949584960938e+00 1.090745544433593750e+01 6.375024318695068359e+00 4.191685676574707031e+00 5.860026836395263672e+00 6.525005340576171875e+00 7.680888175964355469e+00 3.701161146163940430e+00
3.091715574264526367e+00 4.528766632080078125e+00 6.788569450378417969e+00 4.946824550628662109e+00 5.070158004760742188e+00 4.776763916015625000e+00 4.763365745544433594e+00 7.682532787322998047e+00 7.281372547149658203e+00 5.791219711303710938e+00 8.079916000366210938e+00 7.167011260986328125e+00 7.137384891510009766e+00 5.204574584960937500e+00 4.489015102386474609e+00 4.437532901763916016e+00 7.918169975280761719e+00 4.917687416076660156e+00 5.190480232238769531e+00 4.379772186279296875e+00
3.739189147949218750e+00 3.945860624313354492e+00 2.972106456756591797e+00 2.107586860656738281e+00 3.697461843490600586e+00 5.254128932952880859e+00 6.232566356658935547e+00 6.096937656402587891e+00 7.284997940063476562e+00 8.264928817749023438e+00 6.827939510345458984e+00 3.980176687240600586e+00 5.563916683197021484e+00 6.522015571594238281e+00 5.425878524780273438e+00 4.582766056060791016e+00 6.143492698669433594e+00 4.267545700073242188e+00 4.954748153686523438e+00 2.873662948608398438e+00
4.004240989685058594e+00 4.173070907592773438e+00 2.567168235778808594e+00 3.113566875457763672e+00 2.908186674118041992e+00 6.331925392150878906e+00 6.051190853118896484e+00 7.341430664062500000e+00 4.022700786590576172e+00 7.464799880981445312e+00 7.059730529785156250e+00 5.783831596374511719e+00 6.995052337646484375e+00 5.966329097747802734e+00 3.719256877899169922e+00 4.207008838653564453e+00 4.852978706359863281e+00 5.670686721801757812e+00 3.516917943954467773e+00 3.476136207580566406e+00
2.503932952880859375e+00 2.416808128356933594e+00 4.271983623504638672e+00 3.829078197479248047e+00 3.584515810012817383e+00 4.290226936340332031e+00 4.084646701812744141e+00 6.167400836944580078e+00 2.198261976242065430e+00 1.267154502868652344e+01 8.435162544250488281e+00 8.450482368469238281e+00 3.188489437103271484e+00 5.982837200164794922e+00 7.590901851654052734e+00 6.385851383209228516e+00 2.785327434539794922e+00 4.259686946868896484e+00 3.458146333694458008e+00 3.165280818939208984e+00
2.268850326538085938e+00 1.721094369888305664e+00 3.311913490295410156e+00 3.741888523101806641e+00 5.275956630706787109e+00 4.674107551574707031e+00 5.198220729827880859e+00 4.294404983520507812e+00 7.987397670745849609e+00 4.703888893127441406e+00 7.751113891601562500e+00 8.577682495117187500e+00 5.676566123962402344e+00 4.784265995025634766e+00 6.461474418640136719e+00 5.523106575012207031e+00 4.213692665100097656e+00 3.465798139572143555e+00 2.953510761260986328e+00 4.752185821533203125e+00
2.658632278442382812e+00 3.697699785232543945e+00 2.627220630645751953e+00 4.059905052185058594e+00 5.108215332031250000e+00 3.631999731063842773e+00 4.602005958557128906e+00 3.800715446472167969e+00 4.296487808227539062e+00 6.004301071166992188e+00 4.106179237365722656e+00 3.047758102416992188e+00 4.641196727752685547e+00 4.110859394073486328e+00 4.027774810791015625e+00 4.042854309082031250e+00 3.931712865829467773e+00 4.104087829589843750e+00 3.282280921936035156e+00 2.396182775497436523e+00
2.621785163879394531e+00 2.197692394256591797e+00 5.194801330566406250e+00 2.060937643051147461e+00 3.110818862915039062e+00 6.041224956512451172e+00 3.372338771820068359e+00 4.498522758483886719e+00 5.153336524963378906e+00 4.626477718353271484e+00 4.672842502593994141e+00 3.039119005203247070e+00 5.118504047393798828e+00 3.070703983306884766e+00 5.133013725280761719e+00 4.640597343444824219e+00 2.193950653076171875e+00 3.978405237197875977e+00 2.684853792190551758e+00 4.588108062744140625e+00
2.734094381332397461e+00 4.108985900878906250e+00 4.413423538208007812e+00 2.828295230865478516e+00 3.359205245971679688e+00 4.987565517425537109e+00 3.364489078521728516e+00 2.389276504516601562e+00 4.575580596923828125e+00 4.201763153076171875e+00 3.200469255447387695e+00 4.378658294677734375e+00 2.233166217803955078e+00 2.455636262893676758e+00 3.379851341247558594e+00 5.074585914611816406e+00 3.078992128372192383e+00 3.447714805603027344e+00 2.853984355926513672e+00 3.181761741638183594e+00
2.438765764236450195e+00 3.768852710723876953e+00 5.336693763732910156e+00 3.756597757339477539e+00 5.313229084014892578e+00 3.764971971511840820e+00 4.044935226440429688e+00 4.184702396392822266e+00 4.029938697814941406e+00 4.176235198974609375e+00 3.527305603027343750e+00 3.179263591766357422e+00 2.855026245117187500e+00 2.414177894592285156e+00 3.220236778259277344e+00 2.968420982360839844e+00 3.495442628860473633e+00 2.073848724365234375e+00 2.504039287567138672e+00 3.274226665496826172e+00
4.102387905120849609e+00 1.987809896469116211e+00 2.452352046966552734e+00 4.611601829528808594e+00 3.434292793273925781e+00 3.486477613449096680e+00 3.254698276519775391e+00 2.098903656005859375e+00 1.755921006202697754e+00 3.074744939804077148e+00 2.937703847885131836e+00 2.526627063751220703e+00 2.550399303436279297e+00 2.538410186767578125e+00 2.591256141662597656e+00 2.985772132873535156e+00 1.541561603546142578e+00 1.192210197448730469e+00 2.125745296478271484e+00 1.698097825050354004e+00
4.153567314147949219e+00 1.591266870498657227e+00 3.283310651779174805e+00 3.928564071655273438e+00 5.805795669555664062e+00 3.163809299468994141e+00 2.512310028076171875e+00 2.170255184173583984e+00 3.185225009918212891e+00 3.330349922180175781e+00 1.678428173065185547e+00 3.350405216217041016e+00 2.185955286026000977e+00 1.863105297088623047e+00 1.807047963142395020e+00 2.961074352264404297e+00 2.192050933837890625e+00 2.059781074523925781e+00 1.881892681121826172e+00 1.735451698303222656e+00
2.498250484466552734e+00 2.107953548431396484e+00 3.955088615417480469e+00 3.326558589935302734e+00 3.601084709167480469e+00 2.122066020965576172e+00 3.792893171310424805e+00 3.652050971984863281e+00 2.161854028701782227e+00 3.374026298522949219e+00 2.589479446411132812e+00 2.229915142059326172e+00 2.021329164505004883e+00 3.388660430908203125e+00 1.650716543197631836e+00 1.701539516448974609e+00 3.577853441238403320e+00 2.949807167053222656e+00 2.748184680938720703e+00 2.072938203811645508e+00
