2019-07-26 16:30:00
1.054029083251953125e+01 4.556524753570556641e+00 6.709967613220214844e+00 3.816823959350585938e+00 3.501372575759887695e+00 5.371212959289550781e+00 3.289826393127441406e+00 3.956669569015502930e+00 6.120275974273681641e+00 8.586733818054199219e+00 2.804404973983764648e+00 2.691147327423095703e+00 5.840468883514404297e+00 4.792146205902099609e+00 3.567567586898803711e+00 2.949065685272216797e+00 6.856080055236816406e+00 4.160620212554931641e+00 4.171386718750000000e+00 3.137807846069335938e+00
5.679944038391113281e+00 3.550932407379150391e+00 4.919927120208740234e+00 7.474970340728759766e+00 3.704357862472534180e+00 3.053560256958007812e+00 2.909408330917358398e+00 3.590122938156127930e+00 3.541636228561401367e+00 3.190367460250854492e+00 3.784114837646484375e+00 2.956343173980712891e+00 3.861471891403198242e+00 5.054512977600097656e+00 4.176979541778564453e+00 3.618414402008056641e+00 7.585061073303222656e+00 9.550314903259277344e+00 1.748425483703613281e+00 3.653506755828857422e+00
7.109543800354003906e+00 5.666244029998779297e+00 5.333150863647460938e+00 6.890236854553222656e+00 5.087286949157714844e+00 5.265068054199218750e+00 4.491046905517578125e+00 2.746504783630371094e+00 3.563074111938476562e+00 2.829763889312744141e+00 4.669025897979736328e+00 5.472260951995849609e+00 2.641510009765625000e+00 4.158293724060058594e+00 5.110195159912109375e+00 3.264064788818359375e+00 9.043403625488281250e+00 4.579739093780517578e+00 3.871276140213012695e+00 3.468025207519531250e+00
3.429758787155151367e+00 4.591347694396972656e+00 5.262707710266113281e+00 6.015356063842773438e+00 2.048773527145385742e+00 4.393344879150390625e+00 4.756275653839111328e+00 3.651757001876831055e+00 4.016393184661865234e+00 8.721836090087890625e+00 8.529181480407714844e+00 3.355659484863281250e+00 3.519359350204467773e+00 3.346146345138549805e+00 1.136380577087402344e+01 3.512609481811523438e+00 3.651397228240966797e+00 3.589481353759765625e+00 4.066115856170654297e+00 4.665362358093261719e+00
2.910385608673095703e+00 2.575809240341186523e+00 3.830158233642578125e+00 3.478006362915039062e+00 2.629890918731689453e+00 9.682811737060546875e+00 4.501747131347656250e+00 7.616802215576171875e+00 4.463805198669433594e+00 7.254836082458496094e+00 5.066628456115722656e+00 6.021677970886230469e+00 2.495653152465820312e+00 5.330620765686035156e+00 6.565298080444335938e+00 7.566174507141113281e+00 2.850066900253295898e+00 7.013805389404296875e+00 7.903997421264648438e+00 3.871637344360351562e+00
4.237835407257080078e+00 3.993571519851684570e+00 5.495196342468261719e+00 5.883895874023437500e+00 5.509133338928222656e+00 5.169565200805664062e+00 3.143616199493408203e+00 5.678993701934814453e+00 7.688301086425781250e+00 6.840934753417968750e+00 3.745117664337158203e+00 4.442131996154785156e+00 5.123829841613769531e+00 4.429726600646972656e+00 3.982700824737548828e+00 5.388859748840332031e+00 3.142133235931396484e+00 4.027465820312500000e+00 5.315834522247314453e+00 4.272282600402832031e+00
5.983582496643066406e+00 5.837570190429687500e+00 5.041676998138427734e+00 6.839700698852539062e+00 5.698107719421386719e+00 7.106563568115234375e+00 2.852245807647705078e+00 6.333879470825195312e+00 3.086050510406494141e+00 3.603924274444580078e+00 2.770608425140380859e+00 3.127868890762329102e+00 5.555040359497070312e+00 7.353229522705078125e+00 3.034538507461547852e+00 6.344002723693847656e+00 3.721679925918579102e+00 4.135391712188720703e+00 7.407889842987060547e+00 5.802433013916015625e+00
8.611943244934082031e+00 4.229947566986083984e+00 2.405517816543579102e+00 5.919852256774902344e+00 7.142840385437011719e+00 4.892913341522216797e+00 4.043270111083984375e+00 2.964393138885498047e+00 2.186159610748291016e+00 2.710925102233886719e+00 2.503164052963256836e+00 2.814467430114746094e+00 5.518379211425781250e+00 5.423554420471191406e+00 3.623684883117675781e+00 2.245116710662841797e+00 5.388092994689941406e+00 2.870298624038696289e+00 6.661156177520751953e+00 3.483325004577636719e+00
4.429459095001220703e+00 3.544405937194824219e+00 6.120255470275878906e+00 6.295750617980957031e+00 5.650009155273437500e+00 3.375459671020507812e+00 3.353527307510375977e+00 2.812992095947265625e+00 1.692387819290161133e+00 5.706681251525878906e+00 3.837149858474731445e+00 2.552323818206787109e+00 4.400888442993164062e+00 4.504467964172363281e+00 4.786036491394042969e+00 3.058602809906005859e+00 5.813811302185058594e+00 3.067084312438964844e+00 4.488588809967041016e+00 4.159844875335693359e+00
6.669839859008789062e+00 5.266625404357910156e+00 3.457965850830078125e+00 3.973598003387451172e+00 3.340216398239135742e+00 4.579903602600097656e+00 2.940173149108886719e+00 2.955158710479736328e+00 5.943200111389160156e+00 5.318636894226074219e+00 4.000223159790039062e+00 4.875107765197753906e+00 6.719868659973144531e+00 3.575982570648193359e+00 2.837708711624145508e+00 3.387171983718872070e+00 7.167752265930175781e+00 3.444803476333618164e+00 4.196352481842041016e+00 3.535695552825927734e+00
1.625924348831176758e+00 2.667580127716064453e+00 3.889770984649658203e+00 3.072812080383300781e+00 3.050151109695434570e+00 1.841350197792053223e+00 2.773782730102539062e+00 2.773547649383544922e+00 2.928512334823608398e+00 3.130342721939086914e+00 2.869857072830200195e+00 4.081612110137939453e+00 6.118054866790771484e+00 6.013634681701660156e+00 3.677926540374755859e+00 3.803412914276123047e+00 5.612054824829101562e+00 5.954725742340087891e+00 4.367841720581054688e+00 5.744807243347167969e+00
2.176365613937377930e+00 4.403597831726074219e+00 2.465475559234619141e+00 3.156913280487060547e+00 4.252374649047851562e+00 3.126302957534790039e+00 2.762893199920654297e+00 2.545586109161376953e+00 2.632294654846191406e+00 1.671299576759338379e+00 2.778874635696411133e+00 4.197917938232421875e+00 3.511033058166503906e+00 2.924948453903198242e+00 2.297117710113525391e+00 6.534492492675781250e+00 4.211195468902587891e+00 4.502633094787597656e+00 4.958161354064941406e+00 3.763409614562988281e+00
2.279621124267578125e+00 1.806915163993835449e+00 2.909893035888671875e+00 3.118330955505371094e+00 2.691411495208740234e+00 2.660779476165771484e+00 4.361802577972412109e+00 3.424131393432617188e+00 2.051022052764892578e+00 3.110236644744873047e+00 3.019992351531982422e+00 3.033053398132324219e+00 3.357830047607421875e+00 4.759608268737792969e+00 2.706153869628906250e+00 3.100508213043212891e+00 3.450929880142211914e+00 2.610409975051879883e+00 1.909352302551269531e+00 2.984694004058837891e+00
3.327972888946533203e+00 4.460946559906005859e+00 4.345229148864746094e+00 2.676830291748046875e+00 5.137283325195312500e+00 3.877536773681640625e+00 2.436350107192993164e+00 4.160459995269775391e+00 3.466404676437377930e+00 3.689652204513549805e+00 4.489002227783203125e+00 3.211086750030517578e+00 4.306296348571777344e+00 3.568282127380371094e+00 2.998230695724487305e+00 2.619754314422607422e+00 3.479413032531738281e+00 3.052023410797119141e+00 2.776058197021484375e+00 3.099745273590087891e+00
2.904366016387939453e+00 3.450428485870361328e+00 3.171632766723632812e+00 4.531589984893798828e+00 4.019841670989990234e+00 8.947265625000000000e+00 4.044034481048583984e+00 3.501248359680175781e+00 3.613489151000976562e+00 2.720560550689697266e+00 3.499829769134521484e+00 3.641390800476074219e+00 2.714178800582885742e+00 5.228544235229492188e+00 4.364815711975097656e+00 3.063582420349121094e+00 3.371773719787597656e+00 4.489970207214355469e+00 3.404182434082031250e+00 5.134027481079101562e+00
3.944620847702026367e+00 2.323146343231201172e+00 2.622041702270507812e+00 5.455813884735107422e+00 2.899008035659790039e+00 4.628331184387207031e+00 2.505370140075683594e+00 3.259803771972656250e+00 2.510724067687988281e+00 3.347767353057861328e+00 4.629259109497070312e+00 2.754905700683593750e+00 2.118692636489868164e+00 4.192714691162109375e+00 2.862733602523803711e+00 1.767853260040283203e+00 4.439856529235839844e+00 4.628820419311523438e+00 3.285546064376831055e+00 8.308557510375976562e+00
2.733523845672607422e+00 3.634341239929199219e+00 3.249287366867065430e+00 4.405941486358642578e+00 8.843117713928222656e+00 3.204180717468261719e+00 4.434226989746093750e+00 3.503944396972656250e+00 3.895638227462768555e+00 2.597701072692871094e+00 3.152906894683837891e+00 3.102947235107421875e+00 2.699197292327880859e+00 3.253249406814575195e+00 3.516067981719970703e+00 3.960866928100585938e+00 3.836284637451171875e+00 2.995092630386352539e+00 2.884294033050537109e+00 5.965983390808105469e+00
2.566528797149658203e+00 3.401353597640991211e+00 2.416970252990722656e+00 3.810966968536376953e+00 3.520478487014770508e+00 2.774387836456298828e+00 3.922094106674194336e+00 4.571552753448486328e+00 4.453948497772216797e+00 3.526705503463745117e+00 5.734665870666503906e+00 3.025413513183593750e+00 5.337318897247314453e+00 2.902453422546386719e+00 3.939198493957519531e+00 3.241669654846191406e+00 3.452579736709594727e+00 6.447228431701660156e+00 4.141052246093750000e+00 1.503809928894042969e+00
5.188848495483398438e+00 3.122858524322509766e+00 3.815874576568603516e+00 4.724600315093994141e+00 3.597376346588134766e+00 3.368891477584838867e+00 4.140182971954345703e+00 4.108875274658203125e+00 1.920797109603881836e+00 7.330894470214843750e+00 4.761086940765380859e+00 6.324936389923095703e+00 2.152215003967285156e+00 2.792974948883056641e+00 4.578233718872070312e+00 2.501883745193481445e+00 2.839363574981689453e+00 3.626265048980712891e+00 5.379017353057861328e+00 2.649805307388305664e+00
4.244414329528808594e+00 3.238726139068603516e+00 3.365813016891479492e+00 3.545181751251220703e+00 3.544197559356689453e+00 4.675496101379394531e+00 3.553343296051025391e+00 3.416702985763549805e+00 5.432820320129394531e+00 4.245930671691894531e+00 7.577817440032958984e+00 9.612525939941406250e+00 8.351444244384765625e+00 2.418753623962402344e+00 4.372138023376464844e+00 2.867658853530883789e+00 2.947046995162963867e+00 4.747250080108642578e+00 2.998560190200805664e+00 2.050133705139160156e+00
