2019-07-26 16:45:00
9.956966400146484375e+00 4.712934494018554688e+00 5.519403934478759766e+00 3.497127056121826172e+00 3.098235130310058594e+00 3.503558874130249023e+00 3.470043659210205078e+00 5.833357810974121094e+00 6.226794242858886719e+00 9.485421180725097656e+00 3.600634336471557617e+00 3.792987346649169922e+00 1.124822711944580078e+01 3.915885210037231445e+00 2.720513820648193359e+00 7.264633178710937500e+00 6.396265983581542969e+00 3.551714181900024414e+00 4.737651824951171875e+00 3.088598966598510742e+00
6.557449817657470703e+00 6.636535644531250000e+00 6.732748508453369141e+00 6.023686408996582031e+00 4.941478729248046875e+00 3.024006843566894531e+00 3.701618432998657227e+00 2.952708482742309570e+00 3.057503461837768555e+00 2.733837604522705078e+00 3.446247577667236328e+00 3.845659732818603516e+00 3.156072854995727539e+00 5.388444900512695312e+00 4.546835899353027344e+00 3.059494972229003906e+00 5.065620422363281250e+00 7.630588054656982422e+00 3.417661190032958984e+00 4.407291412353515625e+00
8.026251792907714844e+00 4.780170917510986328e+00 6.963319778442382812e+00 8.335356712341308594e+00 9.446082115173339844e+00 7.948255062103271484e+00 7.925028324127197266e+00 3.717197418212890625e+00 3.360306262969970703e+00 4.416546344757080078e+00 5.383647918701171875e+00 8.509103775024414062e+00 3.014700889587402344e+00 4.805808067321777344e+00 3.708858013153076172e+00 5.262000083923339844e+00 8.910729408264160156e+00 3.159868717193603516e+00 3.202234745025634766e+00 4.795982360839843750e+00
4.447330474853515625e+00 1.290112304687500000e+01 7.368793964385986328e+00 8.204568862915039062e+00 2.474438428878784180e+00 5.254536628723144531e+00 5.051435947418212891e+00 3.177363634109497070e+00 3.527635574340820312e+00 9.275754928588867188e+00 8.047618865966796875e+00 7.288741111755371094e+00 3.638706445693969727e+00 4.212903976440429688e+00 5.614266395568847656e+00 4.465866088867187500e+00 4.570802688598632812e+00 6.501450061798095703e+00 5.563933372497558594e+00 4.063265323638916016e+00
3.668183565139770508e+00 4.634242534637451172e+00 3.271149396896362305e+00 5.568404197692871094e+00 4.254488945007324219e+00 5.423755645751953125e+00 2.520105838775634766e+00 7.622137069702148438e+00 9.440888404846191406e+00 4.210781097412109375e+00 5.667326450347900391e+00 6.282555580139160156e+00 6.498980045318603516e+00 3.041973829269409180e+00 6.987703323364257812e+00 6.065989494323730469e+00 3.682380914688110352e+00 5.478195190429687500e+00 8.595684051513671875e+00 4.389503955841064453e+00
3.853739261627197266e+00 3.118592262268066406e+00 8.661442756652832031e+00 6.933088779449462891e+00 7.401806354522705078e+00 7.792086124420166016e+00 4.579166412353515625e+00 5.991687297821044922e+00 7.272465705871582031e+00 5.300858497619628906e+00 4.883078098297119141e+00 4.598098278045654297e+00 6.271889209747314453e+00 4.398636817932128906e+00 5.018946170806884766e+00 4.361082077026367188e+00 3.854349613189697266e+00 6.947978019714355469e+00 7.371559143066406250e+00 4.106603622436523438e+00
4.031290531158447266e+00 4.825649738311767578e+00 8.575427055358886719e+00 5.492548942565917969e+00 6.895782947540283203e+00 6.974547386169433594e+00 4.752751827239990234e+00 3.443847417831420898e+00 3.000794887542724609e+00 5.076300144195556641e+00 4.390535354614257812e+00 5.223442554473876953e+00 5.184305191040039062e+00 8.188581466674804688e+00 2.803152561187744141e+00 5.694395065307617188e+00 2.684031009674072266e+00 4.898229122161865234e+00 7.259892940521240234e+00 6.570284843444824219e+00
1.004073905944824219e+01 5.592179775238037109e+00 4.781554222106933594e+00 6.133768081665039062e+00 9.091419219970703125e+00 4.915955543518066406e+00 4.388228416442871094e+00 3.852576494216918945e+00 4.506868839263916016e+00 3.239777326583862305e+00 2.681066513061523438e+00 5.339882850646972656e+00 6.293032646179199219e+00 7.848521232604980469e+00 3.670967340469360352e+00 3.541966676712036133e+00 3.205447912216186523e+00 2.919434309005737305e+00 7.405952453613281250e+00 4.006772041320800781e+00
5.488321304321289062e+00 7.071329116821289062e+00 8.236924171447753906e+00 5.779110908508300781e+00 1.039770793914794922e+01 4.542418479919433594e+00 5.576297283172607422e+00 4.140151500701904297e+00 4.050383567810058594e+00 5.458959102630615234e+00 4.659348011016845703e+00 3.419033527374267578e+00 1.001811218261718750e+01 4.473702430725097656e+00 5.691761493682861328e+00 2.549856662750244141e+00 9.058149337768554688e+00 3.917570114135742188e+00 2.816287517547607422e+00 5.186632633209228516e+00
8.277114868164062500e+00 7.962472438812255859e+00 4.888061046600341797e+00 2.972568988800048828e+00 4.857643127441406250e+00 3.767024517059326172e+00 2.335594892501831055e+00 4.750531196594238281e+00 5.518266677856445312e+00 7.796404838562011719e+00 5.278462409973144531e+00 5.170879364013671875e+00 4.856101989746093750e+00 3.835481166839599609e+00 3.622710227966308594e+00 2.622614622116088867e+00 7.105338096618652344e+00 4.925649642944335938e+00 2.255762338638305664e+00 4.148368835449218750e+00
3.579935073852539062e+00 3.711623191833496094e+00 4.462035655975341797e+00 3.486796379089355469e+00 2.534228801727294922e+00 3.814594268798828125e+00 2.262715578079223633e+00 5.234994411468505859e+00 2.827996253967285156e+00 5.140597343444824219e+00 2.902626514434814453e+00 5.423654556274414062e+00 4.384847164154052734e+00 7.437614440917968750e+00 2.625583171844482422e+00 2.740573406219482422e+00 4.934744834899902344e+00 5.514952182769775391e+00 3.624913215637207031e+00 6.828081130981445312e+00
3.326452732086181641e+00 3.501947879791259766e+00 3.702420473098754883e+00 5.732780456542968750e+00 2.665127754211425781e+00 3.361373424530029297e+00 3.044386863708496094e+00 3.577112197875976562e+00 2.638995647430419922e+00 3.274768829345703125e+00 3.575305700302124023e+00 4.509616851806640625e+00 5.030028820037841797e+00 4.205845832824707031e+00 4.565699577331542969e+00 9.226157188415527344e+00 2.300295352935791016e+00 3.573060274124145508e+00 3.071632385253906250e+00 3.718773365020751953e+00
3.949409484863281250e+00 3.220163106918334961e+00 4.491714954376220703e+00 4.817562580108642578e+00 3.469113588333129883e+00 2.615066051483154297e+00 1.959564805030822754e+00 5.233453750610351562e+00 2.639643430709838867e+00 3.835977792739868164e+00 3.537015914916992188e+00 2.946423530578613281e+00 2.443619251251220703e+00 3.597156047821044922e+00 3.391432523727416992e+00 1.556083083152770996e+00 4.309277534484863281e+00 3.582891702651977539e+00 8.441852569580078125e+00 3.690877199172973633e+00
3.490665435791015625e+00 3.877781391143798828e+00 2.663260459899902344e+00 4.293704986572265625e+00 4.434843540191650391e+00 2.792111396789550781e+00 3.158418893814086914e+00 3.572347640991210938e+00 3.033264636993408203e+00 5.047491550445556641e+00 3.437017679214477539e+00 3.616373538970947266e+00 3.552913665771484375e+00 4.190237998962402344e+00 1.589803695678710938e+00 3.865054368972778320e+00 4.109499931335449219e+00 3.676097631454467773e+00 4.020491600036621094e+00 5.029856681823730469e+00
5.372046470642089844e+00 4.414104461669921875e+00 4.540042877197265625e+00 2.516508579254150391e+00 4.666044235229492188e+00 1.288598155975341797e+01 3.430172443389892578e+00 3.168694257736206055e+00 3.578896999359130859e+00 4.619107246398925781e+00 4.712030410766601562e+00 3.228364706039428711e+00 4.135264873504638672e+00 3.140362262725830078e+00 3.831155300140380859e+00 4.660432815551757812e+00 3.839097023010253906e+00 3.072843551635742188e+00 3.473792076110839844e+00 3.870394468307495117e+00
4.687616348266601562e+00 5.114243507385253906e+00 3.700589179992675781e+00 3.868749380111694336e+00 4.236178398132324219e+00 2.736314773559570312e+00 2.886876583099365234e+00 2.970671653747558594e+00 3.843839406967163086e+00 3.994826316833496094e+00 4.132832527160644531e+00 3.726011514663696289e+00 3.297996520996093750e+00 3.135428190231323242e+00 3.367886543273925781e+00 4.301115036010742188e+00 2.750465869903564453e+00 5.710853576660156250e+00 3.749186038970947266e+00 3.819055080413818359e+00
3.528152942657470703e+00 4.682730197906494141e+00 6.209658145904541016e+00 2.733792543411254883e+00 8.450744628906250000e+00 3.819832324981689453e+00 3.020013809204101562e+00 4.382315158843994141e+00 4.579324722290039062e+00 4.802969932556152344e+00 3.437355518341064453e+00 3.286389827728271484e+00 3.086060047149658203e+00 1.996682405471801758e+00 3.144623756408691406e+00 3.956481933593750000e+00 3.033802986145019531e+00 3.228902101516723633e+00 4.104360580444335938e+00 4.050214767456054688e+00
3.339661121368408203e+00 2.895886659622192383e+00 3.373418331146240234e+00 4.856703758239746094e+00 5.053278923034667969e+00 3.606658935546875000e+00 5.573068141937255859e+00 4.350324630737304688e+00 4.927135467529296875e+00 5.054598331451416016e+00 5.501083374023437500e+00 3.972360134124755859e+00 6.249174118041992188e+00 4.188984870910644531e+00 4.031387329101562500e+00 3.472286462783813477e+00 5.066955566406250000e+00 6.369669437408447266e+00 4.061411857604980469e+00 2.602675676345825195e+00
4.417316436767578125e+00 2.831831455230712891e+00 2.721652030944824219e+00 4.510891914367675781e+00 4.883372306823730469e+00 3.356671094894409180e+00 3.489449977874755859e+00 4.682196617126464844e+00 4.166081428527832031e+00 6.097986221313476562e+00 4.439437866210937500e+00 7.039701461791992188e+00 1.892301678657531738e+00 4.854547500610351562e+00 4.908702373504638672e+00 2.574501037597656250e+00 3.283409118652343750e+00 3.618825435638427734e+00 5.130888938903808594e+00 3.229698419570922852e+00
4.902843475341796875e+00 5.200783729553222656e+00 3.287167310714721680e+00 5.059538364410400391e+00 6.719570159912109375e+00 3.616091251373291016e+00 4.911831378936767578e+00 3.184129714965820312e+00 8.573682785034179688e+00 5.297613143920898438e+00 6.035333633422851562e+00 9.809789657592773438e+00 9.773620605468750000e+00 4.421269893646240234e+00 5.967567443847656250e+00 4.451396942138671875e+00 2.965637445449829102e+00 3.432250499725341797e+00 4.148661136627197266e+00 3.583812236785888672e+00
