2019-07-26 17:15:00
4.019169807434082031e+00 4.568423271179199219e+00 4.892884254455566406e+00 3.771501302719116211e+00 5.428895950317382812e+00 5.941938877105712891e+00 4.088850021362304688e+00 4.124038696289062500e+00 1.053816509246826172e+01 6.684504985809326172e+00 3.687747240066528320e+00 4.411472320556640625e+00 7.527154922485351562e+00 4.125553131103515625e+00 2.667684078216552734e+00 7.815166950225830078e+00 7.245244026184082031e+00 3.021939277648925781e+00 3.796513319015502930e+00 3.879080533981323242e+00
5.995246887207031250e+00 1.004624748229980469e+01 8.133871078491210938e+00 7.182550430297851562e+00 7.237914562225341797e+00 3.971835374832153320e+00 2.762073040008544922e+00 5.063421726226806641e+00 3.950313091278076172e+00 4.895193099975585938e+00 4.954420089721679688e+00 2.559228420257568359e+00 2.420626163482666016e+00 5.893412590026855469e+00 4.363723278045654297e+00 2.714815616607666016e+00 5.936704158782958984e+00 7.292981147766113281e+00 4.396784782409667969e+00 3.920187950134277344e+00
2.896811485290527344e+00 4.648710250854492188e+00 6.941789627075195312e+00 6.151053905487060547e+00 2.856263875961303711e+00 6.839333534240722656e+00 5.993290901184082031e+00 4.061676025390625000e+00 5.682152748107910156e+00 4.965215682983398438e+00 6.931218147277832031e+00 7.058825969696044922e+00 4.102473258972167969e+00 4.082891941070556641e+00 5.942883014678955078e+00 3.468241214752197266e+00 8.419195175170898438e+00 4.761487960815429688e+00 4.985164642333984375e+00 4.234832286834716797e+00
2.979030132293701172e+00 5.967219352722167969e+00 5.807373046875000000e+00 5.499073028564453125e+00 4.213225364685058594e+00 2.474632978439331055e+00 2.987090110778808594e+00 4.026457786560058594e+00 3.829444885253906250e+00 5.626269340515136719e+00 6.252586364746093750e+00 6.464792251586914062e+00 3.014152050018310547e+00 6.229304790496826172e+00 7.226192474365234375e+00 3.428651809692382812e+00 4.140206336975097656e+00 3.585303544998168945e+00 3.903588056564331055e+00 3.909146547317504883e+00
3.353476047515869141e+00 4.529255867004394531e+00 3.507071971893310547e+00 4.689193248748779297e+00 4.028293609619140625e+00 9.672492980957031250e+00 3.524042129516601562e+00 6.257129192352294922e+00 5.232686996459960938e+00 8.467652320861816406e+00 4.141717910766601562e+00 6.276376724243164062e+00 7.163840770721435547e+00 3.972581148147583008e+00 1.102453613281250000e+01 5.610947608947753906e+00 2.920743942260742188e+00 7.355917453765869141e+00 8.716108322143554688e+00 3.887127399444580078e+00
6.153216361999511719e+00 4.425341129302978516e+00 5.949110507965087891e+00 1.257559299468994141e+01 1.243910408020019531e+01 8.177824974060058594e+00 3.943396091461181641e+00 8.194133758544921875e+00 7.494692325592041016e+00 5.683777809143066406e+00 5.112624168395996094e+00 5.289949417114257812e+00 4.620580673217773438e+00 3.969091415405273438e+00 4.461995124816894531e+00 9.699149131774902344e+00 5.456743717193603516e+00 8.551834106445312500e+00 6.960738182067871094e+00 3.266863822937011719e+00
8.948678970336914062e+00 8.887626647949218750e+00 6.805220603942871094e+00 5.449005603790283203e+00 5.164894104003906250e+00 7.985764503479003906e+00 5.870770454406738281e+00 4.786069393157958984e+00 4.636975288391113281e+00 5.463028430938720703e+00 4.588000297546386719e+00 4.075933456420898438e+00 5.213346481323242188e+00 7.200973510742187500e+00 3.394732475280761719e+00 8.913729667663574219e+00 2.968615293502807617e+00 4.850571632385253906e+00 6.946208953857421875e+00 1.081805992126464844e+01
9.256198883056640625e+00 6.138390541076660156e+00 4.265796661376953125e+00 9.045223236083984375e+00 5.671801090240478516e+00 5.297032356262207031e+00 1.735157966613769531e+00 3.759838342666625977e+00 3.767891645431518555e+00 6.416526794433593750e+00 3.844434022903442383e+00 5.027236938476562500e+00 1.030385589599609375e+01 1.112911415100097656e+01 4.215136051177978516e+00 3.644320011138916016e+00 7.258399009704589844e+00 5.380523681640625000e+00 5.156950950622558594e+00 2.968353271484375000e+00
9.482350349426269531e+00 5.414771080017089844e+00 6.860281944274902344e+00 8.236574172973632812e+00 8.058682441711425781e+00 4.429165840148925781e+00 3.427979469299316406e+00 3.629484176635742188e+00 4.159155845642089844e+00 5.029458045959472656e+00 4.177207946777343750e+00 4.211979866027832031e+00 1.057152843475341797e+01 6.907669067382812500e+00 5.481666564941406250e+00 4.380727291107177734e+00 4.558771610260009766e+00 2.856043100357055664e+00 4.124512672424316406e+00 4.267948150634765625e+00
6.456801414489746094e+00 8.699050903320312500e+00 4.673947334289550781e+00 5.711633682250976562e+00 3.956181764602661133e+00 4.856059074401855469e+00 4.436296463012695312e+00 6.143054485321044922e+00 5.705941200256347656e+00 4.534399986267089844e+00 6.508794784545898438e+00 4.743732452392578125e+00 2.856860637664794922e+00 4.969602108001708984e+00 3.800058603286743164e+00 3.701241016387939453e+00 4.999302864074707031e+00 5.331912994384765625e+00 4.619633674621582031e+00 6.383383750915527344e+00
5.574890613555908203e+00 4.665725708007812500e+00 3.614607334136962891e+00 2.840914249420166016e+00 3.064320087432861328e+00 6.199890136718750000e+00 6.782293319702148438e+00 3.393711090087890625e+00 4.961012363433837891e+00 5.234706878662109375e+00 5.156545639038085938e+00 6.712578773498535156e+00 7.058480739593505859e+00 6.496494770050048828e+00 4.739632129669189453e+00 3.001842498779296875e+00 2.999908447265625000e+00 1.145375823974609375e+01 5.450219154357910156e+00 8.512055397033691406e+00
5.135372161865234375e+00 4.272881507873535156e+00 5.244378089904785156e+00 4.789193153381347656e+00 1.926995038986206055e+00 4.538190841674804688e+00 5.455024719238281250e+00 4.055713653564453125e+00 2.075105190277099609e+00 3.447953701019287109e+00 4.988193511962890625e+00 4.936667442321777344e+00 3.417073011398315430e+00 4.493609905242919922e+00 4.292849063873291016e+00 6.035916328430175781e+00 4.175774574279785156e+00 4.184437274932861328e+00 3.783876419067382812e+00 4.147427082061767578e+00
3.651725292205810547e+00 4.050809383392333984e+00 5.941092491149902344e+00 3.452481269836425781e+00 3.550329208374023438e+00 2.847930669784545898e+00 5.280434608459472656e+00 4.745494842529296875e+00 4.827074050903320312e+00 4.086396217346191406e+00 4.272230148315429688e+00 5.085755348205566406e+00 5.824172973632812500e+00 4.127975463867187500e+00 3.149327754974365234e+00 3.711276292800903320e+00 3.567654609680175781e+00 3.555393695831298828e+00 5.143675327301025391e+00 4.526040077209472656e+00
2.762381076812744141e+00 6.040294647216796875e+00 3.327872753143310547e+00 3.674580574035644531e+00 3.541604995727539062e+00 6.958576202392578125e+00 5.484385967254638672e+00 3.024946451187133789e+00 4.751203536987304688e+00 4.882677078247070312e+00 3.847631454467773438e+00 4.199850559234619141e+00 4.563665390014648438e+00 6.627957344055175781e+00 3.624873399734497070e+00 6.379875183105468750e+00 3.629559993743896484e+00 6.394559383392333984e+00 5.799283027648925781e+00 4.851910114288330078e+00
4.084293365478515625e+00 2.439489603042602539e+00 2.841513156890869141e+00 3.369891881942749023e+00 6.101196289062500000e+00 1.346120071411132812e+01 3.906884431838989258e+00 3.442758560180664062e+00 3.649026870727539062e+00 3.862277507781982422e+00 3.127958774566650391e+00 5.727260112762451172e+00 6.095858573913574219e+00 3.908306598663330078e+00 2.913239002227783203e+00 4.886194229125976562e+00 4.365224361419677734e+00 3.440838336944580078e+00 5.165487289428710938e+00 4.219906806945800781e+00
3.900868654251098633e+00 4.586938381195068359e+00 4.579105854034423828e+00 4.440491199493408203e+00 4.392170429229736328e+00 4.800312042236328125e+00 3.263015031814575195e+00 4.894917011260986328e+00 5.184226989746093750e+00 4.315207481384277344e+00 4.910392761230468750e+00 3.992153167724609375e+00 4.354487419128417969e+00 4.420047760009765625e+00 2.923339366912841797e+00 2.200215339660644531e+00 3.508735895156860352e+00 3.826689720153808594e+00 3.439640522003173828e+00 1.365317058563232422e+01
4.199576377868652344e+00 3.759955167770385742e+00 7.203114509582519531e+00 3.655519723892211914e+00 1.060131454467773438e+01 3.797194004058837891e+00 3.422745943069458008e+00 3.731069087982177734e+00 2.715722084045410156e+00 3.790374994277954102e+00 3.977300643920898438e+00 4.216570854187011719e+00 4.434316635131835938e+00 3.726330518722534180e+00 5.205972671508789062e+00 3.954396247863769531e+00 6.311019897460937500e+00 5.839039802551269531e+00 6.052973747253417969e+00 5.489281654357910156e+00
3.405598878860473633e+00 4.027143478393554688e+00 3.467023849487304688e+00 6.201926708221435547e+00 3.556084632873535156e+00 5.323956012725830078e+00 6.203624725341796875e+00 5.872930526733398438e+00 6.527854919433593750e+00 6.862348079681396484e+00 4.698883056640625000e+00 4.220976352691650391e+00 4.274754047393798828e+00 5.421300411224365234e+00 3.298261165618896484e+00 4.762834548950195312e+00 6.031405448913574219e+00 6.223606109619140625e+00 5.410252094268798828e+00 4.327411651611328125e+00
4.618681907653808594e+00 3.771086692810058594e+00 4.859239578247070312e+00 4.945466995239257812e+00 8.511418342590332031e+00 7.707110881805419922e+00 6.456301212310791016e+00 7.385909080505371094e+00 4.407000541687011719e+00 9.233034133911132812e+00 7.943187713623046875e+00 8.621469497680664062e+00 2.652035713195800781e+00 3.046127319335937500e+00 6.236201286315917969e+00 3.005101919174194336e+00 5.489144325256347656e+00 5.782568931579589844e+00 6.170773029327392578e+00 4.711452484130859375e+00
3.657563686370849609e+00 4.773858070373535156e+00 3.871387243270874023e+00 9.107170104980468750e+00 8.472747802734375000e+00 3.404678106307983398e+00 8.208312034606933594e+00 5.175517082214355469e+00 7.167234897613525391e+00 7.957451820373535156e+00 1.048830127716064453e+01 1.136850547790527344e+01 6.339193344116210938e+00 3.866902589797973633e+00 5.605220317840576172e+00 5.069204807281494141e+00 3.793926239013671875e+00 7.399209976196289062e+00 1.009823703765869141e+01 3.552745819091796875e+00
