2019-07-26 01:45:00
8.883893966674804688e+00 6.088383674621582031e+00 1.268485832214355469e+01 6.228847980499267578e+00 3.319860458374023438e+00 4.158505439758300781e+00 4.816238403320312500e+00 4.434670925140380859e+00 8.166685104370117188e+00 7.310486793518066406e+00 4.468077659606933594e+00 2.952442646026611328e+00 5.957364082336425781e+00 3.464824676513671875e+00 4.351990222930908203e+00 7.080471515655517578e+00 6.183647155761718750e+00 4.347924232482910156e+00 4.704696178436279297e+00 4.404859542846679688e+00
7.834889411926269531e+00 9.463772773742675781e+00 5.704442024230957031e+00 7.039011478424072266e+00 4.860404014587402344e+00 3.926058053970336914e+00 3.681190729141235352e+00 4.318042755126953125e+00 2.934363365173339844e+00 2.730652332305908203e+00 3.566287755966186523e+00 3.188156127929687500e+00 4.223324298858642578e+00 6.344034194946289062e+00 2.939187049865722656e+00 4.372086524963378906e+00 1.035509777069091797e+01 7.862191200256347656e+00 2.975817203521728516e+00 4.068577766418457031e+00
9.646174430847167969e+00 5.683950424194335938e+00 5.831950187683105469e+00 8.084602355957031250e+00 7.323447704315185547e+00 8.376892089843750000e+00 1.063542175292968750e+01 3.989327907562255859e+00 3.872828006744384766e+00 4.404902458190917969e+00 6.675298690795898438e+00 6.754199981689453125e+00 4.611351013183593750e+00 5.052645683288574219e+00 5.859686374664306641e+00 3.468712091445922852e+00 6.727794170379638672e+00 3.975680828094482422e+00 5.772323608398437500e+00 4.385707855224609375e+00
2.893424510955810547e+00 7.100404739379882812e+00 8.745733261108398438e+00 7.257899284362792969e+00 2.714267253875732422e+00 4.086693763732910156e+00 4.573652267456054688e+00 2.502101421356201172e+00 3.656887054443359375e+00 1.041250038146972656e+01 8.885309219360351562e+00 5.613136291503906250e+00 2.592841386795043945e+00 5.258012771606445312e+00 5.987708568572998047e+00 5.958566665649414062e+00 5.107020378112792969e+00 5.846489906311035156e+00 5.790367126464843750e+00 3.242844343185424805e+00
4.023635864257812500e+00 4.250775337219238281e+00 3.805583715438842773e+00 3.608712673187255859e+00 3.627853870391845703e+00 9.129047393798828125e+00 3.256769657135009766e+00 5.875995635986328125e+00 4.847703933715820312e+00 6.792044639587402344e+00 1.162053012847900391e+01 9.252351760864257812e+00 6.899668216705322266e+00 4.119445323944091797e+00 9.255235671997070312e+00 6.831759452819824219e+00 4.013883113861083984e+00 5.588516235351562500e+00 8.585718154907226562e+00 6.158050060272216797e+00
6.739880561828613281e+00 4.481876373291015625e+00 8.288015365600585938e+00 7.524106979370117188e+00 7.055262565612792969e+00 6.005630493164062500e+00 4.211143493652343750e+00 7.327067375183105469e+00 9.066234588623046875e+00 5.225659370422363281e+00 6.425491333007812500e+00 7.298249721527099609e+00 6.679260730743408203e+00 5.207492351531982422e+00 4.939602375030517578e+00 9.160131454467773438e+00 4.870314121246337891e+00 8.742465972900390625e+00 9.808824539184570312e+00 3.019323110580444336e+00
7.007909774780273438e+00 1.326601219177246094e+01 4.733590126037597656e+00 5.157192230224609375e+00 1.003500175476074219e+01 8.657798767089843750e+00 2.882620334625244141e+00 5.003437519073486328e+00 2.878303766250610352e+00 6.077526092529296875e+00 4.183942317962646484e+00 6.584808349609375000e+00 6.294884204864501953e+00 6.942613601684570312e+00 5.004523277282714844e+00 3.545126438140869141e+00 6.395107746124267578e+00 1.594852566719055176e+00 9.275169372558593750e+00 7.070265293121337891e+00
8.248989105224609375e+00 4.129267692565917969e+00 7.335093498229980469e+00 7.476360321044921875e+00 4.732998371124267578e+00 5.823079109191894531e+00 2.960987567901611328e+00 3.748116731643676758e+00 2.718932628631591797e+00 3.161816120147705078e+00 3.897864341735839844e+00 3.013894081115722656e+00 9.755161285400390625e+00 7.748443126678466797e+00 3.466281890869140625e+00 2.795514106750488281e+00 5.291678905487060547e+00 5.348460197448730469e+00 7.068375587463378906e+00 5.413846015930175781e+00
4.531508445739746094e+00 5.017162322998046875e+00 5.726735115051269531e+00 5.802361488342285156e+00 6.519105911254882812e+00 3.985245943069458008e+00 5.176959037780761719e+00 4.033266067504882812e+00 4.453619003295898438e+00 4.138537406921386719e+00 4.046344757080078125e+00 3.535306453704833984e+00 9.506639480590820312e+00 3.855157375335693359e+00 3.856385946273803711e+00 3.388612508773803711e+00 5.419157028198242188e+00 3.663625240325927734e+00 4.585330486297607422e+00 3.517487049102783203e+00
9.515441894531250000e+00 7.427906990051269531e+00 3.887662887573242188e+00 3.206115722656250000e+00 3.590169668197631836e+00 3.172487735748291016e+00 4.991612434387207031e+00 3.229204416275024414e+00 6.456897258758544922e+00 5.377646446228027344e+00 4.270170211791992188e+00 7.306468963623046875e+00 5.264737129211425781e+00 3.339858055114746094e+00 5.321777343750000000e+00 4.716698646545410156e+00 6.595292568206787109e+00 4.832380294799804688e+00 3.976171493530273438e+00 5.635636329650878906e+00
4.148474693298339844e+00 3.242262601852416992e+00 2.256302356719970703e+00 2.831825494766235352e+00 3.919114589691162109e+00 2.742115020751953125e+00 3.425932407379150391e+00 1.767965793609619141e+00 3.400637149810791016e+00 4.454847335815429688e+00 3.188274621963500977e+00 5.276530265808105469e+00 5.086355209350585938e+00 4.038772583007812500e+00 2.761362075805664062e+00 4.051142692565917969e+00 2.771168470382690430e+00 7.717737197875976562e+00 3.997438669204711914e+00 5.053502559661865234e+00
5.350121498107910156e+00 4.405187606811523438e+00 3.382080793380737305e+00 3.988673210144042969e+00 3.167506456375122070e+00 4.193414211273193359e+00 2.914270877838134766e+00 2.874735832214355469e+00 3.564921855926513672e+00 2.694322109222412109e+00 4.044163227081298828e+00 3.138005018234252930e+00 3.358692169189453125e+00 2.934190750122070312e+00 4.156451702117919922e+00 1.128669548034667969e+01 3.740392208099365234e+00 3.562522888183593750e+00 2.360040664672851562e+00 2.483748435974121094e+00
4.778455734252929688e+00 4.287788391113281250e+00 2.494040250778198242e+00 5.251558303833007812e+00 2.775038719177246094e+00 2.809053421020507812e+00 2.833733081817626953e+00 3.563685894012451172e+00 2.786620616912841797e+00 2.874658346176147461e+00 4.095089912414550781e+00 3.388928413391113281e+00 3.674393653869628906e+00 3.645526409149169922e+00 2.980486869812011719e+00 4.525080680847167969e+00 3.613845586776733398e+00 3.355713844299316406e+00 5.779054641723632812e+00 5.419917106628417969e+00
4.121939659118652344e+00 4.276199340820312500e+00 2.325872898101806641e+00 3.594244956970214844e+00 2.540145874023437500e+00 4.018198966979980469e+00 3.835987329483032227e+00 3.604907989501953125e+00 2.329838514328002930e+00 3.300905704498291016e+00 2.260732650756835938e+00 4.028533458709716797e+00 3.739708423614501953e+00 3.107245445251464844e+00 3.483790397644042969e+00 2.432188749313354492e+00 4.256034851074218750e+00 3.829929113388061523e+00 3.668308734893798828e+00 5.118082046508789062e+00
5.758586883544921875e+00 5.292435169219970703e+00 4.802925109863281250e+00 4.308831691741943359e+00 4.168097496032714844e+00 2.725969314575195312e+00 2.857270240783691406e+00 3.563201189041137695e+00 1.859665513038635254e+00 3.810800075531005859e+00 2.637217521667480469e+00 2.162915945053100586e+00 2.954680204391479492e+00 3.004412174224853516e+00 2.840859413146972656e+00 3.959456920623779297e+00 1.938372611999511719e+00 4.594345092773437500e+00 4.512816429138183594e+00 3.093239784240722656e+00
6.556172370910644531e+00 5.564178943634033203e+00 3.639729022979736328e+00 3.061801433563232422e+00 4.647760391235351562e+00 4.082766056060791016e+00 3.164703369140625000e+00 3.241721391677856445e+00 3.618742465972900391e+00 3.144910335540771484e+00 2.862484931945800781e+00 3.857467174530029297e+00 2.821926355361938477e+00 2.864436388015747070e+00 2.661574125289916992e+00 2.940422773361206055e+00 5.020277500152587891e+00 3.424413681030273438e+00 5.409258842468261719e+00 6.427269935607910156e+00
7.216388702392578125e+00 5.167928695678710938e+00 8.097705841064453125e+00 3.463595390319824219e+00 3.899304389953613281e+00 3.708916664123535156e+00 3.581862449645996094e+00 2.316964387893676758e+00 3.044005393981933594e+00 3.544447422027587891e+00 3.531157016754150391e+00 2.145279645919799805e+00 2.712930917739868164e+00 3.082812547683715820e+00 2.646894216537475586e+00 3.297911643981933594e+00 3.646163225173950195e+00 3.139594078063964844e+00 4.726532936096191406e+00 4.675673484802246094e+00
4.384759902954101562e+00 3.730263710021972656e+00 4.421956062316894531e+00 4.836664199829101562e+00 5.332857131958007812e+00 6.899585723876953125e+00 5.658600807189941406e+00 4.507039546966552734e+00 6.286372661590576172e+00 3.303091049194335938e+00 5.568199634552001953e+00 3.381394386291503906e+00 3.219232082366943359e+00 3.374025821685791016e+00 4.014278411865234375e+00 3.590893268585205078e+00 4.510164260864257812e+00 5.432972908020019531e+00 3.852077960968017578e+00 4.639132499694824219e+00
6.067479133605957031e+00 8.538709640502929688e+00 4.510795116424560547e+00 8.942167282104492188e+00 5.544563293457031250e+00 5.492292404174804688e+00 7.627322673797607422e+00 4.161736011505126953e+00 5.749224662780761719e+00 6.910620689392089844e+00 8.343302726745605469e+00 3.549815177917480469e+00 2.117199420928955078e+00 4.588665008544921875e+00 3.631753444671630859e+00 3.818368434906005859e+00 2.552774906158447266e+00 3.135680198669433594e+00 7.472083568572998047e+00 5.199405193328857422e+00
6.746757507324218750e+00 6.165317058563232422e+00 5.374072551727294922e+00 8.102103233337402344e+00 5.745977878570556641e+00 6.952495098114013672e+00 6.481426239013671875e+00 7.112157821655273438e+00 6.999094009399414062e+00 8.208950042724609375e+00 4.777624130249023438e+00 4.487679958343505859e+00 5.050894737243652344e+00 3.917401790618896484e+00 3.790754556655883789e+00 2.783287525177001953e+00 4.153398513793945312e+00 8.635575294494628906e+00 6.118427753448486328e+00 3.582768440246582031e+00
