2019-07-26 17:30:00
5.716861724853515625e+00 4.077163696289062500e+00 6.468844413757324219e+00 4.373450279235839844e+00 3.451608419418334961e+00 2.724226951599121094e+00 3.589565753936767578e+00 2.420005559921264648e+00 6.567033767700195312e+00 8.351302146911621094e+00 3.647121429443359375e+00 4.249900817871093750e+00 3.247073173522949219e+00 2.622836589813232422e+00 3.494225978851318359e+00 5.101208686828613281e+00 5.995295524597167969e+00 3.467417240142822266e+00 3.361704111099243164e+00 3.061428070068359375e+00
6.351987838745117188e+00 6.415197372436523438e+00 7.990015029907226562e+00 9.162660598754882812e+00 6.347113609313964844e+00 3.755507946014404297e+00 3.839481830596923828e+00 2.329347610473632812e+00 4.051500320434570312e+00 3.091216564178466797e+00 3.324759960174560547e+00 2.661414146423339844e+00 3.836146593093872070e+00 4.278342247009277344e+00 3.788449764251708984e+00 4.098934173583984375e+00 5.261622428894042969e+00 6.533785820007324219e+00 3.916025161743164062e+00 4.161586284637451172e+00
4.447244644165039062e+00 1.064768218994140625e+01 1.188442420959472656e+01 6.268011569976806641e+00 6.169888496398925781e+00 1.004605007171630859e+01 1.013436126708984375e+01 3.655807018280029297e+00 5.165542602539062500e+00 2.643836736679077148e+00 4.901480674743652344e+00 9.285993576049804688e+00 3.357387542724609375e+00 4.206595420837402344e+00 3.872223854064941406e+00 2.172575235366821289e+00 7.816836357116699219e+00 3.225886821746826172e+00 3.259492397308349609e+00 4.758367061614990234e+00
4.463976860046386719e+00 9.490561485290527344e+00 8.469687461853027344e+00 6.732505798339843750e+00 4.581305980682373047e+00 3.346316337585449219e+00 3.320655822753906250e+00 2.862441062927246094e+00 3.090721607208251953e+00 4.212510585784912109e+00 6.188064575195312500e+00 4.669294357299804688e+00 5.940140724182128906e+00 3.745154380798339844e+00 6.776021003723144531e+00 3.816260337829589844e+00 5.129394531250000000e+00 4.560218334197998047e+00 4.158274650573730469e+00 3.419981479644775391e+00
2.850470781326293945e+00 3.714849472045898438e+00 4.005866050720214844e+00 3.411799669265747070e+00 5.250945091247558594e+00 4.878426551818847656e+00 4.462287425994873047e+00 7.487432479858398438e+00 9.462240219116210938e+00 7.986309051513671875e+00 8.742671966552734375e+00 4.309399127960205078e+00 4.887299537658691406e+00 4.100498199462890625e+00 1.159810256958007812e+01 6.941084384918212891e+00 2.513969421386718750e+00 5.480248451232910156e+00 9.205843925476074219e+00 3.321871757507324219e+00
6.552910804748535156e+00 2.979974746704101562e+00 5.164876937866210938e+00 6.628451824188232422e+00 7.532521247863769531e+00 7.269733905792236328e+00 2.069221973419189453e+00 7.937247276306152344e+00 4.240031719207763672e+00 6.897221565246582031e+00 8.641669273376464844e+00 7.451827049255371094e+00 6.379209041595458984e+00 3.615794897079467773e+00 4.378939151763916016e+00 9.882884979248046875e+00 4.260251998901367188e+00 5.538242340087890625e+00 1.008487796783447266e+01 4.703431606292724609e+00
5.211116790771484375e+00 9.454795837402343750e+00 8.853635787963867188e+00 6.444656372070312500e+00 5.221162319183349609e+00 5.717019557952880859e+00 2.469139099121093750e+00 5.527830600738525391e+00 3.660790920257568359e+00 3.682214498519897461e+00 5.588204860687255859e+00 2.937288284301757812e+00 8.058429718017578125e+00 6.282313823699951172e+00 3.993725538253784180e+00 7.070421218872070312e+00 4.001852989196777344e+00 4.264852523803710938e+00 7.957244873046875000e+00 8.440157890319824219e+00
8.215995788574218750e+00 5.435640335083007812e+00 4.723882675170898438e+00 3.770474195480346680e+00 7.733386993408203125e+00 6.998507976531982422e+00 5.175280570983886719e+00 4.853804111480712891e+00 2.752181053161621094e+00 3.331824779510498047e+00 4.396069526672363281e+00 4.156999111175537109e+00 6.547348499298095703e+00 7.033796310424804688e+00 3.318617343902587891e+00 3.047844409942626953e+00 4.929786682128906250e+00 4.882835865020751953e+00 8.063682556152343750e+00 4.003643035888671875e+00
4.860372066497802734e+00 5.210327625274658203e+00 6.119221687316894531e+00 6.643990516662597656e+00 5.458679676055908203e+00 2.962204933166503906e+00 4.446632385253906250e+00 2.367226123809814453e+00 4.171687126159667969e+00 5.379436492919921875e+00 3.356041908264160156e+00 3.170973777770996094e+00 6.312125205993652344e+00 4.990167617797851562e+00 4.420458793640136719e+00 3.511009931564331055e+00 6.711624145507812500e+00 3.246980905532836914e+00 3.328856706619262695e+00 3.956655502319335938e+00
5.730145454406738281e+00 6.348167419433593750e+00 4.248743534088134766e+00 3.601785659790039062e+00 3.670155525207519531e+00 3.396554231643676758e+00 4.577754974365234375e+00 4.894311428070068359e+00 3.956452846527099609e+00 7.766425609588623047e+00 5.700702667236328125e+00 5.910080909729003906e+00 3.546308279037475586e+00 4.027655601501464844e+00 3.644866466522216797e+00 3.860077619552612305e+00 8.206876754760742188e+00 3.855162858963012695e+00 2.767979145050048828e+00 3.904436349868774414e+00
3.166485786437988281e+00 3.328509330749511719e+00 3.652240991592407227e+00 5.384574890136718750e+00 3.166187763214111328e+00 3.858457088470458984e+00 3.952632188796997070e+00 3.231733798980712891e+00 4.124219894409179688e+00 2.511960506439208984e+00 4.320819854736328125e+00 6.776318550109863281e+00 4.589792251586914062e+00 3.246716022491455078e+00 3.702192306518554688e+00 4.006662845611572266e+00 4.693978309631347656e+00 5.390341281890869141e+00 4.273280143737792969e+00 5.581176280975341797e+00
2.734466075897216797e+00 4.637102127075195312e+00 2.883342742919921875e+00 3.346952199935913086e+00 3.966892242431640625e+00 3.444381475448608398e+00 3.514268398284912109e+00 4.703589439392089844e+00 2.705756425857543945e+00 4.980969429016113281e+00 3.538748979568481445e+00 3.295482635498046875e+00 2.933877944946289062e+00 3.003845453262329102e+00 3.449195623397827148e+00 7.544920921325683594e+00 4.145709037780761719e+00 3.706312656402587891e+00 3.686827898025512695e+00 2.789731025695800781e+00
4.228713035583496094e+00 2.861099720001220703e+00 2.521102905273437500e+00 2.730808258056640625e+00 3.396331548690795898e+00 3.241312026977539062e+00 3.110265731811523438e+00 3.051787614822387695e+00 3.707197427749633789e+00 3.662352085113525391e+00 3.079715251922607422e+00 3.531293630599975586e+00 4.204835414886474609e+00 3.411830186843872070e+00 2.270469188690185547e+00 5.236324310302734375e+00 4.498473167419433594e+00 4.136199474334716797e+00 6.569436550140380859e+00 3.112984657287597656e+00
3.259004354476928711e+00 3.811847209930419922e+00 4.185495853424072266e+00 3.297282695770263672e+00 4.630726337432861328e+00 2.446248054504394531e+00 4.479892730712890625e+00 3.738925457000732422e+00 3.022490978240966797e+00 2.953535079956054688e+00 3.651078462600708008e+00 3.684978485107421875e+00 4.392497539520263672e+00 3.836696624755859375e+00 5.079647064208984375e+00 3.452486038208007812e+00 3.434317588806152344e+00 3.400684356689453125e+00 2.600341320037841797e+00 3.384162425994873047e+00
2.619600534439086914e+00 4.815859794616699219e+00 5.058554172515869141e+00 4.791804313659667969e+00 3.405999183654785156e+00 5.807789802551269531e+00 5.188309669494628906e+00 3.393468379974365234e+00 3.077272415161132812e+00 2.538451910018920898e+00 3.576804637908935547e+00 3.408288955688476562e+00 3.312109231948852539e+00 4.524992465972900391e+00 4.493762016296386719e+00 5.320738792419433594e+00 3.775668382644653320e+00 3.500127553939819336e+00 2.534487009048461914e+00 5.177264213562011719e+00
2.982454299926757812e+00 2.834867477416992188e+00 3.628104686737060547e+00 2.687053680419921875e+00 2.927901268005371094e+00 3.562988042831420898e+00 4.005370140075683594e+00 4.866991043090820312e+00 2.909987926483154297e+00 4.033912658691406250e+00 2.453035831451416016e+00 4.962969779968261719e+00 3.296739578247070312e+00 3.426204919815063477e+00 2.730749607086181641e+00 4.100328445434570312e+00 4.464553833007812500e+00 3.573702812194824219e+00 2.932357788085937500e+00 1.048538875579833984e+01
3.044081687927246094e+00 2.014399051666259766e+00 4.682237625122070312e+00 2.981179714202880859e+00 6.398458480834960938e+00 4.053744316101074219e+00 2.823628902435302734e+00 5.322278022766113281e+00 5.249541282653808594e+00 5.015070915222167969e+00 4.295815467834472656e+00 3.882701158523559570e+00 2.609873294830322266e+00 2.515575408935546875e+00 2.160268545150756836e+00 5.184104919433593750e+00 3.303594827651977539e+00 4.624037742614746094e+00 4.494719505310058594e+00 7.144488334655761719e+00
6.030777931213378906e+00 2.984696388244628906e+00 4.046614170074462891e+00 4.498529434204101562e+00 6.359271049499511719e+00 2.528515815734863281e+00 5.831617355346679688e+00 3.699631929397583008e+00 4.899536132812500000e+00 6.046077728271484375e+00 4.687777519226074219e+00 4.461439132690429688e+00 3.576920986175537109e+00 3.053120374679565430e+00 2.531746625900268555e+00 2.989418983459472656e+00 5.370991706848144531e+00 4.983949661254882812e+00 3.705549955368041992e+00 3.817308187484741211e+00
3.273964881896972656e+00 3.333225727081298828e+00 4.009259223937988281e+00 2.373670339584350586e+00 6.085408210754394531e+00 6.467535495758056641e+00 7.519576072692871094e+00 3.518936872482299805e+00 6.226474761962890625e+00 8.328431129455566406e+00 8.106462478637695312e+00 8.705406188964843750e+00 2.952196121215820312e+00 2.617641925811767578e+00 5.007109642028808594e+00 3.003200769424438477e+00 4.657005310058593750e+00 3.603931427001953125e+00 6.783555984497070312e+00 2.134311676025390625e+00
3.464711666107177734e+00 5.533308982849121094e+00 4.567200660705566406e+00 3.728902101516723633e+00 5.439957618713378906e+00 3.508269309997558594e+00 4.608018875122070312e+00 4.028929710388183594e+00 6.496984481811523438e+00 7.635599136352539062e+00 6.388660430908203125e+00 8.104209899902343750e+00 5.079293727874755859e+00 2.534415483474731445e+00 5.033926963806152344e+00 3.017137527465820312e+00 3.054418563842773438e+00 5.120556831359863281e+00 4.591751098632812500e+00 3.178265094757080078e+00
