2019-07-26 18:00:00
5.862560272216796875e+00 4.524825096130371094e+00 5.315166473388671875e+00 5.483685970306396484e+00 3.015570163726806641e+00 2.629725694656372070e+00 5.237278938293457031e+00 4.168708801269531250e+00 5.692813873291015625e+00 8.234344482421875000e+00 4.875757217407226562e+00 2.172166347503662109e+00 7.142691612243652344e+00 6.007374763488769531e+00 3.228439331054687500e+00 7.893929004669189453e+00 7.940111160278320312e+00 5.203935146331787109e+00 4.482724189758300781e+00 3.645503759384155273e+00
4.167963981628417969e+00 5.783527851104736328e+00 5.282072544097900391e+00 7.286397933959960938e+00 1.338496685028076172e+01 4.584980010986328125e+00 2.844164371490478516e+00 3.666676998138427734e+00 4.217492103576660156e+00 3.751944065093994141e+00 4.426419258117675781e+00 3.813801050186157227e+00 3.659139871597290039e+00 9.072020530700683594e+00 3.284791469573974609e+00 2.822477340698242188e+00 7.921466827392578125e+00 5.014745712280273438e+00 2.493800163269042969e+00 4.114649772644042969e+00
1.039396953582763672e+01 7.307641506195068359e+00 5.692877292633056641e+00 6.343313217163085938e+00 6.300827503204345703e+00 8.219434738159179688e+00 6.444847106933593750e+00 4.386162757873535156e+00 2.430941581726074219e+00 2.793363094329833984e+00 6.217176437377929688e+00 5.232069015502929688e+00 3.526623725891113281e+00 5.734622001647949219e+00 5.169573783874511719e+00 2.805529594421386719e+00 4.305715084075927734e+00 4.442725658416748047e+00 4.044198036193847656e+00 3.574552536010742188e+00
3.920337915420532227e+00 7.206802368164062500e+00 7.710854530334472656e+00 6.313762187957763672e+00 2.945443153381347656e+00 3.430771350860595703e+00 4.369313240051269531e+00 3.904339790344238281e+00 4.319915771484375000e+00 5.413434982299804688e+00 6.933937072753906250e+00 4.973556518554687500e+00 4.266356468200683594e+00 3.863387584686279297e+00 7.731501102447509766e+00 2.843487024307250977e+00 4.049073219299316406e+00 6.653534412384033203e+00 5.216474056243896484e+00 4.554237842559814453e+00
2.226336002349853516e+00 2.831564903259277344e+00 3.307633876800537109e+00 3.200005292892456055e+00 3.520112752914428711e+00 3.495974540710449219e+00 2.788527011871337891e+00 7.738471984863281250e+00 3.896631002426147461e+00 6.192540168762207031e+00 7.151462078094482422e+00 6.149007797241210938e+00 4.838250160217285156e+00 3.440998077392578125e+00 5.560607433319091797e+00 7.038942813873291016e+00 5.805320739746093750e+00 1.147086620330810547e+01 1.087618637084960938e+01 4.541645050048828125e+00
4.673027992248535156e+00 3.818269014358520508e+00 8.629791259765625000e+00 9.601528167724609375e+00 5.896277427673339844e+00 7.222813606262207031e+00 2.873415470123291016e+00 5.669768333435058594e+00 4.355062484741210938e+00 5.874034881591796875e+00 5.471173286437988281e+00 4.042215347290039062e+00 5.118355751037597656e+00 4.301644802093505859e+00 3.537389755249023438e+00 5.595642089843750000e+00 3.070345163345336914e+00 7.275767803192138672e+00 3.550483942031860352e+00 4.273275852203369141e+00
7.919817924499511719e+00 7.944264411926269531e+00 6.763525485992431641e+00 8.388070106506347656e+00 6.463859558105468750e+00 4.299462318420410156e+00 2.593770980834960938e+00 5.365460872650146484e+00 3.774424791336059570e+00 2.460325717926025391e+00 1.707673788070678711e+00 3.826078891754150391e+00 8.449847221374511719e+00 3.461398124694824219e+00 2.699594020843505859e+00 6.020830154418945312e+00 3.087336540222167969e+00 3.738740444183349609e+00 6.320103168487548828e+00 8.854482650756835938e+00
8.645748138427734375e+00 6.404775142669677734e+00 6.376035690307617188e+00 9.017844200134277344e+00 8.927225112915039062e+00 5.319213390350341797e+00 4.330211162567138672e+00 2.931146383285522461e+00 4.002318382263183594e+00 2.693955898284912109e+00 4.818543910980224609e+00 3.139433860778808594e+00 6.623369216918945312e+00 7.458501338958740234e+00 4.226529121398925781e+00 2.489249229431152344e+00 4.652144908905029297e+00 3.531969308853149414e+00 5.930068969726562500e+00 3.944144725799560547e+00
8.814487457275390625e+00 6.500322341918945312e+00 8.341363906860351562e+00 7.222613811492919922e+00 7.344388961791992188e+00 3.556932926177978516e+00 3.370729446411132812e+00 3.509486198425292969e+00 3.448842525482177734e+00 5.538462638854980469e+00 3.014031887054443359e+00 3.694691181182861328e+00 9.391117095947265625e+00 5.725289344787597656e+00 5.733051300048828125e+00 4.093432903289794922e+00 5.271468162536621094e+00 3.216893911361694336e+00 4.209708213806152344e+00 1.864418625831604004e+00
7.395383834838867188e+00 7.342310905456542969e+00 4.470753669738769531e+00 3.630639076232910156e+00 4.436406135559082031e+00 3.013236045837402344e+00 3.819191455841064453e+00 3.646089076995849609e+00 5.698319435119628906e+00 4.263917922973632812e+00 4.454026699066162109e+00 5.207385063171386719e+00 4.743185043334960938e+00 3.779334545135498047e+00 4.338255882263183594e+00 3.080804347991943359e+00 6.100794792175292969e+00 3.158427476882934570e+00 3.268815994262695312e+00 4.268718719482421875e+00
3.916319608688354492e+00 3.442050218582153320e+00 4.164544105529785156e+00 3.176315784454345703e+00 3.720267772674560547e+00 3.070220470428466797e+00 3.968167304992675781e+00 4.147297859191894531e+00 3.138881444931030273e+00 5.878791809082031250e+00 2.665951728820800781e+00 2.235208749771118164e+00 5.749347686767578125e+00 6.707049369812011719e+00 4.605374336242675781e+00 3.263469934463500977e+00 3.945021629333496094e+00 6.142112731933593750e+00 3.287406921386718750e+00 6.253693580627441406e+00
3.987816810607910156e+00 2.782917976379394531e+00 3.383138895034790039e+00 4.139158725738525391e+00 2.605284690856933594e+00 3.674498319625854492e+00 3.162064075469970703e+00 2.927514553070068359e+00 2.600608825683593750e+00 4.264523506164550781e+00 2.503003597259521484e+00 3.082499980926513672e+00 3.982935428619384766e+00 4.197963714599609375e+00 3.010860443115234375e+00 4.566660881042480469e+00 5.402812957763671875e+00 3.654458522796630859e+00 3.169818401336669922e+00 2.986589431762695312e+00
4.491899490356445312e+00 1.414167642593383789e+00 2.156807661056518555e+00 2.850627422332763672e+00 3.400475263595581055e+00 3.519122123718261719e+00 5.305289268493652344e+00 5.525159358978271484e+00 4.430754184722900391e+00 3.271750926971435547e+00 4.390123367309570312e+00 2.319031953811645508e+00 3.493287563323974609e+00 3.210709095001220703e+00 4.153763771057128906e+00 4.264174938201904297e+00 2.666548013687133789e+00 3.762146472930908203e+00 6.836191177368164062e+00 4.263695716857910156e+00
3.747229576110839844e+00 5.319856643676757812e+00 3.746810674667358398e+00 3.297961950302124023e+00 3.977862358093261719e+00 3.150215148925781250e+00 1.759673833847045898e+00 3.446810245513916016e+00 3.093622922897338867e+00 3.842674016952514648e+00 3.794011116027832031e+00 4.999283790588378906e+00 4.260759830474853516e+00 3.677463531494140625e+00 4.373985767364501953e+00 3.776938438415527344e+00 3.886161804199218750e+00 3.044826507568359375e+00 3.757413387298583984e+00 4.180329799652099609e+00
3.662560224533081055e+00 3.148367881774902344e+00 3.937617778778076172e+00 3.280277252197265625e+00 3.836322784423828125e+00 6.382967948913574219e+00 2.492216110229492188e+00 3.076620101928710938e+00 4.344618797302246094e+00 3.698801994323730469e+00 4.930470943450927734e+00 4.260236740112304688e+00 2.914918184280395508e+00 2.886804103851318359e+00 3.363685369491577148e+00 3.649303913116455078e+00 2.950087547302246094e+00 2.610016345977783203e+00 2.703401565551757812e+00 5.034069061279296875e+00
4.550725936889648438e+00 3.194632291793823242e+00 3.749574661254882812e+00 3.393177270889282227e+00 2.203399896621704102e+00 3.407703161239624023e+00 3.911321401596069336e+00 3.637853860855102539e+00 3.035123825073242188e+00 3.006147861480712891e+00 5.308803558349609375e+00 3.760945558547973633e+00 2.679972171783447266e+00 2.782204627990722656e+00 3.163760900497436523e+00 2.903577804565429688e+00 2.774364233016967773e+00 3.251722335815429688e+00 4.174921512603759766e+00 7.039345264434814453e+00
3.557610273361206055e+00 3.978327512741088867e+00 3.891407966613769531e+00 5.912924766540527344e+00 5.452508926391601562e+00 2.724260330200195312e+00 4.814926147460937500e+00 2.985380172729492188e+00 4.279597282409667969e+00 4.200836181640625000e+00 3.075947999954223633e+00 4.136624336242675781e+00 3.599120616912841797e+00 4.137206554412841797e+00 4.137596607208251953e+00 4.015325546264648438e+00 3.767302751541137695e+00 3.345774173736572266e+00 3.965612411499023438e+00 4.721488952636718750e+00
2.741059303283691406e+00 3.317298889160156250e+00 3.524417161941528320e+00 5.377302169799804688e+00 5.476203918457031250e+00 3.318159580230712891e+00 4.500551223754882812e+00 4.236096382141113281e+00 3.940848588943481445e+00 3.512616634368896484e+00 6.188368797302246094e+00 4.003679752349853516e+00 5.942523479461669922e+00 4.069760799407958984e+00 2.547876834869384766e+00 4.672140121459960938e+00 5.163968086242675781e+00 5.945090293884277344e+00 3.962262153625488281e+00 3.269401073455810547e+00
3.772521734237670898e+00 2.589907169342041016e+00 2.625806331634521484e+00 3.554866790771484375e+00 7.519602298736572266e+00 4.430480480194091797e+00 3.516848564147949219e+00 3.034096717834472656e+00 8.064262390136718750e+00 8.706632614135742188e+00 5.175689697265625000e+00 7.712616920471191406e+00 4.246335983276367188e+00 5.071004390716552734e+00 4.441819667816162109e+00 3.185258388519287109e+00 4.346552371978759766e+00 2.682697534561157227e+00 4.468877792358398438e+00 4.302294731140136719e+00
4.512177467346191406e+00 6.118442058563232422e+00 4.034507751464843750e+00 3.908569335937500000e+00 7.123225212097167969e+00 4.634164810180664062e+00 5.168951511383056641e+00 6.706907272338867188e+00 5.306203842163085938e+00 3.738861083984375000e+00 1.151309967041015625e+01 3.784101009368896484e+00 6.990665912628173828e+00 3.421949863433837891e+00 5.096611976623535156e+00 3.404639005661010742e+00 3.472399711608886719e+00 3.292877674102783203e+00 5.032499313354492188e+00 4.540357589721679688e+00
