2019-07-26 18:15:00
8.648383140563964844e+00 5.216343879699707031e+00 7.118825912475585938e+00 3.270294666290283203e+00 4.079634189605712891e+00 5.047307968139648438e+00 4.834893226623535156e+00 3.957714080810546875e+00 5.312696456909179688e+00 7.633649349212646484e+00 3.646291494369506836e+00 4.406424522399902344e+00 8.224018096923828125e+00 4.060200691223144531e+00 3.484332323074340820e+00 7.072266578674316406e+00 9.990650177001953125e+00 2.594715833663940430e+00 3.879498720169067383e+00 3.575941085815429688e+00
7.561216354370117188e+00 8.263319015502929688e+00 4.257087707519531250e+00 7.332616806030273438e+00 5.519035339355468750e+00 3.850876808166503906e+00 5.086584568023681641e+00 3.073715686798095703e+00 3.238912343978881836e+00 4.965167999267578125e+00 4.434033870697021484e+00 3.871917724609375000e+00 3.041897296905517578e+00 6.838097572326660156e+00 5.174604415893554688e+00 4.077153205871582031e+00 9.167119979858398438e+00 3.852966785430908203e+00 3.390873670578002930e+00 3.281734943389892578e+00
6.405526161193847656e+00 5.784190177917480469e+00 7.824660301208496094e+00 5.915318489074707031e+00 3.005154132843017578e+00 1.392724800109863281e+01 1.006075859069824219e+01 3.783962249755859375e+00 2.260515928268432617e+00 3.708423852920532227e+00 6.630968093872070312e+00 6.134346961975097656e+00 3.531312704086303711e+00 6.817927837371826172e+00 5.277616500854492188e+00 4.102106094360351562e+00 4.772856712341308594e+00 4.450548171997070312e+00 4.058586597442626953e+00 4.133742332458496094e+00
4.097664356231689453e+00 6.460298538208007812e+00 7.257258892059326172e+00 5.374934196472167969e+00 3.655321359634399414e+00 4.294199943542480469e+00 5.115243911743164062e+00 3.549317121505737305e+00 3.112957477569580078e+00 5.869559288024902344e+00 6.445328712463378906e+00 7.995362758636474609e+00 3.290747165679931641e+00 2.316563844680786133e+00 7.247219085693359375e+00 3.980921745300292969e+00 4.285259246826171875e+00 6.628283500671386719e+00 3.924553155899047852e+00 3.247128963470458984e+00
4.165657997131347656e+00 3.620929479598999023e+00 3.899517059326171875e+00 2.634876012802124023e+00 4.770634651184082031e+00 2.215406894683837891e+00 4.416157245635986328e+00 5.885365009307861328e+00 7.957994461059570312e+00 8.332248687744140625e+00 7.656328201293945312e+00 3.836105585098266602e+00 7.592077255249023438e+00 2.458473205566406250e+00 8.887312889099121094e+00 8.183151245117187500e+00 3.162087917327880859e+00 8.127695083618164062e+00 5.498337745666503906e+00 3.276015758514404297e+00
5.805266857147216797e+00 2.850183486938476562e+00 6.658649921417236328e+00 7.952365398406982422e+00 7.862945556640625000e+00 7.125747680664062500e+00 3.715576648712158203e+00 5.840149402618408203e+00 1.040521621704101562e+01 3.808294534683227539e+00 4.861933708190917969e+00 3.387621879577636719e+00 4.405557632446289062e+00 3.326285362243652344e+00 3.826351165771484375e+00 5.034746170043945312e+00 4.037035465240478516e+00 8.829458236694335938e+00 5.005482673645019531e+00 4.968657016754150391e+00
7.077724456787109375e+00 7.805769920349121094e+00 5.565344810485839844e+00 6.721362590789794922e+00 7.034060478210449219e+00 5.138323783874511719e+00 3.254799842834472656e+00 4.879416465759277344e+00 1.969959259033203125e+00 4.847279548645019531e+00 3.189517021179199219e+00 3.457212686538696289e+00 5.257933139801025391e+00 7.603178024291992188e+00 3.507392406463623047e+00 4.531413078308105469e+00 3.836856365203857422e+00 2.673993587493896484e+00 5.728423595428466797e+00 5.793095588684082031e+00
5.396617412567138672e+00 6.781530380249023438e+00 8.651437759399414062e+00 8.695587158203125000e+00 5.119714736938476562e+00 3.334844589233398438e+00 4.637065887451171875e+00 3.559132814407348633e+00 2.733653306961059570e+00 4.621527671813964844e+00 4.396822929382324219e+00 3.203127622604370117e+00 6.237164497375488281e+00 6.367106437683105469e+00 3.041907310485839844e+00 3.829813003540039062e+00 8.540121078491210938e+00 5.078550338745117188e+00 7.913842678070068359e+00 4.131573677062988281e+00
5.868324279785156250e+00 5.803998470306396484e+00 6.608664512634277344e+00 5.215472221374511719e+00 5.470276355743408203e+00 2.361377000808715820e+00 5.096641540527343750e+00 4.050585746765136719e+00 5.043198585510253906e+00 4.885655403137207031e+00 3.619350671768188477e+00 3.864506006240844727e+00 4.857892990112304688e+00 5.360221862792968750e+00 6.526870250701904297e+00 2.960004806518554688e+00 7.175518035888671875e+00 3.196688175201416016e+00 3.271484375000000000e+00 3.899873018264770508e+00
7.233132839202880859e+00 8.750427246093750000e+00 2.753068685531616211e+00 4.165158271789550781e+00 4.149772167205810547e+00 2.687325477600097656e+00 4.612476348876953125e+00 3.758214235305786133e+00 5.848144531250000000e+00 3.629430770874023438e+00 8.404348373413085938e+00 4.310557842254638672e+00 7.645548820495605469e+00 2.627623081207275391e+00 5.359414100646972656e+00 3.487402439117431641e+00 9.611840248107910156e+00 4.632784843444824219e+00 3.083120822906494141e+00 4.969945907592773438e+00
2.699555158615112305e+00 5.020583152770996094e+00 4.192925930023193359e+00 4.400033950805664062e+00 4.301636695861816406e+00 2.975235462188720703e+00 4.244776248931884766e+00 4.867058753967285156e+00 3.006834506988525391e+00 3.043750286102294922e+00 6.459038734436035156e+00 6.163123130798339844e+00 8.430526733398437500e+00 4.224535942077636719e+00 4.421550750732421875e+00 4.399591445922851562e+00 3.704957008361816406e+00 3.293202877044677734e+00 4.009128093719482422e+00 6.579458236694335938e+00
2.639098167419433594e+00 3.726341485977172852e+00 3.116567850112915039e+00 3.899288654327392578e+00 3.742932796478271484e+00 2.529007911682128906e+00 3.889122009277343750e+00 2.699871778488159180e+00 2.745385169982910156e+00 4.367668151855468750e+00 4.030118942260742188e+00 3.811559200286865234e+00 4.820734977722167969e+00 3.170130729675292969e+00 3.475107192993164062e+00 4.722083091735839844e+00 4.758511543273925781e+00 3.386398077011108398e+00 2.186404228210449219e+00 3.524277687072753906e+00
3.693490266799926758e+00 4.371759414672851562e+00 4.265697002410888672e+00 3.178044080734252930e+00 3.500887632369995117e+00 3.145431518554687500e+00 3.223924636840820312e+00 3.774742126464843750e+00 2.971159458160400391e+00 3.327698230743408203e+00 4.200250148773193359e+00 4.119403839111328125e+00 3.531162500381469727e+00 3.496376991271972656e+00 3.266831636428833008e+00 3.597870349884033203e+00 4.257084846496582031e+00 2.470627784729003906e+00 5.847263336181640625e+00 3.193343400955200195e+00
4.595839500427246094e+00 3.715729951858520508e+00 3.338134288787841797e+00 2.780292272567749023e+00 3.106867790222167969e+00 4.387147903442382812e+00 3.848526000976562500e+00 2.459393501281738281e+00 3.517664670944213867e+00 2.941736698150634766e+00 3.673604488372802734e+00 3.816259860992431641e+00 3.890717983245849609e+00 4.099771976470947266e+00 3.195182323455810547e+00 4.525300979614257812e+00 5.174810886383056641e+00 3.402207136154174805e+00 3.976177215576171875e+00 2.657581567764282227e+00
5.430098533630371094e+00 3.195164918899536133e+00 1.712714433670043945e+00 3.927896022796630859e+00 3.456806659698486328e+00 9.886533737182617188e+00 3.280493974685668945e+00 5.229930400848388672e+00 4.302124500274658203e+00 2.922405242919921875e+00 4.995565891265869141e+00 2.337753295898437500e+00 3.900532722473144531e+00 3.313624382019042969e+00 2.773900032043457031e+00 2.970633268356323242e+00 2.834560394287109375e+00 4.268607139587402344e+00 4.899739742279052734e+00 5.110656738281250000e+00
3.817448139190673828e+00 4.164495468139648438e+00 4.743859291076660156e+00 2.955820560455322266e+00 3.740361213684082031e+00 3.977814197540283203e+00 5.102221488952636719e+00 2.958072185516357422e+00 4.429627418518066406e+00 3.242825984954833984e+00 2.929027795791625977e+00 4.061375141143798828e+00 3.776971340179443359e+00 4.610003471374511719e+00 4.069459438323974609e+00 2.865043640136718750e+00 4.763436317443847656e+00 3.925199508666992188e+00 4.699006557464599609e+00 5.964453697204589844e+00
3.479202747344970703e+00 4.658085346221923828e+00 6.424929618835449219e+00 3.981858968734741211e+00 1.054008102416992188e+01 2.679141044616699219e+00 3.864355564117431641e+00 3.123794078826904297e+00 4.129546642303466797e+00 5.175232887268066406e+00 3.333415269851684570e+00 3.189350605010986328e+00 4.624346733093261719e+00 3.336791515350341797e+00 3.448579311370849609e+00 4.007054328918457031e+00 2.791123867034912109e+00 3.666697502136230469e+00 3.099339008331298828e+00 6.454433441162109375e+00
3.598221302032470703e+00 4.257612228393554688e+00 3.985110044479370117e+00 3.061242580413818359e+00 4.710781097412109375e+00 2.504484415054321289e+00 6.387403964996337891e+00 4.099041938781738281e+00 5.164900302886962891e+00 5.938067913055419922e+00 6.675408363342285156e+00 3.281359910964965820e+00 3.797888755798339844e+00 4.019415855407714844e+00 4.910384178161621094e+00 3.573827505111694336e+00 4.672008991241455078e+00 4.802769184112548828e+00 4.296147346496582031e+00 3.120772838592529297e+00
3.998188495635986328e+00 3.611644506454467773e+00 4.128395557403564453e+00 2.903312683105468750e+00 3.550554037094116211e+00 5.739173412322998047e+00 6.556652545928955078e+00 2.097197294235229492e+00 7.702884674072265625e+00 5.549613952636718750e+00 5.559648990631103516e+00 7.614039897918701172e+00 2.056827783584594727e+00 3.722942590713500977e+00 5.213763236999511719e+00 2.820321559906005859e+00 2.185970783233642578e+00 4.883092403411865234e+00 3.856567382812500000e+00 4.097278118133544922e+00
3.838264703750610352e+00 4.157934665679931641e+00 2.627198457717895508e+00 3.089905738830566406e+00 4.473304271697998047e+00 3.810680866241455078e+00 6.325399398803710938e+00 5.657993793487548828e+00 7.454236507415771484e+00 5.333468437194824219e+00 8.910906791687011719e+00 4.042298316955566406e+00 4.599748611450195312e+00 3.692439079284667969e+00 5.713350772857666016e+00 2.450183153152465820e+00 3.775984048843383789e+00 5.043917179107666016e+00 4.926559925079345703e+00 4.057214260101318359e+00
