2019-07-26 18:30:00
2.846349239349365234e+00 5.113154411315917969e+00 4.151953697204589844e+00 3.447274684906005859e+00 3.134376049041748047e+00 2.930657386779785156e+00 2.828889846801757812e+00 3.802833080291748047e+00 7.430020332336425781e+00 5.825005531311035156e+00 4.218646049499511719e+00 2.904886007308959961e+00 1.178283882141113281e+01 3.643385410308837891e+00 3.570234298706054688e+00 6.590784072875976562e+00 6.426932334899902344e+00 2.861147403717041016e+00 4.165747165679931641e+00 3.713995933532714844e+00
6.569943904876708984e+00 6.152179718017578125e+00 8.590519905090332031e+00 5.635008811950683594e+00 4.046912193298339844e+00 2.890878915786743164e+00 2.266928911209106445e+00 4.162288665771484375e+00 3.013129234313964844e+00 3.128405094146728516e+00 3.273161411285400391e+00 3.269843339920043945e+00 3.447765350341796875e+00 5.015219211578369141e+00 3.483726978302001953e+00 2.249950408935546875e+00 6.824376106262207031e+00 6.727740287780761719e+00 3.396141529083251953e+00 3.584305286407470703e+00
4.942883491516113281e+00 4.338265419006347656e+00 7.525596618652343750e+00 4.463187217712402344e+00 6.606304645538330078e+00 6.438682556152343750e+00 6.188284397125244141e+00 2.400457382202148438e+00 2.868197917938232422e+00 3.210696697235107422e+00 6.039509296417236328e+00 4.482580184936523438e+00 2.342252254486083984e+00 5.736455917358398438e+00 5.359732627868652344e+00 2.610802650451660156e+00 7.713207721710205078e+00 5.069428920745849609e+00 4.854530334472656250e+00 4.183589458465576172e+00
2.986402273178100586e+00 7.405793666839599609e+00 6.299183845520019531e+00 4.268913269042968750e+00 2.601910591125488281e+00 4.026808261871337891e+00 3.721038579940795898e+00 3.097972869873046875e+00 4.772005081176757812e+00 7.179826736450195312e+00 7.155107498168945312e+00 5.209734916687011719e+00 2.238202810287475586e+00 4.606655120849609375e+00 9.695168495178222656e+00 3.351416110992431641e+00 2.602903127670288086e+00 6.203653335571289062e+00 3.401490688323974609e+00 3.509942531585693359e+00
3.854598283767700195e+00 3.823122978210449219e+00 3.271486759185791016e+00 3.167193651199340820e+00 3.103380680084228516e+00 4.292131423950195312e+00 4.057112216949462891e+00 8.106828689575195312e+00 1.019548320770263672e+01 7.393566608428955078e+00 6.548684120178222656e+00 5.471324443817138672e+00 6.456360816955566406e+00 3.008294820785522461e+00 5.028221130371093750e+00 6.170922279357910156e+00 3.937974214553833008e+00 7.434687614440917969e+00 7.482950687408447266e+00 4.503455162048339844e+00
7.709576606750488281e+00 3.561991930007934570e+00 7.511445522308349609e+00 7.843777179718017578e+00 4.398054122924804688e+00 1.001574134826660156e+01 3.975797891616821289e+00 7.618124008178710938e+00 9.541065216064453125e+00 8.329265594482421875e+00 4.941808700561523438e+00 5.522788047790527344e+00 4.534691810607910156e+00 4.530914306640625000e+00 4.210493087768554688e+00 7.188875675201416016e+00 3.766399860382080078e+00 6.716271400451660156e+00 8.151828765869140625e+00 3.578704595565795898e+00
8.053299903869628906e+00 3.990858078002929688e+00 6.996529579162597656e+00 6.349942684173583984e+00 5.601561546325683594e+00 6.202657699584960938e+00 4.386383056640625000e+00 6.255874633789062500e+00 4.196994781494140625e+00 4.377898216247558594e+00 4.221673965454101562e+00 4.478956222534179688e+00 7.374863624572753906e+00 7.032357215881347656e+00 3.932355880737304688e+00 5.194359779357910156e+00 4.055176734924316406e+00 1.266132593154907227e+00 6.790583610534667969e+00 7.378127574920654297e+00
5.218111038208007812e+00 2.248764038085937500e+00 3.937665939331054688e+00 7.760799884796142578e+00 9.590156555175781250e+00 4.238736152648925781e+00 2.953408241271972656e+00 2.506687879562377930e+00 3.419627666473388672e+00 2.901316165924072266e+00 2.839716911315917969e+00 3.272961616516113281e+00 3.772595882415771484e+00 8.095491409301757812e+00 3.470739364624023438e+00 2.909123182296752930e+00 6.562607765197753906e+00 3.075335979461669922e+00 4.659896850585937500e+00 3.567142009735107422e+00
2.753128528594970703e+00 5.003135681152343750e+00 5.406881332397460938e+00 3.581028461456298828e+00 5.846721172332763672e+00 2.941336870193481445e+00 3.191913843154907227e+00 2.741844415664672852e+00 3.518800258636474609e+00 6.748857975006103516e+00 2.994792938232421875e+00 2.082406520843505859e+00 4.176961898803710938e+00 5.616532802581787109e+00 5.506420612335205078e+00 4.382143020629882812e+00 7.124232292175292969e+00 3.005941390991210938e+00 3.430727243423461914e+00 2.056368350982666016e+00
8.061228752136230469e+00 4.339724540710449219e+00 3.186452865600585938e+00 2.451785326004028320e+00 3.091775894165039062e+00 3.981686115264892578e+00 3.673871040344238281e+00 4.337571144104003906e+00 6.699322700500488281e+00 4.020575523376464844e+00 7.120605945587158203e+00 4.430415153503417969e+00 7.905642032623291016e+00 3.746211528778076172e+00 3.705760002136230469e+00 2.273094177246093750e+00 7.839280128479003906e+00 2.396928787231445312e+00 3.156944036483764648e+00 4.450489521026611328e+00
4.148483276367187500e+00 3.076522350311279297e+00 2.988816738128662109e+00 3.241224765777587891e+00 4.374528408050537109e+00 4.015543937683105469e+00 3.676738500595092773e+00 2.814804792404174805e+00 3.026907444000244141e+00 3.869209289550781250e+00 3.229599475860595703e+00 5.315632820129394531e+00 6.721466064453125000e+00 7.327340126037597656e+00 4.015433311462402344e+00 3.199900150299072266e+00 5.075899600982666016e+00 8.146059036254882812e+00 3.729872941970825195e+00 2.971964836120605469e+00
3.120169639587402344e+00 3.491436004638671875e+00 1.524947047233581543e+00 3.152356624603271484e+00 2.862962484359741211e+00 3.788600921630859375e+00 4.967718124389648438e+00 3.031225204467773438e+00 3.980099439620971680e+00 3.089242219924926758e+00 2.322597980499267578e+00 1.782468795776367188e+00 3.227960109710693359e+00 3.426606655120849609e+00 3.785336971282958984e+00 7.167108535766601562e+00 3.721737146377563477e+00 2.840636730194091797e+00 3.354519367218017578e+00 4.963328361511230469e+00
4.219485282897949219e+00 2.742513895034790039e+00 3.349244117736816406e+00 4.058115005493164062e+00 3.916824340820312500e+00 3.230727434158325195e+00 3.115229129791259766e+00 3.251864194869995117e+00 2.593235015869140625e+00 3.413486480712890625e+00 3.088981628417968750e+00 2.668049335479736328e+00 3.267039060592651367e+00 3.996152877807617188e+00 3.534309148788452148e+00 3.726710557937622070e+00 4.083964347839355469e+00 3.398228168487548828e+00 5.327655792236328125e+00 2.884417533874511719e+00
3.743427515029907227e+00 3.670636653900146484e+00 3.561707019805908203e+00 3.324057817459106445e+00 2.607761859893798828e+00 3.186803579330444336e+00 4.041346073150634766e+00 3.142446041107177734e+00 3.398702144622802734e+00 3.907544136047363281e+00 3.142361164093017578e+00 5.327589035034179688e+00 4.277007102966308594e+00 3.319906234741210938e+00 3.457006216049194336e+00 3.180080890655517578e+00 3.438541889190673828e+00 4.267963886260986328e+00 2.486413002014160156e+00 2.735939502716064453e+00
3.459521293640136719e+00 4.488246440887451172e+00 2.747836351394653320e+00 3.662906885147094727e+00 2.477235078811645508e+00 5.420247077941894531e+00 3.186545133590698242e+00 3.010853767395019531e+00 3.540400505065917969e+00 2.802077054977416992e+00 3.517337560653686523e+00 3.736716032028198242e+00 4.629185199737548828e+00 2.779368877410888672e+00 3.195151329040527344e+00 2.650278091430664062e+00 2.958950042724609375e+00 4.148694038391113281e+00 4.329110622406005859e+00 4.794661998748779297e+00
3.050209522247314453e+00 4.030698299407958984e+00 3.735029935836791992e+00 3.394416809082031250e+00 3.180200576782226562e+00 3.129968643188476562e+00 3.318668603897094727e+00 5.241413593292236328e+00 3.941321372985839844e+00 3.601639986038208008e+00 2.562036037445068359e+00 2.758218765258789062e+00 3.044123172760009766e+00 2.589396953582763672e+00 2.644842624664306641e+00 3.330763101577758789e+00 4.627026557922363281e+00 3.498351573944091797e+00 5.172123908996582031e+00 5.886376857757568359e+00
3.213874816894531250e+00 3.583272218704223633e+00 3.884171009063720703e+00 3.761780500411987305e+00 6.970851898193359375e+00 2.401148557662963867e+00 4.535054683685302734e+00 2.934126853942871094e+00 4.841116428375244141e+00 4.682670593261718750e+00 4.297723770141601562e+00 4.347157478332519531e+00 2.843525409698486328e+00 3.366588592529296875e+00 3.378071784973144531e+00 2.714527606964111328e+00 4.010350227355957031e+00 1.679249286651611328e+00 2.426733255386352539e+00 4.982529163360595703e+00
2.734298706054687500e+00 4.216230392456054688e+00 2.136380195617675781e+00 6.244238853454589844e+00 5.109614372253417969e+00 2.270661115646362305e+00 3.738402843475341797e+00 3.672582387924194336e+00 4.437596321105957031e+00 5.962128639221191406e+00 5.779983520507812500e+00 3.830922603607177734e+00 4.238905906677246094e+00 2.476816654205322266e+00 4.755385398864746094e+00 4.519309043884277344e+00 5.178390502929687500e+00 3.938251018524169922e+00 2.572709560394287109e+00 3.060024738311767578e+00
3.125809192657470703e+00 3.849048614501953125e+00 3.892414331436157227e+00 3.003997802734375000e+00 3.644472837448120117e+00 4.874705314636230469e+00 6.064553260803222656e+00 3.769771337509155273e+00 5.788311004638671875e+00 4.121452331542968750e+00 6.256987094879150391e+00 7.824698448181152344e+00 1.468558549880981445e+00 2.968738079071044922e+00 6.211416721343994141e+00 3.186250686645507812e+00 3.345128297805786133e+00 3.765573740005493164e+00 4.587761878967285156e+00 2.803656101226806641e+00
3.801884174346923828e+00 2.503704071044921875e+00 3.194465160369873047e+00 2.739628791809082031e+00 4.518134117126464844e+00 5.581717014312744141e+00 3.293673276901245117e+00 3.540673255920410156e+00 5.683894157409667969e+00 6.420951843261718750e+00 1.020612716674804688e+01 7.182092189788818359e+00 6.563114643096923828e+00 1.790044188499450684e+00 5.570302963256835938e+00 2.651718616485595703e+00 3.578520774841308594e+00 5.598424911499023438e+00 4.494585037231445312e+00 3.692322015762329102e+00
