2019-07-26 19:15:00
6.465492725372314453e+00 9.097896575927734375e+00 2.054893255233764648e+00 2.531466722488403320e+00 2.764550924301147461e+00 2.953746795654296875e+00 2.987844467163085938e+00 5.072244644165039062e+00 2.772573947906494141e+00 4.407942771911621094e+00 4.063139915466308594e+00 1.397935867309570312e+00 3.946744441986083984e+00 2.571085453033447266e+00 1.774787902832031250e+00 2.898394107818603516e+00 4.018965721130371094e+00 3.512673854827880859e+00 4.130968570709228516e+00 4.082580089569091797e+00
3.647817373275756836e+00 4.570774078369140625e+00 6.310572147369384766e+00 3.172483921051025391e+00 4.149236679077148438e+00 3.251799583435058594e+00 1.462562203407287598e+00 3.785657167434692383e+00 2.456139087677001953e+00 2.903770446777343750e+00 2.041263580322265625e+00 3.599410057067871094e+00 2.129126071929931641e+00 6.010343551635742188e+00 2.727071046829223633e+00 1.737269043922424316e+00 3.998762130737304688e+00 4.470124244689941406e+00 3.221635818481445312e+00 4.357378959655761719e+00
4.418650150299072266e+00 5.000864982604980469e+00 6.280994892120361328e+00 3.279830932617187500e+00 3.853836059570312500e+00 2.138566732406616211e+00 3.139561891555786133e+00 3.195326805114746094e+00 2.831924200057983398e+00 2.798958778381347656e+00 1.924217581748962402e+00 3.584322929382324219e+00 3.213855504989624023e+00 6.682055950164794922e+00 4.399891853332519531e+00 2.199757575988769531e+00 1.865691184997558594e+00 7.400279045104980469e+00 3.293276786804199219e+00 3.723468065261840820e+00
2.237978696823120117e+00 6.910401344299316406e+00 5.128168106079101562e+00 4.760882377624511719e+00 4.862332344055175781e+00 3.504987478256225586e+00 3.029954910278320312e+00 2.808278799057006836e+00 4.267569065093994141e+00 4.777733325958251953e+00 3.057477951049804688e+00 5.618463993072509766e+00 3.200705289840698242e+00 3.245304584503173828e+00 2.530368804931640625e+00 2.637313365936279297e+00 2.922344684600830078e+00 4.154434204101562500e+00 1.974998831748962402e+00 2.831833362579345703e+00
2.607091903686523438e+00 3.826732397079467773e+00 2.818762779235839844e+00 2.972599506378173828e+00 4.104434013366699219e+00 4.249550819396972656e+00 2.635060071945190430e+00 3.671913146972656250e+00 3.832074642181396484e+00 4.660487174987792969e+00 4.850697040557861328e+00 6.071950912475585938e+00 2.934914827346801758e+00 3.203200578689575195e+00 3.106106281280517578e+00 5.284074306488037109e+00 3.054619789123535156e+00 5.012161254882812500e+00 5.399627208709716797e+00 3.703323125839233398e+00
6.723217487335205078e+00 3.018684148788452148e+00 4.202213287353515625e+00 2.429917812347412109e+00 2.344810009002685547e+00 3.251392841339111328e+00 2.059678316116333008e+00 4.563100814819335938e+00 4.099868297576904297e+00 4.909098625183105469e+00 6.980926513671875000e+00 6.633504390716552734e+00 5.968402385711669922e+00 3.988279819488525391e+00 3.359972000122070312e+00 5.153341293334960938e+00 2.487154006958007812e+00 4.456523895263671875e+00 7.270228385925292969e+00 3.076270580291748047e+00
3.083033800125122070e+00 4.416179180145263672e+00 2.957151889801025391e+00 4.951761722564697266e+00 2.967319011688232422e+00 3.459923267364501953e+00 3.630135536193847656e+00 6.061692714691162109e+00 2.551367759704589844e+00 2.595422744750976562e+00 2.955524682998657227e+00 2.863838195800781250e+00 6.313005924224853516e+00 2.859009027481079102e+00 1.895280361175537109e+00 7.850735187530517578e+00 2.609357118606567383e+00 2.368639945983886719e+00 6.057133674621582031e+00 7.190808296203613281e+00
5.698252201080322266e+00 2.170536041259765625e+00 2.915002822875976562e+00 3.918237924575805664e+00 2.994297742843627930e+00 2.247986793518066406e+00 2.442105293273925781e+00 2.755801677703857422e+00 1.473414182662963867e+00 2.805263042449951172e+00 3.436358451843261719e+00 2.694452524185180664e+00 4.906574249267578125e+00 2.061873197555541992e+00 4.045491218566894531e+00 4.528595924377441406e+00 6.305481910705566406e+00 1.482541084289550781e+00 4.022452354431152344e+00 2.934470176696777344e+00
2.907662391662597656e+00 2.382770299911499023e+00 3.475412845611572266e+00 5.397067070007324219e+00 3.527956724166870117e+00 2.931543827056884766e+00 3.631077289581298828e+00 3.447157859802246094e+00 2.787402153015136719e+00 4.078613281250000000e+00 2.575759410858154297e+00 2.856488704681396484e+00 3.904230594635009766e+00 4.669850349426269531e+00 2.984694480895996094e+00 2.128104686737060547e+00 3.935513973236083984e+00 2.273832798004150391e+00 2.848070383071899414e+00 3.913807392120361328e+00
3.279295444488525391e+00 4.378887176513671875e+00 2.743502616882324219e+00 3.005119323730468750e+00 2.480142116546630859e+00 2.634340286254882812e+00 5.055936813354492188e+00 1.746333837509155273e+00 2.728654861450195312e+00 3.859593391418457031e+00 4.309410572052001953e+00 4.070114612579345703e+00 5.054417610168457031e+00 1.175843000411987305e+00 2.670517444610595703e+00 3.570039510726928711e+00 4.719393730163574219e+00 3.424133777618408203e+00 2.886391162872314453e+00 2.695152759552001953e+00
3.303100585937500000e+00 3.518620252609252930e+00 2.444247245788574219e+00 3.036990404129028320e+00 3.382821321487426758e+00 2.285402536392211914e+00 3.600764751434326172e+00 3.041834592819213867e+00 3.134205102920532227e+00 3.163303852081298828e+00 1.874620795249938965e+00 3.866371631622314453e+00 5.364690303802490234e+00 3.580430507659912109e+00 2.964197635650634766e+00 1.543634653091430664e+00 2.808861017227172852e+00 1.603632211685180664e+00 2.973614215850830078e+00 2.260277271270751953e+00
2.728358268737792969e+00 3.379562377929687500e+00 3.114282608032226562e+00 3.229831457138061523e+00 4.555306434631347656e+00 2.984844207763671875e+00 3.510603427886962891e+00 2.573295116424560547e+00 3.983716726303100586e+00 3.326773166656494141e+00 2.230419158935546875e+00 2.288812637329101562e+00 3.918828725814819336e+00 3.120345115661621094e+00 3.299363851547241211e+00 5.560135841369628906e+00 4.252004623413085938e+00 3.855594158172607422e+00 3.756339073181152344e+00 1.875634670257568359e+00
2.764261245727539062e+00 1.339607238769531250e+00 3.116832256317138672e+00 4.003488063812255859e+00 3.350579738616943359e+00 2.926702976226806641e+00 3.842697620391845703e+00 3.190185785293579102e+00 3.515110492706298828e+00 2.637025833129882812e+00 2.115702152252197266e+00 4.155007839202880859e+00 3.534142017364501953e+00 3.361603736877441406e+00 3.084643602371215820e+00 2.455126762390136719e+00 2.912617683410644531e+00 1.969715952873229980e+00 3.410682678222656250e+00 3.195923805236816406e+00
2.159184694290161133e+00 3.815242052078247070e+00 2.650990009307861328e+00 3.136658191680908203e+00 3.707808017730712891e+00 3.099463701248168945e+00 3.758895635604858398e+00 3.953929662704467773e+00 3.612949609756469727e+00 3.467586517333984375e+00 3.737024784088134766e+00 3.697328567504882812e+00 3.721807479858398438e+00 3.369985580444335938e+00 4.016427993774414062e+00 4.286972045898437500e+00 3.397061109542846680e+00 3.311272382736206055e+00 3.665436506271362305e+00 2.858835697174072266e+00
2.699309825897216797e+00 2.564142465591430664e+00 3.038735866546630859e+00 3.314589738845825195e+00 3.417925357818603516e+00 2.900414466857910156e+00 2.195093154907226562e+00 3.383848190307617188e+00 3.689197063446044922e+00 1.936865091323852539e+00 2.898775577545166016e+00 2.248560905456542969e+00 3.054541826248168945e+00 3.282579421997070312e+00 3.142076015472412109e+00 2.655367612838745117e+00 2.176580905914306641e+00 3.041711807250976562e+00 2.139995813369750977e+00 3.622969627380371094e+00
2.474453210830688477e+00 3.879226207733154297e+00 2.990113735198974609e+00 3.778686523437500000e+00 3.018448591232299805e+00 3.804550170898437500e+00 3.008059501647949219e+00 1.967816352844238281e+00 1.782969594001770020e+00 3.826432943344116211e+00 3.937730789184570312e+00 2.629857063293457031e+00 2.895220518112182617e+00 3.425451278686523438e+00 3.246989727020263672e+00 4.013538360595703125e+00 3.179008960723876953e+00 3.170202970504760742e+00 3.081740379333496094e+00 4.138264656066894531e+00
3.333433628082275391e+00 3.657456398010253906e+00 2.815552234649658203e+00 2.075087547302246094e+00 7.434284090995788574e-01 2.740134000778198242e+00 3.019007444381713867e+00 4.186317443847656250e+00 2.749946117401123047e+00 2.065167188644409180e+00 3.672736644744873047e+00 2.759897947311401367e+00 3.069891691207885742e+00 3.058668136596679688e+00 3.221848964691162109e+00 2.253419399261474609e+00 3.153687000274658203e+00 2.581371545791625977e+00 3.197240829467773438e+00 5.999765396118164062e+00
3.238898754119873047e+00 2.129575967788696289e+00 3.593719720840454102e+00 2.754981040954589844e+00 2.910900592803955078e+00 2.846145868301391602e+00 3.791234970092773438e+00 4.151919841766357422e+00 1.692174196243286133e+00 3.222751140594482422e+00 1.999545454978942871e+00 1.945804715156555176e+00 3.499201536178588867e+00 2.491585969924926758e+00 3.466567516326904297e+00 3.726583003997802734e+00 3.004246711730957031e+00 1.278702139854431152e+00 2.158416748046875000e+00 1.978416442871093750e+00
4.081893920898437500e+00 3.695385694503784180e+00 2.369725704193115234e+00 3.582415580749511719e+00 4.636404514312744141e+00 2.489182233810424805e+00 3.326306343078613281e+00 2.317875862121582031e+00 3.346951007843017578e+00 2.077360153198242188e+00 1.813433289527893066e+00 4.581576347351074219e+00 1.875498294830322266e+00 3.424081325531005859e+00 3.408612251281738281e+00 3.869782924652099609e+00 3.097965240478515625e+00 2.142291784286499023e+00 2.285822868347167969e+00 2.511074066162109375e+00
2.179873466491699219e+00 1.850868463516235352e+00 2.096699953079223633e+00 1.621392846107482910e+00 4.230302810668945312e+00 3.327972650527954102e+00 3.560256004333496094e+00 3.273425102233886719e+00 4.641916751861572266e+00 4.105690479278564453e+00 5.152149200439453125e+00 3.254360914230346680e+00 4.310263156890869141e+00 3.359372377395629883e+00 2.928538799285888672e+00 2.984321117401123047e+00 3.644081830978393555e+00 1.621285438537597656e+00 1.912742018699645996e+00 2.702723503112792969e+00
