2019-07-26 19:30:00
6.450921535491943359e+00 5.155908107757568359e+00 4.280717849731445312e+00 3.768416881561279297e+00 2.732125043869018555e+00 3.331340789794921875e+00 3.726911544799804688e+00 4.075535774230957031e+00 5.884381771087646484e+00 3.169583559036254883e+00 2.620155096054077148e+00 3.445658683776855469e+00 5.708150386810302734e+00 3.669424533843994141e+00 3.046943187713623047e+00 6.576952457427978516e+00 6.076769828796386719e+00 2.119969367980957031e+00 2.446300506591796875e+00 4.740187644958496094e+00
5.987167358398437500e+00 5.737939834594726562e+00 5.488348960876464844e+00 8.586801528930664062e+00 7.252525329589843750e+00 3.902856349945068359e+00 2.611079692840576172e+00 4.505416393280029297e+00 3.499828815460205078e+00 3.068333625793457031e+00 3.222368240356445312e+00 3.365501403808593750e+00 3.228401422500610352e+00 6.855916023254394531e+00 3.065556526184082031e+00 2.752844810485839844e+00 5.591050148010253906e+00 6.125093460083007812e+00 2.590248584747314453e+00 3.098695278167724609e+00
6.903892993927001953e+00 5.164819717407226562e+00 7.700193405151367188e+00 9.007827758789062500e+00 4.581155776977539062e+00 4.353822708129882812e+00 2.987889289855957031e+00 2.829253673553466797e+00 2.972509384155273438e+00 2.683227300643920898e+00 5.302955627441406250e+00 7.204254150390625000e+00 3.724619626998901367e+00 6.972944736480712891e+00 7.893529415130615234e+00 2.859159946441650391e+00 4.105099678039550781e+00 3.963783979415893555e+00 3.155542135238647461e+00 3.099126100540161133e+00
1.976304769515991211e+00 4.515072345733642578e+00 5.722688674926757812e+00 5.551690101623535156e+00 3.677473545074462891e+00 3.532421112060546875e+00 3.160958051681518555e+00 2.274422168731689453e+00 4.339304924011230469e+00 2.457780361175537109e+00 5.268650054931640625e+00 6.616623878479003906e+00 4.196431159973144531e+00 3.251907110214233398e+00 3.613571166992187500e+00 4.024278640747070312e+00 1.734272837638854980e+00 3.398639678955078125e+00 4.070271492004394531e+00 3.677151203155517578e+00
4.494639396667480469e+00 3.023646831512451172e+00 4.874806404113769531e+00 3.350113868713378906e+00 2.916122674942016602e+00 4.442280292510986328e+00 3.286700725555419922e+00 4.257896423339843750e+00 5.535821914672851562e+00 4.308360099792480469e+00 6.911266803741455078e+00 7.452840328216552734e+00 8.257670402526855469e+00 3.171260833740234375e+00 4.288720607757568359e+00 9.680905342102050781e+00 3.734202861785888672e+00 7.458530902862548828e+00 4.407335281372070312e+00 3.768669843673706055e+00
4.701452732086181641e+00 3.115198135375976562e+00 5.326003551483154297e+00 5.556051731109619141e+00 7.632114410400390625e+00 3.004941463470458984e+00 3.546151638031005859e+00 5.418413162231445312e+00 5.899353981018066406e+00 6.680991172790527344e+00 5.610998153686523438e+00 5.531321048736572266e+00 5.571703910827636719e+00 3.197192668914794922e+00 4.784491539001464844e+00 5.735023975372314453e+00 3.433202981948852539e+00 3.910926580429077148e+00 3.335502624511718750e+00 3.899713039398193359e+00
5.384496688842773438e+00 6.494473457336425781e+00 8.346820831298828125e+00 5.702816009521484375e+00 7.460996150970458984e+00 4.481830120086669922e+00 3.285362243652343750e+00 3.135756254196166992e+00 3.181541919708251953e+00 2.942862987518310547e+00 2.580845594406127930e+00 2.859074115753173828e+00 4.187337875366210938e+00 6.273530006408691406e+00 3.275032043457031250e+00 3.930281162261962891e+00 4.218090534210205078e+00 2.402778148651123047e+00 5.806379318237304688e+00 5.726098060607910156e+00
8.619970321655273438e+00 3.258505344390869141e+00 3.494768857955932617e+00 6.652261734008789062e+00 6.658733844757080078e+00 3.595460414886474609e+00 3.366487026214599609e+00 3.617336034774780273e+00 3.079523563385009766e+00 3.766365528106689453e+00 3.266573190689086914e+00 3.826752662658691406e+00 5.702355384826660156e+00 5.327598094940185547e+00 4.166511535644531250e+00 2.846064567565917969e+00 7.259989261627197266e+00 3.331172466278076172e+00 6.250069618225097656e+00 4.793243885040283203e+00
4.655577659606933594e+00 2.967773199081420898e+00 6.359794616699218750e+00 4.970760822296142578e+00 6.543651580810546875e+00 2.475571155548095703e+00 4.093859195709228516e+00 3.524053573608398438e+00 2.121827363967895508e+00 4.274744510650634766e+00 3.563331842422485352e+00 4.279240608215332031e+00 3.923114776611328125e+00 4.834773540496826172e+00 5.957082748413085938e+00 2.499278783798217773e+00 4.282842636108398438e+00 1.869493603706359863e+00 4.142264366149902344e+00 2.767332077026367188e+00
2.973612785339355469e+00 4.604700565338134766e+00 3.032639026641845703e+00 2.297452211380004883e+00 4.111567020416259766e+00 2.599373817443847656e+00 3.576179742813110352e+00 4.185873031616210938e+00 1.012577819824218750e+01 5.613248825073242188e+00 4.642471313476562500e+00 4.665390491485595703e+00 6.600513935089111328e+00 3.486093997955322266e+00 1.234993696212768555e+00 3.930918216705322266e+00 7.050423145294189453e+00 2.467354774475097656e+00 4.175222396850585938e+00 3.233101367950439453e+00
3.018732070922851562e+00 3.196333169937133789e+00 4.341519355773925781e+00 3.134268283843994141e+00 4.229511260986328125e+00 2.670703887939453125e+00 3.796782016754150391e+00 4.190401077270507812e+00 3.845302104949951172e+00 3.215386152267456055e+00 4.158786773681640625e+00 4.059237480163574219e+00 5.027294158935546875e+00 6.271646499633789062e+00 2.375105381011962891e+00 2.261574029922485352e+00 3.442172050476074219e+00 6.660172462463378906e+00 3.151628971099853516e+00 5.252088546752929688e+00
3.522530078887939453e+00 3.107192993164062500e+00 2.837308883666992188e+00 2.483582973480224609e+00 4.688232421875000000e+00 2.479245185852050781e+00 2.508679866790771484e+00 1.594403266906738281e+00 2.627255678176879883e+00 2.043823003768920898e+00 3.629886150360107422e+00 2.714046478271484375e+00 5.015117645263671875e+00 3.009985446929931641e+00 3.388478994369506836e+00 7.874810218811035156e+00 3.829327106475830078e+00 3.156264781951904297e+00 2.718837261199951172e+00 3.289203166961669922e+00
3.281671047210693359e+00 2.894750595092773438e+00 2.359063148498535156e+00 4.466770172119140625e+00 3.365668535232543945e+00 2.346533298492431641e+00 3.142111778259277344e+00 4.181838512420654297e+00 3.300635814666748047e+00 2.391337156295776367e+00 3.484049320220947266e+00 4.733947753906250000e+00 3.271784305572509766e+00 3.873702287673950195e+00 3.853523015975952148e+00 3.133110046386718750e+00 3.340000391006469727e+00 2.343703746795654297e+00 4.365776062011718750e+00 2.848627567291259766e+00
3.851787090301513672e+00 2.079607725143432617e+00 2.508231163024902344e+00 2.057153940200805664e+00 2.635528326034545898e+00 3.106774330139160156e+00 2.646953582763671875e+00 3.818794250488281250e+00 3.717962503433227539e+00 2.588450431823730469e+00 2.834578514099121094e+00 1.511593103408813477e+00 2.535797119140625000e+00 3.200405359268188477e+00 2.295990705490112305e+00 3.475252151489257812e+00 3.372437715530395508e+00 4.279686927795410156e+00 3.344563484191894531e+00 2.533258914947509766e+00
3.834232091903686523e+00 3.562016725540161133e+00 2.557259798049926758e+00 2.761717319488525391e+00 2.877936840057373047e+00 3.720563888549804688e+00 2.924000740051269531e+00 3.439283609390258789e+00 3.411567926406860352e+00 4.629642486572265625e+00 2.596203327178955078e+00 3.640882492065429688e+00 3.496037483215332031e+00 2.164716720581054688e+00 3.555201768875122070e+00 3.684186220169067383e+00 3.448899745941162109e+00 2.252589941024780273e+00 3.760784387588500977e+00 6.427625179290771484e+00
2.593575477600097656e+00 3.300779819488525391e+00 3.888336181640625000e+00 2.836921215057373047e+00 3.787670612335205078e+00 2.330186128616333008e+00 2.365038156509399414e+00 2.983127593994140625e+00 3.383309364318847656e+00 3.672649383544921875e+00 3.086540222167968750e+00 3.362556934356689453e+00 3.909111261367797852e+00 3.967961549758911133e+00 3.267793655395507812e+00 3.545550823211669922e+00 3.203168630599975586e+00 3.857641696929931641e+00 2.438179969787597656e+00 3.644725322723388672e+00
3.209761142730712891e+00 2.288188219070434570e+00 2.765280961990356445e+00 2.992138862609863281e+00 5.831498146057128906e+00 3.866275548934936523e+00 2.308694601058959961e+00 2.980612039566040039e+00 5.041771411895751953e+00 3.707351446151733398e+00 3.051212787628173828e+00 3.463061809539794922e+00 1.912729501724243164e+00 3.370112419128417969e+00 3.244727849960327148e+00 3.611935377120971680e+00 3.119554758071899414e+00 3.429905891418457031e+00 3.954246282577514648e+00 4.545031547546386719e+00
2.696439981460571289e+00 2.113039255142211914e+00 2.619768142700195312e+00 3.540864944458007812e+00 3.413373708724975586e+00 4.173815727233886719e+00 4.762397766113281250e+00 3.122355461120605469e+00 3.808835983276367188e+00 3.766851902008056641e+00 2.815020561218261719e+00 3.245007514953613281e+00 3.484236240386962891e+00 2.510942459106445312e+00 3.445918083190917969e+00 2.423864364624023438e+00 3.694876670837402344e+00 3.652935504913330078e+00 2.147126197814941406e+00 2.745031356811523438e+00
3.487995147705078125e+00 3.027655363082885742e+00 3.163459062576293945e+00 3.583327531814575195e+00 4.286165237426757812e+00 3.965325832366943359e+00 4.062389850616455078e+00 2.705082654953002930e+00 4.892368316650390625e+00 6.194284439086914062e+00 5.604748725891113281e+00 3.255929946899414062e+00 2.179119348526000977e+00 3.340248584747314453e+00 3.011169910430908203e+00 3.391950607299804688e+00 4.227739810943603516e+00 1.669004678726196289e+00 3.938663721084594727e+00 2.760405540466308594e+00
4.841675758361816406e+00 5.518177032470703125e+00 3.430815696716308594e+00 2.985006570816040039e+00 4.098933219909667969e+00 3.904402256011962891e+00 6.115277767181396484e+00 4.125249862670898438e+00 7.017130374908447266e+00 3.455027341842651367e+00 3.322500467300415039e+00 3.707911014556884766e+00 3.619666576385498047e+00 2.821577548980712891e+00 4.811251640319824219e+00 3.366987705230712891e+00 3.198140859603881836e+00 2.150120496749877930e+00 6.696825027465820312e+00 2.396908044815063477e+00
