2019-07-26 19:45:00
4.683073043823242188e+00 3.720910072326660156e+00 4.515265464782714844e+00 2.501079320907592773e+00 3.078746557235717773e+00 2.839457511901855469e+00 2.345211029052734375e+00 3.264266490936279297e+00 3.371493101119995117e+00 5.679402351379394531e+00 4.139383792877197266e+00 2.746619939804077148e+00 8.009871482849121094e+00 2.778052330017089844e+00 3.826067209243774414e+00 5.122116565704345703e+00 5.986970424652099609e+00 2.550279617309570312e+00 3.081082820892333984e+00 4.343729019165039062e+00
4.122162818908691406e+00 5.945621967315673828e+00 5.163228988647460938e+00 2.869635105133056641e+00 4.363412857055664062e+00 3.244183063507080078e+00 2.840443372726440430e+00 1.831099748611450195e+00 2.217227697372436523e+00 3.143423080444335938e+00 2.861421108245849609e+00 2.958746910095214844e+00 3.150809288024902344e+00 6.727135181427001953e+00 2.542473316192626953e+00 1.934997558593750000e+00 5.957764148712158203e+00 3.186944007873535156e+00 3.796124935150146484e+00 3.142341136932373047e+00
4.126102447509765625e+00 7.139531135559082031e+00 2.050868511199951172e+00 5.346676826477050781e+00 3.709503650665283203e+00 3.075601577758789062e+00 2.463730812072753906e+00 3.154843330383300781e+00 2.412444114685058594e+00 2.985393047332763672e+00 2.211355686187744141e+00 5.253337860107421875e+00 3.555342197418212891e+00 4.879103660583496094e+00 8.196326255798339844e+00 2.901510715484619141e+00 4.075771808624267578e+00 6.123407363891601562e+00 2.113081216812133789e+00 3.510590314865112305e+00
3.650959968566894531e+00 4.873277187347412109e+00 2.250730037689208984e+00 5.295380115509033203e+00 2.509181499481201172e+00 4.251568794250488281e+00 4.781574726104736328e+00 4.576797485351562500e+00 3.610250473022460938e+00 3.594302177429199219e+00 3.236295700073242188e+00 6.693282127380371094e+00 2.516944408416748047e+00 3.690889120101928711e+00 5.479629993438720703e+00 3.223857879638671875e+00 3.452113151550292969e+00 5.796295642852783203e+00 2.290414333343505859e+00 2.637318611145019531e+00
2.436314344406127930e+00 4.235905647277832031e+00 3.760811090469360352e+00 3.078064441680908203e+00 3.979056119918823242e+00 5.621026039123535156e+00 4.125219345092773438e+00 3.629955291748046875e+00 2.503581047058105469e+00 3.707526922225952148e+00 8.019957542419433594e+00 5.901250839233398438e+00 5.121755599975585938e+00 2.913167238235473633e+00 4.837440490722656250e+00 5.190302848815917969e+00 2.791365146636962891e+00 4.241346359252929688e+00 5.022786140441894531e+00 4.236528396606445312e+00
6.545078277587890625e+00 3.526488542556762695e+00 4.054468154907226562e+00 7.229439735412597656e+00 3.706325054168701172e+00 4.598183631896972656e+00 2.461550235748291016e+00 4.161157608032226562e+00 8.035729408264160156e+00 6.047928810119628906e+00 6.098249435424804688e+00 5.942505359649658203e+00 6.509335041046142578e+00 4.872287750244140625e+00 4.470517158508300781e+00 4.030002593994140625e+00 2.824956893920898438e+00 3.977597713470458984e+00 4.973494529724121094e+00 3.655289173126220703e+00
5.136974334716796875e+00 2.919186115264892578e+00 2.907466173171997070e+00 5.642575263977050781e+00 4.021861076354980469e+00 3.417457818984985352e+00 2.556532382965087891e+00 4.453583240509033203e+00 2.699467897415161133e+00 3.357284307479858398e+00 2.913208246231079102e+00 3.101321220397949219e+00 5.761131286621093750e+00 5.244128227233886719e+00 3.138708829879760742e+00 5.039125919342041016e+00 3.555233955383300781e+00 3.065260171890258789e+00 4.957455635070800781e+00 5.416180610656738281e+00
5.392073631286621094e+00 1.908568859100341797e+00 4.363115310668945312e+00 4.524811744689941406e+00 8.711544036865234375e+00 2.798226356506347656e+00 3.687952041625976562e+00 3.112729072570800781e+00 3.726117134094238281e+00 3.132313728332519531e+00 2.598682403564453125e+00 1.949244499206542969e+00 3.848313093185424805e+00 4.053620338439941406e+00 3.555732488632202148e+00 2.809841632843017578e+00 4.077648639678955078e+00 1.931985974311828613e+00 4.756254196166992188e+00 2.820560455322265625e+00
3.509875297546386719e+00 3.418529272079467773e+00 3.381824016571044922e+00 3.261733055114746094e+00 6.795666694641113281e+00 2.755224943161010742e+00 3.939849853515625000e+00 3.215814113616943359e+00 2.284088850021362305e+00 5.992515087127685547e+00 3.109547138214111328e+00 1.670905113220214844e+00 5.143130302429199219e+00 4.405675888061523438e+00 5.125247001647949219e+00 3.854928493499755859e+00 6.560472488403320312e+00 2.234649181365966797e+00 2.710044384002685547e+00 2.463356494903564453e+00
3.251433372497558594e+00 4.336031913757324219e+00 2.876237392425537109e+00 4.167282104492187500e+00 3.611014842987060547e+00 1.990975618362426758e+00 3.679774522781372070e+00 3.736005783081054688e+00 5.306944847106933594e+00 6.072659015655517578e+00 5.844777584075927734e+00 4.357189655303955078e+00 8.403163909912109375e+00 2.076659202575683594e+00 3.336465358734130859e+00 3.631385564804077148e+00 3.264568805694580078e+00 2.297749280929565430e+00 2.229584693908691406e+00 3.288056850433349609e+00
2.372736454010009766e+00 3.187943458557128906e+00 1.888697028160095215e+00 3.354566335678100586e+00 2.009317398071289062e+00 3.595565319061279297e+00 3.099418878555297852e+00 4.209441184997558594e+00 3.459133148193359375e+00 3.428139925003051758e+00 2.189429521560668945e+00 8.615194320678710938e+00 5.200605392456054688e+00 5.654376029968261719e+00 2.567454576492309570e+00 2.303337097167968750e+00 3.134005308151245117e+00 3.793318748474121094e+00 2.818057775497436523e+00 2.173171758651733398e+00
4.498630046844482422e+00 2.317892551422119141e+00 4.713073730468750000e+00 2.738817930221557617e+00 2.623380661010742188e+00 3.365248203277587891e+00 2.976419448852539062e+00 3.725335359573364258e+00 2.727167129516601562e+00 3.447719573974609375e+00 2.952663183212280273e+00 4.110477447509765625e+00 2.648058414459228516e+00 3.741764068603515625e+00 3.083689451217651367e+00 6.534255981445312500e+00 4.644938468933105469e+00 3.436018466949462891e+00 4.011421680450439453e+00 2.599268913269042969e+00
3.031666278839111328e+00 2.808955430984497070e+00 3.873741626739501953e+00 3.057770729064941406e+00 3.398162841796875000e+00 2.428487300872802734e+00 3.348635673522949219e+00 2.290464878082275391e+00 2.909219264984130859e+00 3.030233621597290039e+00 2.797798633575439453e+00 3.378733158111572266e+00 2.496875286102294922e+00 3.904167890548706055e+00 2.222432136535644531e+00 2.319583892822265625e+00 4.324200630187988281e+00 2.931347370147705078e+00 2.383410453796386719e+00 2.295471668243408203e+00
3.288556098937988281e+00 2.775594949722290039e+00 2.631949901580810547e+00 2.671460151672363281e+00 2.258280754089355469e+00 2.590938091278076172e+00 2.106797933578491211e+00 2.950672388076782227e+00 2.579466104507446289e+00 3.382280349731445312e+00 3.617527246475219727e+00 2.801643371582031250e+00 3.079204082489013672e+00 4.275453090667724609e+00 3.267492055892944336e+00 3.477647066116333008e+00 2.175883054733276367e+00 3.521502494812011719e+00 3.450216531753540039e+00 3.195489883422851562e+00
3.630840301513671875e+00 3.858798503875732422e+00 3.443555831909179688e+00 3.239691495895385742e+00 3.174061059951782227e+00 2.626008987426757812e+00 3.150266885757446289e+00 2.924318075180053711e+00 2.823337793350219727e+00 2.750769615173339844e+00 4.158650875091552734e+00 4.002453804016113281e+00 3.596697092056274414e+00 1.974646210670471191e+00 1.515592694282531738e+00 2.821028470993041992e+00 3.352168083190917969e+00 3.240294218063354492e+00 2.262131214141845703e+00 3.505801677703857422e+00
3.238302230834960938e+00 2.735274553298950195e+00 3.066552639007568359e+00 1.972173213958740234e+00 2.458005428314208984e+00 3.562823057174682617e+00 3.365113258361816406e+00 2.679170131683349609e+00 2.722479343414306641e+00 2.974254608154296875e+00 2.827273845672607422e+00 2.169343948364257812e+00 4.654572486877441406e+00 2.576588630676269531e+00 3.506608247756958008e+00 3.579821109771728516e+00 2.699320077896118164e+00 2.888738632202148438e+00 2.850131034851074219e+00 2.353615283966064453e+00
2.638312816619873047e+00 2.235162496566772461e+00 3.513010025024414062e+00 3.512177944183349609e+00 5.659334182739257812e+00 2.852566242218017578e+00 1.893966555595397949e+00 3.415255069732666016e+00 2.869763135910034180e+00 3.032183170318603516e+00 2.637764930725097656e+00 2.870496749877929688e+00 4.547317504882812500e+00 2.891140222549438477e+00 1.401646137237548828e+00 2.812017440795898438e+00 3.501123666763305664e+00 2.902682781219482422e+00 1.758710861206054688e+00 5.622460842132568359e+00
2.947857856750488281e+00 2.337013244628906250e+00 1.760231375694274902e+00 2.914420127868652344e+00 3.603481292724609375e+00 2.638529062271118164e+00 2.939834117889404297e+00 2.296758651733398438e+00 1.957673072814941406e+00 2.643275260925292969e+00 4.168975830078125000e+00 3.455973625183105469e+00 3.274242401123046875e+00 3.943184375762939453e+00 3.438980579376220703e+00 3.339153766632080078e+00 4.369995117187500000e+00 3.367125988006591797e+00 3.035684585571289062e+00 1.332162618637084961e+00
2.789301633834838867e+00 3.452267408370971680e+00 3.384553670883178711e+00 2.719506263732910156e+00 2.378822326660156250e+00 3.227218151092529297e+00 2.775259733200073242e+00 3.564849138259887695e+00 3.866826057434082031e+00 6.053086280822753906e+00 3.154985189437866211e+00 2.914250373840332031e+00 2.572746038436889648e+00 3.111716270446777344e+00 3.019883632659912109e+00 2.290002346038818359e+00 1.471442699432373047e+00 4.287296772003173828e+00 2.751588821411132812e+00 1.725258111953735352e+00
2.395045518875122070e+00 1.709611296653747559e+00 2.650507211685180664e+00 4.812328815460205078e+00 4.529656410217285156e+00 3.882754802703857422e+00 3.153077602386474609e+00 3.215662717819213867e+00 3.578322887420654297e+00 7.494418144226074219e+00 2.725947380065917969e+00 2.333187103271484375e+00 5.277523040771484375e+00 2.928907394409179688e+00 4.425325393676757812e+00 4.322970867156982422e+00 2.610697746276855469e+00 3.613345623016357422e+00 3.083924770355224609e+00 2.825693130493164062e+00
