2019-07-26 20:15:00
8.708192825317382812e+00 7.818875312805175781e+00 3.622168064117431641e+00 4.127084732055664062e+00 3.520261764526367188e+00 3.511261940002441406e+00 3.781601905822753906e+00 2.001846790313720703e+00 4.714720249176025391e+00 3.094800472259521484e+00 4.171979427337646484e+00 3.202594518661499023e+00 7.060178756713867188e+00 3.895087718963623047e+00 3.055680036544799805e+00 4.747925758361816406e+00 6.288901329040527344e+00 2.069807052612304688e+00 3.367414474487304688e+00 3.873404979705810547e+00
5.109963417053222656e+00 3.450680971145629883e+00 5.707887172698974609e+00 6.134809970855712891e+00 2.799510002136230469e+00 2.896025419235229492e+00 3.319370508193969727e+00 4.993019104003906250e+00 2.694075584411621094e+00 1.889563798904418945e+00 3.917091131210327148e+00 4.192210197448730469e+00 3.337789058685302734e+00 5.827597618103027344e+00 4.016985416412353516e+00 3.719888925552368164e+00 5.858450889587402344e+00 5.371402263641357422e+00 1.689858555793762207e+00 3.364707946777343750e+00
5.025346755981445312e+00 7.207185745239257812e+00 4.670160770416259766e+00 7.459856986999511719e+00 5.578335285186767578e+00 6.447599411010742188e+00 4.435977935791015625e+00 2.207150936126708984e+00 3.437716007232666016e+00 3.073898315429687500e+00 3.463873863220214844e+00 4.250967979431152344e+00 3.190338611602783203e+00 3.751691818237304688e+00 5.162513732910156250e+00 4.300775051116943359e+00 3.169508218765258789e+00 5.897235870361328125e+00 3.077228546142578125e+00 5.002490043640136719e+00
2.961398124694824219e+00 4.430157661437988281e+00 4.211990356445312500e+00 5.225310325622558594e+00 3.108458757400512695e+00 3.586271762847900391e+00 4.258316040039062500e+00 2.872107028961181641e+00 3.235299110412597656e+00 3.666293859481811523e+00 7.234097003936767578e+00 5.481485843658447266e+00 3.271481752395629883e+00 4.260246276855468750e+00 3.321940898895263672e+00 3.098985671997070312e+00 3.481418609619140625e+00 4.797455787658691406e+00 3.139953851699829102e+00 5.215668678283691406e+00
2.723672389984130859e+00 4.152222633361816406e+00 2.503941059112548828e+00 3.023600101470947266e+00 3.127491950988769531e+00 2.735770225524902344e+00 2.196885347366333008e+00 4.011811733245849609e+00 2.635199308395385742e+00 5.247825622558593750e+00 7.009457111358642578e+00 7.937812328338623047e+00 4.191654205322265625e+00 2.985988378524780273e+00 5.408112049102783203e+00 5.064868927001953125e+00 4.541080474853515625e+00 6.756645202636718750e+00 8.104131698608398438e+00 2.478995561599731445e+00
3.556550979614257812e+00 2.153325080871582031e+00 4.307843208312988281e+00 4.638549327850341797e+00 4.686579704284667969e+00 6.072027206420898438e+00 2.995699405670166016e+00 4.927012920379638672e+00 5.895972728729248047e+00 7.008731365203857422e+00 6.289419651031494141e+00 3.781315326690673828e+00 7.152451515197753906e+00 2.968300819396972656e+00 2.627956867218017578e+00 4.682896614074707031e+00 2.412130355834960938e+00 7.644418716430664062e+00 2.363799571990966797e+00 4.115633964538574219e+00
5.922633647918701172e+00 5.759494304656982422e+00 7.352705478668212891e+00 6.108355522155761719e+00 7.355762004852294922e+00 3.571962356567382812e+00 3.594054222106933594e+00 5.043341636657714844e+00 3.371627330780029297e+00 2.043003559112548828e+00 3.023905754089355469e+00 3.007802724838256836e+00 4.808511734008789062e+00 2.879482269287109375e+00 4.111520767211914062e+00 6.824440002441406250e+00 2.509773731231689453e+00 3.756299495697021484e+00 4.185457229614257812e+00 4.737465858459472656e+00
5.500097274780273438e+00 2.845893859863281250e+00 3.550217628479003906e+00 5.629965782165527344e+00 3.078045129776000977e+00 2.975608825683593750e+00 2.588125467300415039e+00 3.270915508270263672e+00 2.709482669830322266e+00 2.190974473953247070e+00 4.330933570861816406e+00 2.907506942749023438e+00 2.505948543548583984e+00 4.180735588073730469e+00 3.136703491210937500e+00 4.430663108825683594e+00 4.050488948822021484e+00 3.170981884002685547e+00 7.836514949798583984e+00 2.347088813781738281e+00
3.583441734313964844e+00 3.442181587219238281e+00 3.165144920349121094e+00 3.252963542938232422e+00 6.794544219970703125e+00 3.041873455047607422e+00 2.797633647918701172e+00 3.552670955657958984e+00 3.584647417068481445e+00 5.690654754638671875e+00 2.309002161026000977e+00 3.034291267395019531e+00 4.683691978454589844e+00 4.642639636993408203e+00 7.597550868988037109e+00 3.177672863006591797e+00 7.347412586212158203e+00 3.608248710632324219e+00 2.581734657287597656e+00 4.287717819213867188e+00
6.404087066650390625e+00 4.041432380676269531e+00 3.312955617904663086e+00 2.516032934188842773e+00 2.424615859985351562e+00 3.380599975585937500e+00 3.217509269714355469e+00 4.290053844451904297e+00 7.558230400085449219e+00 4.800241947174072266e+00 6.707120895385742188e+00 4.739168167114257812e+00 4.588916301727294922e+00 3.187163829803466797e+00 1.777752161026000977e+00 3.529625415802001953e+00 5.890915870666503906e+00 4.086511611938476562e+00 3.788782596588134766e+00 3.251127243041992188e+00
4.433773040771484375e+00 3.912991285324096680e+00 2.744971990585327148e+00 3.469558954238891602e+00 2.983141183853149414e+00 2.088729143142700195e+00 3.285500288009643555e+00 3.224864959716796875e+00 2.318159103393554688e+00 3.552783012390136719e+00 1.325695633888244629e+00 7.178545951843261719e+00 3.501887083053588867e+00 5.245798587799072266e+00 2.084877014160156250e+00 2.131875514984130859e+00 3.432053327560424805e+00 3.681155681610107422e+00 2.757673263549804688e+00 4.593677520751953125e+00
1.898478150367736816e+00 2.834497451782226562e+00 3.544430255889892578e+00 2.778878927230834961e+00 2.879247188568115234e+00 2.927151679992675781e+00 3.027620553970336914e+00 2.166562557220458984e+00 2.045045852661132812e+00 3.010089874267578125e+00 3.368592500686645508e+00 3.670775413513183594e+00 3.703508853912353516e+00 2.649956703186035156e+00 2.555235385894775391e+00 3.668814897537231445e+00 4.443961620330810547e+00 4.076295375823974609e+00 3.625942707061767578e+00 2.652795791625976562e+00
3.331765174865722656e+00 3.428041934967041016e+00 1.276105284690856934e+00 3.139886856079101562e+00 3.399673461914062500e+00 3.050494194030761719e+00 3.621029853820800781e+00 2.132087469100952148e+00 2.803418636322021484e+00 4.340019226074218750e+00 3.138666152954101562e+00 3.096700668334960938e+00 2.532334566116333008e+00 2.352110147476196289e+00 1.726687908172607422e+00 2.344660282135009766e+00 3.556027412414550781e+00 3.519472122192382812e+00 4.717847347259521484e+00 1.906291961669921875e+00
3.172360897064208984e+00 3.567067861557006836e+00 2.497564792633056641e+00 2.840911865234375000e+00 3.168472290039062500e+00 2.871269226074218750e+00 3.100702285766601562e+00 2.058073997497558594e+00 3.476139307022094727e+00 4.015716552734375000e+00 3.483237028121948242e+00 3.576904773712158203e+00 3.678325176239013672e+00 3.390829086303710938e+00 3.442135334014892578e+00 2.634809255599975586e+00 3.029164791107177734e+00 4.056786060333251953e+00 1.849977731704711914e+00 2.704898595809936523e+00
1.985412478446960449e+00 2.996995925903320312e+00 2.915021896362304688e+00 2.631193161010742188e+00 3.922701120376586914e+00 3.231868982315063477e+00 3.708669185638427734e+00 1.872736573219299316e+00 3.568011283874511719e+00 2.129729270935058594e+00 4.619019985198974609e+00 3.062135696411132812e+00 3.659688949584960938e+00 2.777372121810913086e+00 4.340561866760253906e+00 3.737904548645019531e+00 2.250709056854248047e+00 4.883029460906982422e+00 1.990215897560119629e+00 7.096040248870849609e+00
3.030251741409301758e+00 3.418227195739746094e+00 3.839844226837158203e+00 3.230146408081054688e+00 4.148027420043945312e+00 3.876446723937988281e+00 2.281933307647705078e+00 2.529021978378295898e+00 3.696885585784912109e+00 3.825192213058471680e+00 3.415212154388427734e+00 4.171156883239746094e+00 2.049621343612670898e+00 2.021934270858764648e+00 2.254613637924194336e+00 1.463792562484741211e+00 4.201427459716796875e+00 2.993839263916015625e+00 2.299124240875244141e+00 1.132453346252441406e+01
3.249474525451660156e+00 3.332429647445678711e+00 3.683811664581298828e+00 3.674166440963745117e+00 3.762867450714111328e+00 2.706187725067138672e+00 4.361691951751708984e+00 2.535863161087036133e+00 3.227419376373291016e+00 3.995308876037597656e+00 4.171267986297607422e+00 4.405523300170898438e+00 3.244802474975585938e+00 2.376166343688964844e+00 2.491504192352294922e+00 2.100329875946044922e+00 3.040667533874511719e+00 2.269790649414062500e+00 1.892958879470825195e+00 4.346699237823486328e+00
2.618978500366210938e+00 3.453397750854492188e+00 3.346162796020507812e+00 3.019545078277587891e+00 3.837070465087890625e+00 2.199018478393554688e+00 4.340569019317626953e+00 2.616694450378417969e+00 3.543268680572509766e+00 2.702616214752197266e+00 3.958545207977294922e+00 2.470123291015625000e+00 3.972419977188110352e+00 3.950781106948852539e+00 3.019296169281005859e+00 2.820903778076171875e+00 3.677726507186889648e+00 2.903743267059326172e+00 2.803025960922241211e+00 3.442025184631347656e+00
4.062278747558593750e+00 2.598047256469726562e+00 2.850512742996215820e+00 2.791047334671020508e+00 3.401731491088867188e+00 4.052741527557373047e+00 4.053383827209472656e+00 3.251387119293212891e+00 4.300454616546630859e+00 4.057286739349365234e+00 7.428847312927246094e+00 5.636496067047119141e+00 2.131257534027099609e+00 2.619798660278320312e+00 2.313517570495605469e+00 2.591080188751220703e+00 1.964021205902099609e+00 2.909671545028686523e+00 4.852393627166748047e+00 3.691984653472900391e+00
4.408467292785644531e+00 2.661926269531250000e+00 2.485155582427978516e+00 3.747877120971679688e+00 3.804817676544189453e+00 2.795221805572509766e+00 2.502116680145263672e+00 3.559486865997314453e+00 5.685590267181396484e+00 7.125202178955078125e+00 4.888745307922363281e+00 5.341500759124755859e+00 6.684172630310058594e+00 3.706951379776000977e+00 4.814690589904785156e+00 4.637747287750244141e+00 3.124346017837524414e+00 2.689455509185791016e+00 3.146694660186767578e+00 3.111741065979003906e+00
