2019-07-26 20:30:00
4.870330810546875000e+00 7.198787689208984375e+00 2.613892316818237305e+00 4.004195213317871094e+00 4.765313148498535156e+00 3.653873920440673828e+00 4.024822235107421875e+00 3.922192573547363281e+00 7.915295600891113281e+00 6.319004058837890625e+00 4.164896011352539062e+00 3.334945678710937500e+00 7.072784423828125000e+00 2.614084482192993164e+00 2.789968013763427734e+00 4.071598529815673828e+00 6.344320297241210938e+00 3.056513786315917969e+00 3.090618133544921875e+00 3.353764533996582031e+00
6.551242828369140625e+00 3.198873519897460938e+00 8.145307540893554688e+00 8.143039703369140625e+00 6.348569393157958984e+00 3.633128404617309570e+00 2.483969211578369141e+00 2.916767835617065430e+00 4.261759757995605469e+00 3.274417400360107422e+00 4.656951904296875000e+00 4.775999069213867188e+00 4.354779720306396484e+00 3.700672626495361328e+00 3.250010490417480469e+00 3.979610919952392578e+00 9.110071182250976562e+00 5.262081146240234375e+00 3.154429435729980469e+00 2.888300418853759766e+00
1.144823169708251953e+01 6.133928775787353516e+00 6.422988891601562500e+00 3.546002388000488281e+00 5.351163864135742188e+00 5.127051353454589844e+00 5.152923583984375000e+00 3.305199861526489258e+00 3.784033298492431641e+00 3.490222454071044922e+00 5.784181594848632812e+00 7.140092372894287109e+00 2.807401895523071289e+00 5.775116920471191406e+00 8.106336593627929688e+00 2.828623294830322266e+00 6.201794624328613281e+00 5.998304843902587891e+00 3.503468513488769531e+00 3.695148468017578125e+00
2.779934883117675781e+00 4.367049217224121094e+00 3.697106838226318359e+00 5.843026161193847656e+00 4.009744644165039062e+00 4.494138717651367188e+00 4.084701538085937500e+00 5.207189559936523438e+00 3.685230016708374023e+00 1.041737461090087891e+01 7.989818096160888672e+00 1.022712802886962891e+01 2.968964099884033203e+00 4.807836532592773438e+00 8.497732162475585938e+00 3.805062770843505859e+00 3.194082260131835938e+00 6.344202041625976562e+00 2.351016283035278320e+00 3.150668144226074219e+00
3.231408596038818359e+00 3.721270561218261719e+00 2.778378009796142578e+00 3.134931087493896484e+00 4.144876480102539062e+00 7.839336872100830078e+00 2.568907976150512695e+00 5.494737148284912109e+00 5.507973670959472656e+00 5.402344703674316406e+00 5.782238483428955078e+00 5.236813545227050781e+00 6.249196052551269531e+00 4.872889041900634766e+00 6.009763717651367188e+00 7.443276405334472656e+00 3.132892608642578125e+00 8.673142433166503906e+00 7.403275012969970703e+00 3.703802585601806641e+00
5.200469017028808594e+00 4.307641506195068359e+00 9.584134101867675781e+00 4.209395885467529297e+00 4.612185478210449219e+00 8.021886825561523438e+00 2.347558975219726562e+00 6.327296257019042969e+00 5.200253009796142578e+00 9.826156616210937500e+00 4.941060066223144531e+00 4.359701156616210938e+00 4.002097129821777344e+00 3.604956626892089844e+00 4.006318092346191406e+00 7.426048755645751953e+00 3.643868923187255859e+00 5.917055130004882812e+00 6.345016479492187500e+00 2.817849159240722656e+00
4.437671661376953125e+00 8.022981643676757812e+00 4.706917762756347656e+00 7.312122344970703125e+00 6.061357498168945312e+00 7.954149246215820312e+00 3.986829042434692383e+00 4.977840900421142578e+00 3.117981433868408203e+00 3.165123939514160156e+00 3.287010192871093750e+00 2.785051584243774414e+00 6.526579856872558594e+00 8.133371353149414062e+00 4.284736156463623047e+00 3.774663925170898438e+00 4.330438613891601562e+00 2.957368135452270508e+00 6.357788085937500000e+00 3.982817173004150391e+00
4.941775321960449219e+00 4.498582363128662109e+00 4.506758689880371094e+00 9.023977279663085938e+00 7.594430923461914062e+00 5.441408634185791016e+00 4.236226081848144531e+00 1.893149971961975098e+00 2.929298162460327148e+00 4.568983078002929688e+00 3.313689708709716797e+00 4.335306167602539062e+00 7.332786560058593750e+00 5.949675083160400391e+00 3.128773212432861328e+00 4.296403884887695312e+00 5.008466243743896484e+00 4.423900604248046875e+00 4.944106101989746094e+00 4.383116722106933594e+00
4.902905464172363281e+00 6.673956871032714844e+00 4.256488800048828125e+00 6.782581329345703125e+00 6.703828811645507812e+00 4.280427455902099609e+00 3.918071031570434570e+00 3.078717708587646484e+00 3.580940008163452148e+00 4.487350940704345703e+00 2.792524337768554688e+00 4.016375541687011719e+00 5.000430583953857422e+00 5.184131622314453125e+00 6.531430244445800781e+00 3.045920372009277344e+00 6.465283870697021484e+00 3.017014741897583008e+00 4.022657394409179688e+00 4.094345569610595703e+00
4.290957450866699219e+00 3.905655384063720703e+00 3.072059869766235352e+00 4.652563095092773438e+00 3.112230300903320312e+00 2.062179565429687500e+00 3.756770133972167969e+00 4.314579963684082031e+00 3.011518955230712891e+00 5.347663879394531250e+00 8.127767562866210938e+00 5.215142250061035156e+00 7.539655685424804688e+00 3.044796705245971680e+00 3.326915264129638672e+00 2.846206665039062500e+00 7.223224639892578125e+00 3.693509578704833984e+00 3.056873798370361328e+00 3.257666110992431641e+00
3.638554573059082031e+00 3.070097208023071289e+00 2.981913805007934570e+00 3.190694332122802734e+00 3.122036695480346680e+00 3.338399410247802734e+00 3.010978221893310547e+00 3.644858598709106445e+00 4.073738098144531250e+00 4.301174163818359375e+00 2.772101402282714844e+00 7.554424285888671875e+00 3.897404193878173828e+00 4.079596519470214844e+00 3.989666938781738281e+00 3.744407653808593750e+00 2.958880424499511719e+00 4.037261009216308594e+00 3.090270519256591797e+00 4.300586700439453125e+00
3.178674221038818359e+00 4.482364177703857422e+00 3.816672086715698242e+00 3.228287935256958008e+00 3.064666986465454102e+00 3.009244441986083984e+00 3.032595634460449219e+00 3.277448654174804688e+00 3.865923404693603516e+00 3.081639289855957031e+00 2.195842504501342773e+00 3.220180749893188477e+00 2.583582878112792969e+00 2.974947452545166016e+00 3.708144187927246094e+00 7.331456184387207031e+00 2.289583921432495117e+00 2.777913570404052734e+00 3.618493556976318359e+00 2.529298067092895508e+00
3.556102752685546875e+00 2.843318223953247070e+00 2.606819629669189453e+00 3.907442092895507812e+00 2.803784370422363281e+00 3.728020429611206055e+00 3.594357967376708984e+00 2.474045753479003906e+00 2.722349643707275391e+00 2.373656749725341797e+00 2.842110633850097656e+00 2.906318426132202148e+00 3.349598407745361328e+00 3.132610797882080078e+00 3.270856380462646484e+00 3.149681568145751953e+00 3.445856094360351562e+00 1.943943142890930176e+00 3.205244064331054688e+00 2.739016056060791016e+00
4.304364204406738281e+00 3.535349369049072266e+00 3.325677633285522461e+00 3.636089801788330078e+00 2.408581495285034180e+00 3.394643783569335938e+00 3.224983453750610352e+00 3.648468732833862305e+00 3.001299142837524414e+00 2.430364131927490234e+00 3.230608463287353516e+00 5.171585083007812500e+00 3.531533002853393555e+00 3.625260829925537109e+00 3.870316028594970703e+00 3.195671081542968750e+00 2.840394973754882812e+00 4.824331283569335938e+00 4.104104995727539062e+00 3.010476112365722656e+00
2.930963039398193359e+00 3.497988462448120117e+00 4.645282745361328125e+00 2.077227354049682617e+00 2.686706542968750000e+00 5.058215141296386719e+00 4.544903755187988281e+00 2.774303913116455078e+00 2.332586288452148438e+00 2.562134742736816406e+00 4.024327278137207031e+00 3.464693546295166016e+00 4.252691268920898438e+00 3.383091449737548828e+00 2.783916234970092773e+00 2.980718135833740234e+00 3.522902965545654297e+00 4.665329933166503906e+00 3.874716281890869141e+00 6.421301364898681641e+00
2.656822443008422852e+00 5.522969722747802734e+00 2.988655090332031250e+00 3.871212482452392578e+00 3.155310153961181641e+00 3.889597892761230469e+00 3.969120979309082031e+00 3.129683971405029297e+00 2.911158084869384766e+00 2.305854797363281250e+00 3.006880760192871094e+00 2.604785680770874023e+00 3.833689689636230469e+00 4.175495147705078125e+00 4.318364143371582031e+00 3.352694988250732422e+00 4.091487407684326172e+00 3.338462591171264648e+00 4.225796699523925781e+00 6.462230682373046875e+00
3.010469913482666016e+00 2.831999778747558594e+00 4.419303894042968750e+00 3.313621759414672852e+00 7.077557563781738281e+00 2.616307497024536133e+00 2.647196769714355469e+00 3.225560188293457031e+00 4.490585803985595703e+00 2.261291503906250000e+00 3.724559307098388672e+00 2.722944498062133789e+00 3.321656227111816406e+00 4.324614048004150391e+00 4.456089973449707031e+00 3.681945085525512695e+00 3.432335376739501953e+00 3.550565242767333984e+00 2.486793756484985352e+00 6.261151790618896484e+00
2.756135225296020508e+00 3.423716545104980469e+00 3.576324462890625000e+00 4.491172313690185547e+00 5.555449008941650391e+00 3.093079566955566406e+00 3.486203193664550781e+00 3.606414556503295898e+00 5.322454929351806641e+00 3.327721595764160156e+00 5.479426383972167969e+00 2.210380077362060547e+00 3.478012561798095703e+00 2.963879585266113281e+00 3.102315425872802734e+00 4.927469730377197266e+00 4.434342384338378906e+00 4.946054458618164062e+00 3.081183433532714844e+00 3.102563619613647461e+00
3.006798028945922852e+00 3.352155923843383789e+00 4.675143718719482422e+00 3.489465236663818359e+00 4.098313331604003906e+00 5.076878547668457031e+00 3.919865369796752930e+00 3.057173252105712891e+00 4.589416980743408203e+00 8.155069351196289062e+00 7.264539718627929688e+00 6.221870899200439453e+00 1.591348409652709961e+00 2.695261955261230469e+00 3.598802089691162109e+00 3.742970466613769531e+00 3.856720447540283203e+00 3.739183902740478516e+00 4.937608718872070312e+00 2.474519729614257812e+00
4.905421257019042969e+00 5.013816833496093750e+00 3.968535184860229492e+00 3.737240314483642578e+00 6.480607509613037109e+00 4.013698577880859375e+00 2.588114738464355469e+00 2.512000322341918945e+00 4.166845798492431641e+00 1.044675064086914062e+01 6.405772209167480469e+00 5.966102123260498047e+00 6.125549316406250000e+00 3.148087501525878906e+00 5.127995014190673828e+00 3.472827911376953125e+00 3.235236406326293945e+00 3.160957813262939453e+00 4.377318382263183594e+00 2.512704849243164062e+00
