2019-07-26 21:00:00
4.524367332458496094e+00 6.823453903198242188e+00 1.093504905700683594e+01 3.331852436065673828e+00 4.178092479705810547e+00 3.491329193115234375e+00 2.774788141250610352e+00 4.659729003906250000e+00 5.573607444763183594e+00 5.254688739776611328e+00 1.974652647972106934e+00 3.404034852981567383e+00 6.663124084472656250e+00 3.368258714675903320e+00 5.306602478027343750e+00 5.813133239746093750e+00 9.792057037353515625e+00 2.656984806060791016e+00 3.064944744110107422e+00 4.145102500915527344e+00
7.826987266540527344e+00 9.037878036499023438e+00 5.453771114349365234e+00 8.729983329772949219e+00 6.388150215148925781e+00 5.095935344696044922e+00 4.560710906982421875e+00 2.343626499176025391e+00 4.204372406005859375e+00 4.474323749542236328e+00 3.422449588775634766e+00 3.130285263061523438e+00 2.933302879333496094e+00 3.174407243728637695e+00 4.569197654724121094e+00 3.576680660247802734e+00 7.157823085784912109e+00 6.750579833984375000e+00 3.171233892440795898e+00 3.135418891906738281e+00
6.157011032104492188e+00 8.403963088989257812e+00 7.974537372589111328e+00 8.632965087890625000e+00 7.470817565917968750e+00 8.799499511718750000e+00 8.246307373046875000e+00 3.371712684631347656e+00 3.247312545776367188e+00 2.793714523315429688e+00 7.863788604736328125e+00 9.215132713317871094e+00 3.168072462081909180e+00 6.118885040283203125e+00 5.086949348449707031e+00 4.040354251861572266e+00 5.406571388244628906e+00 4.376378536224365234e+00 2.379388093948364258e+00 4.144759178161621094e+00
3.224003791809082031e+00 5.802988529205322266e+00 1.034570121765136719e+01 8.045067787170410156e+00 3.142577648162841797e+00 2.826767444610595703e+00 3.087738990783691406e+00 3.693475484848022461e+00 5.733647823333740234e+00 4.920885086059570312e+00 6.242165565490722656e+00 6.807571411132812500e+00 5.495667457580566406e+00 2.901839733123779297e+00 7.682310581207275391e+00 2.726484537124633789e+00 3.123363256454467773e+00 5.554316043853759766e+00 4.475446701049804688e+00 2.753047943115234375e+00
3.235459327697753906e+00 5.257142066955566406e+00 5.087954521179199219e+00 4.306721687316894531e+00 2.043067216873168945e+00 9.317719459533691406e+00 2.734797000885009766e+00 5.189602851867675781e+00 8.564987182617187500e+00 8.370410919189453125e+00 4.444747447967529297e+00 5.062341690063476562e+00 6.716474533081054688e+00 4.642788887023925781e+00 5.478582382202148438e+00 3.124067306518554688e+00 3.944588184356689453e+00 7.009716987609863281e+00 6.422860145568847656e+00 3.849207401275634766e+00
6.515080928802490234e+00 3.433025121688842773e+00 8.660223007202148438e+00 7.413831710815429688e+00 8.355601310729980469e+00 5.200436592102050781e+00 3.655929565429687500e+00 1.009475708007812500e+01 8.436101913452148438e+00 5.505696296691894531e+00 6.015879154205322266e+00 7.533192634582519531e+00 4.154351711273193359e+00 4.074831485748291016e+00 3.775366306304931641e+00 9.133626937866210938e+00 4.373955726623535156e+00 4.444223403930664062e+00 9.027709960937500000e+00 4.084444046020507812e+00
6.716803550720214844e+00 5.164023399353027344e+00 6.137009620666503906e+00 2.536293029785156250e+00 4.667826652526855469e+00 6.309920310974121094e+00 4.777343750000000000e+00 4.672504901885986328e+00 3.194483757019042969e+00 2.914878129959106445e+00 3.429531335830688477e+00 3.170746326446533203e+00 1.049180507659912109e+01 6.008913040161132812e+00 3.315176010131835938e+00 4.111025810241699219e+00 3.026324510574340820e+00 5.649123191833496094e+00 8.823925018310546875e+00 8.748538970947265625e+00
4.661798477172851562e+00 4.226859092712402344e+00 7.679702758789062500e+00 7.085409164428710938e+00 8.541518211364746094e+00 6.060103416442871094e+00 2.975572586059570312e+00 4.383707046508789062e+00 2.526412248611450195e+00 3.421613454818725586e+00 4.208954334259033203e+00 3.300612688064575195e+00 5.297529220581054688e+00 6.718097209930419922e+00 4.357670783996582031e+00 3.243943452835083008e+00 4.543398857116699219e+00 4.152032852172851562e+00 6.217105865478515625e+00 4.433984756469726562e+00
8.182153701782226562e+00 7.777715682983398438e+00 5.447710514068603516e+00 4.428093910217285156e+00 5.522262573242187500e+00 2.495440006256103516e+00 3.477160692214965820e+00 3.493792772293090820e+00 3.148568153381347656e+00 4.407758712768554688e+00 4.183688163757324219e+00 5.171821594238281250e+00 7.137398719787597656e+00 6.838842391967773438e+00 4.806672096252441406e+00 3.811653375625610352e+00 7.235639572143554688e+00 4.187358379364013672e+00 5.735809326171875000e+00 6.292907714843750000e+00
6.295660495758056641e+00 8.395966529846191406e+00 5.783311843872070312e+00 3.908531188964843750e+00 4.491049766540527344e+00 5.200680255889892578e+00 4.981920242309570312e+00 3.238969087600708008e+00 5.928982734680175781e+00 8.521595001220703125e+00 5.957726478576660156e+00 5.401864528656005859e+00 7.510251998901367188e+00 5.314096450805664062e+00 6.013808250427246094e+00 2.429304361343383789e+00 7.843183517456054688e+00 3.064129352569580078e+00 4.820386886596679688e+00 3.580394029617309570e+00
2.552540540695190430e+00 2.327066421508789062e+00 1.599788427352905273e+00 2.875144004821777344e+00 2.441937446594238281e+00 4.058698177337646484e+00 4.273956298828125000e+00 2.809113025665283203e+00 4.074141979217529297e+00 5.315124034881591797e+00 2.803372383117675781e+00 5.024647235870361328e+00 6.129079818725585938e+00 5.115927696228027344e+00 2.008945465087890625e+00 3.478971481323242188e+00 3.945858955383300781e+00 9.349898338317871094e+00 2.905128479003906250e+00 5.004810333251953125e+00
2.824559211730957031e+00 5.092266082763671875e+00 2.700124025344848633e+00 3.429553985595703125e+00 6.341999053955078125e+00 2.398960590362548828e+00 3.257811546325683594e+00 4.028471946716308594e+00 2.632395505905151367e+00 3.786978006362915039e+00 3.568387508392333984e+00 5.697551727294921875e+00 3.400402307510375977e+00 4.626691341400146484e+00 2.848713397979736328e+00 1.017872238159179688e+01 4.006273269653320312e+00 3.859512805938720703e+00 3.677523374557495117e+00 4.246399402618408203e+00
4.014441490173339844e+00 2.063580036163330078e+00 3.570477724075317383e+00 4.839993476867675781e+00 3.662204980850219727e+00 3.449118614196777344e+00 3.630331993103027344e+00 3.144761085510253906e+00 3.799864053726196289e+00 3.686592340469360352e+00 2.948931217193603516e+00 3.914431571960449219e+00 3.358537197113037109e+00 5.537133693695068359e+00 4.578357696533203125e+00 4.481663703918457031e+00 4.100348949432373047e+00 3.362391948699951172e+00 2.851272583007812500e+00 3.938268184661865234e+00
1.878514409065246582e+00 3.833865642547607422e+00 3.712065696716308594e+00 3.122326850891113281e+00 4.669666767120361328e+00 3.201961517333984375e+00 3.701700687408447266e+00 4.583595275878906250e+00 3.731421470642089844e+00 2.736032724380493164e+00 3.538976192474365234e+00 3.028938293457031250e+00 3.563813686370849609e+00 3.455332279205322266e+00 4.203967094421386719e+00 3.771456241607666016e+00 3.451661586761474609e+00 4.266571044921875000e+00 3.749090194702148438e+00 2.934882640838623047e+00
4.686797142028808594e+00 4.567611694335937500e+00 5.326230049133300781e+00 3.917709827423095703e+00 3.931861400604248047e+00 3.677918434143066406e+00 3.690418004989624023e+00 3.568826675415039062e+00 2.487717151641845703e+00 2.687569379806518555e+00 5.604546546936035156e+00 4.283509254455566406e+00 3.734153747558593750e+00 3.440988779067993164e+00 4.232937812805175781e+00 3.162781476974487305e+00 3.724902153015136719e+00 4.725406646728515625e+00 2.769552230834960938e+00 4.786795616149902344e+00
3.067810058593750000e+00 4.056889533996582031e+00 3.869656324386596680e+00 4.465426445007324219e+00 3.171224117279052734e+00 3.826262712478637695e+00 3.156484603881835938e+00 4.268169403076171875e+00 3.489039182662963867e+00 3.859709739685058594e+00 3.247264146804809570e+00 4.002137184143066406e+00 3.358778476715087891e+00 4.341226577758789062e+00 3.376247406005859375e+00 4.255023956298828125e+00 4.825302124023437500e+00 3.930798053741455078e+00 3.328133106231689453e+00 6.273418426513671875e+00
5.358484268188476562e+00 5.355970859527587891e+00 6.780255317687988281e+00 3.624257802963256836e+00 6.625806331634521484e+00 4.944885253906250000e+00 4.267187118530273438e+00 4.075285911560058594e+00 3.814345836639404297e+00 2.733225584030151367e+00 3.767391681671142578e+00 3.195070028305053711e+00 3.775609016418457031e+00 2.998120546340942383e+00 3.258205890655517578e+00 5.446468353271484375e+00 3.914960384368896484e+00 4.784313678741455078e+00 5.055662155151367188e+00 6.877161026000976562e+00
5.632819652557373047e+00 5.894164562225341797e+00 3.398174762725830078e+00 5.621113300323486328e+00 6.087575435638427734e+00 3.844270229339599609e+00 5.116909027099609375e+00 3.684421062469482422e+00 5.701523780822753906e+00 6.009663581848144531e+00 6.421862602233886719e+00 2.624812602996826172e+00 4.201423645019531250e+00 1.795579195022583008e+00 3.919078111648559570e+00 3.948716163635253906e+00 5.285517692565917969e+00 6.074374198913574219e+00 3.259729146957397461e+00 3.643471717834472656e+00
3.388794660568237305e+00 2.707194566726684570e+00 2.271007061004638672e+00 3.541041851043701172e+00 7.929874420166015625e+00 5.533583641052246094e+00 3.057028293609619141e+00 3.608854770660400391e+00 6.012008666992187500e+00 5.657844543457031250e+00 7.806244850158691406e+00 7.561273574829101562e+00 2.935929298400878906e+00 3.893558979034423828e+00 4.860165119171142578e+00 4.040194034576416016e+00 3.064746856689453125e+00 2.967958450317382812e+00 6.086084365844726562e+00 4.189139366149902344e+00
7.081430435180664062e+00 3.721157550811767578e+00 2.593276977539062500e+00 6.757237434387207031e+00 4.525550842285156250e+00 4.263064861297607422e+00 6.240094184875488281e+00 4.373397827148437500e+00 6.475608825683593750e+00 6.993494987487792969e+00 4.560790061950683594e+00 3.692034482955932617e+00 6.596965312957763672e+00 4.735962867736816406e+00 4.006036281585693359e+00 3.951361656188964844e+00 3.910062074661254883e+00 6.173383235931396484e+00 3.630140542984008789e+00 2.684504032135009766e+00
