2019-07-26 21:15:00
4.785332679748535156e+00 6.779904365539550781e+00 9.997634887695312500e+00 4.740499496459960938e+00 3.521890163421630859e+00 2.319411277770996094e+00 3.096760749816894531e+00 2.998329877853393555e+00 7.424422264099121094e+00 4.385485649108886719e+00 2.236487865447998047e+00 2.496649742126464844e+00 7.410588741302490234e+00 4.217667102813720703e+00 2.909268856048583984e+00 7.482796669006347656e+00 6.967706680297851562e+00 3.141008377075195312e+00 2.022098779678344727e+00 2.664064407348632812e+00
8.797590255737304688e+00 5.501852035522460938e+00 3.462114095687866211e+00 4.924702167510986328e+00 7.328290939331054688e+00 3.714463710784912109e+00 3.617140293121337891e+00 4.659232139587402344e+00 2.877161026000976562e+00 3.308108568191528320e+00 4.370194435119628906e+00 2.746051073074340820e+00 3.738977909088134766e+00 5.791234970092773438e+00 4.475976943969726562e+00 4.188360214233398438e+00 6.750463485717773438e+00 5.163434982299804688e+00 3.187797069549560547e+00 3.550798177719116211e+00
4.976272583007812500e+00 9.186403274536132812e+00 6.414681434631347656e+00 1.017282390594482422e+01 4.753937721252441406e+00 5.653632640838623047e+00 5.687571048736572266e+00 4.515275955200195312e+00 2.873290777206420898e+00 3.383174180984497070e+00 4.058410644531250000e+00 6.503324508666992188e+00 3.486100196838378906e+00 6.346085548400878906e+00 7.260444641113281250e+00 2.127841949462890625e+00 4.322259902954101562e+00 5.146211147308349609e+00 4.553283214569091797e+00 4.170325756072998047e+00
3.413340568542480469e+00 5.825425148010253906e+00 7.256294727325439453e+00 6.487645149230957031e+00 3.529177188873291016e+00 6.004676342010498047e+00 3.094392299652099609e+00 3.082448959350585938e+00 4.473537445068359375e+00 5.622474670410156250e+00 1.111513710021972656e+01 5.560092926025390625e+00 3.327885150909423828e+00 4.345932006835937500e+00 5.030038833618164062e+00 3.348312377929687500e+00 3.716060161590576172e+00 5.328210353851318359e+00 2.789984703063964844e+00 2.636830329895019531e+00
2.236891746520996094e+00 2.636355400085449219e+00 3.280610561370849609e+00 3.126487731933593750e+00 4.376311302185058594e+00 8.700057029724121094e+00 3.987558603286743164e+00 5.002128601074218750e+00 5.946359634399414062e+00 4.859977245330810547e+00 8.939189910888671875e+00 7.386570453643798828e+00 3.860959053039550781e+00 2.731113433837890625e+00 4.934937477111816406e+00 7.390161037445068359e+00 2.772106647491455078e+00 5.145783424377441406e+00 7.137965202331542969e+00 3.055675983428955078e+00
5.189999580383300781e+00 4.330133438110351562e+00 7.166006565093994141e+00 6.369704246520996094e+00 6.328186035156250000e+00 5.974343299865722656e+00 3.012801170349121094e+00 8.689882278442382812e+00 9.897350311279296875e+00 5.076857089996337891e+00 6.539511680603027344e+00 5.203948974609375000e+00 3.941172122955322266e+00 3.287174701690673828e+00 3.927029132843017578e+00 5.305488586425781250e+00 3.039509534835815430e+00 4.751680374145507812e+00 4.767972469329833984e+00 2.931069374084472656e+00
5.733217239379882812e+00 4.316455841064453125e+00 6.233817100524902344e+00 4.206573486328125000e+00 6.530448436737060547e+00 6.307657241821289062e+00 2.143224239349365234e+00 5.257770538330078125e+00 4.404403686523437500e+00 2.477274656295776367e+00 3.367544174194335938e+00 2.169345378875732422e+00 9.466197967529296875e+00 4.251406192779541016e+00 2.711717128753662109e+00 7.933944702148437500e+00 2.734401226043701172e+00 2.651288509368896484e+00 4.205541610717773438e+00 4.483163833618164062e+00
6.976916313171386719e+00 4.807902812957763672e+00 3.244081020355224609e+00 5.560232162475585938e+00 6.445857048034667969e+00 6.412561416625976562e+00 3.322259426116943359e+00 2.404276609420776367e+00 3.351932525634765625e+00 3.725736141204833984e+00 3.488376140594482422e+00 3.430191755294799805e+00 7.417757511138916016e+00 3.169761657714843750e+00 3.140782117843627930e+00 2.844824075698852539e+00 5.031376361846923828e+00 2.552466630935668945e+00 6.670194625854492188e+00 2.907068729400634766e+00
3.482970237731933594e+00 3.607841730117797852e+00 3.556734085083007812e+00 4.333899497985839844e+00 3.667295694351196289e+00 4.413626670837402344e+00 3.912683010101318359e+00 3.123018980026245117e+00 2.774791479110717773e+00 4.443654537200927734e+00 3.447237253189086914e+00 2.520273685455322266e+00 7.403054237365722656e+00 4.461081504821777344e+00 6.181828498840332031e+00 3.045408725738525391e+00 7.111300468444824219e+00 3.445496082305908203e+00 3.162940502166748047e+00 3.552400112152099609e+00
4.740049362182617188e+00 3.114422798156738281e+00 2.908682823181152344e+00 2.583930730819702148e+00 2.684099674224853516e+00 2.861256599426269531e+00 3.084475040435791016e+00 2.280380725860595703e+00 5.543622016906738281e+00 4.741931915283203125e+00 4.806836605072021484e+00 6.820654869079589844e+00 5.433672904968261719e+00 2.243635654449462891e+00 3.681826114654541016e+00 2.972918510437011719e+00 7.735917091369628906e+00 3.682033777236938477e+00 4.276002883911132812e+00 2.386538982391357422e+00
1.851275324821472168e+00 4.046063423156738281e+00 3.856688737869262695e+00 2.744272470474243164e+00 3.713866233825683594e+00 3.315716266632080078e+00 3.811643123626708984e+00 4.036386489868164062e+00 3.096055507659912109e+00 3.500052213668823242e+00 2.961731910705566406e+00 6.098063468933105469e+00 4.669744491577148438e+00 6.195906639099121094e+00 3.844081640243530273e+00 2.753209114074707031e+00 3.560645103454589844e+00 8.615409851074218750e+00 2.482103824615478516e+00 3.512942314147949219e+00
3.043028116226196289e+00 5.099115371704101562e+00 3.086686372756958008e+00 4.565733909606933594e+00 3.936288356781005859e+00 2.605205535888671875e+00 2.675561189651489258e+00 3.442299365997314453e+00 2.884134292602539062e+00 2.487170696258544922e+00 4.896953582763671875e+00 2.754688262939453125e+00 4.793860435485839844e+00 3.330833435058593750e+00 2.903774499893188477e+00 5.201734542846679688e+00 3.210295915603637695e+00 4.116608619689941406e+00 3.630746126174926758e+00 2.654754161834716797e+00
3.941558361053466797e+00 2.409998416900634766e+00 2.842968463897705078e+00 2.704068660736083984e+00 2.629830837249755859e+00 3.323070526123046875e+00 2.720698356628417969e+00 2.449736595153808594e+00 3.319481849670410156e+00 2.619901657104492188e+00 3.278844594955444336e+00 3.888926029205322266e+00 3.224757671356201172e+00 3.676683902740478516e+00 3.014174938201904297e+00 4.135515213012695312e+00 2.655055522918701172e+00 2.590682983398437500e+00 2.569509506225585938e+00 3.094160318374633789e+00
2.969465255737304688e+00 3.581703186035156250e+00 3.859078645706176758e+00 2.169760227203369141e+00 3.546947956085205078e+00 2.731671094894409180e+00 2.548265933990478516e+00 4.349422454833984375e+00 4.525595188140869141e+00 3.537364959716796875e+00 2.975953340530395508e+00 3.954145431518554688e+00 4.075271606445312500e+00 3.247239589691162109e+00 3.443438053131103516e+00 3.777976512908935547e+00 3.992934703826904297e+00 3.987764358520507812e+00 4.097026824951171875e+00 3.492990970611572266e+00
5.163558006286621094e+00 3.540085792541503906e+00 3.996742725372314453e+00 3.560774803161621094e+00 2.370574951171875000e+00 2.959584474563598633e+00 4.274985313415527344e+00 4.213918685913085938e+00 3.304411649703979492e+00 3.908973693847656250e+00 4.326485157012939453e+00 3.247164249420166016e+00 3.433582305908203125e+00 3.355181694030761719e+00 2.166065692901611328e+00 3.015321731567382812e+00 2.766202449798583984e+00 4.360168933868408203e+00 3.267181396484375000e+00 5.228559494018554688e+00
4.298631191253662109e+00 4.185896873474121094e+00 3.090965270996093750e+00 2.299695968627929688e+00 2.384777545928955078e+00 2.209883689880371094e+00 3.762526512145996094e+00 3.875995159149169922e+00 3.279678344726562500e+00 2.855352401733398438e+00 2.451048851013183594e+00 2.038794517517089844e+00 3.261646747589111328e+00 3.305634498596191406e+00 3.669363498687744141e+00 3.350645065307617188e+00 4.398125171661376953e+00 4.007206439971923828e+00 2.466434001922607422e+00 5.460965156555175781e+00
3.119763374328613281e+00 3.883344173431396484e+00 4.419397830963134766e+00 3.245714664459228516e+00 6.103994369506835938e+00 2.913358688354492188e+00 4.396952152252197266e+00 2.139811992645263672e+00 3.111034393310546875e+00 3.549076557159423828e+00 3.142797946929931641e+00 2.717160940170288086e+00 4.842989921569824219e+00 3.068856239318847656e+00 3.616816997528076172e+00 2.302700757980346680e+00 3.465495586395263672e+00 3.271650791168212891e+00 2.365611553192138672e+00 5.363243579864501953e+00
3.177002429962158203e+00 2.924866199493408203e+00 4.158210277557373047e+00 5.227334022521972656e+00 4.758753776550292969e+00 3.123564958572387695e+00 3.293992757797241211e+00 1.888188958168029785e+00 4.876938819885253906e+00 4.184633255004882812e+00 4.961053848266601562e+00 2.906508922576904297e+00 2.612326860427856445e+00 2.470254421234130859e+00 4.862051963806152344e+00 3.298784255981445312e+00 6.287130832672119141e+00 4.035723686218261719e+00 1.686684131622314453e+00 3.641182661056518555e+00
3.209482908248901367e+00 3.112160921096801758e+00 2.762965440750122070e+00 3.431155681610107422e+00 3.517740726470947266e+00 5.048789024353027344e+00 2.710892438888549805e+00 2.164549827575683594e+00 4.539000511169433594e+00 5.872083663940429688e+00 5.877939701080322266e+00 5.266435146331787109e+00 2.975865364074707031e+00 3.899543046951293945e+00 4.211050033569335938e+00 3.197315692901611328e+00 4.388507843017578125e+00 3.033066272735595703e+00 3.417012214660644531e+00 2.677345037460327148e+00
2.863690853118896484e+00 3.792673110961914062e+00 3.773206710815429688e+00 5.822005271911621094e+00 3.150521755218505859e+00 4.173618793487548828e+00 4.032832622528076172e+00 5.514221668243408203e+00 5.644650459289550781e+00 5.774245262145996094e+00 5.594670295715332031e+00 6.277334213256835938e+00 5.529872894287109375e+00 3.341234683990478516e+00 4.642374515533447266e+00 3.478125572204589844e+00 3.447842121124267578e+00 5.469632625579833984e+00 4.966381549835205078e+00 3.362850427627563477e+00
