2019-07-26 21:30:00
6.900059700012207031e+00 4.652603149414062500e+00 2.824266672134399414e+00 3.191087484359741211e+00 2.725932121276855469e+00 3.764939069747924805e+00 3.653927803039550781e+00 2.477283954620361328e+00 9.139389038085937500e+00 7.719614028930664062e+00 4.301692485809326172e+00 2.572531461715698242e+00 6.282835960388183594e+00 2.179085969924926758e+00 3.096553802490234375e+00 9.558690071105957031e+00 7.371595382690429688e+00 3.123416662216186523e+00 2.763580799102783203e+00 4.445150375366210938e+00
8.126977920532226562e+00 1.710436105728149414e+00 5.415749549865722656e+00 6.953368663787841797e+00 4.825688362121582031e+00 2.686944961547851562e+00 2.562989473342895508e+00 4.202928543090820312e+00 3.842912197113037109e+00 2.857761859893798828e+00 2.521361827850341797e+00 4.043941497802734375e+00 4.378197193145751953e+00 7.061713695526123047e+00 3.466884851455688477e+00 1.989557504653930664e+00 5.516645431518554688e+00 3.215481281280517578e+00 3.551256179809570312e+00 3.931867122650146484e+00
6.170713901519775391e+00 4.934181213378906250e+00 5.135062217712402344e+00 4.101015567779541016e+00 5.553802967071533203e+00 5.385176181793212891e+00 7.480307102203369141e+00 2.512941360473632812e+00 1.918805480003356934e+00 2.631491661071777344e+00 5.750967979431152344e+00 7.765179157257080078e+00 3.236309289932250977e+00 4.047692298889160156e+00 4.022394657135009766e+00 2.698578834533691406e+00 6.062689781188964844e+00 5.989078521728515625e+00 4.170061111450195312e+00 4.104571819305419922e+00
4.267412185668945312e+00 4.387144088745117188e+00 4.392206192016601562e+00 4.834903717041015625e+00 4.544888973236083984e+00 2.876462936401367188e+00 3.928671360015869141e+00 2.434785366058349609e+00 3.377909898757934570e+00 2.759947776794433594e+00 9.102270126342773438e+00 3.413848400115966797e+00 3.918801069259643555e+00 3.226593971252441406e+00 5.378252506256103516e+00 4.207452774047851562e+00 2.848667860031127930e+00 6.270824432373046875e+00 3.803014278411865234e+00 3.442128419876098633e+00
2.498378992080688477e+00 3.113383531570434570e+00 3.054079294204711914e+00 2.977772712707519531e+00 3.388952732086181641e+00 2.359608650207519531e+00 3.513531684875488281e+00 3.701185464859008789e+00 3.204966545104980469e+00 2.242929220199584961e+00 6.734645843505859375e+00 5.657571792602539062e+00 5.614529609680175781e+00 2.763874053955078125e+00 5.158242225646972656e+00 5.199557781219482422e+00 3.555009126663208008e+00 8.163389205932617188e+00 5.500162124633789062e+00 4.391489982604980469e+00
5.010425567626953125e+00 2.643694877624511719e+00 8.332209587097167969e+00 6.707737445831298828e+00 4.408601760864257812e+00 4.837774276733398438e+00 3.560235500335693359e+00 7.277834892272949219e+00 6.155912399291992188e+00 4.075573921203613281e+00 5.992136955261230469e+00 5.065570354461669922e+00 6.638038158416748047e+00 2.909016609191894531e+00 5.777642250061035156e+00 6.381266593933105469e+00 3.756702423095703125e+00 4.390880107879638672e+00 5.334973335266113281e+00 1.983564138412475586e+00
3.391013145446777344e+00 4.747867584228515625e+00 8.165836334228515625e+00 4.704857349395751953e+00 3.252442836761474609e+00 8.546138763427734375e+00 3.405122280120849609e+00 5.103680610656738281e+00 2.093169927597045898e+00 4.503461360931396484e+00 3.040846586227416992e+00 4.312551975250244141e+00 2.815935134887695312e+00 3.871407747268676758e+00 2.739880561828613281e+00 6.171140670776367188e+00 2.504486799240112305e+00 2.426297187805175781e+00 8.427375793457031250e+00 8.035196304321289062e+00
6.345255851745605469e+00 3.038479089736938477e+00 3.928401470184326172e+00 5.540856361389160156e+00 6.243989944458007812e+00 2.063885927200317383e+00 3.267786502838134766e+00 4.298391819000244141e+00 2.622368812561035156e+00 3.017695903778076172e+00 3.020917177200317383e+00 3.241583347320556641e+00 2.364853620529174805e+00 3.590499162673950195e+00 3.341542482376098633e+00 4.785079479217529297e+00 4.682181835174560547e+00 2.466355800628662109e+00 8.064951896667480469e+00 2.729650497436523438e+00
2.635263442993164062e+00 5.142792701721191406e+00 2.445142745971679688e+00 4.269126892089843750e+00 3.100335597991943359e+00 2.559873342514038086e+00 3.521553516387939453e+00 2.478397846221923828e+00 3.206510782241821289e+00 5.394323348999023438e+00 3.391298294067382812e+00 2.646965980529785156e+00 5.099365234375000000e+00 4.346450805664062500e+00 3.881812572479248047e+00 4.067266464233398438e+00 5.158020496368408203e+00 1.618494272232055664e+00 2.871893882751464844e+00 2.974787712097167969e+00
4.121223926544189453e+00 3.455066204071044922e+00 2.289599418640136719e+00 4.356689453125000000e+00 2.404820203781127930e+00 3.326083421707153320e+00 3.268600940704345703e+00 3.120589494705200195e+00 5.928725719451904297e+00 5.612034797668457031e+00 6.807455062866210938e+00 4.349859237670898438e+00 3.747044086456298828e+00 2.719719648361206055e+00 3.201045036315917969e+00 3.262928009033203125e+00 6.688169002532958984e+00 2.313365936279296875e+00 3.362492084503173828e+00 2.471662998199462891e+00
2.468204498291015625e+00 3.181139707565307617e+00 3.081874132156372070e+00 2.505777597427368164e+00 3.100151538848876953e+00 4.226568698883056641e+00 3.644219398498535156e+00 2.340982913970947266e+00 2.580092906951904297e+00 3.248124599456787109e+00 3.605801582336425781e+00 4.900141716003417969e+00 6.021381378173828125e+00 4.306229591369628906e+00 2.751384496688842773e+00 2.936711549758911133e+00 3.618395805358886719e+00 5.374674797058105469e+00 2.673383951187133789e+00 4.666682720184326172e+00
3.900743246078491211e+00 2.887193918228149414e+00 2.829762458801269531e+00 2.624274253845214844e+00 2.762716054916381836e+00 4.048286914825439453e+00 4.614871025085449219e+00 3.832860231399536133e+00 2.970006465911865234e+00 3.629092216491699219e+00 4.208831310272216797e+00 2.006128549575805664e+00 2.370374202728271484e+00 2.821374416351318359e+00 2.709604263305664062e+00 7.894541740417480469e+00 4.772736549377441406e+00 4.186213493347167969e+00 4.189814090728759766e+00 2.494182825088500977e+00
2.527857542037963867e+00 3.229383230209350586e+00 2.165006160736083984e+00 2.700869560241699219e+00 2.775535106658935547e+00 4.095223426818847656e+00 5.011190414428710938e+00 3.391475677490234375e+00 3.548027753829956055e+00 3.049427032470703125e+00 3.149379730224609375e+00 3.322130203247070312e+00 3.238913297653198242e+00 3.535900831222534180e+00 2.691870212554931641e+00 3.750459671020507812e+00 3.296367168426513672e+00 2.361622810363769531e+00 2.898240327835083008e+00 3.440891265869140625e+00
3.680468559265136719e+00 2.873697280883789062e+00 2.336337089538574219e+00 3.704935550689697266e+00 3.144550561904907227e+00 3.747999191284179688e+00 3.724599599838256836e+00 2.376606941223144531e+00 3.329702854156494141e+00 3.450876712799072266e+00 2.168829441070556641e+00 2.725234508514404297e+00 3.290926456451416016e+00 3.945729494094848633e+00 2.356123208999633789e+00 2.527747392654418945e+00 2.793583631515502930e+00 2.617722988128662109e+00 2.812973976135253906e+00 2.684678792953491211e+00
3.923179626464843750e+00 3.930955886840820312e+00 2.981936931610107422e+00 3.177002191543579102e+00 3.100456714630126953e+00 3.954205989837646484e+00 3.108063220977783203e+00 3.557470798492431641e+00 3.004888534545898438e+00 2.283343791961669922e+00 3.292058944702148438e+00 2.616931438446044922e+00 2.373324871063232422e+00 2.912477970123291016e+00 3.243582010269165039e+00 3.400053501129150391e+00 3.242046356201171875e+00 3.175937652587890625e+00 3.973460197448730469e+00 3.926917076110839844e+00
3.690032243728637695e+00 3.677124261856079102e+00 2.556950330734252930e+00 2.715570449829101562e+00 2.932077884674072266e+00 3.014074325561523438e+00 3.623637676239013672e+00 3.170999288558959961e+00 4.308204174041748047e+00 2.690473318099975586e+00 2.990230083465576172e+00 3.494388341903686523e+00 2.830492973327636719e+00 2.288876771926879883e+00 4.722823143005371094e+00 2.680786132812500000e+00 3.225313186645507812e+00 2.587901353836059570e+00 3.461333036422729492e+00 4.303528785705566406e+00
3.831213951110839844e+00 3.488203763961791992e+00 3.277780771255493164e+00 3.829406499862670898e+00 4.747475624084472656e+00 1.476659536361694336e+00 3.665892601013183594e+00 4.160541057586669922e+00 3.094636440277099609e+00 2.753832101821899414e+00 2.988442897796630859e+00 2.502535343170166016e+00 3.038872241973876953e+00 3.099234819412231445e+00 3.189146518707275391e+00 3.301431655883789062e+00 3.759653091430664062e+00 2.447875976562500000e+00 2.652088165283203125e+00 8.230007171630859375e+00
3.409618854522705078e+00 2.706340789794921875e+00 3.014593362808227539e+00 3.509805917739868164e+00 4.579943180084228516e+00 3.438860416412353516e+00 3.800078868865966797e+00 3.128184318542480469e+00 2.946013450622558594e+00 3.887017011642456055e+00 3.637271404266357422e+00 3.487992763519287109e+00 3.014561653137207031e+00 4.416473388671875000e+00 4.824046134948730469e+00 4.804872989654541016e+00 2.257046222686767578e+00 3.653598308563232422e+00 3.026103496551513672e+00 2.644558429718017578e+00
3.090988159179687500e+00 3.497334480285644531e+00 2.098357200622558594e+00 2.652030229568481445e+00 2.330291986465454102e+00 6.484049797058105469e+00 1.891284704208374023e+00 3.457888126373291016e+00 4.899724483489990234e+00 5.647067546844482422e+00 7.920652866363525391e+00 4.420829296112060547e+00 1.864555120468139648e+00 3.452340126037597656e+00 5.492562294006347656e+00 2.731132507324218750e+00 1.837296605110168457e+00 2.288726091384887695e+00 5.186495780944824219e+00 2.865400075912475586e+00
5.479688644409179688e+00 4.402160644531250000e+00 3.378006458282470703e+00 3.691304683685302734e+00 2.274643182754516602e+00 3.853133201599121094e+00 3.234551906585693359e+00 3.115029573440551758e+00 5.188713073730468750e+00 9.939657211303710938e+00 4.787004470825195312e+00 2.932715654373168945e+00 9.344161033630371094e+00 2.701696395874023438e+00 3.982950210571289062e+00 3.393982887268066406e+00 2.761786937713623047e+00 2.743299007415771484e+00 3.341515064239501953e+00 2.547482252120971680e+00
