2019-07-26 21:45:00
7.982935905456542969e+00 5.212480545043945312e+00 3.487876892089843750e+00 2.880073070526123047e+00 3.503517627716064453e+00 2.834016799926757812e+00 1.992053270339965820e+00 3.818550109863281250e+00 4.496525764465332031e+00 9.041049957275390625e+00 4.187244415283203125e+00 3.086354732513427734e+00 5.309150695800781250e+00 3.595910549163818359e+00 2.269698143005371094e+00 4.762879371643066406e+00 6.661518096923828125e+00 2.994081497192382812e+00 3.750698566436767578e+00 3.443293094635009766e+00
5.942713260650634766e+00 5.610012531280517578e+00 5.503794670104980469e+00 6.248418331146240234e+00 4.712478637695312500e+00 3.584095001220703125e+00 4.277757167816162109e+00 4.300668716430664062e+00 3.442600965499877930e+00 3.914848089218139648e+00 4.972897529602050781e+00 3.255896568298339844e+00 2.749793529510498047e+00 5.831567287445068359e+00 2.645576953887939453e+00 1.124460458755493164e+00 5.216863632202148438e+00 6.626884460449218750e+00 3.452681541442871094e+00 4.589636802673339844e+00
1.027113246917724609e+01 5.894543647766113281e+00 4.032196044921875000e+00 5.917611122131347656e+00 6.186700820922851562e+00 6.697189331054687500e+00 3.849281787872314453e+00 1.848503470420837402e+00 3.882655143737792969e+00 4.508892536163330078e+00 2.172231435775756836e+00 8.575489044189453125e+00 3.122876167297363281e+00 5.561760902404785156e+00 3.495037555694580078e+00 2.915600538253784180e+00 4.221726417541503906e+00 5.201045036315917969e+00 2.953305721282958984e+00 2.361185550689697266e+00
2.697933197021484375e+00 4.616905212402343750e+00 6.190327644348144531e+00 7.417640686035156250e+00 2.037107467651367188e+00 3.176867961883544922e+00 3.765470504760742188e+00 2.818850517272949219e+00 3.234151124954223633e+00 3.203114509582519531e+00 4.421322822570800781e+00 5.699273109436035156e+00 4.234554290771484375e+00 3.292205572128295898e+00 4.525478363037109375e+00 2.297665119171142578e+00 2.229625701904296875e+00 5.376335620880126953e+00 4.514161586761474609e+00 1.752858757972717285e+00
2.575473070144653320e+00 2.525587558746337891e+00 3.519330024719238281e+00 3.916267871856689453e+00 2.787311553955078125e+00 4.016470432281494141e+00 3.762830018997192383e+00 5.877265930175781250e+00 4.318859100341796875e+00 3.863170146942138672e+00 4.994899749755859375e+00 4.416555404663085938e+00 3.624823093414306641e+00 4.016347885131835938e+00 1.068140888214111328e+01 3.754656076431274414e+00 3.555945873260498047e+00 6.384482383728027344e+00 4.088260650634765625e+00 3.085439205169677734e+00
7.918968677520751953e+00 3.984287977218627930e+00 3.981593608856201172e+00 5.405999660491943359e+00 4.557415962219238281e+00 5.421696662902832031e+00 2.533741712570190430e+00 4.942716598510742188e+00 9.210905075073242188e+00 6.155702590942382812e+00 3.942538261413574219e+00 9.911640167236328125e+00 4.296579360961914062e+00 3.957890033721923828e+00 2.703135013580322266e+00 4.238124847412109375e+00 3.540491104125976562e+00 6.027431488037109375e+00 2.991178989410400391e+00 3.015257835388183594e+00
6.983594894409179688e+00 7.581771850585937500e+00 4.830423355102539062e+00 7.603158950805664062e+00 4.586391448974609375e+00 2.073559284210205078e+00 4.472908973693847656e+00 7.422101020812988281e+00 2.476332664489746094e+00 3.980141162872314453e+00 3.827299356460571289e+00 4.280736923217773438e+00 7.197747230529785156e+00 8.403679847717285156e+00 2.787463665008544922e+00 7.378303050994873047e+00 2.960031032562255859e+00 3.667190790176391602e+00 6.981719017028808594e+00 4.776484489440917969e+00
3.416732788085937500e+00 3.585684299468994141e+00 4.013083457946777344e+00 5.236405372619628906e+00 4.137395381927490234e+00 2.347591638565063477e+00 2.212190866470336914e+00 2.669546127319335938e+00 3.716786146163940430e+00 3.218526840209960938e+00 4.270525455474853516e+00 3.393049716949462891e+00 2.885164737701416016e+00 3.073042392730712891e+00 3.640939712524414062e+00 3.450380086898803711e+00 6.601231098175048828e+00 2.702408313751220703e+00 7.551143646240234375e+00 4.077855110168457031e+00
5.354901313781738281e+00 4.167848110198974609e+00 3.870632648468017578e+00 4.067122459411621094e+00 4.500928878784179688e+00 3.216973304748535156e+00 3.993642091751098633e+00 2.848796844482421875e+00 3.726198434829711914e+00 2.614324092864990234e+00 3.630336523056030273e+00 3.729986190795898438e+00 6.605005264282226562e+00 4.041867733001708984e+00 6.097206115722656250e+00 4.093630313873291016e+00 6.042109489440917969e+00 2.455689191818237305e+00 1.683516502380371094e+00 2.757538318634033203e+00
4.323499679565429688e+00 4.742343425750732422e+00 3.757825851440429688e+00 3.894203662872314453e+00 2.406016349792480469e+00 3.187680721282958984e+00 3.555178165435791016e+00 3.744162559509277344e+00 4.948018074035644531e+00 3.756910800933837891e+00 7.007565021514892578e+00 7.811597824096679688e+00 4.084377288818359375e+00 2.131888151168823242e+00 3.394190788269042969e+00 4.621737957000732422e+00 5.869970321655273438e+00 2.980502128601074219e+00 2.971267700195312500e+00 2.314623832702636719e+00
4.497873783111572266e+00 3.199007987976074219e+00 2.991725206375122070e+00 2.925147294998168945e+00 3.104053497314453125e+00 2.633030652999877930e+00 2.322111606597900391e+00 3.292689800262451172e+00 2.879360198974609375e+00 2.962196111679077148e+00 3.624222040176391602e+00 5.763787269592285156e+00 5.336214542388916016e+00 4.101325511932373047e+00 2.493849754333496094e+00 3.006752729415893555e+00 3.726366281509399414e+00 4.729934215545654297e+00 2.645483016967773438e+00 1.865808725357055664e+00
3.513244628906250000e+00 3.282890796661376953e+00 2.795156478881835938e+00 4.311370849609375000e+00 2.869124174118041992e+00 3.692837715148925781e+00 2.791126728057861328e+00 2.471149444580078125e+00 2.861661672592163086e+00 3.689504384994506836e+00 2.548418998718261719e+00 3.958485126495361328e+00 4.638938903808593750e+00 2.348923683166503906e+00 2.962615013122558594e+00 7.159545421600341797e+00 4.058527946472167969e+00 3.215135097503662109e+00 2.942663669586181641e+00 4.277112960815429688e+00
2.275754213333129883e+00 2.649622440338134766e+00 4.047823905944824219e+00 2.809721946716308594e+00 2.573160886764526367e+00 3.802309274673461914e+00 3.290825843811035156e+00 3.934687137603759766e+00 4.246352672576904297e+00 2.113301753997802734e+00 3.998151063919067383e+00 2.515284299850463867e+00 3.756264209747314453e+00 2.913370132446289062e+00 1.359656214714050293e+00 2.483283042907714844e+00 4.070837020874023438e+00 2.897747993469238281e+00 3.170564413070678711e+00 1.827169656753540039e+00
2.488578796386718750e+00 1.938494682312011719e+00 3.684020280838012695e+00 3.029008865356445312e+00 2.694558858871459961e+00 4.163842201232910156e+00 4.082406044006347656e+00 3.105886936187744141e+00 3.272617816925048828e+00 3.722937107086181641e+00 3.236612081527709961e+00 1.815470457077026367e+00 4.533961296081542969e+00 3.616408586502075195e+00 3.567470550537109375e+00 2.472717761993408203e+00 3.594349861145019531e+00 4.672687053680419922e+00 1.936294794082641602e+00 2.781340360641479492e+00
3.095749139785766602e+00 4.596452713012695312e+00 4.418817520141601562e+00 2.757715702056884766e+00 2.073577404022216797e+00 3.570136547088623047e+00 3.417735099792480469e+00 3.061223506927490234e+00 4.565963745117187500e+00 3.632176876068115234e+00 3.092875480651855469e+00 3.360758066177368164e+00 3.060032367706298828e+00 3.783297061920166016e+00 1.567591190338134766e+00 2.388046026229858398e+00 3.419009685516357422e+00 3.301944971084594727e+00 2.547469854354858398e+00 5.799151420593261719e+00
3.903154850006103516e+00 3.773387908935546875e+00 2.878260612487792969e+00 4.564969062805175781e+00 5.232873916625976562e+00 3.856516361236572266e+00 2.898119449615478516e+00 2.470653057098388672e+00 4.412093639373779297e+00 3.400658607482910156e+00 2.538742065429687500e+00 2.316831350326538086e+00 3.465650081634521484e+00 2.816050529479980469e+00 2.511080503463745117e+00 4.149495124816894531e+00 4.106300354003906250e+00 3.796581745147705078e+00 3.287548780441284180e+00 4.229364395141601562e+00
2.534565210342407227e+00 3.406943798065185547e+00 3.448161602020263672e+00 3.470173835754394531e+00 1.128984737396240234e+01 2.796154022216796875e+00 5.340731620788574219e+00 3.123975515365600586e+00 2.918333530426025391e+00 3.771230936050415039e+00 4.245006084442138672e+00 4.293936729431152344e+00 4.322376251220703125e+00 3.845243215560913086e+00 3.042234897613525391e+00 2.733267307281494141e+00 2.315986633300781250e+00 2.149214506149291992e+00 3.310966730117797852e+00 5.371200561523437500e+00
3.157001018524169922e+00 2.336336135864257812e+00 2.899062156677246094e+00 3.778952836990356445e+00 4.502088546752929688e+00 2.799816370010375977e+00 2.175797939300537109e+00 3.896235704421997070e+00 3.515466690063476562e+00 3.271674633026123047e+00 5.053656578063964844e+00 2.600028276443481445e+00 1.907940387725830078e+00 2.501104116439819336e+00 3.017136573791503906e+00 3.604904174804687500e+00 4.019550323486328125e+00 4.409550666809082031e+00 1.472445011138916016e+00 2.165026187896728516e+00
1.708863496780395508e+00 2.822458267211914062e+00 2.453340530395507812e+00 3.346912860870361328e+00 3.502261161804199219e+00 3.066943407058715820e+00 3.840179204940795898e+00 2.692901134490966797e+00 5.232393264770507812e+00 5.088003158569335938e+00 4.576127052307128906e+00 4.477016448974609375e+00 1.741128206253051758e+00 3.704704761505126953e+00 3.311658859252929688e+00 2.043433189392089844e+00 3.149945735931396484e+00 3.490856170654296875e+00 1.927721261978149414e+00 2.421506881713867188e+00
2.865189075469970703e+00 3.584393024444580078e+00 3.094897031784057617e+00 2.929146289825439453e+00 4.423439025878906250e+00 3.020554542541503906e+00 3.311151027679443359e+00 4.725565910339355469e+00 5.617521286010742188e+00 5.272397518157958984e+00 6.520977973937988281e+00 4.030117034912109375e+00 7.817265033721923828e+00 3.310107469558715820e+00 4.779802799224853516e+00 4.487152099609375000e+00 2.419226408004760742e+00 3.400062561035156250e+00 3.029817104339599609e+00 3.616482257843017578e+00
