2019-07-26 22:30:00
4.284607887268066406e+00 4.000863552093505859e+00 1.053611087799072266e+01 3.365579366683959961e+00 2.327557802200317383e+00 3.645028829574584961e+00 3.234875202178955078e+00 3.762972593307495117e+00 1.013832187652587891e+01 9.967782974243164062e+00 3.367567062377929688e+00 4.325797080993652344e+00 7.933778762817382812e+00 4.458949089050292969e+00 2.558572769165039062e+00 6.623313903808593750e+00 6.947569847106933594e+00 3.414958477020263672e+00 4.786300659179687500e+00 3.878681182861328125e+00
9.563228607177734375e+00 1.202931022644042969e+01 5.060311317443847656e+00 6.316230773925781250e+00 5.736426353454589844e+00 3.749195575714111328e+00 3.585923671722412109e+00 4.857809066772460938e+00 2.842426300048828125e+00 3.319977760314941406e+00 3.964750528335571289e+00 4.411853790283203125e+00 3.527514934539794922e+00 5.015124797821044922e+00 4.081395149230957031e+00 4.594978332519531250e+00 8.183489799499511719e+00 7.372825622558593750e+00 3.780573368072509766e+00 4.885139465332031250e+00
7.964227199554443359e+00 6.286786556243896484e+00 7.166501522064208984e+00 7.576468467712402344e+00 5.181245326995849609e+00 5.950715541839599609e+00 7.457560062408447266e+00 2.957047939300537109e+00 3.288093328475952148e+00 4.875138282775878906e+00 4.987150192260742188e+00 8.825189590454101562e+00 3.608098268508911133e+00 8.646988868713378906e+00 5.282485008239746094e+00 2.904333591461181641e+00 8.993459701538085938e+00 5.499599456787109375e+00 3.322261810302734375e+00 4.119874954223632812e+00
4.306370258331298828e+00 5.428781032562255859e+00 5.710285186767578125e+00 9.612142562866210938e+00 3.587239980697631836e+00 2.881665229797363281e+00 3.659636259078979492e+00 2.938654422760009766e+00 4.364586830139160156e+00 4.991549968719482422e+00 2.792072534561157227e+00 8.448579788208007812e+00 3.253517150878906250e+00 3.476817846298217773e+00 7.398658752441406250e+00 4.778582572937011719e+00 3.776027917861938477e+00 4.950654029846191406e+00 3.635120868682861328e+00 2.904896736145019531e+00
2.100046634674072266e+00 5.152922630310058594e+00 4.376982212066650391e+00 6.431754112243652344e+00 4.243276596069335938e+00 2.922962665557861328e+00 2.374282360076904297e+00 5.088072776794433594e+00 7.812389373779296875e+00 6.380254745483398438e+00 6.768370628356933594e+00 4.397958755493164062e+00 3.632055282592773438e+00 4.590694427490234375e+00 6.798928260803222656e+00 8.720150947570800781e+00 3.896796226501464844e+00 3.395908594131469727e+00 5.055239200592041016e+00 2.466506958007812500e+00
6.867253303527832031e+00 5.155127525329589844e+00 6.694665908813476562e+00 6.222959041595458984e+00 5.364409923553466797e+00 5.357212543487548828e+00 4.347162246704101562e+00 8.170788764953613281e+00 6.759003639221191406e+00 4.377865791320800781e+00 6.161409854888916016e+00 6.158873558044433594e+00 5.594371795654296875e+00 2.478439092636108398e+00 4.585036277770996094e+00 8.290773391723632812e+00 3.889584779739379883e+00 8.499597549438476562e+00 9.658215522766113281e+00 3.657199859619140625e+00
4.470741271972656250e+00 9.414304733276367188e+00 7.102123260498046875e+00 7.585758209228515625e+00 7.840903759002685547e+00 6.263216972351074219e+00 3.748795986175537109e+00 6.683147907257080078e+00 3.562103271484375000e+00 2.540892601013183594e+00 4.408190727233886719e+00 2.944986104965209961e+00 9.710926055908203125e+00 3.689743280410766602e+00 5.104063510894775391e+00 3.390317916870117188e+00 4.394931316375732422e+00 4.424015998840332031e+00 6.653234481811523438e+00 4.385557174682617188e+00
6.332171440124511719e+00 4.202746391296386719e+00 4.539997100830078125e+00 4.691429615020751953e+00 7.448754310607910156e+00 4.765574932098388672e+00 3.758667707443237305e+00 4.163624286651611328e+00 3.124371051788330078e+00 4.655871391296386719e+00 3.973875522613525391e+00 3.596698284149169922e+00 3.862176179885864258e+00 1.016924858093261719e+01 4.060789108276367188e+00 2.755699634552001953e+00 8.053542137145996094e+00 2.383777141571044922e+00 5.629745483398437500e+00 3.977361679077148438e+00
5.892469406127929688e+00 3.112195968627929688e+00 5.936095237731933594e+00 9.325027465820312500e+00 7.291064262390136719e+00 4.065814018249511719e+00 2.364860534667968750e+00 4.014929771423339844e+00 2.905957460403442383e+00 4.716499328613281250e+00 2.886350154876708984e+00 3.762219190597534180e+00 6.097784042358398438e+00 2.539294004440307617e+00 3.765776157379150391e+00 2.673802852630615234e+00 6.173337459564208984e+00 4.654133319854736328e+00 2.452726125717163086e+00 3.574494838714599609e+00
7.273878097534179688e+00 5.682675361633300781e+00 4.249752998352050781e+00 3.778283119201660156e+00 2.908103942871093750e+00 3.834259510040283203e+00 3.686800003051757812e+00 3.127587556838989258e+00 4.165817260742187500e+00 7.504736900329589844e+00 4.982581615447998047e+00 4.604926109313964844e+00 3.982314825057983398e+00 4.043984413146972656e+00 5.451076507568359375e+00 4.388147354125976562e+00 9.072808265686035156e+00 4.390709877014160156e+00 3.942877292633056641e+00 4.192470550537109375e+00
2.449703693389892578e+00 2.896907329559326172e+00 3.866497278213500977e+00 2.874362468719482422e+00 5.129964828491210938e+00 3.314112186431884766e+00 3.557964801788330078e+00 4.496049880981445312e+00 2.812793731689453125e+00 3.224775314331054688e+00 4.965136051177978516e+00 6.436985969543457031e+00 6.900218009948730469e+00 6.580759048461914062e+00 3.016365528106689453e+00 3.224376916885375977e+00 3.146235466003417969e+00 7.214313983917236328e+00 3.392578840255737305e+00 6.632863998413085938e+00
4.553088188171386719e+00 2.449928998947143555e+00 3.887231588363647461e+00 3.665499210357666016e+00 4.843005180358886719e+00 4.033106327056884766e+00 3.436336278915405273e+00 2.722178220748901367e+00 2.875276088714599609e+00 2.888894557952880859e+00 4.340924263000488281e+00 3.533294677734375000e+00 3.073902606964111328e+00 2.494098901748657227e+00 3.907431602478027344e+00 4.784831523895263672e+00 3.975909709930419922e+00 3.181390047073364258e+00 3.111629962921142578e+00 3.051945686340332031e+00
5.845963001251220703e+00 3.445894002914428711e+00 2.789778947830200195e+00 2.910331726074218750e+00 3.542299270629882812e+00 2.939439058303833008e+00 2.962315082550048828e+00 2.677806854248046875e+00 3.844408750534057617e+00 4.359633445739746094e+00 3.303232192993164062e+00 5.509909152984619141e+00 2.948538780212402344e+00 3.256276130676269531e+00 4.361255168914794922e+00 3.377157449722290039e+00 3.487918853759765625e+00 2.388753890991210938e+00 5.584226131439208984e+00 3.045609951019287109e+00
4.391310691833496094e+00 2.890705823898315430e+00 3.467095851898193359e+00 3.529806137084960938e+00 3.144121646881103516e+00 4.447069644927978516e+00 3.653775215148925781e+00 3.722998142242431641e+00 2.011981010437011719e+00 4.138983726501464844e+00 2.504070281982421875e+00 5.193222999572753906e+00 3.421588897705078125e+00 4.060811996459960938e+00 4.210201263427734375e+00 3.047535896301269531e+00 2.810161352157592773e+00 3.994374752044677734e+00 3.590766668319702148e+00 2.142207145690917969e+00
3.091245174407958984e+00 2.892587900161743164e+00 3.188148498535156250e+00 3.844358205795288086e+00 3.354694843292236328e+00 3.753852128982543945e+00 3.490605354309082031e+00 3.167097568511962891e+00 4.046144008636474609e+00 3.240797281265258789e+00 3.671805381774902344e+00 3.180932044982910156e+00 4.800454616546630859e+00 2.760471582412719727e+00 4.281953811645507812e+00 3.632931947708129883e+00 3.743379592895507812e+00 2.311844348907470703e+00 2.592569828033447266e+00 7.275198936462402344e+00
3.396090984344482422e+00 3.493033647537231445e+00 3.773189544677734375e+00 5.450625419616699219e+00 3.972057819366455078e+00 4.257493972778320312e+00 3.229218006134033203e+00 3.832845687866210938e+00 3.981571197509765625e+00 5.034151554107666016e+00 4.508411407470703125e+00 3.522375106811523438e+00 2.576260328292846680e+00 4.392590045928955078e+00 4.066730022430419922e+00 3.425296545028686523e+00 3.483745574951171875e+00 4.528044700622558594e+00 4.335503101348876953e+00 7.022515296936035156e+00
3.650336980819702148e+00 3.407380104064941406e+00 6.293460845947265625e+00 2.906138420104980469e+00 6.802981376647949219e+00 3.307110309600830078e+00 4.273292064666748047e+00 4.058660984039306641e+00 3.170838832855224609e+00 3.157385349273681641e+00 5.119648933410644531e+00 3.108407974243164062e+00 2.910406589508056641e+00 2.794543027877807617e+00 2.863408565521240234e+00 5.548706054687500000e+00 3.610098600387573242e+00 2.685218811035156250e+00 3.674745082855224609e+00 3.547897100448608398e+00
4.455157279968261719e+00 3.414468050003051758e+00 3.480787038803100586e+00 5.698095798492431641e+00 4.248579025268554688e+00 2.635656118392944336e+00 5.163952827453613281e+00 2.912761688232421875e+00 4.987123012542724609e+00 5.120872020721435547e+00 3.472644329071044922e+00 4.730817794799804688e+00 4.104546070098876953e+00 4.296845436096191406e+00 3.664201498031616211e+00 4.222207069396972656e+00 6.762891769409179688e+00 5.149902343750000000e+00 4.684778213500976562e+00 4.084196090698242188e+00
5.015384674072265625e+00 2.553649663925170898e+00 2.466875791549682617e+00 4.556193351745605469e+00 4.124697208404541016e+00 5.237522602081298828e+00 4.776635169982910156e+00 2.570199012756347656e+00 6.042681217193603516e+00 6.242863655090332031e+00 7.527703285217285156e+00 7.260271072387695312e+00 2.658538341522216797e+00 3.211271524429321289e+00 5.079618453979492188e+00 4.196146011352539062e+00 4.343272209167480469e+00 2.711308002471923828e+00 4.672526836395263672e+00 3.341335773468017578e+00
6.574624061584472656e+00 4.910693168640136719e+00 3.447155952453613281e+00 4.215771675109863281e+00 3.696334600448608398e+00 3.582983970642089844e+00 3.659907579421997070e+00 6.063235759735107422e+00 9.606328964233398438e+00 7.372245311737060547e+00 6.615314483642578125e+00 5.637538909912109375e+00 6.267289638519287109e+00 3.057462930679321289e+00 5.823103427886962891e+00 3.646132469177246094e+00 2.828939199447631836e+00 7.635191440582275391e+00 6.895820140838623047e+00 2.828161716461181641e+00
