2019-07-26 22:45:00
6.014118671417236328e+00 6.870900630950927734e+00 7.592496395111083984e+00 4.220017910003662109e+00 3.256932973861694336e+00 3.039366006851196289e+00 2.975219249725341797e+00 3.260583400726318359e+00 5.319925308227539062e+00 8.163711547851562500e+00 3.544807195663452148e+00 2.461651086807250977e+00 3.426693439483642578e+00 4.631350517272949219e+00 3.254311084747314453e+00 5.046231269836425781e+00 5.898118972778320312e+00 1.822619676589965820e+00 2.952717542648315430e+00 2.758703708648681641e+00
7.937790870666503906e+00 5.065322875976562500e+00 7.345996856689453125e+00 6.463269710540771484e+00 3.530952930450439453e+00 3.513121604919433594e+00 5.076173305511474609e+00 3.516113996505737305e+00 4.233938694000244141e+00 3.208394289016723633e+00 4.843556404113769531e+00 4.062629699707031250e+00 5.622304916381835938e+00 3.991820812225341797e+00 4.423708915710449219e+00 3.451564311981201172e+00 6.330300807952880859e+00 5.824606418609619141e+00 3.869436264038085938e+00 4.453027725219726562e+00
4.962205886840820312e+00 6.690717697143554688e+00 8.534793853759765625e+00 8.573654174804687500e+00 6.762162208557128906e+00 8.963482856750488281e+00 6.867042541503906250e+00 2.584681510925292969e+00 3.229763746261596680e+00 4.778645992279052734e+00 6.672082424163818359e+00 5.359949111938476562e+00 3.210108757019042969e+00 7.762104034423828125e+00 3.236433982849121094e+00 3.410637855529785156e+00 8.628746986389160156e+00 7.697931289672851562e+00 3.545640707015991211e+00 4.043239593505859375e+00
2.740179061889648438e+00 7.502038002014160156e+00 4.994156360626220703e+00 1.220982360839843750e+01 4.673777580261230469e+00 4.274828910827636719e+00 1.374857425689697266e+00 5.097939491271972656e+00 2.629818916320800781e+00 8.762350082397460938e+00 5.862068653106689453e+00 9.946987152099609375e+00 3.629001140594482422e+00 4.254040718078613281e+00 6.288685798645019531e+00 3.025589942932128906e+00 3.402340650558471680e+00 5.970044136047363281e+00 4.301873207092285156e+00 4.088040828704833984e+00
3.801954269409179688e+00 4.289919853210449219e+00 4.025866508483886719e+00 2.337119102478027344e+00 3.215898513793945312e+00 4.382122039794921875e+00 3.708315372467041016e+00 7.174167633056640625e+00 1.050571441650390625e+01 6.253009319305419922e+00 7.732071399688720703e+00 4.434788703918457031e+00 4.880383968353271484e+00 4.375913619995117188e+00 6.685335636138916016e+00 4.613272666931152344e+00 3.521815538406372070e+00 5.583509445190429688e+00 5.991073131561279297e+00 4.513938903808593750e+00
6.911135673522949219e+00 3.833436965942382812e+00 7.027421951293945312e+00 4.962275981903076172e+00 8.033790588378906250e+00 5.183775901794433594e+00 3.117385387420654297e+00 4.909224510192871094e+00 4.112658023834228516e+00 7.167885780334472656e+00 4.423085689544677734e+00 5.345429420471191406e+00 5.520936965942382812e+00 5.099695205688476562e+00 3.472199916839599609e+00 6.655524253845214844e+00 3.694744110107421875e+00 5.026656627655029297e+00 6.711822509765625000e+00 4.247336864471435547e+00
7.428569316864013672e+00 6.689342021942138672e+00 6.327347755432128906e+00 5.970165729522705078e+00 9.280361175537109375e+00 6.213611602783203125e+00 3.165782213211059570e+00 4.820853233337402344e+00 2.948386669158935547e+00 4.036118030548095703e+00 2.892925500869750977e+00 3.121242046356201172e+00 4.549044609069824219e+00 5.059504985809326172e+00 3.763118028640747070e+00 6.192523956298828125e+00 3.935021162033081055e+00 2.778165578842163086e+00 7.792290687561035156e+00 6.694264888763427734e+00
4.148886680603027344e+00 4.947492599487304688e+00 3.795184135437011719e+00 7.426004409790039062e+00 4.662860870361328125e+00 7.088799476623535156e+00 2.524208784103393555e+00 3.702704906463623047e+00 2.628640174865722656e+00 3.237064361572265625e+00 2.170650482177734375e+00 3.109745264053344727e+00 5.891897678375244141e+00 6.423829078674316406e+00 2.760114192962646484e+00 4.791535377502441406e+00 5.779336452484130859e+00 3.025501251220703125e+00 8.452886581420898438e+00 3.656216621398925781e+00
5.528831005096435547e+00 4.900225639343261719e+00 7.495202064514160156e+00 6.227476119995117188e+00 5.741826534271240234e+00 3.632106542587280273e+00 4.013902664184570312e+00 3.655471324920654297e+00 2.820367813110351562e+00 4.645695686340332031e+00 3.756352424621582031e+00 3.630451202392578125e+00 4.954817295074462891e+00 5.130236625671386719e+00 2.728840351104736328e+00 3.178786754608154297e+00 6.253474712371826172e+00 3.175791978836059570e+00 4.343061447143554688e+00 3.972169399261474609e+00
9.174547195434570312e+00 6.957689285278320312e+00 3.143772125244140625e+00 2.271523237228393555e+00 4.689011573791503906e+00 3.562292098999023438e+00 4.512803077697753906e+00 2.513416767120361328e+00 4.178070545196533203e+00 8.003973007202148438e+00 5.097220897674560547e+00 5.923398971557617188e+00 4.989830970764160156e+00 3.936559200286865234e+00 2.310657262802124023e+00 3.110741615295410156e+00 7.898972034454345703e+00 2.783899784088134766e+00 4.817636966705322266e+00 2.936610221862792969e+00
3.054094552993774414e+00 3.749642848968505859e+00 2.916400194168090820e+00 2.384052276611328125e+00 2.811871051788330078e+00 2.365095138549804688e+00 3.484686851501464844e+00 2.334458827972412109e+00 3.734346628189086914e+00 3.189229726791381836e+00 4.762616157531738281e+00 6.794591903686523438e+00 3.657196044921875000e+00 4.626571655273437500e+00 4.457959175109863281e+00 2.491448402404785156e+00 4.233826637268066406e+00 8.077313423156738281e+00 3.347048521041870117e+00 5.654632091522216797e+00
2.424530982971191406e+00 2.861239194869995117e+00 2.205378532409667969e+00 3.309698343276977539e+00 3.005868434906005859e+00 3.717057228088378906e+00 2.862989425659179688e+00 3.584505319595336914e+00 3.110318183898925781e+00 3.902095317840576172e+00 1.924618721008300781e+00 3.398749351501464844e+00 4.301071643829345703e+00 3.382872104644775391e+00 3.250934839248657227e+00 5.582353115081787109e+00 4.558401107788085938e+00 3.303074836730957031e+00 3.954816818237304688e+00 3.187782049179077148e+00
2.562758445739746094e+00 2.388533115386962891e+00 2.876270294189453125e+00 2.883346557617187500e+00 4.520427227020263672e+00 2.953662395477294922e+00 3.745040178298950195e+00 3.791819095611572266e+00 3.759824514389038086e+00 3.558857202529907227e+00 3.535531044006347656e+00 4.419746398925781250e+00 4.208198547363281250e+00 2.214996814727783203e+00 3.429333209991455078e+00 2.846064090728759766e+00 4.123374938964843750e+00 1.809814691543579102e+00 5.337106704711914062e+00 3.677240610122680664e+00
3.496318578720092773e+00 3.186577081680297852e+00 4.043908596038818359e+00 2.708071708679199219e+00 3.409128189086914062e+00 4.095427513122558594e+00 4.048322677612304688e+00 2.604353189468383789e+00 4.190654754638671875e+00 2.117272853851318359e+00 3.995825767517089844e+00 4.895644187927246094e+00 5.201789855957031250e+00 2.089825153350830078e+00 3.490222215652465820e+00 1.734408020973205566e+00 2.848770856857299805e+00 3.673806190490722656e+00 2.199350833892822266e+00 4.049146652221679688e+00
3.685994148254394531e+00 5.286861419677734375e+00 3.196823596954345703e+00 3.493614196777343750e+00 3.839333295822143555e+00 4.247618675231933594e+00 4.937390327453613281e+00 3.874835014343261719e+00 3.847695112228393555e+00 3.511401653289794922e+00 4.248384475708007812e+00 3.615433216094970703e+00 4.033653736114501953e+00 3.364065170288085938e+00 1.867984652519226074e+00 3.098187446594238281e+00 2.602459907531738281e+00 4.406062126159667969e+00 1.836066007614135742e+00 4.787670612335205078e+00
4.665772914886474609e+00 4.384574890136718750e+00 4.180819988250732422e+00 3.653569698333740234e+00 4.285185337066650391e+00 3.265402555465698242e+00 3.691688537597656250e+00 3.226084470748901367e+00 4.087835311889648438e+00 3.632229328155517578e+00 4.103065490722656250e+00 3.807924270629882812e+00 3.004534959793090820e+00 4.894817829132080078e+00 3.279396533966064453e+00 3.810865402221679688e+00 3.389791488647460938e+00 4.772979736328125000e+00 5.262558937072753906e+00 5.170883178710937500e+00
2.477704524993896484e+00 3.937423467636108398e+00 4.406659126281738281e+00 2.822477817535400391e+00 5.868187427520751953e+00 3.874028444290161133e+00 3.373363018035888672e+00 2.665938854217529297e+00 3.689263343811035156e+00 4.422545909881591797e+00 3.396442890167236328e+00 3.979739427566528320e+00 3.708415508270263672e+00 3.591192722320556641e+00 3.955215454101562500e+00 3.466270446777343750e+00 3.372500658035278320e+00 3.320987701416015625e+00 2.950579643249511719e+00 4.217597007751464844e+00
5.122239589691162109e+00 2.561289548873901367e+00 3.464848995208740234e+00 6.055548191070556641e+00 4.477645874023437500e+00 2.965686559677124023e+00 3.389063358306884766e+00 2.592291831970214844e+00 5.272143363952636719e+00 5.111289024353027344e+00 4.543394565582275391e+00 4.682324409484863281e+00 4.066930294036865234e+00 3.516285181045532227e+00 3.162887573242187500e+00 3.786924839019775391e+00 3.868669509887695312e+00 5.462494373321533203e+00 1.889925241470336914e+00 3.293568372726440430e+00
2.630547046661376953e+00 2.779049158096313477e+00 3.344035387039184570e+00 3.617648839950561523e+00 3.134012699127197266e+00 4.488752365112304688e+00 5.516935348510742188e+00 5.063119888305664062e+00 4.608189582824707031e+00 5.317777633666992188e+00 9.895734786987304688e+00 5.866917133331298828e+00 4.007374763488769531e+00 2.542802572250366211e+00 4.728526592254638672e+00 2.863564729690551758e+00 3.634419441223144531e+00 3.256213665008544922e+00 3.636867284774780273e+00 2.624116897583007812e+00
3.848319292068481445e+00 4.518646240234375000e+00 4.689821720123291016e+00 6.106194496154785156e+00 4.374851226806640625e+00 4.778764724731445312e+00 5.408379554748535156e+00 4.800778388977050781e+00 4.138740539550781250e+00 8.235963821411132812e+00 7.159308910369873047e+00 8.938343048095703125e+00 7.537206649780273438e+00 3.349007606506347656e+00 5.101139068603515625e+00 3.441126346588134766e+00 3.333895921707153320e+00 5.476684570312500000e+00 3.932316780090332031e+00 3.625332593917846680e+00
