2019-07-26 23:00:00
8.771358489990234375e+00 4.039932250976562500e+00 6.120325565338134766e+00 3.828456163406372070e+00 3.002341032028198242e+00 3.103473663330078125e+00 3.093053340911865234e+00 2.337158203125000000e+00 1.118839454650878906e+01 7.062923431396484375e+00 3.914550781250000000e+00 5.380654335021972656e+00 4.715781211853027344e+00 3.632021903991699219e+00 3.070353031158447266e+00 5.632040023803710938e+00 6.688078880310058594e+00 4.577528953552246094e+00 4.949502944946289062e+00 3.850686550140380859e+00
6.701476097106933594e+00 3.341411590576171875e+00 6.625203609466552734e+00 5.750310897827148438e+00 7.042738914489746094e+00 3.809732437133789062e+00 3.055908203125000000e+00 4.286728858947753906e+00 3.162394523620605469e+00 3.762717008590698242e+00 4.769963264465332031e+00 1.654547691345214844e+00 3.270125150680541992e+00 4.904386043548583984e+00 4.508220195770263672e+00 2.342401027679443359e+00 8.341264724731445312e+00 5.633361816406250000e+00 2.327956199645996094e+00 3.758176565170288086e+00
7.060122013092041016e+00 6.553891181945800781e+00 5.705007076263427734e+00 4.341386318206787109e+00 5.236360549926757812e+00 5.280591011047363281e+00 6.369919776916503906e+00 4.416016101837158203e+00 2.395579338073730469e+00 3.335736751556396484e+00 5.867074012756347656e+00 6.875571727752685547e+00 3.451388835906982422e+00 5.458229064941406250e+00 9.473499298095703125e+00 3.653751850128173828e+00 7.756367683410644531e+00 6.297036647796630859e+00 3.543559312820434570e+00 3.657572746276855469e+00
3.549364566802978516e+00 6.706769943237304688e+00 5.027120113372802734e+00 8.576465606689453125e+00 2.719140052795410156e+00 5.621409893035888672e+00 4.299656867980957031e+00 4.107615470886230469e+00 4.995226860046386719e+00 4.711290359497070312e+00 6.031624317169189453e+00 5.100923061370849609e+00 3.734937667846679688e+00 2.907054901123046875e+00 8.330513954162597656e+00 4.130460739135742188e+00 3.884777069091796875e+00 6.087286949157714844e+00 2.319674015045166016e+00 4.505875587463378906e+00
4.219484329223632812e+00 3.841440677642822266e+00 4.310556411743164062e+00 5.679751396179199219e+00 3.821799755096435547e+00 4.445809364318847656e+00 4.235459327697753906e+00 6.949006557464599609e+00 8.990535736083984375e+00 5.783779144287109375e+00 6.999346733093261719e+00 6.662989616394042969e+00 7.503146171569824219e+00 2.517984628677368164e+00 6.635757446289062500e+00 4.540027618408203125e+00 3.832016944885253906e+00 7.002156257629394531e+00 7.548682212829589844e+00 4.162031650543212891e+00
4.832265853881835938e+00 2.527861595153808594e+00 1.017601299285888672e+01 9.121832847595214844e+00 6.382576942443847656e+00 5.822408676147460938e+00 3.995060682296752930e+00 4.382492065429687500e+00 5.891785621643066406e+00 3.198700428009033203e+00 5.723819255828857422e+00 3.560336112976074219e+00 5.305443763732910156e+00 4.371596336364746094e+00 4.381408691406250000e+00 5.803646564483642578e+00 3.967575550079345703e+00 3.116424083709716797e+00 7.737273216247558594e+00 4.952384471893310547e+00
7.566985130310058594e+00 5.793190002441406250e+00 7.373039245605468750e+00 9.235159873962402344e+00 8.504241943359375000e+00 6.105073928833007812e+00 3.630532741546630859e+00 6.337532520294189453e+00 3.714314937591552734e+00 2.324377536773681641e+00 2.597796440124511719e+00 2.764068841934204102e+00 7.567926406860351562e+00 4.849972248077392578e+00 2.723308563232421875e+00 7.860232353210449219e+00 2.508608102798461914e+00 2.434027194976806641e+00 5.534122943878173828e+00 8.438549041748046875e+00
5.921714782714843750e+00 6.199621200561523438e+00 4.379447460174560547e+00 1.064562034606933594e+01 6.730915546417236328e+00 4.639585494995117188e+00 3.275001287460327148e+00 2.719114303588867188e+00 3.533638477325439453e+00 2.992189645767211914e+00 2.929918766021728516e+00 3.762644767761230469e+00 8.819060325622558594e+00 5.070321083068847656e+00 4.560665130615234375e+00 3.963953018188476562e+00 7.174563884735107422e+00 2.778822660446166992e+00 7.946612834930419922e+00 2.978765487670898438e+00
3.457738399505615234e+00 6.161641597747802734e+00 4.160937309265136719e+00 8.184468269348144531e+00 4.821636199951171875e+00 3.297826051712036133e+00 3.610782146453857422e+00 2.565237045288085938e+00 2.692553043365478516e+00 6.472644805908203125e+00 3.029250383377075195e+00 4.188830375671386719e+00 7.652770996093750000e+00 4.546215534210205078e+00 8.062671661376953125e+00 3.478936195373535156e+00 4.873741626739501953e+00 3.039379119873046875e+00 2.517294406890869141e+00 4.492642402648925781e+00
4.952196121215820312e+00 4.143334388732910156e+00 4.167510032653808594e+00 4.019975662231445312e+00 4.135292053222656250e+00 3.064703941345214844e+00 4.019626140594482422e+00 3.324534893035888672e+00 3.686423301696777344e+00 5.602349281311035156e+00 5.270630836486816406e+00 5.270091533660888672e+00 5.096097946166992188e+00 3.131433486938476562e+00 2.759702682495117188e+00 3.734459400177001953e+00 6.322612762451171875e+00 3.894009113311767578e+00 3.506953954696655273e+00 3.249902248382568359e+00
3.192984819412231445e+00 3.439033985137939453e+00 2.390638351440429688e+00 2.869992494583129883e+00 4.260842323303222656e+00 2.787922382354736328e+00 3.111507892608642578e+00 4.170836448669433594e+00 2.883009672164916992e+00 4.023462295532226562e+00 2.829338073730468750e+00 8.165504455566406250e+00 5.037590503692626953e+00 6.601796627044677734e+00 3.638211488723754883e+00 2.534621000289916992e+00 4.522898674011230469e+00 4.226743221282958984e+00 4.211551666259765625e+00 4.892857551574707031e+00
1.986966729164123535e+00 4.068366527557373047e+00 2.987251043319702148e+00 2.276802062988281250e+00 2.495185852050781250e+00 3.761077642440795898e+00 3.061088085174560547e+00 2.173640489578247070e+00 3.020832777023315430e+00 2.689433097839355469e+00 2.091214656829833984e+00 2.381122112274169922e+00 4.988422393798828125e+00 5.018009185791015625e+00 3.116216421127319336e+00 6.588488578796386719e+00 3.653368949890136719e+00 2.706164598464965820e+00 3.626426458358764648e+00 2.969666957855224609e+00
4.276664733886718750e+00 3.109664916992187500e+00 3.795734167098999023e+00 2.145431518554687500e+00 3.043718576431274414e+00 3.250170707702636719e+00 3.650916814804077148e+00 3.151131153106689453e+00 5.269611835479736328e+00 3.601930856704711914e+00 3.123721837997436523e+00 1.956635713577270508e+00 3.624217033386230469e+00 2.721441507339477539e+00 2.594452381134033203e+00 3.076959133148193359e+00 3.036252021789550781e+00 3.623416423797607422e+00 6.641259193420410156e+00 4.263237476348876953e+00
2.382654428482055664e+00 3.388855457305908203e+00 2.912207126617431641e+00 3.814492464065551758e+00 3.266800642013549805e+00 4.327859401702880859e+00 2.669295310974121094e+00 3.209455728530883789e+00 2.409842252731323242e+00 5.485992431640625000e+00 3.005494356155395508e+00 1.859673738479614258e+00 3.235863208770751953e+00 2.517415046691894531e+00 4.405488491058349609e+00 3.040378570556640625e+00 3.396241188049316406e+00 3.309566259384155273e+00 3.767524480819702148e+00 2.888323068618774414e+00
4.693014144897460938e+00 5.408844947814941406e+00 4.690700531005859375e+00 2.603909492492675781e+00 2.182889938354492188e+00 2.336562156677246094e+00 3.443677902221679688e+00 1.953015327453613281e+00 3.778663873672485352e+00 4.733517646789550781e+00 2.076499938964843750e+00 5.150864601135253906e+00 3.548233509063720703e+00 5.126702785491943359e+00 4.004068374633789062e+00 4.145813941955566406e+00 3.529835462570190430e+00 3.106595039367675781e+00 2.461538076400756836e+00 4.977631568908691406e+00
2.793828964233398438e+00 4.955114364624023438e+00 4.488895416259765625e+00 3.958391427993774414e+00 2.985902309417724609e+00 5.052079677581787109e+00 3.140385866165161133e+00 2.884584665298461914e+00 3.205331325531005859e+00 3.741532087326049805e+00 1.816684484481811523e+00 3.406683444976806641e+00 4.275867938995361328e+00 3.247981786727905273e+00 2.466650247573852539e+00 3.082995891571044922e+00 3.851782321929931641e+00 3.857918739318847656e+00 3.013020038604736328e+00 6.982786178588867188e+00
2.971155166625976562e+00 4.875769615173339844e+00 4.772668838500976562e+00 3.102652072906494141e+00 9.573860168457031250e+00 3.749039173126220703e+00 4.631166458129882812e+00 3.398141622543334961e+00 5.302605152130126953e+00 2.678810596466064453e+00 2.857944011688232422e+00 3.899601459503173828e+00 3.199916839599609375e+00 5.300925254821777344e+00 4.111368179321289062e+00 4.278842926025390625e+00 4.312276840209960938e+00 3.317215919494628906e+00 1.594096064567565918e+00 6.452052593231201172e+00
2.736342191696166992e+00 2.420804262161254883e+00 3.917180538177490234e+00 3.205170154571533203e+00 6.485579013824462891e+00 2.516168117523193359e+00 7.488535881042480469e+00 4.370047569274902344e+00 4.519147872924804688e+00 5.445507049560546875e+00 5.060046672821044922e+00 1.861898422241210938e+00 2.679419517517089844e+00 2.753240585327148438e+00 2.728173255920410156e+00 4.678487300872802734e+00 2.947827816009521484e+00 3.067312717437744141e+00 2.711757421493530273e+00 2.760053634643554688e+00
3.769026756286621094e+00 2.358625650405883789e+00 3.077175378799438477e+00 2.143467903137207031e+00 4.500024795532226562e+00 5.583089828491210938e+00 4.427560806274414062e+00 3.886193275451660156e+00 5.605605125427246094e+00 9.317554473876953125e+00 6.500226974487304688e+00 6.993184566497802734e+00 3.427227258682250977e+00 3.043330192565917969e+00 3.714902877807617188e+00 5.047641754150390625e+00 4.104093551635742188e+00 3.078664779663085938e+00 4.129594802856445312e+00 3.874818801879882812e+00
4.527744770050048828e+00 3.988880157470703125e+00 3.049729347229003906e+00 4.837247848510742188e+00 4.949617385864257812e+00 3.739457607269287109e+00 6.745687007904052734e+00 3.475737094879150391e+00 1.042785835266113281e+01 6.543367862701416016e+00 7.991487979888916016e+00 5.427319049835205078e+00 6.086745262145996094e+00 2.775333881378173828e+00 4.751932144165039062e+00 4.770014762878417969e+00 4.856273651123046875e+00 4.112977027893066406e+00 5.984498977661132812e+00 2.689647197723388672e+00
