2019-07-26 23:30:00
5.590412139892578125e+00 5.473969459533691406e+00 7.936205387115478516e+00 2.443515062332153320e+00 4.252579689025878906e+00 2.899905204772949219e+00 2.501349925994873047e+00 4.694497108459472656e+00 7.632486820220947266e+00 6.765530109405517578e+00 3.872923374176025391e+00 3.536408424377441406e+00 9.606365203857421875e+00 2.644240140914916992e+00 3.668523311614990234e+00 5.723608970642089844e+00 5.900671958923339844e+00 2.990598201751708984e+00 4.086291313171386719e+00 3.148449897766113281e+00
5.540537834167480469e+00 4.588764190673828125e+00 7.951826095581054688e+00 6.816754341125488281e+00 3.661294698715209961e+00 3.919137477874755859e+00 4.560534477233886719e+00 5.894034862518310547e+00 3.136267900466918945e+00 3.478550910949707031e+00 4.157184600830078125e+00 3.181432247161865234e+00 2.443370342254638672e+00 5.461290836334228516e+00 3.879745483398437500e+00 3.870781183242797852e+00 6.267467498779296875e+00 8.278751373291015625e+00 4.200496196746826172e+00 3.613689661026000977e+00
4.565911293029785156e+00 5.987580299377441406e+00 7.122881889343261719e+00 8.813978195190429688e+00 2.542173147201538086e+00 8.333824157714843750e+00 4.854660511016845703e+00 5.287600517272949219e+00 4.208202838897705078e+00 2.724180459976196289e+00 5.093024730682373047e+00 3.932374477386474609e+00 4.483496665954589844e+00 4.485497474670410156e+00 4.915772438049316406e+00 4.686156272888183594e+00 7.710963249206542969e+00 7.717898368835449219e+00 3.743490219116210938e+00 3.631858110427856445e+00
3.362694263458251953e+00 6.099255561828613281e+00 8.228406906127929688e+00 5.341052055358886719e+00 3.709174633026123047e+00 3.833512783050537109e+00 3.307404041290283203e+00 2.691596984863281250e+00 4.384987354278564453e+00 3.321253299713134766e+00 7.946938037872314453e+00 9.738145828247070312e+00 4.141077041625976562e+00 4.267080307006835938e+00 4.447950363159179688e+00 3.870197772979736328e+00 2.712713718414306641e+00 8.095779418945312500e+00 5.338710308074951172e+00 2.638354063034057617e+00
4.118371009826660156e+00 4.769569396972656250e+00 3.645076751708984375e+00 3.689561843872070312e+00 4.813029766082763672e+00 4.442407608032226562e+00 4.009744644165039062e+00 7.772576808929443359e+00 3.144142627716064453e+00 5.019267082214355469e+00 7.539282321929931641e+00 4.771830081939697266e+00 5.658946990966796875e+00 4.710364341735839844e+00 7.697033405303955078e+00 7.079646587371826172e+00 4.240178108215332031e+00 8.209252357482910156e+00 4.093081951141357422e+00 4.066088676452636719e+00
6.666952133178710938e+00 3.811950206756591797e+00 6.305376529693603516e+00 5.296722888946533203e+00 5.805418968200683594e+00 1.063662719726562500e+01 2.380098581314086914e+00 6.013402938842773438e+00 8.380556106567382812e+00 5.939667701721191406e+00 5.922574520111083984e+00 6.476554870605468750e+00 7.764202594757080078e+00 3.946595668792724609e+00 3.759946823120117188e+00 7.398857116699218750e+00 2.639310359954833984e+00 4.458013534545898438e+00 5.828399658203125000e+00 3.206089496612548828e+00
2.916446208953857422e+00 9.942081451416015625e+00 4.703686714172363281e+00 4.435466766357421875e+00 5.253671646118164062e+00 4.590713500976562500e+00 3.093259811401367188e+00 4.785755157470703125e+00 4.768600940704345703e+00 3.605976581573486328e+00 3.234234809875488281e+00 3.521399021148681641e+00 8.126235008239746094e+00 8.787158966064453125e+00 2.849578380584716797e+00 5.726260185241699219e+00 3.175097227096557617e+00 4.486461639404296875e+00 5.908843517303466797e+00 7.451797485351562500e+00
6.534132003784179688e+00 4.546226024627685547e+00 4.155300617218017578e+00 4.087657928466796875e+00 5.536562919616699219e+00 5.445627212524414062e+00 3.713297367095947266e+00 3.482518196105957031e+00 4.329542160034179688e+00 3.374680995941162109e+00 3.126733064651489258e+00 3.883865833282470703e+00 4.957789421081542969e+00 8.828058242797851562e+00 3.642548561096191406e+00 3.664567232131958008e+00 7.044551849365234375e+00 2.540551185607910156e+00 8.729887962341308594e+00 3.972971200942993164e+00
3.961866855621337891e+00 3.494207859039306641e+00 5.437890529632568359e+00 8.596586227416992188e+00 8.882286071777343750e+00 3.371990203857421875e+00 3.931917190551757812e+00 3.036379814147949219e+00 4.738733291625976562e+00 4.743641376495361328e+00 4.372602462768554688e+00 4.018493175506591797e+00 5.941339015960693359e+00 4.564450263977050781e+00 4.787569999694824219e+00 2.700385332107543945e+00 6.761415481567382812e+00 2.564163684844970703e+00 2.742004871368408203e+00 3.609082221984863281e+00
5.209562301635742188e+00 5.003283500671386719e+00 3.893856763839721680e+00 3.407234668731689453e+00 5.124234199523925781e+00 2.869336605072021484e+00 4.075620651245117188e+00 3.473790407180786133e+00 3.411118984222412109e+00 4.402208805084228516e+00 6.798115730285644531e+00 7.770616531372070312e+00 4.165594100952148438e+00 2.958340167999267578e+00 3.674463748931884766e+00 3.915927410125732422e+00 4.656483650207519531e+00 3.093538284301757812e+00 3.419986248016357422e+00 2.054859161376953125e+00
4.823610305786132812e+00 2.225500822067260742e+00 4.222636699676513672e+00 2.739451169967651367e+00 3.671257734298706055e+00 3.627061605453491211e+00 3.432182788848876953e+00 4.634293079376220703e+00 3.469610214233398438e+00 2.553646326065063477e+00 3.324579000473022461e+00 5.182429313659667969e+00 5.815456390380859375e+00 6.319802284240722656e+00 4.094062328338623047e+00 2.783478260040283203e+00 2.252384185791015625e+00 5.622789382934570312e+00 4.338665008544921875e+00 4.933672904968261719e+00
4.519382476806640625e+00 3.069807529449462891e+00 3.230080604553222656e+00 3.691418409347534180e+00 4.821917533874511719e+00 4.620178222656250000e+00 4.940022468566894531e+00 3.134877681732177734e+00 3.568232059478759766e+00 2.787448406219482422e+00 3.720837354660034180e+00 3.455656051635742188e+00 4.483125686645507812e+00 4.425774574279785156e+00 3.795997619628906250e+00 6.961809158325195312e+00 3.665648460388183594e+00 3.143293619155883789e+00 3.131665706634521484e+00 4.521945953369140625e+00
4.534754753112792969e+00 2.463732242584228516e+00 3.859601974487304688e+00 3.593315124511718750e+00 3.662632465362548828e+00 3.792618274688720703e+00 1.354972481727600098e+00 2.537352561950683594e+00 3.486277341842651367e+00 5.053708076477050781e+00 3.853412866592407227e+00 4.753409385681152344e+00 3.380769729614257812e+00 4.829109191894531250e+00 3.483566999435424805e+00 3.679607629776000977e+00 4.483863830566406250e+00 3.701345443725585938e+00 5.276191711425781250e+00 4.662964344024658203e+00
4.930260658264160156e+00 3.093518018722534180e+00 4.730854034423828125e+00 2.097054958343505859e+00 2.395513057708740234e+00 4.301694869995117188e+00 3.369506835937500000e+00 3.205854177474975586e+00 2.469741821289062500e+00 2.322148799896240234e+00 2.235923290252685547e+00 4.420269489288330078e+00 5.457363605499267578e+00 3.883580207824707031e+00 4.084363937377929688e+00 3.211256265640258789e+00 2.223783493041992188e+00 4.506644248962402344e+00 4.062811374664306641e+00 3.670299291610717773e+00
3.206583976745605469e+00 4.217514514923095703e+00 4.687216758728027344e+00 1.932417869567871094e+00 5.518992424011230469e+00 3.726099967956542969e+00 3.782089233398437500e+00 3.838466644287109375e+00 3.521926879882812500e+00 2.763411521911621094e+00 2.837890148162841797e+00 3.941478967666625977e+00 3.608122587203979492e+00 2.655571222305297852e+00 4.183342933654785156e+00 3.681798219680786133e+00 4.268239021301269531e+00 4.018069267272949219e+00 2.791245937347412109e+00 5.720917701721191406e+00
4.540325164794921875e+00 2.309788703918457031e+00 3.120633125305175781e+00 2.619296312332153320e+00 3.336096048355102539e+00 3.516200542449951172e+00 3.609067201614379883e+00 3.522551298141479492e+00 3.114099979400634766e+00 3.785771846771240234e+00 3.518712997436523438e+00 3.058776617050170898e+00 3.215792417526245117e+00 2.440718889236450195e+00 3.008728981018066406e+00 4.086718082427978516e+00 1.941600084304809570e+00 3.846075296401977539e+00 2.697341442108154297e+00 7.399168491363525391e+00
2.391509056091308594e+00 5.667418003082275391e+00 5.117531776428222656e+00 4.712393760681152344e+00 7.732573032379150391e+00 4.403725624084472656e+00 3.667550086975097656e+00 2.729352712631225586e+00 3.743748664855957031e+00 2.327107429504394531e+00 5.408076286315917969e+00 4.195288658142089844e+00 4.389619350433349609e+00 1.785154819488525391e+00 3.061031341552734375e+00 3.543780326843261719e+00 2.380864143371582031e+00 3.595884084701538086e+00 3.961770057678222656e+00 5.518516540527343750e+00
4.470090866088867188e+00 3.257745981216430664e+00 3.706877470016479492e+00 4.320540428161621094e+00 4.323334693908691406e+00 4.361104965209960938e+00 5.611567497253417969e+00 2.954308271408081055e+00 4.002038955688476562e+00 4.231428146362304688e+00 3.939277172088623047e+00 2.708758354187011719e+00 5.649556636810302734e+00 3.529190540313720703e+00 4.192521095275878906e+00 2.364916324615478516e+00 4.449144363403320312e+00 5.600200653076171875e+00 3.137579917907714844e+00 4.160850048065185547e+00
4.011433601379394531e+00 3.116938591003417969e+00 2.335267066955566406e+00 2.798000097274780273e+00 5.768661975860595703e+00 2.169547557830810547e+00 2.695961475372314453e+00 4.118021011352539062e+00 4.715021610260009766e+00 4.693705558776855469e+00 7.853391170501708984e+00 8.704024314880371094e+00 3.818343400955200195e+00 3.112849712371826172e+00 4.599271297454833984e+00 3.253465175628662109e+00 3.098215818405151367e+00 4.083425521850585938e+00 7.304633140563964844e+00 3.112816810607910156e+00
3.814921140670776367e+00 3.146367788314819336e+00 3.578912734985351562e+00 6.259398460388183594e+00 6.133464336395263672e+00 3.242457866668701172e+00 3.773170471191406250e+00 6.412422657012939453e+00 4.379075527191162109e+00 6.135587692260742188e+00 7.229783058166503906e+00 8.478105545043945312e+00 9.255705833435058594e+00 2.110206604003906250e+00 5.983666419982910156e+00 3.813633918762207031e+00 2.884374380111694336e+00 6.097812175750732422e+00 4.873558521270751953e+00 5.088340759277343750e+00
