2019-07-25 02:30:00
8.242671966552734375e+00 6.903507709503173828e+00 6.820606231689453125e+00 3.234357118606567383e+00 3.707485198974609375e+00 2.801947116851806641e+00 2.849567651748657227e+00 1.864313244819641113e+00 4.190030097961425781e+00 5.284609794616699219e+00 3.751614570617675781e+00 2.973126888275146484e+00 6.582262039184570312e+00 4.603476047515869141e+00 3.117968559265136719e+00 5.475361824035644531e+00 7.147034645080566406e+00 2.966626167297363281e+00 2.633732795715332031e+00 3.852659702301025391e+00
3.629128932952880859e+00 5.002929687500000000e+00 9.229560852050781250e+00 6.817383766174316406e+00 1.008712005615234375e+01 4.556074142456054688e+00 2.699482917785644531e+00 3.713505268096923828e+00 2.945458412170410156e+00 3.046017169952392578e+00 3.839056968688964844e+00 2.753195762634277344e+00 2.702862501144409180e+00 3.563816785812377930e+00 3.458967685699462891e+00 3.346930980682373047e+00 3.981078147888183594e+00 7.083076477050781250e+00 4.480969429016113281e+00 4.287084579467773438e+00
6.190710067749023438e+00 5.552725315093994141e+00 7.233668327331542969e+00 4.488999843597412109e+00 5.566154956817626953e+00 5.634572982788085938e+00 2.830434083938598633e+00 2.668172597885131836e+00 2.464472770690917969e+00 4.184036731719970703e+00 6.642595291137695312e+00 5.860703468322753906e+00 4.413596153259277344e+00 5.799919128417968750e+00 5.551406383514404297e+00 3.450606107711791992e+00 6.400124073028564453e+00 4.634052276611328125e+00 4.727601051330566406e+00 2.952241659164428711e+00
3.841247558593750000e+00 6.849574089050292969e+00 4.028295516967773438e+00 5.067524433135986328e+00 3.952881813049316406e+00 3.421796321868896484e+00 3.541491031646728516e+00 2.459522724151611328e+00 3.138944149017333984e+00 8.066068649291992188e+00 6.887569427490234375e+00 5.361911773681640625e+00 3.167647838592529297e+00 3.941816806793212891e+00 6.405754089355468750e+00 3.030938386917114258e+00 3.753168821334838867e+00 5.522301197052001953e+00 3.371698141098022461e+00 3.465835332870483398e+00
3.454036712646484375e+00 4.469639778137207031e+00 3.211044788360595703e+00 3.622143030166625977e+00 4.609154701232910156e+00 4.729715347290039062e+00 3.045202255249023438e+00 7.158310890197753906e+00 3.651321172714233398e+00 4.612139701843261719e+00 8.682607650756835938e+00 3.994015932083129883e+00 5.120223522186279297e+00 5.063620567321777344e+00 7.508605957031250000e+00 8.950029373168945312e+00 2.323948621749877930e+00 8.097902297973632812e+00 7.721997737884521484e+00 3.239788532257080078e+00
5.739338874816894531e+00 3.137647151947021484e+00 7.037051677703857422e+00 7.288410186767578125e+00 5.178652763366699219e+00 4.935132026672363281e+00 2.576885461807250977e+00 5.820487976074218750e+00 6.885120391845703125e+00 3.304859638214111328e+00 6.328745841979980469e+00 6.783765792846679688e+00 5.204394340515136719e+00 3.252713203430175781e+00 3.631824970245361328e+00 1.082187271118164062e+01 3.284651279449462891e+00 4.471560478210449219e+00 1.026279544830322266e+01 4.886066436767578125e+00
5.372782707214355469e+00 8.025161743164062500e+00 6.385904312133789062e+00 6.360550880432128906e+00 8.970542907714843750e+00 6.252466201782226562e+00 3.031505584716796875e+00 5.980433464050292969e+00 3.771436452865600586e+00 3.224812030792236328e+00 3.710015535354614258e+00 3.598976135253906250e+00 7.778968811035156250e+00 6.280234813690185547e+00 4.414830207824707031e+00 6.031309127807617188e+00 3.319042205810546875e+00 2.472952365875244141e+00 7.075261116027832031e+00 5.869814395904541016e+00
3.405865192413330078e+00 2.923140048980712891e+00 2.412694931030273438e+00 5.329018592834472656e+00 7.096170902252197266e+00 4.096497535705566406e+00 3.762937545776367188e+00 2.957652091979980469e+00 4.708542346954345703e+00 4.329189777374267578e+00 3.884987354278564453e+00 3.171444416046142578e+00 3.979032039642333984e+00 6.226209640502929688e+00 4.115589141845703125e+00 4.374143600463867188e+00 7.170484066009521484e+00 2.599856853485107422e+00 6.182102203369140625e+00 2.940716981887817383e+00
3.838798522949218750e+00 4.054733276367187500e+00 4.552937030792236328e+00 6.876749515533447266e+00 4.693172454833984375e+00 2.582404136657714844e+00 3.004879474639892578e+00 2.828804016113281250e+00 2.821792602539062500e+00 4.022567749023437500e+00 2.956645965576171875e+00 2.493371963500976562e+00 5.999882221221923828e+00 2.311935901641845703e+00 6.457154273986816406e+00 3.145268440246582031e+00 5.515182971954345703e+00 3.391622543334960938e+00 2.544401168823242188e+00 3.919078111648559570e+00
6.643988609313964844e+00 4.923106193542480469e+00 3.705199956893920898e+00 4.407439708709716797e+00 3.861204147338867188e+00 2.164399623870849609e+00 3.395661592483520508e+00 3.071523189544677734e+00 4.638376235961914062e+00 6.575165271759033203e+00 3.598869562149047852e+00 4.265080451965332031e+00 6.381272315979003906e+00 3.653262853622436523e+00 2.456912994384765625e+00 2.750961303710937500e+00 6.068393707275390625e+00 3.006797790527343750e+00 3.963288784027099609e+00 1.903539419174194336e+00
3.346106767654418945e+00 3.787090778350830078e+00 3.701374769210815430e+00 4.373548984527587891e+00 3.278127670288085938e+00 3.600151062011718750e+00 2.801818370819091797e+00 3.235514402389526367e+00 3.554191589355468750e+00 3.727443695068359375e+00 3.776146173477172852e+00 3.380943298339843750e+00 6.320669651031494141e+00 6.810218811035156250e+00 3.003094196319580078e+00 3.666308879852294922e+00 5.221537113189697266e+00 5.127906799316406250e+00 3.442287445068359375e+00 4.856298446655273438e+00
3.087657451629638672e+00 3.288384437561035156e+00 3.243477582931518555e+00 2.531614780426025391e+00 3.749199628829956055e+00 1.770003795623779297e+00 1.783755421638488770e+00 3.974285364151000977e+00 2.372052431106567383e+00 3.908816814422607422e+00 3.870374202728271484e+00 2.770475387573242188e+00 3.183622360229492188e+00 1.810257792472839355e+00 3.185892581939697266e+00 7.102992057800292969e+00 4.184314727783203125e+00 3.596168994903564453e+00 2.785010099411010742e+00 2.501892566680908203e+00
3.986093282699584961e+00 2.919143199920654297e+00 3.742015361785888672e+00 4.517556190490722656e+00 3.727792739868164062e+00 3.288506269454956055e+00 3.084034919738769531e+00 3.597268581390380859e+00 4.650388717651367188e+00 3.342708826065063477e+00 2.916184425354003906e+00 2.621638774871826172e+00 2.984040737152099609e+00 3.970580339431762695e+00 3.139802932739257812e+00 2.531398296356201172e+00 4.436739921569824219e+00 2.717563390731811523e+00 2.937955141067504883e+00 3.825758934020996094e+00
3.048549890518188477e+00 2.691704273223876953e+00 2.151125431060791016e+00 3.187804698944091797e+00 2.286270856857299805e+00 3.310802936553955078e+00 3.496857643127441406e+00 3.514472007751464844e+00 2.851115703582763672e+00 3.751334190368652344e+00 3.602812528610229492e+00 3.390208721160888672e+00 3.825367212295532227e+00 2.226392507553100586e+00 3.060127973556518555e+00 4.773035049438476562e+00 5.951118469238281250e+00 3.311532020568847656e+00 3.254708528518676758e+00 3.698421001434326172e+00
4.562399864196777344e+00 3.005463123321533203e+00 3.494575500488281250e+00 3.017392635345458984e+00 3.196955204010009766e+00 2.358124256134033203e+00 4.551811695098876953e+00 2.901338815689086914e+00 3.391515970230102539e+00 2.158458232879638672e+00 3.885253667831420898e+00 4.307596206665039062e+00 2.832301855087280273e+00 3.271474361419677734e+00 3.486615657806396484e+00 2.816104888916015625e+00 4.201564788818359375e+00 3.250167846679687500e+00 3.285796642303466797e+00 4.258006095886230469e+00
2.833560466766357422e+00 3.712448596954345703e+00 3.874138355255126953e+00 4.568669319152832031e+00 3.443198680877685547e+00 2.518841981887817383e+00 4.312983512878417969e+00 2.717640399932861328e+00 3.390346527099609375e+00 4.240571022033691406e+00 4.854394912719726562e+00 3.599877357482910156e+00 2.981831312179565430e+00 3.535799503326416016e+00 3.598516941070556641e+00 3.970965385437011719e+00 3.111104965209960938e+00 5.141618728637695312e+00 4.319256782531738281e+00 5.711562156677246094e+00
3.151586771011352539e+00 1.790157079696655273e+00 3.352103471755981445e+00 2.201387166976928711e+00 7.504205703735351562e+00 2.231508731842041016e+00 3.504231929779052734e+00 4.007194042205810547e+00 4.041891574859619141e+00 3.927923202514648438e+00 3.634019374847412109e+00 4.310299396514892578e+00 3.492444038391113281e+00 2.983432292938232422e+00 2.689928770065307617e+00 4.532279491424560547e+00 2.772090911865234375e+00 3.794351577758789062e+00 4.243692398071289062e+00 5.025842189788818359e+00
3.223065376281738281e+00 2.954706430435180664e+00 2.548637151718139648e+00 4.961935043334960938e+00 5.183402538299560547e+00 4.027035713195800781e+00 6.189471721649169922e+00 2.840973377227783203e+00 3.963977813720703125e+00 4.223528385162353516e+00 3.138811588287353516e+00 2.894754171371459961e+00 2.971148490905761719e+00 2.239621162414550781e+00 3.024883270263671875e+00 2.884574413299560547e+00 6.129683971405029297e+00 3.718986034393310547e+00 3.275324821472167969e+00 3.168802499771118164e+00
3.225752830505371094e+00 3.129254341125488281e+00 3.348892688751220703e+00 3.097927331924438477e+00 3.644374847412109375e+00 4.702131271362304688e+00 3.839951038360595703e+00 4.013223171234130859e+00 5.128343582153320312e+00 4.110238075256347656e+00 7.387776374816894531e+00 6.028069019317626953e+00 4.883028984069824219e+00 2.963399410247802734e+00 3.290795564651489258e+00 3.693764448165893555e+00 3.821629524230957031e+00 5.376485347747802734e+00 3.871920347213745117e+00 2.177412509918212891e+00
3.998823642730712891e+00 4.938013553619384766e+00 3.204529523849487305e+00 4.957715988159179688e+00 3.184153079986572266e+00 3.332885980606079102e+00 3.716499090194702148e+00 4.171249389648437500e+00 4.121681690216064453e+00 7.533327102661132812e+00 6.671512603759765625e+00 4.783678054809570312e+00 6.300784111022949219e+00 3.231781959533691406e+00 4.314790248870849609e+00 3.320427417755126953e+00 4.131189823150634766e+00 4.658065795898437500e+00 3.090747594833374023e+00 3.310138463973999023e+00
