2019-07-25 02:45:00
6.580732822418212891e+00 5.023403167724609375e+00 3.855934619903564453e+00 4.225084304809570312e+00 3.129311084747314453e+00 2.741744995117187500e+00 3.717009067535400391e+00 4.644048213958740234e+00 1.234692382812500000e+01 4.967928886413574219e+00 3.627043247222900391e+00 2.916141510009765625e+00 4.284797191619873047e+00 2.426596641540527344e+00 2.408429861068725586e+00 5.222696304321289062e+00 6.737111091613769531e+00 2.082388401031494141e+00 3.234545946121215820e+00 2.906408548355102539e+00
6.921385765075683594e+00 3.934056043624877930e+00 5.755450248718261719e+00 3.425792932510375977e+00 6.480442523956298828e+00 2.500689029693603516e+00 2.422003269195556641e+00 4.313444614410400391e+00 3.471098899841308594e+00 3.070408105850219727e+00 5.279577255249023438e+00 4.559546470642089844e+00 3.168239593505859375e+00 7.455865859985351562e+00 2.978140115737915039e+00 3.066148519515991211e+00 9.335404396057128906e+00 2.981769084930419922e+00 4.491114616394042969e+00 4.028375625610351562e+00
5.345020294189453125e+00 4.013332366943359375e+00 5.094789505004882812e+00 6.063688278198242188e+00 5.425456047058105469e+00 2.602040767669677734e+00 6.389013290405273438e+00 3.062085151672363281e+00 3.312561273574829102e+00 2.764517784118652344e+00 5.512033462524414062e+00 7.544796943664550781e+00 2.778611898422241211e+00 4.413601875305175781e+00 5.852097511291503906e+00 3.148353338241577148e+00 5.089586257934570312e+00 4.234489440917968750e+00 4.827519416809082031e+00 3.313660144805908203e+00
3.281959533691406250e+00 7.258805751800537109e+00 8.340778350830078125e+00 6.973582267761230469e+00 3.887835979461669922e+00 3.124984264373779297e+00 2.607205629348754883e+00 3.125129699707031250e+00 2.575919151306152344e+00 7.787793636322021484e+00 4.157253265380859375e+00 3.858157873153686523e+00 3.332789421081542969e+00 2.654220581054687500e+00 3.558657169342041016e+00 4.166798591613769531e+00 4.066269874572753906e+00 7.564612865447998047e+00 2.800079107284545898e+00 2.683802127838134766e+00
3.057880401611328125e+00 3.748571872711181641e+00 2.257689952850341797e+00 2.619991779327392578e+00 3.764866113662719727e+00 3.913795471191406250e+00 3.711568593978881836e+00 3.504367828369140625e+00 2.824524879455566406e+00 6.185572624206542969e+00 7.386690139770507812e+00 4.442049026489257812e+00 4.497471809387207031e+00 3.517994880676269531e+00 6.600763320922851562e+00 4.773678779602050781e+00 3.052243232727050781e+00 6.848148345947265625e+00 6.497830390930175781e+00 3.754910707473754883e+00
4.878783226013183594e+00 3.129578113555908203e+00 1.064528942108154297e+01 5.852295875549316406e+00 6.240015029907226562e+00 4.267780780792236328e+00 2.692124843597412109e+00 2.689996480941772461e+00 5.897663116455078125e+00 6.815062999725341797e+00 8.765518188476562500e+00 6.553006172180175781e+00 7.811932563781738281e+00 2.994644641876220703e+00 3.313377857208251953e+00 3.868309020996093750e+00 2.762047290802001953e+00 7.248810768127441406e+00 5.845284461975097656e+00 2.801692962646484375e+00
9.711698532104492188e+00 7.117880821228027344e+00 5.519497394561767578e+00 4.128678321838378906e+00 4.635540962219238281e+00 5.591886520385742188e+00 3.439452409744262695e+00 5.698304653167724609e+00 4.156646728515625000e+00 3.878551483154296875e+00 3.356896877288818359e+00 4.265501022338867188e+00 7.041807174682617188e+00 7.108732700347900391e+00 4.391793251037597656e+00 6.647704601287841797e+00 2.701844215393066406e+00 2.844496726989746094e+00 6.078764438629150391e+00 7.745719909667968750e+00
9.197203636169433594e+00 3.552642107009887695e+00 3.984480857849121094e+00 5.530734062194824219e+00 7.413197994232177734e+00 5.180059432983398438e+00 3.756211280822753906e+00 5.685162067413330078e+00 3.613656520843505859e+00 2.817157745361328125e+00 3.084002017974853516e+00 4.184424877166748047e+00 4.878401756286621094e+00 4.723905563354492188e+00 2.403837203979492188e+00 2.247011899948120117e+00 5.612656593322753906e+00 2.869436264038085938e+00 5.685363769531250000e+00 2.609624624252319336e+00
4.889815330505371094e+00 5.238462448120117188e+00 6.671855926513671875e+00 4.022983074188232422e+00 6.136342525482177734e+00 2.618442058563232422e+00 2.162102460861206055e+00 3.388240337371826172e+00 4.325630187988281250e+00 6.324838161468505859e+00 3.352830171585083008e+00 3.738430976867675781e+00 5.293363571166992188e+00 5.130989074707031250e+00 4.860403060913085938e+00 1.653963208198547363e+00 3.712071895599365234e+00 3.066154956817626953e+00 2.353129148483276367e+00 2.170464038848876953e+00
3.884505033493041992e+00 5.132044315338134766e+00 3.963289499282836914e+00 2.984936952590942383e+00 5.050638198852539062e+00 3.199445724487304688e+00 4.268915176391601562e+00 2.557568073272705078e+00 8.579101562500000000e+00 3.775241613388061523e+00 5.240043163299560547e+00 5.011730670928955078e+00 7.911768913269042969e+00 3.415571689605712891e+00 2.256923675537109375e+00 2.938828229904174805e+00 3.868069171905517578e+00 4.278572082519531250e+00 3.586129665374755859e+00 2.788609981536865234e+00
3.481334447860717773e+00 3.568160772323608398e+00 3.402574300765991211e+00 3.587193012237548828e+00 2.797602176666259766e+00 3.603503704071044922e+00 5.166537284851074219e+00 4.274004459381103516e+00 2.340383768081665039e+00 2.978182792663574219e+00 4.514873981475830078e+00 8.286053657531738281e+00 6.856000423431396484e+00 6.258118152618408203e+00 2.965904235839843750e+00 3.893932342529296875e+00 4.883704185485839844e+00 6.386964797973632812e+00 4.338865756988525391e+00 3.014375686645507812e+00
3.459397077560424805e+00 3.680963039398193359e+00 2.178416490554809570e+00 3.229130983352661133e+00 4.300773143768310547e+00 3.389216423034667969e+00 1.949580907821655273e+00 4.220856189727783203e+00 4.462614059448242188e+00 2.586382389068603516e+00 2.852979660034179688e+00 3.534264802932739258e+00 3.794780254364013672e+00 3.451080322265625000e+00 4.118206977844238281e+00 7.650907039642333984e+00 3.664519309997558594e+00 3.175609111785888672e+00 3.629562377929687500e+00 2.419084310531616211e+00
2.847191333770751953e+00 3.850932836532592773e+00 2.546517848968505859e+00 3.272820949554443359e+00 2.409312248229980469e+00 4.530244827270507812e+00 1.907979846000671387e+00 2.732016086578369141e+00 5.388643264770507812e+00 2.179625988006591797e+00 2.655222415924072266e+00 3.042580604553222656e+00 3.211208343505859375e+00 3.063215255737304688e+00 2.888667583465576172e+00 3.033410072326660156e+00 3.331741809844970703e+00 3.779515504837036133e+00 2.236001968383789062e+00 3.409174919128417969e+00
3.219068050384521484e+00 2.916559457778930664e+00 2.558978557586669922e+00 4.477019786834716797e+00 2.456746578216552734e+00 2.714179039001464844e+00 2.433562278747558594e+00 2.141391038894653320e+00 3.240114212036132812e+00 4.222748279571533203e+00 3.844552516937255859e+00 3.359692335128784180e+00 3.360554218292236328e+00 3.400653362274169922e+00 2.906030893325805664e+00 4.737759590148925781e+00 2.774294137954711914e+00 3.108811140060424805e+00 3.930195093154907227e+00 3.892929792404174805e+00
3.935218572616577148e+00 2.762910366058349609e+00 3.463624954223632812e+00 4.477141380310058594e+00 2.777704238891601562e+00 1.632350921630859375e+00 2.626692295074462891e+00 3.169444561004638672e+00 3.729992866516113281e+00 2.437080860137939453e+00 2.788369894027709961e+00 3.851277351379394531e+00 2.465921640396118164e+00 3.500134944915771484e+00 3.146040678024291992e+00 3.003560543060302734e+00 2.496540069580078125e+00 3.111623764038085938e+00 2.373508930206298828e+00 6.029287338256835938e+00
3.771128654479980469e+00 4.012706756591796875e+00 3.554733276367187500e+00 3.070668220520019531e+00 4.505086898803710938e+00 4.108734130859375000e+00 3.108602523803710938e+00 1.988289356231689453e+00 2.609179258346557617e+00 3.388441085815429688e+00 3.379390954971313477e+00 3.248688220977783203e+00 4.204232215881347656e+00 2.269703626632690430e+00 4.142251968383789062e+00 4.134620189666748047e+00 4.047908306121826172e+00 3.323213338851928711e+00 3.595729351043701172e+00 8.279249191284179688e+00
3.066486358642578125e+00 4.586991310119628906e+00 3.364534854888916016e+00 3.249349117279052734e+00 5.099953651428222656e+00 3.640437841415405273e+00 2.718392848968505859e+00 3.217734098434448242e+00 3.619629621505737305e+00 2.932034969329833984e+00 2.674582719802856445e+00 2.598489522933959961e+00 3.608226299285888672e+00 2.407476425170898438e+00 2.996531486511230469e+00 2.749571084976196289e+00 1.720608711242675781e+00 2.554732799530029297e+00 3.081215858459472656e+00 5.262598037719726562e+00
1.756824254989624023e+00 3.583785057067871094e+00 3.753756284713745117e+00 3.617083072662353516e+00 2.920491218566894531e+00 2.774901390075683594e+00 4.509803771972656250e+00 3.911993026733398438e+00 3.654657840728759766e+00 3.276136398315429688e+00 3.940915822982788086e+00 3.351413726806640625e+00 4.828228950500488281e+00 2.308962821960449219e+00 3.414367675781250000e+00 2.454903602600097656e+00 4.129492759704589844e+00 4.385185718536376953e+00 3.275381326675415039e+00 3.580884456634521484e+00
1.664184927940368652e+00 2.690360069274902344e+00 3.485250473022460938e+00 3.027738571166992188e+00 3.763070106506347656e+00 3.568783283233642578e+00 3.826942682266235352e+00 2.291560173034667969e+00 3.639547586441040039e+00 5.171044349670410156e+00 4.601825237274169922e+00 7.284619331359863281e+00 4.297883033752441406e+00 2.301903247833251953e+00 4.363320350646972656e+00 1.912483215332031250e+00 3.381706237792968750e+00 2.455803632736206055e+00 3.317453384399414062e+00 1.729701399803161621e+00
3.739247560501098633e+00 3.442720890045166016e+00 2.840520143508911133e+00 6.992798805236816406e+00 4.719621658325195312e+00 4.293169975280761719e+00 6.099678516387939453e+00 5.007970809936523438e+00 1.154919528961181641e+01 7.365527153015136719e+00 7.611196041107177734e+00 2.769892692565917969e+00 6.126244544982910156e+00 3.236184120178222656e+00 4.505245208740234375e+00 2.589034080505371094e+00 3.934779644012451172e+00 5.776698589324951172e+00 4.390595912933349609e+00 3.306911945343017578e+00
