2019-07-25 03:00:00
4.172231674194335938e+00 5.516460418701171875e+00 2.636173725128173828e+00 5.054000854492187500e+00 2.502540111541748047e+00 2.387550592422485352e+00 1.867866158485412598e+00 4.564948081970214844e+00 8.856657028198242188e+00 6.042080879211425781e+00 3.750896453857421875e+00 3.299906730651855469e+00 9.975538253784179688e+00 3.883018732070922852e+00 2.922223329544067383e+00 5.652648448944091797e+00 4.036520957946777344e+00 3.086194038391113281e+00 2.136020660400390625e+00 2.988384246826171875e+00
6.208833694458007812e+00 4.457489013671875000e+00 8.834139823913574219e+00 3.290009975433349609e+00 3.466389179229736328e+00 1.942037701606750488e+00 2.156998157501220703e+00 3.498717308044433594e+00 6.355884552001953125e+00 4.009742259979248047e+00 2.870759963989257812e+00 3.813062191009521484e+00 4.106343269348144531e+00 7.361208438873291016e+00 3.279861927032470703e+00 3.056698322296142578e+00 8.242357254028320312e+00 4.950120925903320312e+00 2.883899211883544922e+00 4.024007797241210938e+00
5.633928298950195312e+00 5.334632873535156250e+00 6.895920276641845703e+00 6.471947193145751953e+00 5.482249736785888672e+00 5.677638053894042969e+00 5.560735702514648438e+00 3.677924633026123047e+00 3.258180618286132812e+00 2.078124046325683594e+00 5.015306949615478516e+00 6.197236061096191406e+00 2.951743602752685547e+00 3.600976467132568359e+00 3.140431880950927734e+00 2.246376276016235352e+00 3.136399984359741211e+00 7.489103794097900391e+00 3.415473699569702148e+00 1.567964911460876465e+00
3.898566722869873047e+00 6.905708789825439453e+00 6.729348182678222656e+00 4.502930641174316406e+00 3.512024164199829102e+00 3.033640384674072266e+00 5.030023574829101562e+00 2.698333501815795898e+00 2.695261478424072266e+00 3.702706336975097656e+00 4.551423072814941406e+00 6.119311332702636719e+00 3.991859436035156250e+00 2.908752679824829102e+00 7.675338745117187500e+00 4.163679122924804688e+00 3.085662841796875000e+00 3.833792686462402344e+00 2.156795501708984375e+00 3.731053590774536133e+00
2.358817338943481445e+00 3.498218536376953125e+00 3.837048768997192383e+00 4.458563804626464844e+00 4.227437019348144531e+00 7.216621398925781250e+00 2.133286714553833008e+00 3.451663732528686523e+00 3.506940364837646484e+00 3.030993700027465820e+00 7.029553413391113281e+00 3.823575735092163086e+00 4.812024593353271484e+00 3.043987035751342773e+00 9.425313949584960938e+00 4.126583099365234375e+00 3.478058815002441406e+00 4.817659378051757812e+00 4.945651531219482422e+00 3.245306015014648438e+00
5.726336479187011719e+00 3.831845760345458984e+00 5.332606315612792969e+00 9.463302612304687500e+00 5.750532150268554688e+00 5.630217552185058594e+00 3.088900804519653320e+00 4.467764854431152344e+00 5.478351593017578125e+00 5.029500007629394531e+00 8.162240028381347656e+00 7.199995040893554688e+00 5.133218765258789062e+00 1.813957571983337402e+00 3.655738830566406250e+00 4.763998031616210938e+00 2.695601463317871094e+00 9.574611663818359375e+00 1.041290092468261719e+01 3.661606550216674805e+00
6.230117321014404297e+00 8.305763244628906250e+00 5.969447612762451172e+00 7.133531570434570312e+00 3.443511962890625000e+00 4.450763702392578125e+00 1.977418661117553711e+00 7.930206775665283203e+00 2.448164939880371094e+00 3.281165122985839844e+00 2.990557670593261719e+00 1.986163854598999023e+00 5.800137996673583984e+00 8.222932815551757812e+00 2.891073703765869141e+00 4.826100826263427734e+00 3.402163982391357422e+00 3.311900377273559570e+00 8.432619094848632812e+00 6.813040733337402344e+00
4.838551998138427734e+00 6.154797554016113281e+00 4.251969337463378906e+00 7.893646240234375000e+00 9.118649482727050781e+00 3.334727764129638672e+00 4.651016712188720703e+00 2.560366153717041016e+00 3.027047395706176758e+00 4.690113544464111328e+00 3.590739250183105469e+00 3.052863359451293945e+00 4.983003139495849609e+00 2.890102386474609375e+00 2.810911893844604492e+00 3.133252143859863281e+00 6.492301940917968750e+00 1.781748771667480469e+00 6.549574851989746094e+00 3.732746124267578125e+00
3.006144046783447266e+00 3.506006956100463867e+00 3.703816413879394531e+00 3.570569276809692383e+00 4.605444431304931641e+00 3.201008081436157227e+00 2.849315166473388672e+00 3.889050006866455078e+00 2.532165050506591797e+00 6.712133407592773438e+00 2.607727766036987305e+00 2.713510990142822266e+00 8.168590545654296875e+00 4.124950885772705078e+00 5.764254570007324219e+00 2.957349777221679688e+00 7.111547946929931641e+00 2.982120752334594727e+00 3.335727930068969727e+00 3.279863357543945312e+00
3.681069612503051758e+00 5.954065322875976562e+00 2.675062894821166992e+00 3.215385913848876953e+00 3.901289463043212891e+00 2.480426788330078125e+00 2.187336921691894531e+00 3.162717580795288086e+00 8.013853073120117188e+00 5.722740173339843750e+00 7.528937339782714844e+00 5.467170715332031250e+00 6.656379222869873047e+00 3.963144302368164062e+00 2.226917743682861328e+00 3.008035898208618164e+00 7.435252189636230469e+00 2.168413162231445312e+00 3.306816101074218750e+00 4.376464843750000000e+00
3.005059242248535156e+00 2.775654315948486328e+00 4.146025657653808594e+00 3.748811483383178711e+00 4.537185668945312500e+00 3.475091934204101562e+00 3.846868991851806641e+00 3.192879676818847656e+00 5.081613063812255859e+00 3.320711612701416016e+00 3.045553207397460938e+00 6.068124771118164062e+00 8.597997665405273438e+00 5.000144958496093750e+00 2.631373167037963867e+00 3.052978038787841797e+00 3.200959682464599609e+00 4.895346641540527344e+00 2.650156497955322266e+00 5.214703559875488281e+00
3.459322452545166016e+00 2.614789009094238281e+00 2.972121238708496094e+00 2.694104909896850586e+00 3.488693714141845703e+00 4.074136257171630859e+00 2.714389324188232422e+00 3.285871267318725586e+00 3.150018930435180664e+00 3.757179975509643555e+00 3.246300220489501953e+00 4.165451526641845703e+00 3.442385196685791016e+00 3.130171775817871094e+00 3.097445964813232422e+00 6.480260848999023438e+00 3.866058826446533203e+00 4.039863586425781250e+00 2.989882946014404297e+00 2.190661430358886719e+00
2.151690483093261719e+00 1.657615780830383301e+00 2.957400321960449219e+00 2.450770139694213867e+00 3.356781005859375000e+00 2.637387275695800781e+00 3.251251459121704102e+00 4.316295623779296875e+00 3.060614109039306641e+00 3.037124156951904297e+00 3.169682502746582031e+00 2.868689060211181641e+00 4.483658313751220703e+00 2.744140148162841797e+00 2.204642295837402344e+00 2.805403947830200195e+00 4.038538932800292969e+00 3.124290943145751953e+00 2.261533021926879883e+00 2.877161502838134766e+00
2.044724941253662109e+00 2.470926761627197266e+00 1.302994132041931152e+00 3.572078704833984375e+00 3.215057849884033203e+00 2.501937389373779297e+00 3.078392028808593750e+00 3.924260139465332031e+00 2.483837127685546875e+00 3.376699447631835938e+00 3.189857244491577148e+00 3.791399955749511719e+00 2.580599784851074219e+00 2.960435152053833008e+00 3.524499416351318359e+00 3.949130296707153320e+00 4.381148815155029297e+00 3.319556474685668945e+00 2.995091676712036133e+00 2.952541112899780273e+00
3.086865186691284180e+00 3.633773326873779297e+00 2.790672302246093750e+00 3.475906372070312500e+00 3.393917560577392578e+00 2.297112941741943359e+00 3.195066213607788086e+00 3.260198831558227539e+00 2.954199552536010742e+00 4.941877841949462891e+00 2.786356449127197266e+00 3.119102001190185547e+00 4.201384544372558594e+00 3.058621168136596680e+00 3.348800182342529297e+00 4.187149524688720703e+00 1.613175392150878906e+00 3.367214202880859375e+00 2.475376129150390625e+00 4.404634952545166016e+00
2.143452167510986328e+00 3.211713314056396484e+00 3.401445388793945312e+00 4.201369285583496094e+00 4.342273712158203125e+00 4.048208236694335938e+00 3.846493005752563477e+00 4.238415718078613281e+00 3.782404422760009766e+00 2.765548229217529297e+00 3.798907995223999023e+00 3.058594703674316406e+00 1.932433843612670898e+00 3.428006649017333984e+00 2.958714008331298828e+00 3.374555349349975586e+00 4.362518787384033203e+00 2.779242038726806641e+00 2.152669191360473633e+00 3.309277057647705078e+00
3.522243738174438477e+00 4.865861892700195312e+00 4.137751579284667969e+00 2.891248703002929688e+00 6.479565620422363281e+00 4.261458396911621094e+00 3.734000444412231445e+00 2.965697050094604492e+00 2.812289953231811523e+00 3.032171726226806641e+00 2.255954742431640625e+00 2.508048057556152344e+00 4.203433990478515625e+00 2.116016626358032227e+00 3.129470586776733398e+00 2.876060485839843750e+00 4.288533687591552734e+00 2.096217155456542969e+00 4.213544368743896484e+00 7.059233665466308594e+00
3.350019454956054688e+00 3.662558555603027344e+00 2.974227428436279297e+00 2.973882198333740234e+00 3.169500827789306641e+00 2.794740676879882812e+00 3.694222927093505859e+00 3.701174497604370117e+00 3.379755973815917969e+00 2.355140924453735352e+00 3.169501304626464844e+00 2.691260814666748047e+00 4.060477733612060547e+00 3.045008659362792969e+00 3.754421949386596680e+00 4.487877845764160156e+00 5.034795761108398438e+00 3.844787120819091797e+00 2.411701679229736328e+00 1.922476291656494141e+00
2.414867639541625977e+00 4.068721771240234375e+00 3.151981115341186523e+00 2.926835536956787109e+00 2.908787727355957031e+00 3.122771739959716797e+00 3.902858495712280273e+00 2.850077152252197266e+00 4.327121734619140625e+00 5.423163890838623047e+00 3.783626794815063477e+00 6.663652420043945312e+00 3.608502626419067383e+00 4.690290451049804688e+00 2.723659038543701172e+00 2.850015401840209961e+00 2.247649192810058594e+00 4.109931945800781250e+00 3.751571655273437500e+00 2.209446907043457031e+00
3.676086902618408203e+00 5.080830574035644531e+00 4.071797370910644531e+00 6.025259494781494141e+00 2.211423635482788086e+00 2.991063356399536133e+00 4.133906364440917969e+00 3.102830410003662109e+00 6.838694572448730469e+00 5.534775733947753906e+00 4.513578891754150391e+00 3.387957096099853516e+00 4.071237087249755859e+00 2.083534955978393555e+00 4.280585289001464844e+00 3.594354391098022461e+00 3.551466464996337891e+00 3.770986080169677734e+00 3.353976011276245117e+00 2.890607357025146484e+00
