2019-07-25 03:15:00
5.154321193695068359e+00 4.058849811553955078e+00 3.918549299240112305e+00 5.167934417724609375e+00 2.191604614257812500e+00 2.491755008697509766e+00 3.299737453460693359e+00 4.095576763153076172e+00 2.629929542541503906e+00 4.403914451599121094e+00 2.837047576904296875e+00 3.370161533355712891e+00 6.138085365295410156e+00 3.156033039093017578e+00 3.406477689743041992e+00 3.157813549041748047e+00 6.027753829956054688e+00 2.862163066864013672e+00 3.529481410980224609e+00 3.158038139343261719e+00
4.566136837005615234e+00 3.307017087936401367e+00 6.887935638427734375e+00 5.956880569458007812e+00 2.853404521942138672e+00 1.881301641464233398e+00 4.286937713623046875e+00 3.650129556655883789e+00 3.388111114501953125e+00 2.782496929168701172e+00 2.637025356292724609e+00 3.661276102066040039e+00 2.556436777114868164e+00 5.273788452148437500e+00 3.081186294555664062e+00 2.518711090087890625e+00 4.012647628784179688e+00 3.683329105377197266e+00 3.206098318099975586e+00 2.315757036209106445e+00
5.203699111938476562e+00 4.203513145446777344e+00 3.545325756072998047e+00 7.566131591796875000e+00 4.402527809143066406e+00 2.784797668457031250e+00 3.685073375701904297e+00 2.527589321136474609e+00 3.141057491302490234e+00 3.404237747192382812e+00 3.076075553894042969e+00 4.315409660339355469e+00 3.983541011810302734e+00 4.794753074645996094e+00 4.044141292572021484e+00 2.018781185150146484e+00 4.230543613433837891e+00 4.585803985595703125e+00 2.905662298202514648e+00 3.542644977569580078e+00
4.721252918243408203e+00 9.087389945983886719e+00 3.997196674346923828e+00 5.016457080841064453e+00 3.915940761566162109e+00 3.198338031768798828e+00 2.312099695205688477e+00 3.369007825851440430e+00 3.429427146911621094e+00 2.930002689361572266e+00 3.693687438964843750e+00 8.100692749023437500e+00 3.439967393875122070e+00 3.263188362121582031e+00 2.160155773162841797e+00 2.333122014999389648e+00 2.345221281051635742e+00 5.709434032440185547e+00 1.435245037078857422e+00 4.693265914916992188e+00
3.286623954772949219e+00 2.462928533554077148e+00 3.491978168487548828e+00 3.808669567108154297e+00 2.355352401733398438e+00 5.107139587402343750e+00 5.490930557250976562e+00 6.027127265930175781e+00 4.129431724548339844e+00 1.313130855560302734e+00 6.281006813049316406e+00 4.813388824462890625e+00 3.154070138931274414e+00 3.631518602371215820e+00 2.410842418670654297e+00 7.518366336822509766e+00 2.437246561050415039e+00 6.078652858734130859e+00 4.481859683990478516e+00 4.238548278808593750e+00
7.761654376983642578e+00 2.275085926055908203e+00 4.984946250915527344e+00 5.341243743896484375e+00 4.052325725555419922e+00 3.505671739578247070e+00 3.404945850372314453e+00 3.122362136840820312e+00 6.958319664001464844e+00 5.917384147644042969e+00 4.765594959259033203e+00 6.450340270996093750e+00 4.973109722137451172e+00 3.820183277130126953e+00 4.409823894500732422e+00 4.991997718811035156e+00 3.747637033462524414e+00 6.046057701110839844e+00 2.357344150543212891e+00 3.001587152481079102e+00
6.962677955627441406e+00 7.347447872161865234e+00 7.255406379699707031e+00 8.162034988403320312e+00 3.628963708877563477e+00 6.692521095275878906e+00 2.304509401321411133e+00 5.610428810119628906e+00 2.955337047576904297e+00 2.169750690460205078e+00 2.750700235366821289e+00 2.537780284881591797e+00 5.806285381317138672e+00 6.192847251892089844e+00 3.318932533264160156e+00 6.040952682495117188e+00 3.100607872009277344e+00 2.312273502349853516e+00 5.073310852050781250e+00 7.882194519042968750e+00
3.607700109481811523e+00 3.102542638778686523e+00 3.824864149093627930e+00 4.443631172180175781e+00 6.817005634307861328e+00 3.666591167449951172e+00 2.635551929473876953e+00 2.729242563247680664e+00 2.240785121917724609e+00 2.572257041931152344e+00 4.246995925903320312e+00 3.323265790939331055e+00 4.065496444702148438e+00 4.504395484924316406e+00 1.790810585021972656e+00 3.910596370697021484e+00 6.000483512878417969e+00 2.553027629852294922e+00 4.346046447753906250e+00 2.919695615768432617e+00
3.109110832214355469e+00 3.567363739013671875e+00 4.122982501983642578e+00 3.903869390487670898e+00 3.274715900421142578e+00 3.773368835449218750e+00 2.609636783599853516e+00 2.570818185806274414e+00 3.192189693450927734e+00 3.867843389511108398e+00 4.435393333435058594e+00 3.001135587692260742e+00 2.391531944274902344e+00 4.740071296691894531e+00 7.047933578491210938e+00 3.021572828292846680e+00 4.589399814605712891e+00 2.292443275451660156e+00 2.955110549926757812e+00 4.218306064605712891e+00
3.783025979995727539e+00 2.690674304962158203e+00 1.813344001770019531e+00 4.011929512023925781e+00 2.740443229675292969e+00 2.973374128341674805e+00 4.054986953735351562e+00 3.077809333801269531e+00 4.769197463989257812e+00 3.470269680023193359e+00 3.756397962570190430e+00 9.031688690185546875e+00 5.200726509094238281e+00 3.916983127593994141e+00 2.765985488891601562e+00 2.911117315292358398e+00 4.612211227416992188e+00 1.911906957626342773e+00 2.060283184051513672e+00 3.281117916107177734e+00
3.447172880172729492e+00 3.344882488250732422e+00 3.663866996765136719e+00 3.109173297882080078e+00 2.616566419601440430e+00 4.323104381561279297e+00 3.235198497772216797e+00 2.316723585128784180e+00 2.304406166076660156e+00 3.245350837707519531e+00 2.486834287643432617e+00 8.463855743408203125e+00 5.049144744873046875e+00 4.875265598297119141e+00 2.647480010986328125e+00 3.400435447692871094e+00 3.189771175384521484e+00 4.772379875183105469e+00 2.981245040893554688e+00 5.636491298675537109e+00
2.644755363464355469e+00 2.954753637313842773e+00 2.134072303771972656e+00 3.802508354187011719e+00 2.341746807098388672e+00 2.765915632247924805e+00 2.481727600097656250e+00 3.139072418212890625e+00 3.879660367965698242e+00 3.210334062576293945e+00 2.936318874359130859e+00 2.751781225204467773e+00 2.721999406814575195e+00 2.435970544815063477e+00 4.254371166229248047e+00 7.417188167572021484e+00 2.875023126602172852e+00 2.088363170623779297e+00 2.000106334686279297e+00 1.853787064552307129e+00
4.399532794952392578e+00 3.752903461456298828e+00 2.401473999023437500e+00 3.508246898651123047e+00 3.239698886871337891e+00 2.594299793243408203e+00 4.196335315704345703e+00 2.480652809143066406e+00 1.818696379661560059e+00 2.462214469909667969e+00 1.849399566650390625e+00 1.991342067718505859e+00 1.965639352798461914e+00 2.089262962341308594e+00 3.246925830841064453e+00 2.447449207305908203e+00 4.156436920166015625e+00 4.023941040039062500e+00 3.053646802902221680e+00 3.965644359588623047e+00
3.061238765716552734e+00 3.198571443557739258e+00 2.741992950439453125e+00 3.222451210021972656e+00 3.047762870788574219e+00 2.976676940917968750e+00 2.115951776504516602e+00 3.378559350967407227e+00 2.176323890686035156e+00 2.471160650253295898e+00 3.154422760009765625e+00 3.512176036834716797e+00 3.943179607391357422e+00 2.594663619995117188e+00 3.044806003570556641e+00 3.899123191833496094e+00 2.219008207321166992e+00 3.313412666320800781e+00 2.669257402420043945e+00 2.274150371551513672e+00
2.759722471237182617e+00 4.433274745941162109e+00 3.450719594955444336e+00 3.327320814132690430e+00 3.475524902343750000e+00 1.841621398925781250e+00 2.606864929199218750e+00 2.938187599182128906e+00 3.258496284484863281e+00 4.021701812744140625e+00 2.903299093246459961e+00 2.852900981903076172e+00 3.980927944183349609e+00 4.430603504180908203e+00 4.081387042999267578e+00 2.724493980407714844e+00 3.081639766693115234e+00 2.912209033966064453e+00 2.145464420318603516e+00 6.927541255950927734e+00
3.220963239669799805e+00 2.784326076507568359e+00 2.878584384918212891e+00 3.367744445800781250e+00 1.734650969505310059e+00 2.912966251373291016e+00 3.149759292602539062e+00 2.592388629913330078e+00 5.005869865417480469e+00 3.075034618377685547e+00 4.386375904083251953e+00 2.714443683624267578e+00 3.273982763290405273e+00 2.878510951995849609e+00 2.547135114669799805e+00 3.624227523803710938e+00 3.864985942840576172e+00 4.655140876770019531e+00 3.540787935256958008e+00 4.353088378906250000e+00
2.416634559631347656e+00 2.309865474700927734e+00 2.750612735748291016e+00 4.237617492675781250e+00 3.345467567443847656e+00 2.551913738250732422e+00 3.363019466400146484e+00 3.486138343811035156e+00 2.465800523757934570e+00 3.785411357879638672e+00 3.475119829177856445e+00 2.688216686248779297e+00 3.378270864486694336e+00 2.690268278121948242e+00 3.638670206069946289e+00 3.503817558288574219e+00 2.677136898040771484e+00 2.964007377624511719e+00 2.842148065567016602e+00 4.653722286224365234e+00
2.189682960510253906e+00 3.233089447021484375e+00 3.274581909179687500e+00 3.370954275131225586e+00 4.685704231262207031e+00 2.815771818161010742e+00 4.283749103546142578e+00 1.674019098281860352e+00 3.502378463745117188e+00 5.501414299011230469e+00 4.578804016113281250e+00 3.410125494003295898e+00 1.692953824996948242e+00 3.282677173614501953e+00 2.242993354797363281e+00 3.266282081604003906e+00 2.472053766250610352e+00 1.855508804321289062e+00 3.412486076354980469e+00 2.156803131103515625e+00
3.674957752227783203e+00 2.133520126342773438e+00 2.215735197067260742e+00 2.920529842376708984e+00 3.111595392227172852e+00 3.421314954757690430e+00 2.999614715576171875e+00 4.133740901947021484e+00 3.414935111999511719e+00 7.191055297851562500e+00 5.471231937408447266e+00 3.670328855514526367e+00 1.989253044128417969e+00 3.816520214080810547e+00 2.208666563034057617e+00 4.009863853454589844e+00 3.355012416839599609e+00 3.787423133850097656e+00 2.485023975372314453e+00 3.916043758392333984e+00
2.642429590225219727e+00 3.283336162567138672e+00 2.620557785034179688e+00 5.016899108886718750e+00 2.487899780273437500e+00 1.759518265724182129e+00 4.369442939758300781e+00 3.353781223297119141e+00 4.354357242584228516e+00 4.443299293518066406e+00 3.855506896972656250e+00 4.923250198364257812e+00 3.242558002471923828e+00 4.295447826385498047e+00 3.390738248825073242e+00 2.987868309020996094e+00 2.850621223449707031e+00 4.022742271423339844e+00 3.332806825637817383e+00 2.381555318832397461e+00
