2019-07-25 04:00:00
4.349269390106201172e+00 3.888831615447998047e+00 2.925907373428344727e+00 1.865230679512023926e+00 2.134768724441528320e+00 2.766680717468261719e+00 2.154461145401000977e+00 2.577748298645019531e+00 3.992197751998901367e+00 4.473816871643066406e+00 2.785316467285156250e+00 2.698700904846191406e+00 4.241607666015625000e+00 2.208542585372924805e+00 2.803194522857666016e+00 3.927967786788940430e+00 4.316352367401123047e+00 1.734142541885375977e+00 2.275697708129882812e+00 3.772902011871337891e+00
3.458213329315185547e+00 4.622124671936035156e+00 3.374514341354370117e+00 5.742238521575927734e+00 2.563514709472656250e+00 3.328755855560302734e+00 3.119659900665283203e+00 2.066207647323608398e+00 3.346651077270507812e+00 3.388612747192382812e+00 3.136750698089599609e+00 2.214258193969726562e+00 3.231721162796020508e+00 7.109255313873291016e+00 2.253373622894287109e+00 2.536199331283569336e+00 4.032699108123779297e+00 7.075542926788330078e+00 2.889596462249755859e+00 3.292007923126220703e+00
2.549446582794189453e+00 4.325461387634277344e+00 4.627168655395507812e+00 5.137429237365722656e+00 2.447568893432617188e+00 2.838357925415039062e+00 5.911543846130371094e+00 2.652196407318115234e+00 2.331690311431884766e+00 3.718006610870361328e+00 2.540436744689941406e+00 4.693277359008789062e+00 2.169543266296386719e+00 5.591011524200439453e+00 3.688636779785156250e+00 2.235529422760009766e+00 1.987609028816223145e+00 4.012016773223876953e+00 3.674092531204223633e+00 3.139287948608398438e+00
3.199006319046020508e+00 3.001043081283569336e+00 5.973975658416748047e+00 4.039119720458984375e+00 3.470271110534667969e+00 4.076460361480712891e+00 3.575465202331542969e+00 4.866153717041015625e+00 3.612190246582031250e+00 3.800131559371948242e+00 3.728318929672241211e+00 5.227666378021240234e+00 4.396807193756103516e+00 3.930585622787475586e+00 4.337092399597167969e+00 2.136890172958374023e+00 3.019393444061279297e+00 4.853380680084228516e+00 2.412133932113647461e+00 2.402808904647827148e+00
3.065275669097900391e+00 4.488930702209472656e+00 2.325918674468994141e+00 2.546898603439331055e+00 3.148602247238159180e+00 4.341838359832763672e+00 3.038781166076660156e+00 3.420334339141845703e+00 4.089389324188232422e+00 4.902560710906982422e+00 4.508168220520019531e+00 7.214504241943359375e+00 4.539478778839111328e+00 3.100465059280395508e+00 4.137487888336181641e+00 4.221249580383300781e+00 2.604062318801879883e+00 3.889219284057617188e+00 5.097098350524902344e+00 2.392045974731445312e+00
8.070014953613281250e+00 2.493226051330566406e+00 5.709127902984619141e+00 4.398427009582519531e+00 3.895915746688842773e+00 4.863839149475097656e+00 2.246336936950683594e+00 2.726194381713867188e+00 3.058106899261474609e+00 4.985762596130371094e+00 7.040483474731445312e+00 7.282083511352539062e+00 6.448662757873535156e+00 5.016577720642089844e+00 2.745322704315185547e+00 3.864770174026489258e+00 1.992102742195129395e+00 6.543069362640380859e+00 5.326905727386474609e+00 3.308093309402465820e+00
4.314105987548828125e+00 3.861845016479492188e+00 3.965645074844360352e+00 2.252617835998535156e+00 3.057204246520996094e+00 2.839821577072143555e+00 1.930078029632568359e+00 5.271810531616210938e+00 3.073701143264770508e+00 3.896873474121093750e+00 4.476027011871337891e+00 2.969265699386596680e+00 4.087694644927978516e+00 7.769852161407470703e+00 2.977162837982177734e+00 5.984283447265625000e+00 2.017617225646972656e+00 2.454026699066162109e+00 2.302876949310302734e+00 4.662515163421630859e+00
4.042914390563964844e+00 3.165774822235107422e+00 2.916994571685791016e+00 3.447245597839355469e+00 4.152666091918945312e+00 2.448659420013427734e+00 2.833824157714843750e+00 2.758093357086181641e+00 4.823908805847167969e+00 2.084823131561279297e+00 4.339320182800292969e+00 2.582091808319091797e+00 3.204419612884521484e+00 4.571694374084472656e+00 3.543794393539428711e+00 2.405165195465087891e+00 4.432284355163574219e+00 2.655229806900024414e+00 5.151916027069091797e+00 3.549112319946289062e+00
2.943747043609619141e+00 2.138314247131347656e+00 3.183568477630615234e+00 4.330834865570068359e+00 2.335631847381591797e+00 3.303613901138305664e+00 4.274947166442871094e+00 2.227700948715209961e+00 3.139657974243164062e+00 6.182021617889404297e+00 2.229319095611572266e+00 2.779419660568237305e+00 4.588249206542968750e+00 5.180958747863769531e+00 3.837854623794555664e+00 3.193408250808715820e+00 6.725372314453125000e+00 2.387097120285034180e+00 3.068824768066406250e+00 2.028646707534790039e+00
3.091787099838256836e+00 2.975563526153564453e+00 2.901855468750000000e+00 3.227255582809448242e+00 2.410644054412841797e+00 1.629680752754211426e+00 2.856429100036621094e+00 2.392144203186035156e+00 4.659556388854980469e+00 1.953931331634521484e+00 5.031448364257812500e+00 4.791844844818115234e+00 5.418983459472656250e+00 2.083054780960083008e+00 1.747021436691284180e+00 2.430822372436523438e+00 5.111356258392333984e+00 2.217564582824707031e+00 3.780514240264892578e+00 2.849579572677612305e+00
3.282513856887817383e+00 2.498631238937377930e+00 3.375005722045898438e+00 3.204331398010253906e+00 2.458019733428955078e+00 3.006247043609619141e+00 2.412852525711059570e+00 3.546467304229736328e+00 3.665457248687744141e+00 3.575133085250854492e+00 2.290021419525146484e+00 6.718120098114013672e+00 6.714186191558837891e+00 4.178767204284667969e+00 2.767017126083374023e+00 2.470704793930053711e+00 2.412857055664062500e+00 2.553019285202026367e+00 2.328933238983154297e+00 2.463253498077392578e+00
2.320804595947265625e+00 2.755882501602172852e+00 3.677427768707275391e+00 2.285450458526611328e+00 3.364464998245239258e+00 2.346495866775512695e+00 2.406556606292724609e+00 4.107839584350585938e+00 1.540963888168334961e+00 2.516721487045288086e+00 2.217891693115234375e+00 2.403511524200439453e+00 3.196000814437866211e+00 2.892329216003417969e+00 2.955444574356079102e+00 4.734313011169433594e+00 3.434397220611572266e+00 4.015764236450195312e+00 3.023983478546142578e+00 2.926630735397338867e+00
3.311237812042236328e+00 3.104710817337036133e+00 2.012669563293457031e+00 3.120996475219726562e+00 2.442180871963500977e+00 2.292796850204467773e+00 3.185588359832763672e+00 3.656527519226074219e+00 2.607750415802001953e+00 3.283322334289550781e+00 2.404936313629150391e+00 3.722375869750976562e+00 3.176406860351562500e+00 2.888094902038574219e+00 3.125059127807617188e+00 3.714355468750000000e+00 4.628582954406738281e+00 2.977095127105712891e+00 2.121557950973510742e+00 3.128898620605468750e+00
3.138311386108398438e+00 3.796515226364135742e+00 2.541875839233398438e+00 2.357716083526611328e+00 3.245951175689697266e+00 2.608950138092041016e+00 1.849445819854736328e+00 2.958330154418945312e+00 4.319720745086669922e+00 2.297243833541870117e+00 3.429337739944458008e+00 2.730715513229370117e+00 1.524716377258300781e+00 3.921532154083251953e+00 2.525068759918212891e+00 2.701375007629394531e+00 3.091034889221191406e+00 3.532777786254882812e+00 2.773143768310546875e+00 2.652212381362915039e+00
2.702975749969482422e+00 2.877624988555908203e+00 3.474053859710693359e+00 3.366459846496582031e+00 2.884906768798828125e+00 2.484249591827392578e+00 3.123055219650268555e+00 3.952207088470458984e+00 4.440211296081542969e+00 2.859388351440429688e+00 3.681623458862304688e+00 3.646403551101684570e+00 2.066902875900268555e+00 2.150913953781127930e+00 3.960471868515014648e+00 2.158376216888427734e+00 2.007424354553222656e+00 2.490908622741699219e+00 2.755462646484375000e+00 4.749279022216796875e+00
3.627591609954833984e+00 3.146808862686157227e+00 2.712708473205566406e+00 1.993153691291809082e+00 3.048568248748779297e+00 2.834331274032592773e+00 3.003573417663574219e+00 3.220520019531250000e+00 2.327702283859252930e+00 2.148046493530273438e+00 2.207707881927490234e+00 2.566670179367065430e+00 3.803304672241210938e+00 3.290550470352172852e+00 2.810223817825317383e+00 2.519275665283203125e+00 3.516089439392089844e+00 2.717332124710083008e+00 2.481745004653930664e+00 4.015240669250488281e+00
2.093641757965087891e+00 2.999315738677978516e+00 2.995401382446289062e+00 2.011383771896362305e+00 2.705941677093505859e+00 3.362614631652832031e+00 2.282640218734741211e+00 3.771436452865600586e+00 2.539445877075195312e+00 3.800816535949707031e+00 2.452265739440917969e+00 2.282157421112060547e+00 2.362243652343750000e+00 2.674573898315429688e+00 3.293601036071777344e+00 2.859306812286376953e+00 1.483566641807556152e+00 3.605865716934204102e+00 3.282732963562011719e+00 6.568114757537841797e+00
3.737680912017822266e+00 3.636916160583496094e+00 2.381448745727539062e+00 2.832122087478637695e+00 2.793446063995361328e+00 2.614911556243896484e+00 3.311946630477905273e+00 3.536656141281127930e+00 4.095234870910644531e+00 2.816478490829467773e+00 4.008242607116699219e+00 3.050880908966064453e+00 3.555258512496948242e+00 3.083107471466064453e+00 2.497530698776245117e+00 2.337551832199096680e+00 2.274310588836669922e+00 3.079610347747802734e+00 2.805796623229980469e+00 1.350819349288940430e+00
2.821252107620239258e+00 3.309690952301025391e+00 1.940307974815368652e+00 3.060996055603027344e+00 3.651600837707519531e+00 2.990133762359619141e+00 2.915410995483398438e+00 1.654844522476196289e+00 3.488394737243652344e+00 4.531109333038330078e+00 2.961776256561279297e+00 3.376211643218994141e+00 1.561178326606750488e+00 2.248212337493896484e+00 2.821701049804687500e+00 2.878137826919555664e+00 3.116534233093261719e+00 3.729109764099121094e+00 2.229029417037963867e+00 3.341428279876708984e+00
3.291698932647705078e+00 2.906494140625000000e+00 2.582277059555053711e+00 2.759995937347412109e+00 1.755645990371704102e+00 3.069876670837402344e+00 3.281626224517822266e+00 2.762556076049804688e+00 3.463920831680297852e+00 2.667676210403442383e+00 6.160542488098144531e+00 2.835501194000244141e+00 6.678823471069335938e+00 2.967275142669677734e+00 4.293149471282958984e+00 2.863056659698486328e+00 3.184428691864013672e+00 3.339963436126708984e+00 3.052377223968505859e+00 2.239695549011230469e+00
