2019-07-25 04:15:00
3.750481128692626953e+00 6.740183830261230469e+00 3.822700262069702148e+00 3.187978982925415039e+00 3.549006462097167969e+00 4.026952743530273438e+00 3.283646106719970703e+00 4.487008094787597656e+00 3.168050289154052734e+00 3.007406234741210938e+00 3.296587944030761719e+00 2.671603202819824219e+00 1.960957527160644531e+00 2.598204374313354492e+00 3.119543552398681641e+00 2.677617549896240234e+00 3.234406471252441406e+00 2.607338428497314453e+00 2.761974811553955078e+00 3.175062179565429688e+00
5.417729377746582031e+00 4.592862129211425781e+00 3.492876529693603516e+00 7.235933303833007812e+00 3.345046043395996094e+00 2.597885608673095703e+00 2.563369750976562500e+00 3.617812156677246094e+00 3.645648241043090820e+00 3.097853660583496094e+00 3.452142238616943359e+00 3.754600763320922852e+00 3.925299644470214844e+00 3.935953617095947266e+00 2.423628330230712891e+00 2.969660520553588867e+00 8.650578498840332031e+00 4.618364334106445312e+00 2.353505611419677734e+00 2.750140190124511719e+00
5.451839923858642578e+00 3.627314567565917969e+00 2.212277889251708984e+00 4.447878837585449219e+00 4.107563972473144531e+00 3.327630996704101562e+00 5.205856800079345703e+00 3.097992181777954102e+00 1.933995366096496582e+00 2.653610944747924805e+00 4.791014671325683594e+00 4.615353584289550781e+00 2.897160053253173828e+00 7.646521568298339844e+00 4.278484344482421875e+00 1.784072756767272949e+00 6.434858322143554688e+00 5.437462806701660156e+00 3.078708887100219727e+00 2.332403182983398438e+00
1.540458083152770996e+00 4.779668807983398438e+00 2.083644628524780273e+00 5.849519252777099609e+00 3.664968013763427734e+00 3.490604877471923828e+00 2.494255542755126953e+00 3.780054330825805664e+00 4.353844642639160156e+00 4.072200298309326172e+00 5.159922122955322266e+00 4.269381999969482422e+00 3.341454982757568359e+00 2.602668523788452148e+00 5.926254272460937500e+00 2.475938320159912109e+00 1.613745927810668945e+00 6.204029083251953125e+00 2.318111419677734375e+00 4.148448467254638672e+00
2.182324886322021484e+00 4.663360595703125000e+00 3.548964977264404297e+00 2.710375547409057617e+00 3.063116550445556641e+00 4.135792732238769531e+00 3.129932403564453125e+00 5.830574989318847656e+00 2.803185224533081055e+00 4.785105705261230469e+00 4.057520866394042969e+00 5.819168567657470703e+00 6.457769393920898438e+00 2.698974847793579102e+00 4.264490604400634766e+00 4.463963985443115234e+00 3.871864795684814453e+00 4.104166030883789062e+00 4.054616928100585938e+00 3.713777303695678711e+00
6.734464168548583984e+00 3.263352155685424805e+00 5.578760147094726562e+00 4.814702033996582031e+00 4.646787643432617188e+00 4.826079368591308594e+00 3.196951389312744141e+00 5.907441139221191406e+00 5.319838523864746094e+00 3.459586143493652344e+00 3.584238529205322266e+00 5.424686431884765625e+00 4.276696205139160156e+00 3.721378803253173828e+00 3.573798656463623047e+00 4.447771072387695312e+00 2.600755691528320312e+00 4.074632644653320312e+00 6.181231498718261719e+00 3.586680889129638672e+00
3.615867614746093750e+00 5.135924339294433594e+00 6.367615699768066406e+00 6.975503444671630859e+00 3.670900344848632812e+00 5.510911941528320312e+00 3.294566392898559570e+00 6.329026222229003906e+00 3.006643533706665039e+00 2.704478740692138672e+00 3.863896369934082031e+00 3.918577671051025391e+00 7.527274131774902344e+00 4.017335414886474609e+00 3.903237342834472656e+00 6.290799140930175781e+00 2.177032947540283203e+00 2.512591600418090820e+00 3.985275983810424805e+00 6.652230262756347656e+00
4.622928619384765625e+00 3.330236673355102539e+00 3.101260662078857422e+00 4.475989341735839844e+00 4.716206073760986328e+00 2.692908763885498047e+00 3.833764553070068359e+00 4.578434944152832031e+00 2.791812419891357422e+00 1.906991004943847656e+00 3.028132915496826172e+00 2.570870876312255859e+00 3.816247940063476562e+00 2.589683055877685547e+00 3.190798759460449219e+00 3.571931362152099609e+00 4.944303035736083984e+00 3.056272983551025391e+00 7.058865070343017578e+00 3.040533542633056641e+00
2.999463081359863281e+00 5.150803565979003906e+00 3.496564388275146484e+00 4.218713283538818359e+00 2.660524368286132812e+00 3.307629108428955078e+00 2.862905740737915039e+00 2.132215023040771484e+00 2.740055561065673828e+00 6.922804832458496094e+00 2.480318784713745117e+00 3.501303672790527344e+00 2.358695507049560547e+00 3.973083496093750000e+00 3.244585275650024414e+00 3.215888977050781250e+00 6.150133132934570312e+00 2.076869964599609375e+00 1.419791698455810547e+00 2.908843517303466797e+00
3.243499755859375000e+00 2.846071720123291016e+00 3.248115062713623047e+00 2.674568176269531250e+00 3.085662603378295898e+00 3.612263679504394531e+00 3.179717779159545898e+00 4.007738113403320312e+00 5.090926170349121094e+00 3.626046657562255859e+00 5.734121799468994141e+00 3.621924877166748047e+00 5.466636180877685547e+00 3.388245582580566406e+00 2.516243457794189453e+00 2.910480022430419922e+00 3.240793943405151367e+00 2.884214401245117188e+00 3.266093730926513672e+00 3.758843898773193359e+00
3.002894639968872070e+00 2.237881660461425781e+00 4.042296886444091797e+00 2.120027542114257812e+00 2.679159641265869141e+00 3.514480590820312500e+00 2.621990680694580078e+00 1.788188457489013672e+00 2.119484901428222656e+00 3.774181842803955078e+00 3.557736158370971680e+00 5.344999790191650391e+00 5.026492595672607422e+00 4.296147346496582031e+00 3.323646545410156250e+00 2.442557096481323242e+00 3.253913402557373047e+00 5.903211116790771484e+00 2.563626050949096680e+00 3.829793930053710938e+00
1.892638683319091797e+00 3.757292270660400391e+00 4.032096862792968750e+00 2.418395996093750000e+00 4.159104824066162109e+00 3.145034790039062500e+00 2.994057893753051758e+00 2.536224126815795898e+00 2.743443012237548828e+00 2.397337913513183594e+00 2.550182342529296875e+00 4.111008644104003906e+00 2.396288871765136719e+00 3.150729656219482422e+00 3.131581068038940430e+00 3.214356899261474609e+00 4.870674610137939453e+00 3.285360813140869141e+00 3.404898166656494141e+00 2.204008340835571289e+00
3.059738159179687500e+00 2.774522304534912109e+00 2.026249647140502930e+00 3.429076433181762695e+00 4.118027210235595703e+00 2.690442562103271484e+00 3.243485212326049805e+00 3.559238433837890625e+00 3.307807445526123047e+00 2.708710193634033203e+00 2.122861862182617188e+00 2.747764587402343750e+00 2.922395944595336914e+00 2.847800731658935547e+00 2.823537588119506836e+00 3.036666631698608398e+00 3.119005918502807617e+00 2.015412092208862305e+00 2.995615005493164062e+00 3.329515218734741211e+00
1.664057612419128418e+00 3.469884872436523438e+00 3.521136760711669922e+00 2.078702926635742188e+00 3.412226438522338867e+00 3.109241247177124023e+00 2.990434169769287109e+00 3.330393552780151367e+00 4.525547981262207031e+00 2.602707862854003906e+00 3.269404888153076172e+00 2.393035888671875000e+00 4.589389324188232422e+00 2.084167957305908203e+00 2.801817417144775391e+00 4.023498058319091797e+00 4.419785499572753906e+00 2.474323749542236328e+00 3.766265153884887695e+00 3.016911506652832031e+00
3.030316352844238281e+00 2.697217941284179688e+00 3.032452344894409180e+00 3.421094417572021484e+00 2.211881399154663086e+00 1.843844652175903320e+00 3.748888492584228516e+00 2.439058303833007812e+00 2.586116790771484375e+00 2.963239192962646484e+00 2.924833297729492188e+00 2.568415880203247070e+00 4.258086204528808594e+00 2.061365127563476562e+00 2.754260063171386719e+00 2.641558170318603516e+00 3.167802810668945312e+00 2.892488241195678711e+00 1.718239426612854004e+00 6.464768409729003906e+00
3.608026027679443359e+00 3.525392055511474609e+00 2.931648254394531250e+00 4.927869796752929688e+00 3.560494899749755859e+00 4.166028499603271484e+00 3.771635055541992188e+00 3.562490463256835938e+00 1.949950218200683594e+00 3.796298265457153320e+00 1.616152048110961914e+00 3.580955743789672852e+00 3.008661746978759766e+00 3.129363536834716797e+00 4.129895210266113281e+00 4.157854080200195312e+00 3.536292076110839844e+00 2.712649106979370117e+00 2.014146327972412109e+00 2.432467222213745117e+00
3.000075340270996094e+00 3.345839500427246094e+00 3.734891176223754883e+00 3.756622076034545898e+00 4.182344913482666016e+00 2.665884494781494141e+00 2.523562669754028320e+00 2.765399456024169922e+00 3.228203296661376953e+00 2.527480840682983398e+00 3.806545734405517578e+00 3.603972434997558594e+00 3.616822242736816406e+00 3.408124923706054688e+00 2.637087345123291016e+00 2.979747295379638672e+00 3.419082164764404297e+00 3.148326158523559570e+00 2.007546424865722656e+00 2.914888381958007812e+00
2.956538677215576172e+00 2.223319768905639648e+00 2.535679101943969727e+00 3.359026908874511719e+00 3.027732849121093750e+00 3.954745054244995117e+00 3.240502834320068359e+00 3.976718664169311523e+00 3.828231334686279297e+00 2.450111389160156250e+00 3.422361850738525391e+00 2.623347282409667969e+00 2.818666934967041016e+00 2.472433090209960938e+00 1.335064888000488281e+00 2.111764430999755859e+00 4.667677879333496094e+00 5.081787109375000000e+00 2.357109069824218750e+00 3.030926227569580078e+00
3.098015785217285156e+00 3.131941556930541992e+00 2.933887004852294922e+00 1.474046111106872559e+00 1.944768309593200684e+00 4.111480712890625000e+00 2.840042591094970703e+00 2.768713474273681641e+00 3.053140163421630859e+00 7.253458023071289062e+00 4.537778377532958984e+00 3.234504461288452148e+00 2.000608921051025391e+00 2.417290210723876953e+00 2.776896953582763672e+00 3.130719661712646484e+00 5.540173530578613281e+00 2.534459114074707031e+00 2.736891269683837891e+00 3.324395179748535156e+00
2.413434982299804688e+00 4.290106773376464844e+00 2.754485130310058594e+00 2.268580913543701172e+00 3.828536033630371094e+00 2.940899848937988281e+00 3.443278074264526367e+00 2.710549592971801758e+00 4.687362670898437500e+00 5.387943267822265625e+00 4.489609718322753906e+00 3.667854785919189453e+00 5.565390586853027344e+00 3.822612762451171875e+00 3.498346090316772461e+00 3.404301643371582031e+00 1.572804450988769531e+00 3.054620265960693359e+00 2.704900503158569336e+00 2.573508024215698242e+00
