2019-07-25 04:30:00
4.192829132080078125e+00 4.320830345153808594e+00 3.827111482620239258e+00 3.079183101654052734e+00 3.584751367568969727e+00 2.579503774642944336e+00 2.984621047973632812e+00 3.425718069076538086e+00 4.364993095397949219e+00 7.294271469116210938e+00 5.262961387634277344e+00 3.497808694839477539e+00 5.684865951538085938e+00 3.425584554672241211e+00 1.714087963104248047e+00 4.939458370208740234e+00 5.345137119293212891e+00 2.071399927139282227e+00 2.714508056640625000e+00 3.171077489852905273e+00
4.042837142944335938e+00 4.917789459228515625e+00 4.734748840332031250e+00 4.301774024963378906e+00 5.491435527801513672e+00 3.390653848648071289e+00 2.688877820968627930e+00 3.756910324096679688e+00 3.213241100311279297e+00 2.696725368499755859e+00 3.094265460968017578e+00 2.838797807693481445e+00 2.975671529769897461e+00 3.087428092956542969e+00 3.239352703094482422e+00 1.558336734771728516e+00 5.764813899993896484e+00 8.087000846862792969e+00 3.979579448699951172e+00 4.422208309173583984e+00
3.424430847167968750e+00 4.489434242248535156e+00 5.016731262207031250e+00 4.220730781555175781e+00 4.587616920471191406e+00 5.385127067565917969e+00 3.827512741088867188e+00 4.303516864776611328e+00 2.244392395019531250e+00 2.706061363220214844e+00 4.696947097778320312e+00 5.611933708190917969e+00 2.880066633224487305e+00 4.255323410034179688e+00 4.325253486633300781e+00 2.070964336395263672e+00 2.467399120330810547e+00 5.363264083862304688e+00 2.859699726104736328e+00 2.687599897384643555e+00
3.015033245086669922e+00 7.060151100158691406e+00 6.201656818389892578e+00 5.667980194091796875e+00 3.535057306289672852e+00 3.773761272430419922e+00 4.175797462463378906e+00 3.824544191360473633e+00 3.680201530456542969e+00 6.840187072753906250e+00 6.892484664916992188e+00 4.995684623718261719e+00 5.364703178405761719e+00 3.115209102630615234e+00 5.150223731994628906e+00 3.139743804931640625e+00 3.016643524169921875e+00 5.200942039489746094e+00 4.126962184906005859e+00 5.558355808258056641e+00
2.602231264114379883e+00 3.813420295715332031e+00 2.860215187072753906e+00 3.001104831695556641e+00 3.417319059371948242e+00 3.162470102310180664e+00 3.738156795501708984e+00 4.968309879302978516e+00 7.388676166534423828e+00 6.133379459381103516e+00 7.256458759307861328e+00 6.750741004943847656e+00 3.747549057006835938e+00 3.252494335174560547e+00 3.678012847900390625e+00 3.615155458450317383e+00 2.894525527954101562e+00 4.070096969604492188e+00 5.089840888977050781e+00 3.711201190948486328e+00
4.712206840515136719e+00 3.183676242828369141e+00 5.125477790832519531e+00 6.303325176239013672e+00 2.426919698715209961e+00 1.640247702598571777e+00 4.785699844360351562e+00 3.639095306396484375e+00 3.488186836242675781e+00 4.478360176086425781e+00 7.586782932281494141e+00 8.192327499389648438e+00 4.667126655578613281e+00 3.637574911117553711e+00 4.163873672485351562e+00 4.122611045837402344e+00 3.207890987396240234e+00 3.643229007720947266e+00 4.988116741180419922e+00 3.532300949096679688e+00
4.509795188903808594e+00 4.755826473236083984e+00 4.411796569824218750e+00 5.321652412414550781e+00 6.335000991821289062e+00 5.314482688903808594e+00 3.118824481964111328e+00 6.525041580200195312e+00 3.441020488739013672e+00 3.991082668304443359e+00 2.733684062957763672e+00 3.794009685516357422e+00 2.103926658630371094e+00 3.109153985977172852e+00 2.693836927413940430e+00 5.932695388793945312e+00 2.391136169433593750e+00 2.453940391540527344e+00 4.609444618225097656e+00 5.832393646240234375e+00
8.083837509155273438e+00 2.550599575042724609e+00 3.468600749969482422e+00 1.497975587844848633e+00 5.262517929077148438e+00 3.070825099945068359e+00 2.639823436737060547e+00 3.634783267974853516e+00 2.821266412734985352e+00 3.269464492797851562e+00 2.841379404067993164e+00 3.338721275329589844e+00 3.705091953277587891e+00 5.180415630340576172e+00 3.136832475662231445e+00 3.377696037292480469e+00 6.087732791900634766e+00 2.806224346160888672e+00 4.059691429138183594e+00 1.775139808654785156e+00
3.839875698089599609e+00 4.475920677185058594e+00 3.185580730438232422e+00 5.107693195343017578e+00 4.814622402191162109e+00 3.478717327117919922e+00 2.979389905929565430e+00 4.071636676788330078e+00 2.520477294921875000e+00 6.416552066802978516e+00 2.272735595703125000e+00 1.943360328674316406e+00 6.075119018554687500e+00 4.702715873718261719e+00 2.221224308013916016e+00 3.293796062469482422e+00 5.113591194152832031e+00 2.144267082214355469e+00 3.380254983901977539e+00 3.255016326904296875e+00
6.414751529693603516e+00 4.495470523834228516e+00 4.898794651031494141e+00 2.448415756225585938e+00 3.948572635650634766e+00 2.447902917861938477e+00 3.025175571441650391e+00 2.494210720062255859e+00 4.936438083648681641e+00 4.026937007904052734e+00 2.248364686965942383e+00 4.839514732360839844e+00 4.698474884033203125e+00 3.284110069274902344e+00 2.203303337097167969e+00 2.310760974884033203e+00 5.937288284301757812e+00 3.725977420806884766e+00 2.897549629211425781e+00 3.002688884735107422e+00
3.201523065567016602e+00 2.557892322540283203e+00 2.967391252517700195e+00 2.486585140228271484e+00 3.572604179382324219e+00 3.146042108535766602e+00 3.125250339508056641e+00 2.995090961456298828e+00 2.550507068634033203e+00 2.791534423828125000e+00 3.273459672927856445e+00 6.558784484863281250e+00 4.563730239868164062e+00 4.529047966003417969e+00 2.861022233963012695e+00 3.524266242980957031e+00 2.573596000671386719e+00 5.697916030883789062e+00 3.496437788009643555e+00 3.388293027877807617e+00
3.215894222259521484e+00 3.185610532760620117e+00 3.439666509628295898e+00 4.304690837860107422e+00 3.907185792922973633e+00 1.796796798706054688e+00 3.038919448852539062e+00 3.411657333374023438e+00 2.440379619598388672e+00 2.962408542633056641e+00 2.302417516708374023e+00 3.337187767028808594e+00 3.554429054260253906e+00 2.852289199829101562e+00 3.004369735717773438e+00 9.828803062438964844e+00 3.587646007537841797e+00 3.125998258590698242e+00 2.305448055267333984e+00 1.927301645278930664e+00
3.665872812271118164e+00 3.449664592742919922e+00 4.189380645751953125e+00 3.103309631347656250e+00 3.132033824920654297e+00 3.737974882125854492e+00 2.895684957504272461e+00 3.305101394653320312e+00 3.270233631134033203e+00 4.566144943237304688e+00 4.535891056060791016e+00 3.079122304916381836e+00 3.608821392059326172e+00 3.944998025894165039e+00 2.733348608016967773e+00 2.270853996276855469e+00 1.472707033157348633e+00 2.150415897369384766e+00 2.016952037811279297e+00 2.681107521057128906e+00
2.377347707748413086e+00 3.775064945220947266e+00 3.054275512695312500e+00 2.632520437240600586e+00 2.206527948379516602e+00 1.566249370574951172e+00 4.366116523742675781e+00 3.035132884979248047e+00 3.182729244232177734e+00 3.034277677536010742e+00 2.579648494720458984e+00 2.426839828491210938e+00 2.289566516876220703e+00 3.907008647918701172e+00 3.153522253036499023e+00 2.151400804519653320e+00 3.379354953765869141e+00 2.248049974441528320e+00 3.452979564666748047e+00 2.811137199401855469e+00
4.794864177703857422e+00 3.254255294799804688e+00 2.441270351409912109e+00 4.165550231933593750e+00 3.727026462554931641e+00 2.811375617980957031e+00 2.884050846099853516e+00 2.842013359069824219e+00 2.867336750030517578e+00 2.831126451492309570e+00 3.431118965148925781e+00 3.630367279052734375e+00 2.045259475708007812e+00 3.064609527587890625e+00 3.393337488174438477e+00 2.987362623214721680e+00 3.267137289047241211e+00 2.651272773742675781e+00 2.157286643981933594e+00 4.590800285339355469e+00
2.444075107574462891e+00 2.855796098709106445e+00 3.621803283691406250e+00 2.881986141204833984e+00 2.537623643875122070e+00 3.186563253402709961e+00 2.933388710021972656e+00 2.758865833282470703e+00 2.581315994262695312e+00 4.164408206939697266e+00 3.544132232666015625e+00 3.426528930664062500e+00 2.385367393493652344e+00 3.030344009399414062e+00 2.666852951049804688e+00 3.499213933944702148e+00 4.151836872100830078e+00 4.241282463073730469e+00 2.904664993286132812e+00 3.081486701965332031e+00
3.124237775802612305e+00 3.381393671035766602e+00 5.254321098327636719e+00 3.601315498352050781e+00 4.632757186889648438e+00 2.685557365417480469e+00 2.750089168548583984e+00 2.686318397521972656e+00 2.644568920135498047e+00 2.310246944427490234e+00 2.627229690551757812e+00 2.138034343719482422e+00 3.582554817199707031e+00 2.356063365936279297e+00 3.943814754486083984e+00 2.782439708709716797e+00 3.307353973388671875e+00 3.087708711624145508e+00 2.920820236206054688e+00 3.495280027389526367e+00
2.512468814849853516e+00 3.667170047760009766e+00 3.775929927825927734e+00 3.658812284469604492e+00 2.937806844711303711e+00 2.544697284698486328e+00 3.706438779830932617e+00 2.409980297088623047e+00 3.990893363952636719e+00 4.126564979553222656e+00 3.482625961303710938e+00 3.450485467910766602e+00 2.089682102203369141e+00 4.167423248291015625e+00 3.054105281829833984e+00 3.510608434677124023e+00 3.146506071090698242e+00 3.477291822433471680e+00 2.259075164794921875e+00 2.603847980499267578e+00
3.918095827102661133e+00 2.607042074203491211e+00 2.994659900665283203e+00 4.287377357482910156e+00 2.075506448745727539e+00 3.308939456939697266e+00 3.614629268646240234e+00 3.033083438873291016e+00 2.568894863128662109e+00 6.589065551757812500e+00 8.293270111083984375e+00 6.281435966491699219e+00 2.552237033843994141e+00 3.798293113708496094e+00 2.874428987503051758e+00 2.262773990631103516e+00 2.864876747131347656e+00 4.036584854125976562e+00 4.959926605224609375e+00 2.704685449600219727e+00
2.632163763046264648e+00 3.473817110061645508e+00 2.345516681671142578e+00 2.790439844131469727e+00 2.949040889739990234e+00 2.737339496612548828e+00 4.537087917327880859e+00 3.457490682601928711e+00 5.051627159118652344e+00 2.589071989059448242e+00 7.447274684906005859e+00 5.928311347961425781e+00 5.291229248046875000e+00 4.213772773742675781e+00 3.389178752899169922e+00 3.803876399993896484e+00 2.377035140991210938e+00 4.055593490600585938e+00 2.352414369583129883e+00 2.975497245788574219e+00
