2019-07-25 04:45:00
7.269365310668945312e+00 5.359627723693847656e+00 2.798101425170898438e+00 2.917255401611328125e+00 2.519781351089477539e+00 3.020588397979736328e+00 2.905353069305419922e+00 3.143559932708740234e+00 3.030053615570068359e+00 6.976465225219726562e+00 2.995356559753417969e+00 3.868684768676757812e+00 8.097823143005371094e+00 3.323646068572998047e+00 3.965332984924316406e+00 5.264841556549072266e+00 8.628470420837402344e+00 2.901169538497924805e+00 2.861921787261962891e+00 2.621448993682861328e+00
4.862544059753417969e+00 4.875452995300292969e+00 5.930410861968994141e+00 4.179191589355468750e+00 6.791759967803955078e+00 3.120518207550048828e+00 2.889146089553833008e+00 3.903004646301269531e+00 2.680480957031250000e+00 3.913200139999389648e+00 4.035241127014160156e+00 2.957438707351684570e+00 4.310410022735595703e+00 8.216785430908203125e+00 4.434741020202636719e+00 3.659448623657226562e+00 4.023720264434814453e+00 6.883604526519775391e+00 4.366624832153320312e+00 2.942676544189453125e+00
6.352502822875976562e+00 5.377573013305664062e+00 5.214235782623291016e+00 2.919511795043945312e+00 7.449078083038330078e+00 5.388678550720214844e+00 2.946563482284545898e+00 3.430392742156982422e+00 3.111153602600097656e+00 3.914250373840332031e+00 4.094404220581054688e+00 6.911040782928466797e+00 3.205345630645751953e+00 6.804791450500488281e+00 7.839226722717285156e+00 2.013869047164916992e+00 7.737513542175292969e+00 6.287784576416015625e+00 2.500275135040283203e+00 2.855790138244628906e+00
3.433165550231933594e+00 5.096920967102050781e+00 6.205225944519042969e+00 4.465336799621582031e+00 3.919027090072631836e+00 3.070405483245849609e+00 3.429224491119384766e+00 3.546200275421142578e+00 3.537839412689208984e+00 6.461977005004882812e+00 4.337861061096191406e+00 7.078529834747314453e+00 3.863081932067871094e+00 3.297588825225830078e+00 7.149171829223632812e+00 3.522349596023559570e+00 3.170505046844482422e+00 8.416753768920898438e+00 3.385121822357177734e+00 3.875832557678222656e+00
4.233255863189697266e+00 3.939386844635009766e+00 3.693830966949462891e+00 4.900158882141113281e+00 2.176879882812500000e+00 6.012776374816894531e+00 3.270886182785034180e+00 4.754610061645507812e+00 1.027869796752929688e+01 6.095396995544433594e+00 4.540145874023437500e+00 8.120962142944335938e+00 3.809371232986450195e+00 3.181041002273559570e+00 4.711700439453125000e+00 6.080964088439941406e+00 3.106074094772338867e+00 6.372931003570556641e+00 6.520161628723144531e+00 4.810013294219970703e+00
3.093261718750000000e+00 3.340772628784179688e+00 8.341492652893066406e+00 5.600457191467285156e+00 6.855394363403320312e+00 7.338103771209716797e+00 2.413886308670043945e+00 5.966016769409179688e+00 4.775268554687500000e+00 5.045467376708984375e+00 5.415416717529296875e+00 4.324159145355224609e+00 6.522488594055175781e+00 4.286715507507324219e+00 3.919382095336914062e+00 6.055616378784179688e+00 3.646597623825073242e+00 4.007778167724609375e+00 6.811893463134765625e+00 3.616643905639648438e+00
4.362914085388183594e+00 7.317474842071533203e+00 5.067843437194824219e+00 6.701739311218261719e+00 3.680139541625976562e+00 7.314640998840332031e+00 2.578724622726440430e+00 5.935846328735351562e+00 2.492186069488525391e+00 2.895345687866210938e+00 2.169823169708251953e+00 4.096011161804199219e+00 5.986437797546386719e+00 6.492747306823730469e+00 3.204313755035400391e+00 2.834914922714233398e+00 3.543872117996215820e+00 3.849385499954223633e+00 8.437429428100585938e+00 6.340201854705810547e+00
4.209827423095703125e+00 3.417019844055175781e+00 4.754241943359375000e+00 7.005352497100830078e+00 6.115164756774902344e+00 2.973769664764404297e+00 2.951093673706054688e+00 3.947996616363525391e+00 3.485463857650756836e+00 3.716906547546386719e+00 3.270091056823730469e+00 3.974850416183471680e+00 6.603781700134277344e+00 6.891165733337402344e+00 2.739943981170654297e+00 2.995810985565185547e+00 7.230707168579101562e+00 3.173490524291992188e+00 4.644240379333496094e+00 3.708985328674316406e+00
3.699756860733032227e+00 6.169856071472167969e+00 3.920706748962402344e+00 3.456768989562988281e+00 3.605535984039306641e+00 2.683575630187988281e+00 3.838444232940673828e+00 3.081832408905029297e+00 3.073005676269531250e+00 5.391978740692138672e+00 3.148255109786987305e+00 2.707788467407226562e+00 6.912903785705566406e+00 5.251346588134765625e+00 6.388718605041503906e+00 2.722766160964965820e+00 4.725097656250000000e+00 2.483376502990722656e+00 3.364057302474975586e+00 2.601566553115844727e+00
4.268494606018066406e+00 5.456160545349121094e+00 3.471685886383056641e+00 3.310953617095947266e+00 3.556792736053466797e+00 3.500563144683837891e+00 2.507117271423339844e+00 4.539330005645751953e+00 7.624566555023193359e+00 5.419275760650634766e+00 6.192499160766601562e+00 3.495579719543457031e+00 4.518293857574462891e+00 2.995475292205810547e+00 2.303540706634521484e+00 2.679387807846069336e+00 4.537679672241210938e+00 2.851143836975097656e+00 1.520680546760559082e+00 2.395537853240966797e+00
3.069192886352539062e+00 2.293834447860717773e+00 2.434102535247802734e+00 2.563306331634521484e+00 3.035294532775878906e+00 3.254987716674804688e+00 2.937519073486328125e+00 4.103561401367187500e+00 3.857397556304931641e+00 3.852901935577392578e+00 4.054332733154296875e+00 4.191582679748535156e+00 4.654530525207519531e+00 5.652317523956298828e+00 2.919950962066650391e+00 1.804704308509826660e+00 2.600692749023437500e+00 8.583610534667968750e+00 2.247865915298461914e+00 3.995047092437744141e+00
2.739228725433349609e+00 2.746339797973632812e+00 3.711138963699340820e+00 2.465938568115234375e+00 4.277406692504882812e+00 4.188489437103271484e+00 3.621364593505859375e+00 3.227826833724975586e+00 2.073819637298583984e+00 3.440140485763549805e+00 3.216092109680175781e+00 3.758913993835449219e+00 5.155792236328125000e+00 3.138392925262451172e+00 3.837117671966552734e+00 4.013979911804199219e+00 3.107573032379150391e+00 2.062981128692626953e+00 3.915915727615356445e+00 3.334752082824707031e+00
2.761529922485351562e+00 2.576513767242431641e+00 3.090128898620605469e+00 3.604899644851684570e+00 2.639972686767578125e+00 3.350443363189697266e+00 3.134945154190063477e+00 4.053368568420410156e+00 5.158720970153808594e+00 3.049798011779785156e+00 2.521946430206298828e+00 3.157401800155639648e+00 2.347869396209716797e+00 3.106725215911865234e+00 2.830815553665161133e+00 2.690608501434326172e+00 4.516065597534179688e+00 3.603892087936401367e+00 4.197196960449218750e+00 3.372593641281127930e+00
3.966314315795898438e+00 4.687477111816406250e+00 4.075862407684326172e+00 3.258989334106445312e+00 4.371320724487304688e+00 2.864573478698730469e+00 3.170875072479248047e+00 3.804935693740844727e+00 3.564820766448974609e+00 4.023674011230468750e+00 2.190036296844482422e+00 3.790024280548095703e+00 4.169555664062500000e+00 2.401323795318603516e+00 3.517684698104858398e+00 3.612528085708618164e+00 2.990603446960449219e+00 3.282764911651611328e+00 3.502133131027221680e+00 2.738487720489501953e+00
5.443104267120361328e+00 4.924466609954833984e+00 3.261041164398193359e+00 3.408305644989013672e+00 3.788298130035400391e+00 2.895262241363525391e+00 3.836249589920043945e+00 2.712029933929443359e+00 3.955625057220458984e+00 2.211088180541992188e+00 3.834154605865478516e+00 3.217954397201538086e+00 2.826186656951904297e+00 3.968667030334472656e+00 3.236052036285400391e+00 3.477699518203735352e+00 3.299032688140869141e+00 3.064134597778320312e+00 3.057119369506835938e+00 4.440295696258544922e+00
4.749729156494140625e+00 4.608883857727050781e+00 3.339767932891845703e+00 3.366362333297729492e+00 3.231703996658325195e+00 3.682322025299072266e+00 3.879726648330688477e+00 4.517106056213378906e+00 4.352780342102050781e+00 2.869766950607299805e+00 2.321569204330444336e+00 4.115330696105957031e+00 5.186879158020019531e+00 2.252637386322021484e+00 4.001729488372802734e+00 4.298781394958496094e+00 3.862754344940185547e+00 3.120529174804687500e+00 3.386326551437377930e+00 2.887252569198608398e+00
2.605777263641357422e+00 3.130653619766235352e+00 3.699558258056640625e+00 4.591118812561035156e+00 1.021573257446289062e+01 2.257604122161865234e+00 2.937938213348388672e+00 3.375843286514282227e+00 2.493753194808959961e+00 3.024670839309692383e+00 3.957642078399658203e+00 3.328346490859985352e+00 4.022497653961181641e+00 3.134418010711669922e+00 3.767007112503051758e+00 4.794902324676513672e+00 3.727035999298095703e+00 2.937045574188232422e+00 3.053724288940429688e+00 4.328605651855468750e+00
3.371393203735351562e+00 3.666602134704589844e+00 3.219633579254150391e+00 3.959419250488281250e+00 5.194527626037597656e+00 3.211827993392944336e+00 4.667070388793945312e+00 3.269678592681884766e+00 3.437797546386718750e+00 6.795183181762695312e+00 3.723262310028076172e+00 2.887709140777587891e+00 3.406346797943115234e+00 3.923389911651611328e+00 4.357920646667480469e+00 2.893827438354492188e+00 4.816941261291503906e+00 2.814739704132080078e+00 3.436930894851684570e+00 2.643622398376464844e+00
2.876121044158935547e+00 3.240170717239379883e+00 3.392354726791381836e+00 2.852133512496948242e+00 4.994982242584228516e+00 3.711274623870849609e+00 4.249612808227539062e+00 3.816531658172607422e+00 4.438872337341308594e+00 7.542013168334960938e+00 3.229111194610595703e+00 5.217720031738281250e+00 3.800625324249267578e+00 2.481898546218872070e+00 4.745725631713867188e+00 3.843327283859252930e+00 2.663156747817993164e+00 3.233176231384277344e+00 5.594731807708740234e+00 2.470428228378295898e+00
3.900058031082153320e+00 4.290237426757812500e+00 2.309693813323974609e+00 2.186963081359863281e+00 5.439964771270751953e+00 3.379399776458740234e+00 3.237857341766357422e+00 4.409519672393798828e+00 6.387077331542968750e+00 4.325629711151123047e+00 3.457707166671752930e+00 3.208475589752197266e+00 5.883805751800537109e+00 2.767014026641845703e+00 4.435245513916015625e+00 5.079588890075683594e+00 2.496938705444335938e+00 3.644017457962036133e+00 4.225884437561035156e+00 3.685335636138916016e+00
