2019-07-25 00:30:00
7.324063301086425781e+00 6.517587661743164062e+00 4.554487228393554688e+00 3.751794815063476562e+00 2.831727027893066406e+00 4.661873817443847656e+00 4.560264587402343750e+00 3.675622463226318359e+00 2.992490291595458984e+00 5.646034240722656250e+00 3.941286802291870117e+00 3.261191368103027344e+00 6.552248001098632812e+00 4.002908229827880859e+00 3.475816726684570312e+00 7.578875541687011719e+00 5.841852188110351562e+00 4.483372211456298828e+00 2.775659561157226562e+00 3.902518033981323242e+00
9.123674392700195312e+00 5.817180156707763672e+00 7.706711769104003906e+00 5.067994117736816406e+00 1.031155967712402344e+01 2.839277982711791992e+00 2.019094944000244141e+00 2.894145727157592773e+00 3.140568733215332031e+00 3.671171665191650391e+00 4.001731395721435547e+00 3.118807315826416016e+00 2.515283584594726562e+00 6.044107913970947266e+00 3.246387004852294922e+00 4.432474613189697266e+00 8.229553222656250000e+00 3.203530073165893555e+00 3.333121776580810547e+00 5.057916164398193359e+00
5.455675601959228516e+00 4.821137905120849609e+00 8.611187934875488281e+00 5.986894607543945312e+00 5.205603599548339844e+00 8.315998077392578125e+00 5.335462570190429688e+00 4.573324203491210938e+00 3.630753755569458008e+00 3.987228393554687500e+00 6.006655693054199219e+00 6.968186378479003906e+00 4.784706592559814453e+00 2.565294504165649414e+00 2.516753911972045898e+00 3.383081912994384766e+00 5.963232040405273438e+00 8.318066596984863281e+00 3.473356008529663086e+00 3.526017665863037109e+00
3.338951587677001953e+00 6.624642848968505859e+00 6.580347537994384766e+00 5.276690483093261719e+00 2.992061614990234375e+00 5.819350242614746094e+00 2.923632144927978516e+00 3.187118053436279297e+00 4.193482398986816406e+00 5.589778900146484375e+00 2.919130563735961914e+00 7.383708953857421875e+00 2.375571966171264648e+00 3.465399026870727539e+00 5.116199016571044922e+00 2.994228839874267578e+00 3.442204952239990234e+00 4.655680656433105469e+00 1.551938533782958984e+00 2.574327945709228516e+00
3.445765018463134766e+00 3.250565528869628906e+00 3.941186428070068359e+00 3.855361700057983398e+00 3.364516258239746094e+00 3.602939605712890625e+00 3.357342243194580078e+00 4.759809494018554688e+00 7.627044677734375000e+00 4.774993896484375000e+00 4.737056732177734375e+00 4.991106986999511719e+00 3.313686370849609375e+00 3.308074951171875000e+00 5.294482231140136719e+00 5.765767097473144531e+00 2.344454765319824219e+00 6.429032325744628906e+00 4.941668987274169922e+00 2.564949750900268555e+00
5.255697727203369141e+00 4.240210533142089844e+00 8.305265426635742188e+00 6.721721172332763672e+00 3.933370113372802734e+00 9.007305145263671875e+00 4.151455879211425781e+00 1.014384078979492188e+01 7.404758930206298828e+00 5.539067745208740234e+00 7.957387924194335938e+00 5.656595230102539062e+00 5.673740863800048828e+00 3.045979022979736328e+00 4.041925430297851562e+00 6.599683761596679688e+00 3.159380912780761719e+00 7.317575931549072266e+00 4.820894718170166016e+00 3.274319410324096680e+00
4.930528163909912109e+00 5.377156734466552734e+00 5.905078887939453125e+00 4.656152725219726562e+00 5.363828659057617188e+00 7.043183326721191406e+00 2.726468563079833984e+00 5.747434616088867188e+00 3.644082546234130859e+00 4.556005001068115234e+00 3.787689685821533203e+00 3.846391677856445312e+00 4.593057155609130859e+00 4.984698295593261719e+00 2.428032398223876953e+00 6.630561828613281250e+00 3.640688419342041016e+00 3.248144626617431641e+00 7.597462654113769531e+00 6.651131629943847656e+00
7.777902126312255859e+00 5.970836639404296875e+00 4.850617885589599609e+00 5.517872810363769531e+00 8.246530532836914062e+00 6.457698822021484375e+00 4.893353939056396484e+00 4.559667110443115234e+00 3.193314075469970703e+00 2.245597362518310547e+00 3.630007028579711914e+00 4.391603469848632812e+00 5.465046882629394531e+00 4.131028175354003906e+00 3.196065187454223633e+00 3.380699157714843750e+00 4.314631938934326172e+00 3.962969779968261719e+00 6.352663040161132812e+00 4.187396526336669922e+00
5.302289962768554688e+00 2.909561157226562500e+00 6.073164463043212891e+00 4.631914138793945312e+00 5.073782920837402344e+00 2.298984527587890625e+00 2.748225212097167969e+00 3.524370908737182617e+00 3.780144214630126953e+00 7.405989646911621094e+00 2.587823390960693359e+00 3.194194078445434570e+00 8.559391975402832031e+00 5.266694068908691406e+00 4.703605651855468750e+00 4.267150878906250000e+00 5.573859691619873047e+00 2.939287185668945312e+00 3.186663866043090820e+00 4.227941036224365234e+00
1.045510482788085938e+01 6.264429569244384766e+00 3.111932754516601562e+00 4.382709503173828125e+00 3.030325889587402344e+00 3.149429798126220703e+00 2.193401336669921875e+00 2.826908826828002930e+00 5.727411270141601562e+00 4.977159500122070312e+00 5.955703735351562500e+00 5.516646385192871094e+00 7.511225223541259766e+00 3.645327329635620117e+00 3.982362508773803711e+00 4.296669006347656250e+00 6.867996692657470703e+00 3.758147001266479492e+00 2.826854228973388672e+00 3.205998897552490234e+00
2.223359107971191406e+00 4.025230407714843750e+00 3.149598360061645508e+00 4.397414207458496094e+00 3.233282089233398438e+00 4.320306777954101562e+00 4.271845340728759766e+00 2.565062046051025391e+00 3.318057060241699219e+00 3.400213718414306641e+00 3.468902587890625000e+00 5.212280273437500000e+00 6.099981307983398438e+00 4.903090953826904297e+00 2.360929489135742188e+00 3.347628116607666016e+00 3.786298751831054688e+00 7.696755409240722656e+00 4.180922508239746094e+00 4.677376747131347656e+00
4.510642051696777344e+00 3.278824806213378906e+00 3.382163524627685547e+00 2.458137035369873047e+00 3.929561614990234375e+00 2.366473674774169922e+00 2.560055732727050781e+00 3.968613624572753906e+00 4.317028522491455078e+00 3.541186809539794922e+00 4.636677742004394531e+00 4.419512748718261719e+00 2.667466878890991211e+00 2.680672645568847656e+00 3.544929981231689453e+00 6.646883964538574219e+00 4.382090091705322266e+00 4.077015876770019531e+00 4.305233478546142578e+00 2.362474918365478516e+00
2.649211883544921875e+00 3.366694450378417969e+00 2.840476512908935547e+00 2.793741226196289062e+00 4.875257492065429688e+00 2.582710981369018555e+00 3.178539037704467773e+00 4.768917083740234375e+00 4.454278469085693359e+00 3.092014551162719727e+00 3.480406761169433594e+00 3.333483695983886719e+00 3.869518280029296875e+00 2.589902400970458984e+00 3.488296508789062500e+00 3.178218841552734375e+00 4.479859352111816406e+00 3.938320636749267578e+00 4.812674522399902344e+00 3.009940624237060547e+00
4.795418739318847656e+00 3.945800781250000000e+00 4.607686996459960938e+00 5.178442001342773438e+00 1.734083056449890137e+00 4.723306179046630859e+00 4.456438064575195312e+00 3.290182590484619141e+00 4.772506713867187500e+00 3.380286693572998047e+00 3.873417615890502930e+00 3.871776819229125977e+00 3.805053710937500000e+00 3.634238958358764648e+00 3.348122835159301758e+00 2.526008844375610352e+00 3.466258764266967773e+00 3.961413145065307617e+00 2.569987773895263672e+00 4.292205810546875000e+00
3.510161638259887695e+00 2.571154117584228516e+00 4.988750457763671875e+00 2.586157798767089844e+00 2.805383920669555664e+00 3.447281360626220703e+00 2.993942260742187500e+00 3.933218717575073242e+00 3.999541044235229492e+00 3.953075647354125977e+00 1.690833210945129395e+00 4.156812667846679688e+00 5.448605537414550781e+00 3.591671943664550781e+00 3.019781112670898438e+00 4.115007400512695312e+00 3.912255287170410156e+00 2.633276700973510742e+00 3.873757362365722656e+00 6.747700214385986328e+00
4.024281024932861328e+00 2.616273164749145508e+00 4.197796821594238281e+00 3.590212821960449219e+00 3.312668085098266602e+00 3.361070394515991211e+00 2.846403837203979492e+00 4.682047843933105469e+00 4.798067092895507812e+00 2.060465097427368164e+00 3.925768375396728516e+00 2.909277915954589844e+00 2.435001134872436523e+00 4.445691108703613281e+00 4.208184242248535156e+00 3.370573043823242188e+00 2.727768898010253906e+00 4.131540298461914062e+00 3.093041658401489258e+00 5.861590385437011719e+00
3.560750722885131836e+00 3.197627782821655273e+00 5.463210582733154297e+00 4.030505180358886719e+00 5.584767341613769531e+00 4.209444046020507812e+00 3.313128471374511719e+00 3.955789804458618164e+00 4.194082260131835938e+00 2.241447210311889648e+00 2.354519367218017578e+00 4.100505828857421875e+00 2.937608718872070312e+00 4.039876461029052734e+00 4.002123832702636719e+00 2.797403097152709961e+00 3.088263034820556641e+00 3.458637237548828125e+00 2.520851135253906250e+00 4.379937171936035156e+00
4.562565803527832031e+00 2.239816188812255859e+00 3.751820564270019531e+00 3.055831909179687500e+00 3.411715030670166016e+00 4.397840976715087891e+00 4.188645839691162109e+00 3.406926631927490234e+00 5.520435810089111328e+00 3.944613456726074219e+00 3.870410442352294922e+00 3.189032077789306641e+00 2.653400182723999023e+00 3.355982780456542969e+00 4.353274822235107422e+00 2.598297119140625000e+00 4.965718269348144531e+00 5.242203712463378906e+00 2.162691116333007812e+00 3.255074501037597656e+00
2.638952255249023438e+00 3.552890300750732422e+00 3.329444408416748047e+00 3.302643775939941406e+00 3.483647346496582031e+00 2.679446220397949219e+00 4.974825382232666016e+00 3.368040561676025391e+00 5.340155124664306641e+00 4.133285522460937500e+00 4.762864112854003906e+00 5.613422393798828125e+00 4.547853469848632812e+00 2.292069435119628906e+00 3.772003173828125000e+00 3.283174514770507812e+00 3.398456573486328125e+00 2.424837350845336914e+00 6.603623390197753906e+00 3.716661214828491211e+00
5.740810871124267578e+00 4.975359916687011719e+00 3.620938539505004883e+00 7.420833587646484375e+00 3.557561874389648438e+00 2.935127258300781250e+00 6.040706634521484375e+00 4.447765350341796875e+00 7.946526527404785156e+00 8.081278800964355469e+00 5.851390838623046875e+00 7.084027290344238281e+00 6.065383911132812500e+00 2.982202291488647461e+00 5.240762233734130859e+00 2.943839550018310547e+00 3.095056295394897461e+00 3.448769092559814453e+00 4.065333843231201172e+00 3.139423370361328125e+00
