2019-07-25 05:30:00
8.560644149780273438e+00 4.926515579223632812e+00 4.221987724304199219e+00 3.756762266159057617e+00 3.766376018524169922e+00 4.064007282257080078e+00 3.955252885818481445e+00 2.315709829330444336e+00 4.625196456909179688e+00 1.122299194335937500e+01 2.109143257141113281e+00 3.714159250259399414e+00 5.263599395751953125e+00 5.128147602081298828e+00 1.995608568191528320e+00 7.020732879638671875e+00 7.301260948181152344e+00 2.569483041763305664e+00 3.736060142517089844e+00 3.058263301849365234e+00
8.203899383544921875e+00 1.024042606353759766e+01 5.661475658416748047e+00 5.398062705993652344e+00 5.856918811798095703e+00 4.516556739807128906e+00 3.081614255905151367e+00 2.316250085830688477e+00 5.099010467529296875e+00 3.339900732040405273e+00 4.177213191986083984e+00 3.048682212829589844e+00 4.898386001586914062e+00 6.774257659912109375e+00 3.158815622329711914e+00 3.430916070938110352e+00 7.576606750488281250e+00 5.552186012268066406e+00 2.841153860092163086e+00 2.726316928863525391e+00
8.660177230834960938e+00 6.589725494384765625e+00 7.184143066406250000e+00 8.919979095458984375e+00 1.051463699340820312e+01 6.165548801422119141e+00 4.548010349273681641e+00 2.614956378936767578e+00 2.685413837432861328e+00 3.760477304458618164e+00 5.578843116760253906e+00 3.616535663604736328e+00 3.698766708374023438e+00 6.294014930725097656e+00 9.239940643310546875e+00 2.961705684661865234e+00 2.434079408645629883e+00 4.423395156860351562e+00 3.370454311370849609e+00 3.403191328048706055e+00
3.795040369033813477e+00 5.902272224426269531e+00 7.706182479858398438e+00 7.332257270812988281e+00 5.181127071380615234e+00 3.360408067703247070e+00 4.685996532440185547e+00 2.910767078399658203e+00 2.501479625701904297e+00 7.544596195220947266e+00 5.311148643493652344e+00 5.055053710937500000e+00 3.414823770523071289e+00 3.232112646102905273e+00 8.293542861938476562e+00 3.465622425079345703e+00 3.635097980499267578e+00 6.694990158081054688e+00 3.826066970825195312e+00 3.954245328903198242e+00
2.907931327819824219e+00 3.438295364379882812e+00 2.986723899841308594e+00 2.816488265991210938e+00 4.784682750701904297e+00 6.912683486938476562e+00 3.262554407119750977e+00 7.403167724609375000e+00 4.867013931274414062e+00 4.137492179870605469e+00 3.998879432678222656e+00 5.014787197113037109e+00 7.427532672882080078e+00 3.607252120971679688e+00 6.863134384155273438e+00 7.940536022186279297e+00 4.421167373657226562e+00 6.316685676574707031e+00 7.656613826751708984e+00 2.572011470794677734e+00
6.806989669799804688e+00 3.062980413436889648e+00 4.549604415893554688e+00 7.156766891479492188e+00 4.120760917663574219e+00 5.666141510009765625e+00 2.765240192413330078e+00 6.826847076416015625e+00 4.584374427795410156e+00 4.789752483367919922e+00 6.025361061096191406e+00 9.048149108886718750e+00 7.186629295349121094e+00 3.221614360809326172e+00 4.161608695983886719e+00 9.592496871948242188e+00 2.924163341522216797e+00 5.207000732421875000e+00 5.798167705535888672e+00 2.272625207901000977e+00
8.641937255859375000e+00 7.459052085876464844e+00 6.936472415924072266e+00 8.442926406860351562e+00 3.631214857101440430e+00 6.134221076965332031e+00 2.104370117187500000e+00 3.872834920883178711e+00 2.502943038940429688e+00 2.786160707473754883e+00 1.775809526443481445e+00 3.674551963806152344e+00 9.376932144165039062e+00 4.955243110656738281e+00 4.215693473815917969e+00 2.938632488250732422e+00 3.814507007598876953e+00 4.497321128845214844e+00 7.386155605316162109e+00 9.416729927062988281e+00
4.486850738525390625e+00 4.195116996765136719e+00 4.163142204284667969e+00 5.994410037994384766e+00 4.809588432312011719e+00 2.969113588333129883e+00 4.222061157226562500e+00 4.499564647674560547e+00 3.424674510955810547e+00 2.948376417160034180e+00 2.930511474609375000e+00 3.005791187286376953e+00 4.587429523468017578e+00 5.908598899841308594e+00 2.376418828964233398e+00 3.071551799774169922e+00 5.200572490692138672e+00 2.504083395004272461e+00 5.695728778839111328e+00 3.551915168762207031e+00
3.902317762374877930e+00 5.213414192199707031e+00 3.039097785949707031e+00 3.867456912994384766e+00 5.704200744628906250e+00 4.450128555297851562e+00 2.887715578079223633e+00 3.488702774047851562e+00 5.814466953277587891e+00 4.647578716278076172e+00 3.767643451690673828e+00 2.676019191741943359e+00 3.520337820053100586e+00 4.849529266357421875e+00 3.705494642257690430e+00 3.436931133270263672e+00 4.311664581298828125e+00 2.543298959732055664e+00 3.081327676773071289e+00 3.487064838409423828e+00
5.559667587280273438e+00 5.989913463592529297e+00 3.901849746704101562e+00 3.407172441482543945e+00 4.554229736328125000e+00 4.316031455993652344e+00 2.251730442047119141e+00 3.820569992065429688e+00 7.732756614685058594e+00 4.958436012268066406e+00 8.407546997070312500e+00 7.055284500122070312e+00 4.907754898071289062e+00 3.571630954742431641e+00 3.410402297973632812e+00 1.895759463310241699e+00 5.683256149291992188e+00 2.872840404510498047e+00 3.087844371795654297e+00 4.123352050781250000e+00
4.106287479400634766e+00 2.799973726272583008e+00 3.856577396392822266e+00 3.447467327117919922e+00 3.261727809906005859e+00 4.027528285980224609e+00 3.586758136749267578e+00 4.031881809234619141e+00 2.862489223480224609e+00 1.916060447692871094e+00 2.328510284423828125e+00 4.666191101074218750e+00 5.056237220764160156e+00 6.885593891143798828e+00 2.870641231536865234e+00 3.441881656646728516e+00 3.828544139862060547e+00 6.351080417633056641e+00 2.508852958679199219e+00 5.896277427673339844e+00
5.988827705383300781e+00 3.101125001907348633e+00 3.513463258743286133e+00 2.627721786499023438e+00 5.437950134277343750e+00 4.434640407562255859e+00 2.208462476730346680e+00 3.619093894958496094e+00 3.129585504531860352e+00 2.733084440231323242e+00 2.926950931549072266e+00 2.564392089843750000e+00 2.681354284286499023e+00 3.305271625518798828e+00 4.315157890319824219e+00 6.455101013183593750e+00 3.105113983154296875e+00 3.203690290451049805e+00 3.631420135498046875e+00 3.372147321701049805e+00
4.015953540802001953e+00 2.693290233612060547e+00 4.943834304809570312e+00 4.036130428314208984e+00 4.162132263183593750e+00 3.829739332199096680e+00 2.374663829803466797e+00 4.527436256408691406e+00 2.615358829498291016e+00 3.532504081726074219e+00 2.926630496978759766e+00 2.635404586791992188e+00 3.292462110519409180e+00 2.029796123504638672e+00 2.699131965637207031e+00 3.263149738311767578e+00 3.942763805389404297e+00 2.162934780120849609e+00 3.302742004394531250e+00 4.108336448669433594e+00
3.873805999755859375e+00 2.787952899932861328e+00 3.393033981323242188e+00 3.489883899688720703e+00 4.100285053253173828e+00 3.292799949645996094e+00 3.013384580612182617e+00 3.826913356781005859e+00 3.052097320556640625e+00 2.799794435501098633e+00 4.027969837188720703e+00 3.705902338027954102e+00 3.857413530349731445e+00 4.166702747344970703e+00 2.590489387512207031e+00 3.282793998718261719e+00 3.299670696258544922e+00 3.854308128356933594e+00 4.529166221618652344e+00 3.045424699783325195e+00
4.544840812683105469e+00 2.884291410446166992e+00 2.961681365966796875e+00 2.328353404998779297e+00 3.441413402557373047e+00 2.337248563766479492e+00 4.265880107879638672e+00 3.657270193099975586e+00 2.948165416717529297e+00 4.295193672180175781e+00 3.838705301284790039e+00 4.292044639587402344e+00 2.450672626495361328e+00 3.090149879455566406e+00 3.444786787033081055e+00 2.423506736755371094e+00 3.728545188903808594e+00 2.683686256408691406e+00 2.730514049530029297e+00 7.757819175720214844e+00
2.444629907608032227e+00 4.239218711853027344e+00 3.912604093551635742e+00 4.322872161865234375e+00 3.291186809539794922e+00 3.964884281158447266e+00 4.240478515625000000e+00 2.591012954711914062e+00 1.551344275474548340e+00 2.931552171707153320e+00 2.777946472167968750e+00 3.046175479888916016e+00 4.501320838928222656e+00 3.100431919097900391e+00 2.252976655960083008e+00 4.346619606018066406e+00 3.885944843292236328e+00 1.736355543136596680e+00 3.112621784210205078e+00 5.905496597290039062e+00
3.154635429382324219e+00 3.174854516983032227e+00 5.599593162536621094e+00 4.590527534484863281e+00 3.984698534011840820e+00 1.457697868347167969e+00 3.357860803604125977e+00 4.330033302307128906e+00 3.657058715820312500e+00 3.379424095153808594e+00 4.175502777099609375e+00 4.379717350006103516e+00 4.005041599273681641e+00 2.166781902313232422e+00 4.160903930664062500e+00 3.126995563507080078e+00 2.250382900238037109e+00 2.408612966537475586e+00 3.124031305313110352e+00 6.062942981719970703e+00
2.317719697952270508e+00 3.459048986434936523e+00 3.086631774902343750e+00 3.525695085525512695e+00 3.919701099395751953e+00 2.731182575225830078e+00 4.526501178741455078e+00 3.164657592773437500e+00 6.028367042541503906e+00 3.223197698593139648e+00 4.356685161590576172e+00 3.282317399978637695e+00 3.745176076889038086e+00 2.787630558013916016e+00 5.117504119873046875e+00 3.492501497268676758e+00 4.804165840148925781e+00 3.448184490203857422e+00 2.066631555557250977e+00 4.410472869873046875e+00
2.280351638793945312e+00 2.515944242477416992e+00 2.799129724502563477e+00 3.360030174255371094e+00 5.800244331359863281e+00 4.189713478088378906e+00 4.726164340972900391e+00 2.611251115798950195e+00 5.383312225341796875e+00 5.613497734069824219e+00 4.898340225219726562e+00 4.210187911987304688e+00 4.258812427520751953e+00 4.563077449798583984e+00 5.893281936645507812e+00 4.217509269714355469e+00 3.186830043792724609e+00 4.861677169799804688e+00 3.094720840454101562e+00 5.366365909576416016e+00
3.939514398574829102e+00 4.761225700378417969e+00 2.648327112197875977e+00 4.770377159118652344e+00 5.824100017547607422e+00 3.207137584686279297e+00 5.807907581329345703e+00 4.002189159393310547e+00 4.814575672149658203e+00 7.697608470916748047e+00 6.943002700805664062e+00 5.036572456359863281e+00 5.077668190002441406e+00 3.909844875335693359e+00 5.632463455200195312e+00 3.473374128341674805e+00 3.819297790527343750e+00 5.185607433319091797e+00 3.418479919433593750e+00 3.406091690063476562e+00
