2019-07-25 05:45:00
7.564201354980468750e+00 4.894883155822753906e+00 5.195400238037109375e+00 4.973383903503417969e+00 4.124901771545410156e+00 3.940814495086669922e+00 3.176486253738403320e+00 4.291215896606445312e+00 5.423979282379150391e+00 7.637440681457519531e+00 3.235376119613647461e+00 2.011045455932617188e+00 7.037756919860839844e+00 1.818195939064025879e+00 3.282197952270507812e+00 5.458782196044921875e+00 6.428297996520996094e+00 2.866772174835205078e+00 3.831059932708740234e+00 3.573373794555664062e+00
5.186762809753417969e+00 4.679391384124755859e+00 7.294697761535644531e+00 3.639239788055419922e+00 5.669445037841796875e+00 3.534829616546630859e+00 4.779072761535644531e+00 4.834829330444335938e+00 3.763226985931396484e+00 2.983691692352294922e+00 2.498531341552734375e+00 4.792389869689941406e+00 3.506035804748535156e+00 5.445527076721191406e+00 4.703989028930664062e+00 3.073973655700683594e+00 8.267288208007812500e+00 6.670388221740722656e+00 4.574283599853515625e+00 5.418296813964843750e+00
4.997125625610351562e+00 6.869494915008544922e+00 6.373809337615966797e+00 8.393266677856445312e+00 3.820394039154052734e+00 6.327588558197021484e+00 5.978463649749755859e+00 3.019133806228637695e+00 2.533070087432861328e+00 3.923725843429565430e+00 4.588492393493652344e+00 5.051150798797607422e+00 3.379675865173339844e+00 7.294250965118408203e+00 3.806036949157714844e+00 4.656679630279541016e+00 4.783281803131103516e+00 4.074150562286376953e+00 3.427584648132324219e+00 3.673546075820922852e+00
3.047286510467529297e+00 6.165626525878906250e+00 6.948523521423339844e+00 7.392256736755371094e+00 3.048419713973999023e+00 3.159053325653076172e+00 2.723006486892700195e+00 3.757376670837402344e+00 4.549286842346191406e+00 6.208097934722900391e+00 6.848469257354736328e+00 6.952730178833007812e+00 4.051248550415039062e+00 3.396500587463378906e+00 9.447784423828125000e+00 4.180099487304687500e+00 3.699448108673095703e+00 5.742016792297363281e+00 3.532189130783081055e+00 4.298871040344238281e+00
3.145558118820190430e+00 3.995506286621093750e+00 3.900736331939697266e+00 2.831201076507568359e+00 2.882166385650634766e+00 3.966141700744628906e+00 2.862348556518554688e+00 7.583848953247070312e+00 8.154953002929687500e+00 3.188470840454101562e+00 6.278128623962402344e+00 3.992850303649902344e+00 3.975776433944702148e+00 3.585039377212524414e+00 6.796890735626220703e+00 1.055470848083496094e+01 3.246057510375976562e+00 1.231158065795898438e+01 8.444708824157714844e+00 3.054323911666870117e+00
6.059182167053222656e+00 3.867081165313720703e+00 7.263905525207519531e+00 5.990023612976074219e+00 3.974131584167480469e+00 5.964931964874267578e+00 4.068560600280761719e+00 7.112064361572265625e+00 5.205694198608398438e+00 7.108053207397460938e+00 5.549578666687011719e+00 7.361587047576904297e+00 4.697280883789062500e+00 5.384077072143554688e+00 4.263374328613281250e+00 6.088645458221435547e+00 2.929164409637451172e+00 5.818761825561523438e+00 8.197584152221679688e+00 3.495235443115234375e+00
5.399718284606933594e+00 6.620232105255126953e+00 7.859159469604492188e+00 4.843017101287841797e+00 8.265892028808593750e+00 3.589321613311767578e+00 4.066802978515625000e+00 6.003443717956542969e+00 3.736675739288330078e+00 3.651239633560180664e+00 3.019682407379150391e+00 2.973236560821533203e+00 5.173974037170410156e+00 6.091938018798828125e+00 2.898849487304687500e+00 5.117530822753906250e+00 3.813850879669189453e+00 2.277432918548583984e+00 5.711131095886230469e+00 5.979669570922851562e+00
9.453594207763671875e+00 3.181084394454956055e+00 4.870707511901855469e+00 4.951602458953857422e+00 5.259620189666748047e+00 4.036733150482177734e+00 3.848062515258789062e+00 3.095367670059204102e+00 2.996202945709228516e+00 2.040525674819946289e+00 2.809935569763183594e+00 5.178754806518554688e+00 7.249238491058349609e+00 7.323467254638671875e+00 4.410267829895019531e+00 3.777788639068603516e+00 4.364567756652832031e+00 3.562320947647094727e+00 4.712393760681152344e+00 4.866797924041748047e+00
3.438059329986572266e+00 5.958515644073486328e+00 4.269431591033935547e+00 9.481558799743652344e+00 4.953185081481933594e+00 2.020345211029052734e+00 4.370004653930664062e+00 3.899808883666992188e+00 3.141344070434570312e+00 5.181754112243652344e+00 4.345139026641845703e+00 3.136475563049316406e+00 6.463886260986328125e+00 7.162983894348144531e+00 6.072793006896972656e+00 3.134715557098388672e+00 4.257984161376953125e+00 2.897233486175537109e+00 4.389405250549316406e+00 4.172367095947265625e+00
5.758063793182373047e+00 6.897723674774169922e+00 3.434381246566772461e+00 2.551840782165527344e+00 3.349993705749511719e+00 3.979716777801513672e+00 1.567715883255004883e+00 3.801908969879150391e+00 6.035321712493896484e+00 6.027381896972656250e+00 8.077983856201171875e+00 5.022923469543457031e+00 5.839653491973876953e+00 3.053502559661865234e+00 3.811934947967529297e+00 3.298021793365478516e+00 6.888236045837402344e+00 3.988069057464599609e+00 4.388776779174804688e+00 3.700321912765502930e+00
3.065243721008300781e+00 4.433718681335449219e+00 3.016881704330444336e+00 4.381392478942871094e+00 2.026484012603759766e+00 3.240843772888183594e+00 2.851588249206542969e+00 3.117905139923095703e+00 3.946588754653930664e+00 3.417207241058349609e+00 3.118003845214843750e+00 4.306509971618652344e+00 6.654884338378906250e+00 4.516378402709960938e+00 4.142422676086425781e+00 3.662803888320922852e+00 3.395182609558105469e+00 5.213420391082763672e+00 3.241948127746582031e+00 2.559925556182861328e+00
3.163895130157470703e+00 3.846187829971313477e+00 3.367258071899414062e+00 3.444886684417724609e+00 4.202429771423339844e+00 2.737111091613769531e+00 2.435093402862548828e+00 3.458066463470458984e+00 2.740584850311279297e+00 3.152381658554077148e+00 2.863485813140869141e+00 3.365602493286132812e+00 6.423420906066894531e+00 2.847353458404541016e+00 4.216683387756347656e+00 8.351716041564941406e+00 3.226199626922607422e+00 2.878654956817626953e+00 3.425798177719116211e+00 2.781766653060913086e+00
3.503070116043090820e+00 3.129253387451171875e+00 4.337519645690917969e+00 3.089797973632812500e+00 4.255058288574218750e+00 4.089190959930419922e+00 2.926145076751708984e+00 3.484141826629638672e+00 3.989761352539062500e+00 4.547781944274902344e+00 3.200354099273681641e+00 2.822493076324462891e+00 2.269159793853759766e+00 3.730984210968017578e+00 2.518842458724975586e+00 3.417598724365234375e+00 2.533133983612060547e+00 4.683435440063476562e+00 2.571966648101806641e+00 4.214016914367675781e+00
3.575114250183105469e+00 3.226296424865722656e+00 4.677904605865478516e+00 2.545258283615112305e+00 4.364613533020019531e+00 3.491246700286865234e+00 5.124179840087890625e+00 3.282219409942626953e+00 3.065284729003906250e+00 3.078844785690307617e+00 2.876434326171875000e+00 3.578782558441162109e+00 5.420324325561523438e+00 3.738076686859130859e+00 3.306684255599975586e+00 1.818994283676147461e+00 4.486639022827148438e+00 3.244104862213134766e+00 3.746117591857910156e+00 3.570974349975585938e+00
3.505621910095214844e+00 4.560188770294189453e+00 3.246345043182373047e+00 1.298529744148254395e+00 2.603040218353271484e+00 3.142071723937988281e+00 2.916239500045776367e+00 2.935679674148559570e+00 3.570948123931884766e+00 3.498853921890258789e+00 3.267215728759765625e+00 3.184328079223632812e+00 2.794770240783691406e+00 4.355731010437011719e+00 4.131694316864013672e+00 4.100737571716308594e+00 3.938256502151489258e+00 4.784751892089843750e+00 4.097738742828369141e+00 3.113447666168212891e+00
1.751734256744384766e+00 4.143244266510009766e+00 2.320855379104614258e+00 3.248767852783203125e+00 3.700705289840698242e+00 2.940339565277099609e+00 4.033107757568359375e+00 3.380942344665527344e+00 2.654503822326660156e+00 2.572922468185424805e+00 3.635232210159301758e+00 2.261646509170532227e+00 3.906139373779296875e+00 2.028309345245361328e+00 4.779747962951660156e+00 3.376704692840576172e+00 4.534001827239990234e+00 2.882590293884277344e+00 3.013842105865478516e+00 4.756882190704345703e+00
3.451812028884887695e+00 4.312994956970214844e+00 5.985261440277099609e+00 3.461738586425781250e+00 5.869872570037841797e+00 1.788667917251586914e+00 2.553258419036865234e+00 3.658726215362548828e+00 2.815194129943847656e+00 4.009112834930419922e+00 2.989967346191406250e+00 3.888186454772949219e+00 3.429146528244018555e+00 3.679347038269042969e+00 3.954792976379394531e+00 2.778322696685791016e+00 3.664964675903320312e+00 4.214698314666748047e+00 3.328805685043334961e+00 6.564969062805175781e+00
3.314873695373535156e+00 3.195993661880493164e+00 2.973188638687133789e+00 3.933030366897583008e+00 4.949595451354980469e+00 3.041948318481445312e+00 5.196488380432128906e+00 5.545031547546386719e+00 5.468805313110351562e+00 5.246652126312255859e+00 4.384374618530273438e+00 2.898845672607421875e+00 2.201832294464111328e+00 3.710256099700927734e+00 3.625915765762329102e+00 4.360816955566406250e+00 3.763711452484130859e+00 6.675207614898681641e+00 1.920788407325744629e+00 3.004298686981201172e+00
3.853094577789306641e+00 2.630934476852416992e+00 4.896927356719970703e+00 5.466950416564941406e+00 4.701405525207519531e+00 4.087485313415527344e+00 3.593293428421020508e+00 2.758440971374511719e+00 4.130236625671386719e+00 5.688150405883789062e+00 4.391586780548095703e+00 4.214140415191650391e+00 4.236146926879882812e+00 3.983060836791992188e+00 6.369042396545410156e+00 2.500971794128417969e+00 4.192656993865966797e+00 3.003198146820068359e+00 3.774387836456298828e+00 1.674050331115722656e+00
3.251018762588500977e+00 3.507862806320190430e+00 4.067584991455078125e+00 5.171648025512695312e+00 6.057856559753417969e+00 3.528704643249511719e+00 4.113027095794677734e+00 4.926459312438964844e+00 7.441560745239257812e+00 7.627077102661132812e+00 5.026895523071289062e+00 3.885122060775756836e+00 8.158599853515625000e+00 2.630506992340087891e+00 3.519175291061401367e+00 2.209708213806152344e+00 2.835972309112548828e+00 3.451728343963623047e+00 2.188091039657592773e+00 3.577993869781494141e+00
