2019-07-25 06:00:00
1.007292175292968750e+01 4.483540534973144531e+00 6.383762359619140625e+00 2.910750865936279297e+00 3.137480974197387695e+00 3.725332498550415039e+00 3.795146703720092773e+00 4.041576385498046875e+00 4.328526973724365234e+00 8.276689529418945312e+00 3.934242486953735352e+00 3.881519556045532227e+00 5.370911598205566406e+00 2.606397867202758789e+00 4.551847934722900391e+00 7.139874458312988281e+00 8.229816436767578125e+00 4.176293373107910156e+00 4.381844997406005859e+00 4.702114105224609375e+00
3.538240909576416016e+00 9.889920234680175781e+00 4.054646015167236328e+00 7.475440025329589844e+00 5.573037147521972656e+00 3.064048290252685547e+00 5.393636703491210938e+00 4.367427825927734375e+00 2.177703380584716797e+00 4.342725753784179688e+00 5.456897258758544922e+00 4.319684505462646484e+00 4.906519889831542969e+00 4.608284950256347656e+00 3.564979314804077148e+00 3.466075658798217773e+00 5.923976898193359375e+00 4.991363525390625000e+00 3.724463939666748047e+00 3.269868373870849609e+00
1.056263351440429688e+01 2.897819280624389648e+00 4.486113548278808594e+00 6.344985008239746094e+00 5.543348312377929688e+00 4.801014900207519531e+00 8.760139465332031250e+00 3.282353878021240234e+00 3.811709403991699219e+00 3.839934349060058594e+00 8.165031433105468750e+00 8.312244415283203125e+00 3.093859195709228516e+00 3.101675987243652344e+00 6.127310276031494141e+00 4.840071201324462891e+00 7.795159816741943359e+00 3.039300441741943359e+00 3.670235872268676758e+00 4.011394500732421875e+00
4.212812900543212891e+00 7.530061721801757812e+00 9.298718452453613281e+00 6.902717590332031250e+00 5.441639900207519531e+00 3.892598390579223633e+00 2.936902523040771484e+00 3.777628421783447266e+00 4.732809066772460938e+00 5.770059585571289062e+00 4.699853897094726562e+00 4.461508274078369141e+00 3.738467693328857422e+00 4.080407619476318359e+00 7.064487934112548828e+00 3.233088016510009766e+00 3.938884019851684570e+00 3.268841743469238281e+00 4.108268260955810547e+00 4.889477729797363281e+00
3.460682392120361328e+00 4.087503910064697266e+00 3.217729568481445312e+00 2.158494949340820312e+00 4.051562309265136719e+00 5.529269695281982422e+00 3.205610513687133789e+00 4.014467239379882812e+00 5.078147411346435547e+00 4.524168491363525391e+00 7.572071075439453125e+00 6.164528369903564453e+00 8.621477127075195312e+00 3.020590782165527344e+00 9.295923233032226562e+00 5.082298278808593750e+00 3.178447961807250977e+00 6.036552429199218750e+00 4.016470909118652344e+00 2.948301315307617188e+00
4.715604305267333984e+00 4.352449417114257812e+00 8.651210784912109375e+00 5.609313964843750000e+00 4.987758636474609375e+00 7.699994564056396484e+00 5.010332584381103516e+00 7.237278938293457031e+00 1.063848114013671875e+01 6.991489410400390625e+00 5.639736652374267578e+00 5.638935089111328125e+00 5.097183227539062500e+00 3.252731561660766602e+00 3.365476131439208984e+00 8.895442962646484375e+00 2.538300514221191406e+00 5.803685188293457031e+00 5.715174198150634766e+00 3.082190036773681641e+00
7.692470550537109375e+00 9.578851699829101562e+00 7.342839241027832031e+00 9.036235809326171875e+00 4.527799606323242188e+00 5.042037010192871094e+00 3.447492837905883789e+00 5.558883666992187500e+00 5.293210506439208984e+00 2.216914415359497070e+00 2.993637561798095703e+00 2.501479625701904297e+00 5.991827011108398438e+00 7.860610485076904297e+00 3.717278718948364258e+00 2.840727329254150391e+00 3.180241107940673828e+00 3.782870769500732422e+00 7.865300655364990234e+00 6.173538208007812500e+00
8.346255302429199219e+00 5.924516201019287109e+00 3.869086265563964844e+00 5.933757781982421875e+00 5.476235389709472656e+00 4.157205581665039062e+00 2.513649463653564453e+00 3.132206678390502930e+00 3.166025161743164062e+00 2.486507177352905273e+00 3.170671939849853516e+00 4.327773094177246094e+00 4.760718345642089844e+00 2.392502784729003906e+00 2.959311723709106445e+00 4.650292396545410156e+00 3.791694641113281250e+00 1.860794425010681152e+00 6.522608757019042969e+00 3.915265083312988281e+00
5.273876667022705078e+00 5.240579605102539062e+00 4.846834182739257812e+00 5.744812965393066406e+00 6.376672267913818359e+00 3.346554279327392578e+00 2.849704742431640625e+00 4.428125381469726562e+00 4.552041530609130859e+00 8.154488563537597656e+00 2.462379932403564453e+00 3.272425651550292969e+00 7.850787162780761719e+00 6.708121299743652344e+00 5.571113586425781250e+00 3.974056005477905273e+00 4.248351573944091797e+00 2.506596565246582031e+00 2.781931400299072266e+00 3.706110954284667969e+00
5.893938064575195312e+00 5.381651878356933594e+00 3.181885480880737305e+00 4.178800106048583984e+00 4.465388298034667969e+00 3.641654014587402344e+00 2.693013906478881836e+00 3.639493942260742188e+00 6.583596706390380859e+00 8.819102287292480469e+00 7.001147270202636719e+00 4.807155132293701172e+00 4.796871185302734375e+00 2.007351636886596680e+00 2.271041154861450195e+00 3.153987169265747070e+00 5.357207298278808594e+00 3.365052700042724609e+00 3.648297309875488281e+00 3.751550674438476562e+00
2.899883270263671875e+00 3.590901851654052734e+00 3.735565423965454102e+00 2.708791255950927734e+00 1.817058324813842773e+00 3.410958766937255859e+00 3.596151828765869141e+00 3.878529787063598633e+00 4.434078693389892578e+00 3.377000093460083008e+00 4.116453170776367188e+00 4.908193111419677734e+00 3.485270977020263672e+00 3.133229732513427734e+00 2.483750104904174805e+00 2.435547351837158203e+00 3.218826770782470703e+00 8.058162689208984375e+00 2.941757917404174805e+00 4.580695152282714844e+00
3.329512596130371094e+00 4.364105224609375000e+00 3.281614303588867188e+00 4.124672412872314453e+00 5.867532253265380859e+00 3.511418581008911133e+00 3.849312782287597656e+00 3.988893985748291016e+00 2.308364868164062500e+00 3.697060585021972656e+00 3.413499355316162109e+00 3.439570188522338867e+00 4.194580554962158203e+00 3.874933719635009766e+00 2.822549581527709961e+00 3.988865375518798828e+00 4.361502647399902344e+00 2.254593849182128906e+00 4.219427108764648438e+00 3.712096691131591797e+00
3.639781951904296875e+00 4.252305984497070312e+00 3.136820793151855469e+00 3.328735113143920898e+00 3.361004352569580078e+00 3.504707336425781250e+00 3.124635457992553711e+00 3.481580495834350586e+00 3.194925785064697266e+00 3.350980520248413086e+00 2.359601736068725586e+00 3.813177347183227539e+00 3.092860221862792969e+00 3.515809535980224609e+00 2.166710853576660156e+00 3.062201976776123047e+00 3.517330169677734375e+00 1.989310503005981445e+00 5.231517314910888672e+00 3.509509325027465820e+00
2.358339786529541016e+00 2.905492305755615234e+00 2.779644012451171875e+00 3.965880870819091797e+00 3.638076543807983398e+00 3.022321224212646484e+00 3.637892961502075195e+00 4.130764007568359375e+00 4.170220375061035156e+00 1.833843708038330078e+00 2.698911666870117188e+00 4.267709732055664062e+00 4.528123855590820312e+00 5.550266265869140625e+00 2.472379207611083984e+00 3.712110996246337891e+00 3.800168275833129883e+00 3.441607236862182617e+00 3.087323188781738281e+00 4.057082653045654297e+00
3.157835960388183594e+00 3.424915313720703125e+00 3.721502542495727539e+00 3.513891458511352539e+00 4.352684974670410156e+00 1.896982789039611816e+00 2.464087009429931641e+00 3.987417936325073242e+00 3.606094360351562500e+00 3.617195367813110352e+00 3.222170829772949219e+00 3.000462770462036133e+00 3.577463626861572266e+00 3.471836090087890625e+00 3.114053010940551758e+00 1.768790960311889648e+00 2.758831501007080078e+00 2.690204381942749023e+00 2.328390598297119141e+00 6.716796875000000000e+00
4.433948516845703125e+00 2.835352897644042969e+00 4.117126941680908203e+00 2.589458942413330078e+00 2.905632019042968750e+00 4.441926956176757812e+00 3.150351524353027344e+00 4.039537429809570312e+00 2.432206869125366211e+00 3.680258274078369141e+00 3.650866508483886719e+00 2.406317234039306641e+00 3.669681549072265625e+00 1.004295587539672852e+00 3.247719287872314453e+00 3.770487785339355469e+00 3.880149364471435547e+00 3.410563707351684570e+00 2.899159431457519531e+00 6.451469421386718750e+00
2.610999584197998047e+00 3.024583816528320312e+00 5.304082870483398438e+00 2.282247304916381836e+00 3.884681940078735352e+00 2.587114095687866211e+00 3.458340167999267578e+00 4.377884387969970703e+00 4.021731853485107422e+00 4.099188804626464844e+00 4.486116886138916016e+00 4.116303443908691406e+00 2.059202194213867188e+00 3.975107669830322266e+00 4.632191658020019531e+00 4.269840240478515625e+00 4.395209312438964844e+00 4.439589500427246094e+00 2.720092773437500000e+00 5.525336265563964844e+00
3.563694000244140625e+00 4.340065956115722656e+00 2.711070060729980469e+00 5.230329513549804688e+00 5.817311763763427734e+00 2.869450092315673828e+00 5.431764125823974609e+00 2.990462779998779297e+00 5.704294204711914062e+00 5.568554401397705078e+00 3.840006351470947266e+00 3.447617292404174805e+00 4.367208957672119141e+00 3.063349246978759766e+00 2.753031730651855469e+00 3.575242996215820312e+00 4.130539417266845703e+00 5.129733562469482422e+00 3.470095634460449219e+00 2.724832534790039062e+00
2.664086818695068359e+00 3.478376150131225586e+00 3.027010440826416016e+00 3.673927307128906250e+00 4.996370315551757812e+00 4.051099300384521484e+00 3.961939334869384766e+00 3.170224189758300781e+00 3.363521099090576172e+00 6.265534400939941406e+00 2.837050199508666992e+00 8.295869827270507812e+00 4.830628871917724609e+00 2.859966278076171875e+00 4.851935386657714844e+00 4.286410808563232422e+00 2.887024879455566406e+00 4.804877758026123047e+00 4.151448249816894531e+00 2.911589145660400391e+00
5.505729675292968750e+00 3.325223445892333984e+00 3.051583051681518555e+00 3.533248662948608398e+00 3.513001441955566406e+00 2.205996274948120117e+00 4.578988075256347656e+00 5.093384742736816406e+00 5.877928733825683594e+00 4.751192569732666016e+00 1.149847221374511719e+01 7.052685737609863281e+00 5.443047523498535156e+00 3.836579322814941406e+00 5.122966289520263672e+00 3.707855463027954102e+00 2.986637115478515625e+00 4.098065376281738281e+00 4.579614639282226562e+00 2.859972000122070312e+00
