2019-07-25 06:15:00
7.386838912963867188e+00 5.708119869232177734e+00 7.107975482940673828e+00 4.307927131652832031e+00 2.375064611434936523e+00 3.572915554046630859e+00 3.408439159393310547e+00 3.990315914154052734e+00 9.106553077697753906e+00 7.699571609497070312e+00 3.047796964645385742e+00 3.083149909973144531e+00 8.677145957946777344e+00 2.261182546615600586e+00 3.092905521392822266e+00 4.915808200836181641e+00 3.989943027496337891e+00 3.369752645492553711e+00 3.380643844604492188e+00 5.556369781494140625e+00
5.600373268127441406e+00 7.305821895599365234e+00 5.333866119384765625e+00 6.423341274261474609e+00 8.975599288940429688e+00 4.056694030761718750e+00 2.827765941619873047e+00 2.130845069885253906e+00 3.485138416290283203e+00 3.540771007537841797e+00 2.655672788619995117e+00 4.344402313232421875e+00 3.767973661422729492e+00 7.917267799377441406e+00 3.266575336456298828e+00 2.823341369628906250e+00 4.480804443359375000e+00 6.331943511962890625e+00 4.444169521331787109e+00 3.445606231689453125e+00
6.740289688110351562e+00 6.809040546417236328e+00 8.299512863159179688e+00 7.458235740661621094e+00 9.497562408447265625e+00 5.286361694335937500e+00 5.440677165985107422e+00 3.212301254272460938e+00 3.422134160995483398e+00 3.365309715270996094e+00 6.437305450439453125e+00 6.680379867553710938e+00 2.614886283874511719e+00 4.424769401550292969e+00 5.824624061584472656e+00 3.520356893539428711e+00 6.347336769104003906e+00 7.154190063476562500e+00 3.659453868865966797e+00 5.042321205139160156e+00
2.964328765869140625e+00 5.552256107330322266e+00 6.094190597534179688e+00 7.742629051208496094e+00 3.823796033859252930e+00 4.020053386688232422e+00 3.505266189575195312e+00 5.019073009490966797e+00 4.144284248352050781e+00 4.787476539611816406e+00 7.642253875732421875e+00 3.739981889724731445e+00 4.784277915954589844e+00 3.053970813751220703e+00 8.039774894714355469e+00 2.637103557586669922e+00 2.912031888961791992e+00 6.420540809631347656e+00 4.070947647094726562e+00 4.114971160888671875e+00
4.673522472381591797e+00 3.121277332305908203e+00 4.562563896179199219e+00 4.486407756805419922e+00 4.968207836151123047e+00 8.008172988891601562e+00 3.666090965270996094e+00 7.199111461639404297e+00 5.888970375061035156e+00 5.778570175170898438e+00 6.537076950073242188e+00 6.363034725189208984e+00 4.641462326049804688e+00 2.393392324447631836e+00 1.013923645019531250e+01 8.741392135620117188e+00 3.371877193450927734e+00 5.188652038574218750e+00 9.859720230102539062e+00 2.932332038879394531e+00
4.380075454711914062e+00 3.575461626052856445e+00 5.033501148223876953e+00 7.759929656982421875e+00 1.145111370086669922e+01 8.602566719055175781e+00 3.167970180511474609e+00 5.437483787536621094e+00 6.841279506683349609e+00 6.178775310516357422e+00 7.556483268737792969e+00 5.443828582763671875e+00 8.066523551940917969e+00 4.513437271118164062e+00 3.703918457031250000e+00 4.206049919128417969e+00 4.441273689270019531e+00 9.361073493957519531e+00 5.406967639923095703e+00 4.291921615600585938e+00
6.315714836120605469e+00 8.772838592529296875e+00 8.606449127197265625e+00 7.871961116790771484e+00 6.312854766845703125e+00 3.901787281036376953e+00 3.509065866470336914e+00 7.595146656036376953e+00 4.012091159820556641e+00 3.992165088653564453e+00 4.662284851074218750e+00 3.024408817291259766e+00 5.006925582885742188e+00 9.581084251403808594e+00 3.056116104125976562e+00 7.081073760986328125e+00 3.215306043624877930e+00 3.877008676528930664e+00 4.135682106018066406e+00 7.911358833312988281e+00
7.592910289764404297e+00 4.311151981353759766e+00 5.087776184082031250e+00 8.700044631958007812e+00 7.497275352478027344e+00 4.183547973632812500e+00 5.175894260406494141e+00 3.771148204803466797e+00 3.212810039520263672e+00 3.171879053115844727e+00 2.863939762115478516e+00 1.770542144775390625e+00 5.287323951721191406e+00 4.224745750427246094e+00 2.875519752502441406e+00 2.758059978485107422e+00 6.630385398864746094e+00 3.478917360305786133e+00 4.763253688812255859e+00 3.227701663970947266e+00
3.498719215393066406e+00 4.851330757141113281e+00 6.657017707824707031e+00 3.903442859649658203e+00 8.019517898559570312e+00 3.870828628540039062e+00 3.485095739364624023e+00 3.658584594726562500e+00 2.571668863296508789e+00 4.611285209655761719e+00 3.011034965515136719e+00 4.131459712982177734e+00 8.300720214843750000e+00 5.426465034484863281e+00 7.184783935546875000e+00 2.590587377548217773e+00 6.833385944366455078e+00 2.913488149642944336e+00 2.736945390701293945e+00 4.241040229797363281e+00
5.856655120849609375e+00 5.614461898803710938e+00 2.405397415161132812e+00 3.196087360382080078e+00 2.822597980499267578e+00 2.361528635025024414e+00 2.574602603912353516e+00 2.800371408462524414e+00 4.817835807800292969e+00 6.202782154083251953e+00 5.360580444335937500e+00 4.655334472656250000e+00 4.413602828979492188e+00 3.394175052642822266e+00 2.253095149993896484e+00 3.392024040222167969e+00 5.689312934875488281e+00 2.558250665664672852e+00 4.301582813262939453e+00 3.568922758102416992e+00
4.608996391296386719e+00 2.524024486541748047e+00 2.846406936645507812e+00 3.327193737030029297e+00 2.159752607345581055e+00 3.675217628479003906e+00 3.542350292205810547e+00 2.359990835189819336e+00 3.524609804153442383e+00 4.481259346008300781e+00 3.281056404113769531e+00 9.026617050170898438e+00 5.577301979064941406e+00 4.548964500427246094e+00 3.995123624801635742e+00 2.789598464965820312e+00 5.305860996246337891e+00 3.318614482879638672e+00 2.850543022155761719e+00 4.228746414184570312e+00
4.456961631774902344e+00 2.746063709259033203e+00 3.400350093841552734e+00 2.943930864334106445e+00 3.970884799957275391e+00 4.396902561187744141e+00 3.389722585678100586e+00 3.402791023254394531e+00 3.182851791381835938e+00 3.600797653198242188e+00 2.769737958908081055e+00 3.585618495941162109e+00 3.954256772994995117e+00 2.701234340667724609e+00 3.234763622283935547e+00 5.028556823730468750e+00 3.419643878936767578e+00 2.660410881042480469e+00 3.168950557708740234e+00 3.668125152587890625e+00
4.319163322448730469e+00 2.656682014465332031e+00 2.104681015014648438e+00 3.018043518066406250e+00 4.169237613677978516e+00 4.360811233520507812e+00 4.419270038604736328e+00 4.103625297546386719e+00 2.697923421859741211e+00 3.456667423248291016e+00 2.943522453308105469e+00 3.302026987075805664e+00 2.813877105712890625e+00 3.638886213302612305e+00 3.117271900177001953e+00 2.555042266845703125e+00 3.545940399169921875e+00 3.099434614181518555e+00 5.430908203125000000e+00 3.420510292053222656e+00
2.906907796859741211e+00 2.962409496307373047e+00 5.095292568206787109e+00 4.858717918395996094e+00 2.477571010589599609e+00 3.237565040588378906e+00 2.311419486999511719e+00 3.345151424407958984e+00 4.985674858093261719e+00 4.739276409149169922e+00 3.629698753356933594e+00 4.084633827209472656e+00 3.838453292846679688e+00 4.110815048217773438e+00 4.529762268066406250e+00 3.027374029159545898e+00 4.414544105529785156e+00 2.396730184555053711e+00 4.110837936401367188e+00 3.444616794586181641e+00
3.146087408065795898e+00 4.520189285278320312e+00 3.074319124221801758e+00 3.424032211303710938e+00 3.399775743484497070e+00 3.120197057723999023e+00 3.072643756866455078e+00 3.466740131378173828e+00 2.172233581542968750e+00 4.366142749786376953e+00 3.873589515686035156e+00 3.100460290908813477e+00 3.583159923553466797e+00 4.672017574310302734e+00 2.108232021331787109e+00 3.500553369522094727e+00 3.131150960922241211e+00 2.658513069152832031e+00 3.918313980102539062e+00 5.925189971923828125e+00
2.798389434814453125e+00 3.619194507598876953e+00 4.921908378601074219e+00 4.965221405029296875e+00 3.959786176681518555e+00 2.676883220672607422e+00 5.588591575622558594e+00 3.771665096282958984e+00 2.920798778533935547e+00 3.184873580932617188e+00 5.276907920837402344e+00 2.908638477325439453e+00 3.715908288955688477e+00 2.783906936645507812e+00 3.794510364532470703e+00 3.926663875579833984e+00 2.552085399627685547e+00 3.208716869354248047e+00 2.922670364379882812e+00 6.174480915069580078e+00
2.333342313766479492e+00 5.257277488708496094e+00 3.096615314483642578e+00 3.579164028167724609e+00 5.204316139221191406e+00 2.638127565383911133e+00 3.707152366638183594e+00 3.401400566101074219e+00 2.396241426467895508e+00 3.317751407623291016e+00 4.869091510772705078e+00 2.248447895050048828e+00 4.307168483734130859e+00 2.800594329833984375e+00 3.008080244064331055e+00 3.578814029693603516e+00 2.048658609390258789e+00 4.768243312835693359e+00 4.499789714813232422e+00 6.820698738098144531e+00
2.206750392913818359e+00 3.720020294189453125e+00 3.224548339843750000e+00 3.476147174835205078e+00 4.355708122253417969e+00 3.697910785675048828e+00 5.439562797546386719e+00 2.475320816040039062e+00 6.185438156127929688e+00 4.156451225280761719e+00 3.996461868286132812e+00 2.637085437774658203e+00 4.599747657775878906e+00 4.127882957458496094e+00 3.763336658477783203e+00 4.614219665527343750e+00 4.059247493743896484e+00 4.009266376495361328e+00 2.760126113891601562e+00 4.596092224121093750e+00
2.483912467956542969e+00 3.882889509201049805e+00 3.311615943908691406e+00 2.288676977157592773e+00 4.285917282104492188e+00 2.909344673156738281e+00 5.293974876403808594e+00 2.613657951354980469e+00 3.853591918945312500e+00 4.749956130981445312e+00 8.010623931884765625e+00 6.616840362548828125e+00 4.532952308654785156e+00 3.322444915771484375e+00 5.667688846588134766e+00 3.469969749450683594e+00 3.074827671051025391e+00 4.442792892456054688e+00 6.106460571289062500e+00 2.788502216339111328e+00
3.604560375213623047e+00 4.389709472656250000e+00 2.728379487991333008e+00 2.732554435729980469e+00 4.821310997009277344e+00 3.007050991058349609e+00 5.078747272491455078e+00 4.052071571350097656e+00 6.298481941223144531e+00 5.518566131591796875e+00 8.594736099243164062e+00 7.234704494476318359e+00 3.625068902969360352e+00 2.813328504562377930e+00 5.849322319030761719e+00 4.510486125946044922e+00 3.657955169677734375e+00 5.132402420043945312e+00 3.670203685760498047e+00 2.532428026199340820e+00
