2019-07-25 06:30:00
5.726696014404296875e+00 7.942644119262695312e+00 4.211069107055664062e+00 3.851586818695068359e+00 3.105673551559448242e+00 2.101690530776977539e+00 3.644135475158691406e+00 3.440997362136840820e+00 7.709062576293945312e+00 7.930908203125000000e+00 3.862828731536865234e+00 2.923677682876586914e+00 5.510533809661865234e+00 2.799376487731933594e+00 3.278020858764648438e+00 3.436106204986572266e+00 5.692035675048828125e+00 2.961916923522949219e+00 4.212438583374023438e+00 2.580777645111083984e+00
5.021186828613281250e+00 4.053662300109863281e+00 6.725575923919677734e+00 8.673279762268066406e+00 9.466715812683105469e+00 3.485447168350219727e+00 2.791423320770263672e+00 5.460402965545654297e+00 4.043300628662109375e+00 3.222165584564208984e+00 3.604546070098876953e+00 3.373498439788818359e+00 3.447254657745361328e+00 4.576925277709960938e+00 3.425677299499511719e+00 2.077617406845092773e+00 6.181077003479003906e+00 6.241767883300781250e+00 1.472271919250488281e+00 3.788294553756713867e+00
5.016951084136962891e+00 3.712827444076538086e+00 4.892399311065673828e+00 5.946683883666992188e+00 3.168834209442138672e+00 5.275204181671142578e+00 3.077200651168823242e+00 3.362579822540283203e+00 3.319952726364135742e+00 3.177587985992431641e+00 4.657416343688964844e+00 6.169835090637207031e+00 3.314028739929199219e+00 4.625760078430175781e+00 5.908521652221679688e+00 2.698261737823486328e+00 5.031867980957031250e+00 5.022106170654296875e+00 3.708838462829589844e+00 3.876805543899536133e+00
3.588835716247558594e+00 4.204626560211181641e+00 5.291211605072021484e+00 5.830149173736572266e+00 2.850530147552490234e+00 2.601555824279785156e+00 2.728730916976928711e+00 3.109544277191162109e+00 3.373102188110351562e+00 3.814650774002075195e+00 5.576785087585449219e+00 8.641647338867187500e+00 3.643434524536132812e+00 5.096161842346191406e+00 4.809718132019042969e+00 3.908087253570556641e+00 3.529251575469970703e+00 3.512599945068359375e+00 1.964090824127197266e+00 3.700951814651489258e+00
3.045805454254150391e+00 3.978086948394775391e+00 5.171506881713867188e+00 3.530699729919433594e+00 2.387297630310058594e+00 6.416179656982421875e+00 4.370077610015869141e+00 7.711533546447753906e+00 4.247353553771972656e+00 4.033578872680664062e+00 4.074668407440185547e+00 5.422931671142578125e+00 5.067827224731445312e+00 4.063310623168945312e+00 5.973533630371093750e+00 4.697422981262207031e+00 4.214277267456054688e+00 5.088005065917968750e+00 3.738668680191040039e+00 3.988322257995605469e+00
4.143316268920898438e+00 3.107019186019897461e+00 6.989206790924072266e+00 5.931554794311523438e+00 2.921417713165283203e+00 4.384796142578125000e+00 3.224931478500366211e+00 5.251275062561035156e+00 5.357366561889648438e+00 3.637923002243041992e+00 3.045779228210449219e+00 8.168944358825683594e+00 4.850995063781738281e+00 3.282167911529541016e+00 3.213341712951660156e+00 7.682882308959960938e+00 4.589870452880859375e+00 4.975610733032226562e+00 5.176019668579101562e+00 3.984616756439208984e+00
4.911664009094238281e+00 7.984742164611816406e+00 6.780673980712890625e+00 5.662962436676025391e+00 5.797167778015136719e+00 4.429220199584960938e+00 3.391906738281250000e+00 3.837089061737060547e+00 2.692830085754394531e+00 2.966396331787109375e+00 3.188147306442260742e+00 3.743256807327270508e+00 4.496914863586425781e+00 5.868257999420166016e+00 3.416401863098144531e+00 4.722331047058105469e+00 2.364915132522583008e+00 3.599175930023193359e+00 3.798534154891967773e+00 6.005624771118164062e+00
4.785902976989746094e+00 4.599699974060058594e+00 2.747721672058105469e+00 4.609296321868896484e+00 5.785287857055664062e+00 4.504666328430175781e+00 2.570538997650146484e+00 2.839629650115966797e+00 4.557381153106689453e+00 3.475292205810546875e+00 3.060505867004394531e+00 2.685477256774902344e+00 4.960764884948730469e+00 5.171253204345703125e+00 4.181901931762695312e+00 3.417950868606567383e+00 7.250459671020507812e+00 2.824902057647705078e+00 6.814743995666503906e+00 1.970739841461181641e+00
3.127031803131103516e+00 4.070147991180419922e+00 5.378344535827636719e+00 3.994904041290283203e+00 4.548727035522460938e+00 3.442629337310791016e+00 3.182259082794189453e+00 4.048500061035156250e+00 3.377856254577636719e+00 4.924394607543945312e+00 3.432387351989746094e+00 4.054660797119140625e+00 3.535264968872070312e+00 5.419034004211425781e+00 7.204455375671386719e+00 4.626634120941162109e+00 6.345753192901611328e+00 1.787542104721069336e+00 3.041607618331909180e+00 3.691709041595458984e+00
5.255462646484375000e+00 3.951304435729980469e+00 2.157507658004760742e+00 2.760788202285766602e+00 3.408845901489257812e+00 3.032897710800170898e+00 2.586226940155029297e+00 2.383039712905883789e+00 6.510061740875244141e+00 1.473095893859863281e+00 4.878299713134765625e+00 5.195004940032958984e+00 5.232980251312255859e+00 3.838066339492797852e+00 3.083093166351318359e+00 2.554449081420898438e+00 3.687272548675537109e+00 3.336878061294555664e+00 3.608144283294677734e+00 4.197197914123535156e+00
3.669967174530029297e+00 4.059737682342529297e+00 3.909259319305419922e+00 1.871943593025207520e+00 3.525431156158447266e+00 5.363429546356201172e+00 3.066104173660278320e+00 3.399311542510986328e+00 3.642035007476806641e+00 3.159376859664916992e+00 2.753041744232177734e+00 3.978733062744140625e+00 5.581209182739257812e+00 5.778600215911865234e+00 2.605046272277832031e+00 2.673832654953002930e+00 2.300692796707153320e+00 7.266618728637695312e+00 3.136575937271118164e+00 4.451955795288085938e+00
4.191141128540039062e+00 3.590833187103271484e+00 3.063574314117431641e+00 3.060717821121215820e+00 3.264204025268554688e+00 2.010721683502197266e+00 4.502182483673095703e+00 2.927882432937622070e+00 2.877224445343017578e+00 1.861552357673645020e+00 3.113588094711303711e+00 4.929380416870117188e+00 5.508594989776611328e+00 2.799026489257812500e+00 3.106510639190673828e+00 6.069378852844238281e+00 3.394605159759521484e+00 4.019561290740966797e+00 1.994074344635009766e+00 2.815907478332519531e+00
2.976337432861328125e+00 3.734637737274169922e+00 3.665578842163085938e+00 2.364117145538330078e+00 2.415187835693359375e+00 3.881988763809204102e+00 4.398284912109375000e+00 3.497784376144409180e+00 3.654595851898193359e+00 4.072723388671875000e+00 3.270152568817138672e+00 2.538211822509765625e+00 2.675384283065795898e+00 3.929589986801147461e+00 4.045840263366699219e+00 1.992941617965698242e+00 2.673149108886718750e+00 2.654882669448852539e+00 4.436423301696777344e+00 2.581486701965332031e+00
2.675785541534423828e+00 3.609411478042602539e+00 2.163660526275634766e+00 2.051975965499877930e+00 2.986444950103759766e+00 3.057497501373291016e+00 2.503759384155273438e+00 2.968733787536621094e+00 3.145943164825439453e+00 3.158866167068481445e+00 4.015997886657714844e+00 3.187193155288696289e+00 2.945540666580200195e+00 2.929939031600952148e+00 2.984318017959594727e+00 2.588882923126220703e+00 3.480218887329101562e+00 3.543287277221679688e+00 2.501706361770629883e+00 4.141211032867431641e+00
2.917317628860473633e+00 2.586222648620605469e+00 3.231699466705322266e+00 3.596614837646484375e+00 2.330062389373779297e+00 2.463899135589599609e+00 4.019381523132324219e+00 2.270580291748046875e+00 3.159644603729248047e+00 3.099503993988037109e+00 3.784612417221069336e+00 3.259224414825439453e+00 4.207933902740478516e+00 2.525648117065429688e+00 2.486402511596679688e+00 2.427961826324462891e+00 2.553190231323242188e+00 3.953384399414062500e+00 2.230363130569458008e+00 5.938954353332519531e+00
3.662819385528564453e+00 3.278817415237426758e+00 4.000805377960205078e+00 2.870565652847290039e+00 3.119781494140625000e+00 3.434379577636718750e+00 2.420662164688110352e+00 3.055791378021240234e+00 2.845069885253906250e+00 3.939056158065795898e+00 2.848458766937255859e+00 3.292119264602661133e+00 3.710833787918090820e+00 2.298656940460205078e+00 2.975215435028076172e+00 3.074348926544189453e+00 3.812680482864379883e+00 3.940088510513305664e+00 1.887829542160034180e+00 4.667186737060546875e+00
3.241857767105102539e+00 3.115302562713623047e+00 3.996815443038940430e+00 3.566016912460327148e+00 4.261774063110351562e+00 2.448134899139404297e+00 4.608232498168945312e+00 3.269964694976806641e+00 4.152121543884277344e+00 3.250823020935058594e+00 3.028135299682617188e+00 2.379144668579101562e+00 4.165417194366455078e+00 3.155733346939086914e+00 3.483550786972045898e+00 2.862086057662963867e+00 4.124887466430664062e+00 3.177497386932373047e+00 3.776467323303222656e+00 3.658974170684814453e+00
3.553490638732910156e+00 2.910012960433959961e+00 3.223733186721801758e+00 4.108472824096679688e+00 3.255841732025146484e+00 2.694537162780761719e+00 2.878202676773071289e+00 3.443328857421875000e+00 1.822397470474243164e+00 3.125406503677368164e+00 3.969195365905761719e+00 3.552299022674560547e+00 5.076724052429199219e+00 3.949838161468505859e+00 3.269675731658935547e+00 3.008863210678100586e+00 1.829013586044311523e+00 4.672890663146972656e+00 3.552723407745361328e+00 2.908143520355224609e+00
3.005384683609008789e+00 3.780491828918457031e+00 3.754402399063110352e+00 3.529461860656738281e+00 4.092803955078125000e+00 3.759262561798095703e+00 4.796359062194824219e+00 4.422969341278076172e+00 4.611930370330810547e+00 3.998151063919067383e+00 4.855320453643798828e+00 6.730251312255859375e+00 2.562441825866699219e+00 2.683957338333129883e+00 4.670619010925292969e+00 2.883380413055419922e+00 3.477543354034423828e+00 3.675316333770751953e+00 4.586721420288085938e+00 1.860108256340026855e+00
3.057211399078369141e+00 3.640582323074340820e+00 2.421979665756225586e+00 3.727296829223632812e+00 2.395307540893554688e+00 3.215267658233642578e+00 4.549531936645507812e+00 4.540383338928222656e+00 4.027945518493652344e+00 4.659605026245117188e+00 6.330534934997558594e+00 5.520242214202880859e+00 3.223377943038940430e+00 3.776602983474731445e+00 2.648198366165161133e+00 3.813802719116210938e+00 3.646740198135375977e+00 5.388471603393554688e+00 2.577955722808837891e+00 2.107897758483886719e+00
