2019-07-25 07:00:00
7.168417453765869141e+00 6.022016048431396484e+00 5.252040863037109375e+00 2.360941410064697266e+00 3.048423051834106445e+00 4.479467391967773438e+00 2.805266141891479492e+00 3.608529090881347656e+00 7.329862594604492188e+00 8.103361129760742188e+00 2.961810111999511719e+00 1.902883768081665039e+00 8.536137580871582031e+00 2.347761869430541992e+00 2.651088714599609375e+00 2.862858772277832031e+00 6.052109718322753906e+00 3.385997772216796875e+00 4.147358894348144531e+00 2.257628440856933594e+00
6.349063873291015625e+00 4.193870544433593750e+00 5.353279113769531250e+00 4.281888961791992188e+00 7.055988311767578125e+00 2.543675899505615234e+00 3.559002637863159180e+00 4.205207824707031250e+00 3.184476375579833984e+00 3.638147830963134766e+00 3.080509662628173828e+00 3.666946411132812500e+00 3.957545042037963867e+00 3.544940233230590820e+00 2.550186157226562500e+00 2.485560417175292969e+00 9.596904754638671875e+00 3.855812311172485352e+00 4.063815593719482422e+00 3.234262943267822266e+00
7.102254867553710938e+00 7.024051666259765625e+00 6.471011638641357422e+00 8.483201980590820312e+00 3.429525375366210938e+00 6.120074272155761719e+00 3.627066612243652344e+00 2.772031784057617188e+00 3.953425645828247070e+00 2.693849563598632812e+00 4.050752162933349609e+00 7.921755313873291016e+00 4.661248683929443359e+00 4.214177608489990234e+00 7.471663475036621094e+00 4.345426559448242188e+00 7.211821556091308594e+00 7.653925418853759766e+00 4.446136474609375000e+00 3.264620065689086914e+00
3.612452507019042969e+00 3.979184150695800781e+00 8.053539276123046875e+00 5.851872444152832031e+00 2.686153411865234375e+00 3.142410993576049805e+00 4.976724624633789062e+00 3.975299119949340820e+00 3.167075157165527344e+00 4.943087100982666016e+00 3.703559160232543945e+00 9.389974594116210938e+00 3.818197965621948242e+00 2.476712703704833984e+00 5.992261886596679688e+00 2.236108064651489258e+00 2.270422220230102539e+00 5.026853561401367188e+00 3.723410129547119141e+00 2.934072017669677734e+00
4.083198547363281250e+00 2.801828622817993164e+00 3.405228137969970703e+00 3.837971210479736328e+00 4.738954544067382812e+00 7.387935161590576172e+00 4.117412090301513672e+00 8.143949508666992188e+00 5.679898262023925781e+00 7.039539337158203125e+00 7.030962467193603516e+00 9.782521247863769531e+00 7.197960853576660156e+00 2.934039592742919922e+00 6.467987060546875000e+00 6.010598182678222656e+00 3.472155094146728516e+00 9.467983245849609375e+00 7.757834434509277344e+00 3.373418092727661133e+00
6.110009670257568359e+00 4.416694641113281250e+00 5.807754516601562500e+00 2.979051113128662109e+00 5.539177894592285156e+00 4.641187191009521484e+00 4.477396965026855469e+00 4.025077819824218750e+00 4.139877319335937500e+00 7.217063903808593750e+00 4.963936805725097656e+00 7.321907997131347656e+00 6.409064292907714844e+00 2.953577518463134766e+00 2.752254962921142578e+00 7.712165832519531250e+00 3.022854089736938477e+00 4.505457401275634766e+00 9.753705024719238281e+00 3.277187108993530273e+00
7.706443786621093750e+00 7.428508281707763672e+00 3.720546245574951172e+00 5.227605819702148438e+00 3.242409229278564453e+00 3.425758361816406250e+00 3.259307384490966797e+00 7.776746749877929688e+00 3.133971214294433594e+00 4.252283573150634766e+00 2.997728586196899414e+00 1.871938705444335938e+00 5.621289730072021484e+00 7.142989635467529297e+00 2.605954170227050781e+00 5.620260238647460938e+00 3.085546016693115234e+00 2.995504617691040039e+00 5.366670608520507812e+00 9.241327285766601562e+00
6.225524902343750000e+00 5.078534126281738281e+00 4.488871574401855469e+00 5.199639320373535156e+00 8.784652709960937500e+00 3.143221616744995117e+00 2.742086648941040039e+00 2.698580265045166016e+00 2.281743288040161133e+00 3.565823078155517578e+00 3.625247478485107422e+00 4.478555202484130859e+00 3.967314243316650391e+00 5.178512096405029297e+00 2.705722332000732422e+00 2.882625341415405273e+00 9.203279495239257812e+00 3.560123920440673828e+00 5.343207836151123047e+00 3.261657238006591797e+00
5.471745014190673828e+00 3.846242666244506836e+00 4.563634395599365234e+00 5.238746643066406250e+00 4.981247901916503906e+00 3.609438896179199219e+00 3.550230503082275391e+00 3.191910982131958008e+00 2.418379783630371094e+00 5.767879486083984375e+00 3.103376388549804688e+00 3.299879550933837891e+00 3.587880373001098633e+00 8.315525054931640625e+00 4.140940666198730469e+00 2.892078876495361328e+00 7.983125686645507812e+00 2.272048473358154297e+00 5.051423072814941406e+00 4.081051826477050781e+00
4.181009292602539062e+00 4.280948638916015625e+00 2.362890958786010742e+00 3.870855808258056641e+00 3.009627580642700195e+00 4.028419971466064453e+00 3.100347757339477539e+00 3.666655063629150391e+00 5.324866294860839844e+00 4.938809394836425781e+00 5.290572166442871094e+00 5.571467399597167969e+00 4.278063297271728516e+00 3.761297702789306641e+00 3.633954286575317383e+00 3.687576293945312500e+00 4.402626991271972656e+00 3.753669977188110352e+00 2.986640930175781250e+00 3.855441093444824219e+00
4.252745628356933594e+00 3.278405189514160156e+00 4.125807762145996094e+00 3.321476459503173828e+00 3.627034425735473633e+00 4.616214752197265625e+00 2.785325288772583008e+00 3.333498477935791016e+00 4.304171562194824219e+00 3.192000865936279297e+00 2.447032451629638672e+00 5.336812973022460938e+00 5.629506111145019531e+00 5.034206390380859375e+00 3.722072839736938477e+00 3.942237854003906250e+00 4.816175460815429688e+00 5.382405281066894531e+00 1.590029954910278320e+00 3.125592231750488281e+00
3.233011722564697266e+00 2.965601921081542969e+00 2.196764469146728516e+00 3.043602705001831055e+00 2.744328022003173828e+00 3.969180107116699219e+00 3.223058700561523438e+00 3.037339925765991211e+00 2.052484750747680664e+00 2.525074958801269531e+00 3.259674072265625000e+00 3.652999877929687500e+00 4.277012825012207031e+00 2.400945663452148438e+00 2.475718736648559570e+00 6.370399951934814453e+00 3.619522571563720703e+00 2.662785053253173828e+00 3.825525283813476562e+00 2.454249143600463867e+00
3.290456533432006836e+00 3.723812103271484375e+00 3.825948238372802734e+00 4.012746810913085938e+00 2.748031616210937500e+00 2.529095888137817383e+00 2.222126007080078125e+00 3.003316164016723633e+00 4.298088073730468750e+00 2.986400604248046875e+00 2.902253627777099609e+00 2.104502677917480469e+00 3.010939121246337891e+00 3.615574598312377930e+00 2.784273624420166016e+00 2.374129295349121094e+00 3.308486938476562500e+00 3.014407157897949219e+00 4.585091590881347656e+00 2.728956937789916992e+00
3.858496189117431641e+00 2.335454225540161133e+00 3.361574649810791016e+00 3.466566085815429688e+00 3.865180730819702148e+00 2.936287403106689453e+00 2.395284891128540039e+00 5.883172512054443359e+00 3.892342329025268555e+00 3.244779825210571289e+00 2.990550041198730469e+00 3.606306552886962891e+00 2.061590671539306641e+00 3.381188392639160156e+00 2.899076938629150391e+00 2.934027194976806641e+00 4.493242263793945312e+00 3.283409833908081055e+00 3.055597305297851562e+00 3.847883701324462891e+00
4.213161468505859375e+00 3.607660055160522461e+00 3.831007480621337891e+00 3.443319320678710938e+00 3.433133125305175781e+00 3.873369216918945312e+00 4.056900024414062500e+00 3.267853260040283203e+00 2.621577501296997070e+00 3.302319526672363281e+00 2.020263910293579102e+00 3.351635932922363281e+00 2.609169006347656250e+00 3.925028562545776367e+00 3.501641750335693359e+00 3.535667419433593750e+00 4.133411884307861328e+00 3.963854789733886719e+00 3.259442806243896484e+00 5.174044609069824219e+00
2.388761281967163086e+00 3.684517383575439453e+00 3.835094928741455078e+00 3.247607707977294922e+00 2.098588943481445312e+00 4.006668567657470703e+00 3.703539371490478516e+00 2.719742298126220703e+00 2.860300302505493164e+00 3.756300926208496094e+00 2.667866468429565430e+00 3.297926902770996094e+00 4.379182815551757812e+00 5.008692741394042969e+00 2.762411594390869141e+00 3.433465480804443359e+00 3.429713010787963867e+00 3.860550403594970703e+00 3.507533073425292969e+00 7.894218444824218750e+00
2.975842952728271484e+00 4.584247112274169922e+00 2.694857597351074219e+00 2.806857347488403320e+00 4.058701038360595703e+00 3.040373325347900391e+00 2.698691368103027344e+00 4.033883094787597656e+00 3.594973564147949219e+00 3.731818199157714844e+00 2.269664764404296875e+00 2.771424293518066406e+00 3.711637496948242188e+00 3.113515615463256836e+00 3.697588205337524414e+00 2.971305847167968750e+00 2.837131261825561523e+00 2.381344318389892578e+00 3.887422561645507812e+00 3.413728713989257812e+00
3.505281209945678711e+00 4.342134952545166016e+00 2.727506637573242188e+00 4.250411510467529297e+00 4.128134250640869141e+00 3.416618347167968750e+00 2.452152729034423828e+00 2.592947959899902344e+00 3.273048400878906250e+00 4.434469699859619141e+00 7.190001010894775391e+00 3.134696960449218750e+00 7.552819728851318359e+00 4.414368152618408203e+00 2.862811326980590820e+00 2.761164426803588867e+00 2.674475669860839844e+00 5.334831237792968750e+00 1.853414177894592285e+00 2.578997611999511719e+00
3.110863208770751953e+00 3.511513710021972656e+00 2.049133777618408203e+00 5.634202480316162109e+00 3.515031814575195312e+00 3.954833030700683594e+00 5.222922325134277344e+00 3.563909530639648438e+00 6.106733322143554688e+00 8.928421020507812500e+00 6.455883979797363281e+00 6.765836238861083984e+00 2.372902393341064453e+00 3.097959995269775391e+00 5.204989433288574219e+00 3.601928949356079102e+00 3.249193668365478516e+00 3.098964214324951172e+00 3.265751361846923828e+00 3.077965259552001953e+00
5.585148811340332031e+00 6.001621246337890625e+00 3.499226808547973633e+00 4.108912467956542969e+00 3.586003541946411133e+00 3.744069814682006836e+00 3.402301549911499023e+00 4.476294517517089844e+00 5.780080795288085938e+00 6.859496593475341797e+00 4.920257091522216797e+00 4.764081001281738281e+00 9.133310317993164062e+00 2.668122053146362305e+00 3.700531721115112305e+00 2.524829864501953125e+00 3.611418247222900391e+00 2.994457244873046875e+00 2.819100618362426758e+00 3.198818206787109375e+00
