2019-07-25 07:30:00
8.084548950195312500e+00 6.157579421997070312e+00 2.578980445861816406e+00 3.562618017196655273e+00 3.081183433532714844e+00 3.701987028121948242e+00 2.356168508529663086e+00 4.431161880493164062e+00 8.725399971008300781e+00 4.796676158905029297e+00 4.607728481292724609e+00 3.256015539169311523e+00 6.530460357666015625e+00 2.081222057342529297e+00 2.177536010742187500e+00 5.140226364135742188e+00 6.361587524414062500e+00 2.771422624588012695e+00 1.687100052833557129e+00 2.728785514831542969e+00
4.709593296051025391e+00 7.297691822052001953e+00 6.100633621215820312e+00 5.823139190673828125e+00 5.594805717468261719e+00 4.004737377166748047e+00 3.016408205032348633e+00 4.262011051177978516e+00 1.782236337661743164e+00 3.569894552230834961e+00 1.698649883270263672e+00 4.063518524169921875e+00 2.489542007446289062e+00 4.571862220764160156e+00 3.387251853942871094e+00 2.360114097595214844e+00 6.339040279388427734e+00 7.765709877014160156e+00 3.302271842956542969e+00 1.249822139739990234e+00
7.462755680084228516e+00 4.331043243408203125e+00 7.031339168548583984e+00 6.671451091766357422e+00 5.460082530975341797e+00 3.408310413360595703e+00 4.490958213806152344e+00 3.299606323242187500e+00 2.282674551010131836e+00 4.310381889343261719e+00 3.417500495910644531e+00 5.190750122070312500e+00 2.165425777435302734e+00 7.002443313598632812e+00 5.861955642700195312e+00 2.862689971923828125e+00 3.992024183273315430e+00 4.355094909667968750e+00 3.712860584259033203e+00 2.143226623535156250e+00
4.604405879974365234e+00 4.673213005065917969e+00 4.145825862884521484e+00 5.536711692810058594e+00 3.332242727279663086e+00 3.039385557174682617e+00 3.637287139892578125e+00 3.799818515777587891e+00 3.605534076690673828e+00 5.914262771606445312e+00 5.117291450500488281e+00 3.916935205459594727e+00 4.473147869110107422e+00 4.519666671752929688e+00 6.181555747985839844e+00 3.240423679351806641e+00 3.842746734619140625e+00 6.937444210052490234e+00 2.530076026916503906e+00 3.769771814346313477e+00
2.926651716232299805e+00 3.458180904388427734e+00 4.436969757080078125e+00 3.010357141494750977e+00 2.521436929702758789e+00 4.982255935668945312e+00 3.552765130996704102e+00 5.816482543945312500e+00 3.938879966735839844e+00 6.874888420104980469e+00 5.303234100341796875e+00 4.775687217712402344e+00 3.355245828628540039e+00 3.931983709335327148e+00 5.662794113159179688e+00 6.320522308349609375e+00 3.538432359695434570e+00 7.037011623382568359e+00 6.101497650146484375e+00 4.371966361999511719e+00
5.850040435791015625e+00 3.511327981948852539e+00 7.273892402648925781e+00 7.542588233947753906e+00 5.626578807830810547e+00 2.508152246475219727e+00 2.682210922241210938e+00 5.695948600769042969e+00 8.173181533813476562e+00 4.524115562438964844e+00 3.187011957168579102e+00 5.651557445526123047e+00 4.685803413391113281e+00 2.457879543304443359e+00 2.684156894683837891e+00 5.468667984008789062e+00 3.441716670989990234e+00 6.261662483215332031e+00 6.572907447814941406e+00 4.674880027770996094e+00
8.223289489746093750e+00 6.934855461120605469e+00 7.206911087036132812e+00 8.027718544006347656e+00 4.926665306091308594e+00 3.115945816040039062e+00 2.561629056930541992e+00 7.456187725067138672e+00 2.725551605224609375e+00 2.838462352752685547e+00 3.025012254714965820e+00 3.702651023864746094e+00 4.398787498474121094e+00 5.038887977600097656e+00 3.519730329513549805e+00 7.467815399169921875e+00 2.851465940475463867e+00 4.266685009002685547e+00 5.737304210662841797e+00 5.207242012023925781e+00
7.053129196166992188e+00 4.390013694763183594e+00 2.643177986145019531e+00 6.017580032348632812e+00 6.108890056610107422e+00 3.752712726593017578e+00 3.010200262069702148e+00 3.879617929458618164e+00 2.111608505249023438e+00 2.720190048217773438e+00 3.477746248245239258e+00 3.766927719116210938e+00 3.192654132843017578e+00 5.114102363586425781e+00 2.073814630508422852e+00 3.497624397277832031e+00 4.183879375457763672e+00 2.316456794738769531e+00 5.410032749176025391e+00 2.334446907043457031e+00
3.763195753097534180e+00 5.050184249877929688e+00 3.984820365905761719e+00 4.589761257171630859e+00 4.360268592834472656e+00 2.740830898284912109e+00 3.392279624938964844e+00 3.250005006790161133e+00 3.727609872817993164e+00 4.662064075469970703e+00 2.906619071960449219e+00 3.150560140609741211e+00 5.769999504089355469e+00 4.858553886413574219e+00 2.860637903213500977e+00 4.278376579284667969e+00 4.612376689910888672e+00 1.593616127967834473e+00 1.771300315856933594e+00 3.692295551300048828e+00
5.579044342041015625e+00 5.189476966857910156e+00 2.559257745742797852e+00 2.011930465698242188e+00 2.612986564636230469e+00 3.301340579986572266e+00 4.348981857299804688e+00 4.655246257781982422e+00 6.941089630126953125e+00 6.908584594726562500e+00 5.836771011352539062e+00 6.141123771667480469e+00 3.659449100494384766e+00 3.193739414215087891e+00 2.932064294815063477e+00 3.152708530426025391e+00 4.736184597015380859e+00 3.531739234924316406e+00 3.480286598205566406e+00 2.893423557281494141e+00
3.340777397155761719e+00 3.603263378143310547e+00 4.293166637420654297e+00 4.016243457794189453e+00 3.366546392440795898e+00 5.002396583557128906e+00 3.490023612976074219e+00 2.735646009445190430e+00 3.545812606811523438e+00 3.630506992340087891e+00 3.051049232482910156e+00 7.649285793304443359e+00 6.434395790100097656e+00 6.240853786468505859e+00 3.154323101043701172e+00 2.758251190185546875e+00 4.436902523040771484e+00 7.487824440002441406e+00 2.373042106628417969e+00 3.967391490936279297e+00
2.849847316741943359e+00 1.585495829582214355e+00 2.380638122558593750e+00 2.698724269866943359e+00 3.791198730468750000e+00 2.418317079544067383e+00 3.503965377807617188e+00 2.786072731018066406e+00 3.804177284240722656e+00 3.977535724639892578e+00 2.336545705795288086e+00 3.242383003234863281e+00 3.015421867370605469e+00 2.090454339981079102e+00 1.576256752014160156e+00 7.976129055023193359e+00 3.113980293273925781e+00 2.703463077545166016e+00 3.668847322463989258e+00 2.668173313140869141e+00
3.241168737411499023e+00 3.302979946136474609e+00 3.709528684616088867e+00 3.703981399536132812e+00 2.417121410369873047e+00 2.838506698608398438e+00 2.911151170730590820e+00 3.930159091949462891e+00 1.868709325790405273e+00 3.444525241851806641e+00 4.205577850341796875e+00 3.964014530181884766e+00 3.445602893829345703e+00 3.164225816726684570e+00 2.384016513824462891e+00 2.192480564117431641e+00 3.839387416839599609e+00 3.332276821136474609e+00 4.832054138183593750e+00 3.549626350402832031e+00
2.669236183166503906e+00 3.503446102142333984e+00 2.364384651184082031e+00 3.485060691833496094e+00 3.293935537338256836e+00 2.488219738006591797e+00 3.112603664398193359e+00 2.152891635894775391e+00 2.814859628677368164e+00 3.144145250320434570e+00 2.984318017959594727e+00 2.594692230224609375e+00 3.543213367462158203e+00 3.621607303619384766e+00 3.507522106170654297e+00 3.261716842651367188e+00 3.546859264373779297e+00 2.867186784744262695e+00 3.400403261184692383e+00 3.606777667999267578e+00
3.279366970062255859e+00 3.194860219955444336e+00 2.169560432434082031e+00 4.067495346069335938e+00 2.717256546020507812e+00 1.950232267379760742e+00 2.540996074676513672e+00 1.948726892471313477e+00 2.637988805770874023e+00 4.300496101379394531e+00 3.918427228927612305e+00 1.717735052108764648e+00 3.116294860839843750e+00 2.904416084289550781e+00 3.197811365127563477e+00 3.879750490188598633e+00 2.632105588912963867e+00 3.784844875335693359e+00 2.699354887008666992e+00 5.542519569396972656e+00
2.017247200012207031e+00 2.457865953445434570e+00 4.624379158020019531e+00 3.269257068634033203e+00 3.621928930282592773e+00 4.182721138000488281e+00 1.955141305923461914e+00 2.817078590393066406e+00 2.488150358200073242e+00 2.481663227081298828e+00 3.868521928787231445e+00 3.393185615539550781e+00 3.277217388153076172e+00 3.948401927947998047e+00 2.207707405090332031e+00 3.601066589355468750e+00 3.412781238555908203e+00 3.878928899765014648e+00 2.929445743560791016e+00 3.062311172485351562e+00
3.136886835098266602e+00 2.947803258895874023e+00 5.364959716796875000e+00 3.268337726593017578e+00 3.714179039001464844e+00 2.771693706512451172e+00 3.619784116744995117e+00 2.977637529373168945e+00 4.378126144409179688e+00 4.152136802673339844e+00 2.660786628723144531e+00 2.148551940917968750e+00 1.815477132797241211e+00 2.866694927215576172e+00 2.974669933319091797e+00 3.683099985122680664e+00 4.148013591766357422e+00 2.885555028915405273e+00 2.470168113708496094e+00 4.185247421264648438e+00
1.861824512481689453e+00 3.351853370666503906e+00 1.762992978096008301e+00 3.496977329254150391e+00 4.700357437133789062e+00 3.483342885971069336e+00 4.346522808074951172e+00 2.823538303375244141e+00 6.522149562835693359e+00 3.566111803054809570e+00 4.002378463745117188e+00 3.737410545349121094e+00 3.883990764617919922e+00 3.521702289581298828e+00 3.690393447875976562e+00 3.313561916351318359e+00 3.590414047241210938e+00 1.719949245452880859e+00 2.338107109069824219e+00 2.530962467193603516e+00
3.122338056564331055e+00 3.058038473129272461e+00 4.510253906250000000e+00 2.844044208526611328e+00 2.652670621871948242e+00 3.672868013381958008e+00 3.308743953704833984e+00 3.555550813674926758e+00 4.038903236389160156e+00 5.328830718994140625e+00 5.820372581481933594e+00 7.930954933166503906e+00 2.738475322723388672e+00 3.647368907928466797e+00 2.237281322479248047e+00 3.598454475402832031e+00 3.065377235412597656e+00 2.676055431365966797e+00 3.943672180175781250e+00 2.363041877746582031e+00
4.001561164855957031e+00 3.369386196136474609e+00 2.765282154083251953e+00 5.090991020202636719e+00 4.320387840270996094e+00 3.617156982421875000e+00 4.016039848327636719e+00 2.632565021514892578e+00 4.799403667449951172e+00 6.659239768981933594e+00 3.339573860168457031e+00 6.370688438415527344e+00 7.503981113433837891e+00 3.651628255844116211e+00 1.949474334716796875e+00 2.688555955886840820e+00 4.274592399597167969e+00 4.371883392333984375e+00 3.668901443481445312e+00 3.453722953796386719e+00
