2019-07-25 07:45:00
7.451933860778808594e+00 5.487876415252685547e+00 3.399726390838623047e+00 3.274996042251586914e+00 2.064675569534301758e+00 3.017678260803222656e+00 3.518188714981079102e+00 4.410717010498046875e+00 6.545466423034667969e+00 4.337143898010253906e+00 3.201481103897094727e+00 3.137842655181884766e+00 7.497154712677001953e+00 3.541078090667724609e+00 2.186294794082641602e+00 4.935580730438232422e+00 4.835914134979248047e+00 3.019582271575927734e+00 2.471608638763427734e+00 4.698314189910888672e+00
4.250822544097900391e+00 5.435455799102783203e+00 3.920177936553955078e+00 5.674134731292724609e+00 8.908054351806640625e+00 3.485091686248779297e+00 4.195508480072021484e+00 4.761267662048339844e+00 4.642548561096191406e+00 2.417659759521484375e+00 3.266024112701416016e+00 4.442887783050537109e+00 2.574053764343261719e+00 9.079708099365234375e+00 2.801386356353759766e+00 1.844293117523193359e+00 6.359838008880615234e+00 5.590320587158203125e+00 3.351920127868652344e+00 3.744963407516479492e+00
8.111248970031738281e+00 4.328705787658691406e+00 6.654448509216308594e+00 4.531696319580078125e+00 2.856215000152587891e+00 4.896901130676269531e+00 6.039999008178710938e+00 3.140116453170776367e+00 2.205967426300048828e+00 3.875277280807495117e+00 4.039909362792968750e+00 4.202129840850830078e+00 2.878462791442871094e+00 3.967784404754638672e+00 2.751431465148925781e+00 2.638203382492065430e+00 4.566535949707031250e+00 7.428309917449951172e+00 2.440515041351318359e+00 3.479429721832275391e+00
2.977561473846435547e+00 7.240011215209960938e+00 8.486404418945312500e+00 5.047758102416992188e+00 2.164806604385375977e+00 3.375446319580078125e+00 3.542422533035278320e+00 2.779959201812744141e+00 2.421373844146728516e+00 3.066721916198730469e+00 4.041848182678222656e+00 7.435079097747802734e+00 3.595425128936767578e+00 3.505018711090087891e+00 3.766241550445556641e+00 2.573560714721679688e+00 2.082617282867431641e+00 4.481426239013671875e+00 2.566805362701416016e+00 3.333936214447021484e+00
2.880475044250488281e+00 3.518349647521972656e+00 4.487881660461425781e+00 2.818963289260864258e+00 4.355614662170410156e+00 7.232230186462402344e+00 2.441183805465698242e+00 6.500409603118896484e+00 6.632591247558593750e+00 4.615874767303466797e+00 5.718051910400390625e+00 5.624135494232177734e+00 2.585077047348022461e+00 3.444294929504394531e+00 3.437958002090454102e+00 6.632892608642578125e+00 2.242579936981201172e+00 9.510341644287109375e+00 4.735527038574218750e+00 2.647247791290283203e+00
1.110366535186767578e+01 2.657542228698730469e+00 4.616959571838378906e+00 3.401982069015502930e+00 4.456298828125000000e+00 5.568552494049072266e+00 3.855684757232666016e+00 7.158992290496826172e+00 6.341546535491943359e+00 4.478775978088378906e+00 4.785076141357421875e+00 6.392612934112548828e+00 3.167828083038330078e+00 3.347635269165039062e+00 3.252537250518798828e+00 3.778784275054931641e+00 2.854469776153564453e+00 4.935463428497314453e+00 2.911712169647216797e+00 3.686667919158935547e+00
1.225321102142333984e+01 4.186377525329589844e+00 6.337216854095458984e+00 8.488909721374511719e+00 4.086473941802978516e+00 5.292788505554199219e+00 3.283280372619628906e+00 4.590128898620605469e+00 3.188323020935058594e+00 3.595630645751953125e+00 2.761726856231689453e+00 2.966704368591308594e+00 4.734061717987060547e+00 4.128643989562988281e+00 3.223439693450927734e+00 7.954400062561035156e+00 4.281210422515869141e+00 2.604862689971923828e+00 8.058233261108398438e+00 7.978790760040283203e+00
5.642529964447021484e+00 4.201703071594238281e+00 2.379695415496826172e+00 6.287038803100585938e+00 6.809816360473632812e+00 4.166604518890380859e+00 2.931038856506347656e+00 3.284918308258056641e+00 2.484907627105712891e+00 1.979958295822143555e+00 4.428071975708007812e+00 1.783821821212768555e+00 4.305885791778564453e+00 3.179502487182617188e+00 3.221610307693481445e+00 2.305786609649658203e+00 4.153322219848632812e+00 1.492158889770507812e+00 4.606819152832031250e+00 1.926325678825378418e+00
3.413372993469238281e+00 4.145566463470458984e+00 5.208426475524902344e+00 4.471194267272949219e+00 4.303606986999511719e+00 2.798551082611083984e+00 3.828339576721191406e+00 3.265822887420654297e+00 2.584071636199951172e+00 6.227515697479248047e+00 2.704146146774291992e+00 3.552989959716796875e+00 4.620082378387451172e+00 8.371358871459960938e+00 5.518498897552490234e+00 4.163118362426757812e+00 6.250823020935058594e+00 3.055005311965942383e+00 2.072246789932250977e+00 3.308422088623046875e+00
4.614267349243164062e+00 2.366790294647216797e+00 3.683587551116943359e+00 3.888925075531005859e+00 3.531426906585693359e+00 2.834292411804199219e+00 3.137960910797119141e+00 3.368008375167846680e+00 4.952421188354492188e+00 5.368509292602539062e+00 5.657628059387207031e+00 5.463965415954589844e+00 5.707929134368896484e+00 3.054624080657958984e+00 2.542078018188476562e+00 3.249881744384765625e+00 7.152724266052246094e+00 3.348042964935302734e+00 2.998526096343994141e+00 3.423066616058349609e+00
3.917779445648193359e+00 3.748597621917724609e+00 2.206939935684204102e+00 3.111368417739868164e+00 3.515625476837158203e+00 2.000163555145263672e+00 2.457252264022827148e+00 1.922923088073730469e+00 3.637997150421142578e+00 3.674805164337158203e+00 2.837103843688964844e+00 2.998953342437744141e+00 4.977001190185546875e+00 4.857599735260009766e+00 2.629084348678588867e+00 2.698886394500732422e+00 4.075888633728027344e+00 7.331790924072265625e+00 2.899192094802856445e+00 2.784830570220947266e+00
2.095918655395507812e+00 2.520035743713378906e+00 3.985640525817871094e+00 3.246621608734130859e+00 4.304584503173828125e+00 2.359372615814208984e+00 2.056856870651245117e+00 2.557124614715576172e+00 2.824170112609863281e+00 3.052711009979248047e+00 2.906445980072021484e+00 3.087923526763916016e+00 3.659194231033325195e+00 3.377715110778808594e+00 2.938794374465942383e+00 4.509890556335449219e+00 2.378842353820800781e+00 2.866319179534912109e+00 3.554643869400024414e+00 2.427310705184936523e+00
3.701858520507812500e+00 2.746216773986816406e+00 3.002126693725585938e+00 3.354310035705566406e+00 3.908294200897216797e+00 3.676658153533935547e+00 2.677040100097656250e+00 2.893652915954589844e+00 3.109773159027099609e+00 2.762179374694824219e+00 4.927333831787109375e+00 3.074209928512573242e+00 3.536550760269165039e+00 4.066171169281005859e+00 2.761570215225219727e+00 4.033959865570068359e+00 3.230432987213134766e+00 3.317367792129516602e+00 3.616451263427734375e+00 3.216283321380615234e+00
3.520618200302124023e+00 2.858497142791748047e+00 2.574694395065307617e+00 4.017933845520019531e+00 3.342086315155029297e+00 3.656054973602294922e+00 4.637509346008300781e+00 2.811619281768798828e+00 4.200351715087890625e+00 3.584676980972290039e+00 3.678120613098144531e+00 2.406647443771362305e+00 4.058423042297363281e+00 2.668731212615966797e+00 2.219991207122802734e+00 1.231119155883789062e+00 2.888442516326904297e+00 3.208827257156372070e+00 4.365236282348632812e+00 2.875349044799804688e+00
2.236391782760620117e+00 4.277682304382324219e+00 3.090306758880615234e+00 4.010408878326416016e+00 1.634873151779174805e+00 1.870475411415100098e+00 2.991038084030151367e+00 1.821948289871215820e+00 2.913219451904296875e+00 2.742047309875488281e+00 2.042312860488891602e+00 2.836522102355957031e+00 4.172141075134277344e+00 3.247712612152099609e+00 4.445076465606689453e+00 2.663588047027587891e+00 3.170033693313598633e+00 2.245065212249755859e+00 2.039400100708007812e+00 4.853821277618408203e+00
3.567173719406127930e+00 2.876921653747558594e+00 4.117667675018310547e+00 2.512205123901367188e+00 2.380245447158813477e+00 3.104012966156005859e+00 3.444620370864868164e+00 4.401660919189453125e+00 3.299903631210327148e+00 2.169227361679077148e+00 2.975987672805786133e+00 2.619302272796630859e+00 2.588102817535400391e+00 3.021239042282104492e+00 2.720333576202392578e+00 2.034592628479003906e+00 2.492005586624145508e+00 4.797655105590820312e+00 3.605834960937500000e+00 7.013449668884277344e+00
3.951470613479614258e+00 3.997553586959838867e+00 4.683914184570312500e+00 1.992205619812011719e+00 6.437789916992187500e+00 3.848508834838867188e+00 2.055916309356689453e+00 2.146328210830688477e+00 2.404178142547607422e+00 3.555649757385253906e+00 4.256328582763671875e+00 3.619281768798828125e+00 3.958158016204833984e+00 2.314517498016357422e+00 3.231473445892333984e+00 2.780426502227783203e+00 2.962617397308349609e+00 3.516433715820312500e+00 3.038788080215454102e+00 1.027284336090087891e+01
2.993041753768920898e+00 2.465351581573486328e+00 3.397660732269287109e+00 3.917896032333374023e+00 3.158965349197387695e+00 4.720517635345458984e+00 4.175439357757568359e+00 2.270432472229003906e+00 5.413042068481445312e+00 2.702034711837768555e+00 4.092057228088378906e+00 2.201429367065429688e+00 4.072694301605224609e+00 2.762613773345947266e+00 2.893447399139404297e+00 2.166219472885131836e+00 2.498482704162597656e+00 4.708716392517089844e+00 3.914966106414794922e+00 3.525596857070922852e+00
4.788131713867187500e+00 2.812748908996582031e+00 3.137400388717651367e+00 2.236491203308105469e+00 3.511669874191284180e+00 2.934931755065917969e+00 4.274405002593994141e+00 2.037577867507934570e+00 2.946183443069458008e+00 5.161283493041992188e+00 4.673471450805664062e+00 3.639022111892700195e+00 3.531868934631347656e+00 2.115894317626953125e+00 2.278973579406738281e+00 3.262215137481689453e+00 3.430850505828857422e+00 4.669303894042968750e+00 4.351446151733398438e+00 1.863310456275939941e+00
3.430162906646728516e+00 4.548795700073242188e+00 3.302204370498657227e+00 4.715959072113037109e+00 3.069885730743408203e+00 2.999170780181884766e+00 1.590057134628295898e+00 2.492243766784667969e+00 4.209109306335449219e+00 3.254631996154785156e+00 5.380222320556640625e+00 5.092566013336181641e+00 3.920184373855590820e+00 1.980436325073242188e+00 4.492621421813964844e+00 2.923519372940063477e+00 2.994286060333251953e+00 3.226959228515625000e+00 2.851211309432983398e+00 3.031285285949707031e+00
