2019-07-25 08:00:00
6.725607872009277344e+00 5.092238426208496094e+00 7.129703998565673828e+00 3.805356502532958984e+00 3.364575862884521484e+00 4.615185737609863281e+00 3.239850997924804688e+00 4.718613624572753906e+00 1.016849708557128906e+01 3.245058059692382812e+00 4.636679649353027344e+00 4.152477741241455078e+00 7.926301002502441406e+00 2.961731195449829102e+00 3.331170082092285156e+00 5.304611682891845703e+00 7.250709056854248047e+00 3.438071250915527344e+00 3.690304756164550781e+00 3.136088371276855469e+00
7.996433258056640625e+00 7.448713779449462891e+00 4.828750610351562500e+00 5.840991973876953125e+00 5.297610759735107422e+00 3.416940689086914062e+00 3.168119668960571289e+00 2.574337005615234375e+00 3.446854114532470703e+00 4.342623710632324219e+00 3.760942459106445312e+00 2.036569118499755859e+00 4.433285236358642578e+00 5.989526748657226562e+00 1.660520076751708984e+00 4.084670066833496094e+00 6.254932880401611328e+00 5.045252799987792969e+00 3.404872417449951172e+00 2.343140602111816406e+00
5.569197654724121094e+00 7.470145225524902344e+00 3.491014719009399414e+00 7.458276271820068359e+00 5.357360839843750000e+00 5.212630271911621094e+00 6.719902992248535156e+00 3.943168163299560547e+00 3.045942783355712891e+00 5.198124408721923828e+00 4.469308376312255859e+00 7.354595184326171875e+00 3.253686904907226562e+00 5.634435176849365234e+00 4.086503505706787109e+00 3.132113933563232422e+00 6.003993511199951172e+00 6.474228858947753906e+00 3.901774644851684570e+00 3.344038009643554688e+00
4.672831535339355469e+00 5.243113517761230469e+00 5.962382316589355469e+00 6.687890529632568359e+00 2.227191448211669922e+00 4.004276752471923828e+00 5.113330841064453125e+00 3.390803337097167969e+00 1.598774671554565430e+00 5.176037311553955078e+00 7.531054496765136719e+00 4.692883014678955078e+00 4.177596092224121094e+00 3.601065635681152344e+00 5.763191699981689453e+00 2.800617694854736328e+00 3.011590003967285156e+00 4.549993515014648438e+00 3.770638942718505859e+00 2.358096599578857422e+00
3.413807392120361328e+00 3.269951105117797852e+00 3.327610969543457031e+00 3.303557157516479492e+00 3.056744575500488281e+00 4.958105087280273438e+00 2.972208499908447266e+00 6.882345199584960938e+00 2.624168395996093750e+00 6.513476371765136719e+00 6.327279567718505859e+00 5.519261360168457031e+00 5.127436637878417969e+00 4.199721813201904297e+00 5.960321903228759766e+00 7.183330535888671875e+00 2.646396160125732422e+00 8.011427879333496094e+00 1.141461944580078125e+01 4.268364906311035156e+00
3.759647130966186523e+00 3.451521635055541992e+00 5.223214149475097656e+00 5.666062831878662109e+00 5.151347160339355469e+00 5.824407100677490234e+00 2.561629056930541992e+00 7.308634757995605469e+00 6.339545249938964844e+00 7.656442642211914062e+00 5.689435005187988281e+00 7.061378479003906250e+00 4.519153594970703125e+00 3.536259412765502930e+00 3.999830722808837891e+00 4.575076580047607422e+00 2.940456867218017578e+00 7.002047061920166016e+00 6.958364486694335938e+00 3.058206558227539062e+00
6.637425422668457031e+00 4.558864593505859375e+00 4.610502243041992188e+00 5.615988731384277344e+00 6.522001266479492188e+00 6.316129684448242188e+00 2.828676700592041016e+00 5.140582561492919922e+00 3.320435523986816406e+00 3.002650737762451172e+00 3.156350135803222656e+00 3.447980165481567383e+00 7.088454246520996094e+00 8.819529533386230469e+00 2.950851917266845703e+00 3.604264974594116211e+00 3.129235267639160156e+00 4.544721603393554688e+00 8.014948844909667969e+00 9.220466613769531250e+00
7.670844078063964844e+00 3.473187446594238281e+00 4.245021343231201172e+00 7.841208457946777344e+00 5.426107406616210938e+00 3.192690849304199219e+00 3.736432552337646484e+00 3.540346145629882812e+00 3.913687467575073242e+00 2.382544040679931641e+00 3.605417728424072266e+00 3.493511676788330078e+00 1.006262016296386719e+01 4.943244457244873047e+00 4.412057876586914062e+00 4.314535617828369141e+00 5.135167121887207031e+00 2.550460100173950195e+00 5.698071002960205078e+00 2.343837261199951172e+00
3.941585779190063477e+00 5.416564941406250000e+00 3.816076278686523438e+00 3.915783405303955078e+00 7.034473419189453125e+00 2.777456760406494141e+00 1.822382450103759766e+00 2.532052755355834961e+00 3.772269964218139648e+00 3.347101211547851562e+00 2.843883037567138672e+00 3.428920269012451172e+00 7.886216163635253906e+00 8.200880050659179688e+00 6.332431793212890625e+00 3.236603260040283203e+00 5.116867065429687500e+00 3.365198373794555664e+00 4.090689182281494141e+00 1.891540884971618652e+00
6.880012989044189453e+00 5.465730667114257812e+00 2.935682773590087891e+00 2.577988147735595703e+00 2.908268213272094727e+00 4.101493358612060547e+00 3.239721536636352539e+00 2.667163133621215820e+00 7.189958572387695312e+00 4.605942726135253906e+00 5.332197666168212891e+00 7.209250450134277344e+00 4.635106563568115234e+00 3.005903005599975586e+00 3.533023357391357422e+00 4.077597141265869141e+00 6.109762668609619141e+00 3.403245449066162109e+00 3.669697284698486328e+00 3.626813888549804688e+00
3.123180389404296875e+00 2.926717996597290039e+00 3.177028179168701172e+00 3.728350162506103516e+00 3.928431510925292969e+00 2.689399719238281250e+00 3.228107929229736328e+00 3.434617042541503906e+00 3.512775421142578125e+00 2.654095649719238281e+00 3.258522987365722656e+00 5.316493988037109375e+00 4.788084506988525391e+00 6.086629867553710938e+00 2.458415031433105469e+00 3.680583477020263672e+00 3.835376501083374023e+00 6.814145088195800781e+00 2.807584762573242188e+00 4.575295448303222656e+00
4.755365371704101562e+00 3.963217258453369141e+00 3.619563102722167969e+00 2.910324573516845703e+00 3.104884147644042969e+00 3.156582355499267578e+00 3.456762313842773438e+00 2.769618988037109375e+00 2.634611845016479492e+00 2.631847143173217773e+00 2.684664726257324219e+00 2.943684577941894531e+00 2.841239690780639648e+00 3.383865356445312500e+00 2.240153789520263672e+00 4.204050064086914062e+00 3.706012725830078125e+00 3.881629943847656250e+00 2.385725021362304688e+00 4.212754726409912109e+00
2.345181703567504883e+00 5.170961856842041016e+00 3.637387275695800781e+00 3.206554412841796875e+00 3.992630243301391602e+00 3.016479015350341797e+00 3.406294822692871094e+00 2.666010379791259766e+00 3.379148960113525391e+00 3.927606105804443359e+00 4.406754016876220703e+00 2.935923576354980469e+00 3.115328788757324219e+00 2.768571376800537109e+00 3.724556922912597656e+00 3.844602346420288086e+00 4.098370552062988281e+00 2.121555328369140625e+00 3.697968721389770508e+00 4.647725105285644531e+00
3.496087551116943359e+00 2.934240341186523438e+00 3.952418327331542969e+00 3.859137773513793945e+00 4.464296340942382812e+00 4.329052448272705078e+00 3.006145000457763672e+00 2.449950933456420898e+00 4.265986919403076172e+00 2.997293949127197266e+00 4.069956779479980469e+00 3.544656991958618164e+00 3.143095970153808594e+00 3.735454082489013672e+00 2.662164688110351562e+00 3.224666595458984375e+00 4.082813262939453125e+00 3.617230415344238281e+00 3.330856323242187500e+00 3.205724000930786133e+00
3.007931232452392578e+00 3.555731296539306641e+00 3.755034446716308594e+00 2.890284538269042969e+00 2.565273284912109375e+00 3.682510852813720703e+00 2.650427341461181641e+00 3.461830139160156250e+00 3.105616569519042969e+00 1.856276631355285645e+00 2.068085193634033203e+00 4.113768577575683594e+00 3.365480422973632812e+00 2.233386278152465820e+00 3.561187267303466797e+00 2.943545818328857422e+00 2.243959426879882812e+00 3.246105194091796875e+00 3.160197257995605469e+00 5.645603179931640625e+00
3.487051725387573242e+00 4.351481437683105469e+00 2.540979862213134766e+00 3.895798444747924805e+00 3.705911397933959961e+00 4.075399398803710938e+00 3.266853809356689453e+00 3.190890312194824219e+00 2.364845991134643555e+00 3.085186004638671875e+00 3.402690172195434570e+00 3.773899078369140625e+00 2.419568061828613281e+00 3.441653728485107422e+00 3.288228511810302734e+00 3.679695606231689453e+00 4.343930721282958984e+00 3.611933708190917969e+00 3.628362655639648438e+00 8.139216423034667969e+00
2.715983629226684570e+00 4.124926090240478516e+00 4.180957317352294922e+00 3.971976280212402344e+00 8.140819549560546875e+00 2.476543426513671875e+00 4.309889793395996094e+00 4.005601882934570312e+00 3.137315273284912109e+00 2.447329282760620117e+00 3.653179407119750977e+00 3.375344991683959961e+00 3.204273223876953125e+00 4.037964820861816406e+00 3.795798301696777344e+00 2.981369972229003906e+00 3.880763053894042969e+00 3.820863246917724609e+00 2.615341186523437500e+00 5.110158443450927734e+00
4.156107425689697266e+00 3.327709674835205078e+00 3.200053215026855469e+00 4.621403694152832031e+00 2.986881017684936523e+00 3.625328302383422852e+00 2.720938682556152344e+00 3.325706958770751953e+00 4.189253807067871094e+00 4.087929725646972656e+00 6.207968711853027344e+00 4.799419403076171875e+00 6.295983314514160156e+00 2.437909126281738281e+00 2.945272445678710938e+00 4.298095703125000000e+00 4.780289649963378906e+00 5.145994186401367188e+00 3.188713550567626953e+00 2.472804546356201172e+00
3.053577899932861328e+00 4.185667991638183594e+00 3.573522090911865234e+00 1.911365270614624023e+00 4.345119476318359375e+00 4.171264648437500000e+00 3.357562541961669922e+00 3.151032209396362305e+00 5.477595329284667969e+00 5.741827964782714844e+00 7.045562267303466797e+00 7.348837852478027344e+00 2.239274501800537109e+00 3.611846446990966797e+00 1.853710174560546875e+00 3.432684421539306641e+00 3.622718811035156250e+00 3.015602111816406250e+00 4.003328323364257812e+00 2.608080625534057617e+00
2.744078159332275391e+00 2.548588037490844727e+00 2.831482887268066406e+00 4.737968444824218750e+00 3.371791124343872070e+00 3.416751861572265625e+00 2.721611499786376953e+00 4.087010860443115234e+00 3.597178459167480469e+00 7.013451576232910156e+00 5.884723663330078125e+00 7.041841030120849609e+00 6.696247577667236328e+00 2.443049430847167969e+00 3.580764532089233398e+00 2.201573371887207031e+00 3.168756961822509766e+00 4.724829673767089844e+00 4.627898693084716797e+00 4.127199649810791016e+00
