2019-07-25 01:00:00
5.662155151367187500e+00 4.448920249938964844e+00 7.279979705810546875e+00 3.629059314727783203e+00 2.811057090759277344e+00 2.228964805603027344e+00 3.958930969238281250e+00 3.813140630722045898e+00 6.917127132415771484e+00 5.337131977081298828e+00 2.729265689849853516e+00 2.750481843948364258e+00 4.182143211364746094e+00 4.072587013244628906e+00 3.258275508880615234e+00 7.383704185485839844e+00 1.122829818725585938e+01 2.830784320831298828e+00 3.372330665588378906e+00 4.852877140045166016e+00
6.170199394226074219e+00 5.707846164703369141e+00 7.941751003265380859e+00 6.578063964843750000e+00 7.782705307006835938e+00 4.830542564392089844e+00 3.665370464324951172e+00 3.719586849212646484e+00 4.057764530181884766e+00 2.250698328018188477e+00 3.411993503570556641e+00 3.971190452575683594e+00 2.950626373291015625e+00 7.607824325561523438e+00 3.664865970611572266e+00 4.090877056121826172e+00 5.983341217041015625e+00 6.979974746704101562e+00 3.632920503616333008e+00 2.229028224945068359e+00
4.629282474517822266e+00 7.625527381896972656e+00 8.674002647399902344e+00 7.614346504211425781e+00 3.812754154205322266e+00 6.947092056274414062e+00 5.246047973632812500e+00 2.817965507507324219e+00 3.872806310653686523e+00 4.776499271392822266e+00 8.747842788696289062e+00 8.602349281311035156e+00 4.605161666870117188e+00 4.084632873535156250e+00 6.850264549255371094e+00 5.420260429382324219e+00 7.200010299682617188e+00 4.459336757659912109e+00 3.537932872772216797e+00 3.225810527801513672e+00
3.894058942794799805e+00 5.602832794189453125e+00 5.094622611999511719e+00 4.010205268859863281e+00 4.076710224151611328e+00 4.281503200531005859e+00 2.515289306640625000e+00 3.763039827346801758e+00 3.729353427886962891e+00 7.958033561706542969e+00 4.845186233520507812e+00 2.016554832458496094e+00 5.275944232940673828e+00 2.501515150070190430e+00 5.153750896453857422e+00 3.099552631378173828e+00 2.771332025527954102e+00 5.264226913452148438e+00 3.115264892578125000e+00 3.208418369293212891e+00
3.711694002151489258e+00 2.950111150741577148e+00 2.777149677276611328e+00 3.762121200561523438e+00 4.499921798706054688e+00 7.725046634674072266e+00 3.411625385284423828e+00 7.523983955383300781e+00 6.188785552978515625e+00 3.186059951782226562e+00 8.028799057006835938e+00 7.376069068908691406e+00 5.047544002532958984e+00 4.058778285980224609e+00 7.617769718170166016e+00 6.079327106475830078e+00 2.501046180725097656e+00 8.562812805175781250e+00 5.503488540649414062e+00 3.938431978225708008e+00
7.208302021026611328e+00 3.357853412628173828e+00 4.994576454162597656e+00 7.975521087646484375e+00 5.183887958526611328e+00 5.116591453552246094e+00 3.735937356948852539e+00 3.754228115081787109e+00 6.547922134399414062e+00 5.744468688964843750e+00 4.731501579284667969e+00 7.926367282867431641e+00 5.839437961578369141e+00 3.316902399063110352e+00 3.879874706268310547e+00 6.583804607391357422e+00 2.569351196289062500e+00 6.185085296630859375e+00 4.814939498901367188e+00 1.733050465583801270e+00
8.043670654296875000e+00 6.965547084808349609e+00 5.917853355407714844e+00 5.666903018951416016e+00 4.493655204772949219e+00 9.531012535095214844e+00 2.712739944458007812e+00 7.825913906097412109e+00 4.645541191101074219e+00 2.366798400878906250e+00 4.358641624450683594e+00 3.142213344573974609e+00 5.160047531127929688e+00 6.616322517395019531e+00 5.342803955078125000e+00 4.896482467651367188e+00 2.279404163360595703e+00 3.475204467773437500e+00 6.750632286071777344e+00 6.214317321777343750e+00
3.818516492843627930e+00 4.579932212829589844e+00 3.069772243499755859e+00 4.851415157318115234e+00 6.129776954650878906e+00 3.262240648269653320e+00 3.964094638824462891e+00 3.186475753784179688e+00 3.940011262893676758e+00 3.047352313995361328e+00 3.047698974609375000e+00 4.414122581481933594e+00 3.694773674011230469e+00 5.241258144378662109e+00 3.388741016387939453e+00 4.251385688781738281e+00 5.320659637451171875e+00 2.901371002197265625e+00 6.001909255981445312e+00 2.638494491577148438e+00
4.459987640380859375e+00 5.134269714355468750e+00 4.606372833251953125e+00 4.786233901977539062e+00 3.979300498962402344e+00 1.775646686553955078e+00 2.790946483612060547e+00 4.286972045898437500e+00 3.040902614593505859e+00 3.303306102752685547e+00 4.369159698486328125e+00 3.503033876419067383e+00 6.812133789062500000e+00 5.980748653411865234e+00 3.951030254364013672e+00 3.309440612792968750e+00 5.428160667419433594e+00 3.656209945678710938e+00 2.740267992019653320e+00 3.003658771514892578e+00
6.973078250885009766e+00 7.692512512207031250e+00 3.046378374099731445e+00 2.580401897430419922e+00 3.398508071899414062e+00 3.099672555923461914e+00 3.893547534942626953e+00 4.089737892150878906e+00 6.136645317077636719e+00 5.441228866577148438e+00 4.351373672485351562e+00 6.067292213439941406e+00 6.838649272918701172e+00 4.407581329345703125e+00 3.338809967041015625e+00 3.918471336364746094e+00 5.312948226928710938e+00 4.294819355010986328e+00 3.377553462982177734e+00 3.045113086700439453e+00
3.901248693466186523e+00 2.744685649871826172e+00 3.919942855834960938e+00 3.112308502197265625e+00 3.199096679687500000e+00 2.828704833984375000e+00 3.632926940917968750e+00 2.547230958938598633e+00 2.953781127929687500e+00 1.685449004173278809e+00 2.754436254501342773e+00 6.966566562652587891e+00 3.224505662918090820e+00 8.826779365539550781e+00 2.469898700714111328e+00 2.744459867477416992e+00 3.560574531555175781e+00 6.307851791381835938e+00 3.605899810791015625e+00 4.568743705749511719e+00
2.358699560165405273e+00 2.915492773056030273e+00 3.476112842559814453e+00 4.133179664611816406e+00 3.547608852386474609e+00 2.616021633148193359e+00 2.474189758300781250e+00 4.263854503631591797e+00 2.326364040374755859e+00 4.630962371826171875e+00 2.923285245895385742e+00 3.150074481964111328e+00 3.552731037139892578e+00 1.885458707809448242e+00 2.557635307312011719e+00 6.037066459655761719e+00 3.124354362487792969e+00 3.513772726058959961e+00 1.718109130859375000e+00 2.249845504760742188e+00
3.938118457794189453e+00 3.205495834350585938e+00 2.544224739074707031e+00 3.280258893966674805e+00 3.559244155883789062e+00 3.403864622116088867e+00 3.481489181518554688e+00 2.694328784942626953e+00 3.811810255050659180e+00 3.656407833099365234e+00 3.491149902343750000e+00 1.643887996673583984e+00 4.185639381408691406e+00 3.393801450729370117e+00 2.345534801483154297e+00 3.576040744781494141e+00 4.281281471252441406e+00 3.846000671386718750e+00 5.333640098571777344e+00 2.700978279113769531e+00
3.309346437454223633e+00 3.814748764038085938e+00 3.923325300216674805e+00 1.855417609214782715e+00 2.500124454498291016e+00 2.791051864624023438e+00 3.204458236694335938e+00 5.251103401184082031e+00 3.011882305145263672e+00 4.009076595306396484e+00 2.375801563262939453e+00 4.238595485687255859e+00 2.237422466278076172e+00 2.743836879730224609e+00 3.121182203292846680e+00 2.755527257919311523e+00 4.324701309204101562e+00 2.263967514038085938e+00 3.669512748718261719e+00 2.615962028503417969e+00
3.366503715515136719e+00 2.223406791687011719e+00 2.645807266235351562e+00 2.872156620025634766e+00 2.070089817047119141e+00 2.679600715637207031e+00 4.193909645080566406e+00 3.942420482635498047e+00 2.576122522354125977e+00 4.710730552673339844e+00 2.955830812454223633e+00 3.167724132537841797e+00 3.675903320312500000e+00 1.523007154464721680e+00 2.728652000427246094e+00 3.874203681945800781e+00 2.894631385803222656e+00 2.326591014862060547e+00 2.288837909698486328e+00 5.423517704010009766e+00
4.914506912231445312e+00 4.059418678283691406e+00 2.746039152145385742e+00 3.601642131805419922e+00 3.024764060974121094e+00 4.047634601593017578e+00 3.481859207153320312e+00 3.006775379180908203e+00 3.729252815246582031e+00 3.698838233947753906e+00 3.796632528305053711e+00 2.804370880126953125e+00 3.078999996185302734e+00 2.576081991195678711e+00 3.036557674407958984e+00 4.430755615234375000e+00 3.230702638626098633e+00 3.112908363342285156e+00 2.389564990997314453e+00 6.600515365600585938e+00
3.763949871063232422e+00 4.819779396057128906e+00 5.265015602111816406e+00 3.995841979980468750e+00 8.568597793579101562e+00 3.039746284484863281e+00 2.201354026794433594e+00 2.437875747680664062e+00 3.815148591995239258e+00 3.961606740951538086e+00 2.764869689941406250e+00 4.259049415588378906e+00 2.084402561187744141e+00 3.962047576904296875e+00 2.226779460906982422e+00 3.269265174865722656e+00 3.724914073944091797e+00 3.495777606964111328e+00 3.534476757049560547e+00 5.623801231384277344e+00
3.152555227279663086e+00 3.192952632904052734e+00 3.329275608062744141e+00 5.911178588867187500e+00 5.593422412872314453e+00 2.745475053787231445e+00 3.143505096435546875e+00 4.422770500183105469e+00 4.367644786834716797e+00 4.598219871520996094e+00 3.491111516952514648e+00 3.741333961486816406e+00 3.219704627990722656e+00 3.556449890136718750e+00 4.217394828796386719e+00 3.432170629501342773e+00 3.641931533813476562e+00 4.378402709960937500e+00 2.388917446136474609e+00 2.682061672210693359e+00
4.800724506378173828e+00 2.957605838775634766e+00 2.432802438735961914e+00 4.182402610778808594e+00 4.780293941497802734e+00 5.894413948059082031e+00 3.876609802246093750e+00 2.940229654312133789e+00 6.870133399963378906e+00 8.405258178710937500e+00 3.581856250762939453e+00 3.811753749847412109e+00 4.576465606689453125e+00 2.085460662841796875e+00 4.107375621795654297e+00 3.732962846755981445e+00 3.629059076309204102e+00 3.439539432525634766e+00 5.990805149078369141e+00 2.263414859771728516e+00
3.499351501464843750e+00 5.660834312438964844e+00 4.121094226837158203e+00 4.862317085266113281e+00 4.658286094665527344e+00 2.717760562896728516e+00 5.164937973022460938e+00 3.895079851150512695e+00 5.639789581298828125e+00 6.980671882629394531e+00 7.944363594055175781e+00 2.086616516113281250e+00 4.869825363159179688e+00 3.159837245941162109e+00 4.480272769927978516e+00 3.792435407638549805e+00 3.463667154312133789e+00 4.386708259582519531e+00 3.568752288818359375e+00 3.621545314788818359e+00
