2019-07-25 10:00:00
7.669193744659423828e+00 6.302934169769287109e+00 9.239092826843261719e+00 6.865610122680664062e+00 6.894020080566406250e+00 8.478958129882812500e+00 6.144797801971435547e+00 3.360762119293212891e+00 3.295374393463134766e+00 6.890490531921386719e+00 5.076839923858642578e+00 3.915834903717041016e+00 9.297846794128417969e+00 5.947099685668945312e+00 6.478673934936523438e+00 5.793231010437011719e+00 1.017062568664550781e+01 6.140952587127685547e+00 2.813604831695556641e+00 6.055926799774169922e+00
6.131157875061035156e+00 1.148120594024658203e+01 7.356177330017089844e+00 6.848768234252929688e+00 7.829821586608886719e+00 7.439522743225097656e+00 5.788826942443847656e+00 5.485168457031250000e+00 5.532281875610351562e+00 5.436319828033447266e+00 5.032748699188232422e+00 6.074338436126708984e+00 4.635420799255371094e+00 5.637946605682373047e+00 4.942821502685546875e+00 6.456269264221191406e+00 1.012948989868164062e+01 8.576323509216308594e+00 3.134917020797729492e+00 2.379421710968017578e+00
6.666436672210693359e+00 8.316226005554199219e+00 6.779932975769042969e+00 6.941694736480712891e+00 4.950084686279296875e+00 6.977198600769042969e+00 9.315128326416015625e+00 5.843713760375976562e+00 3.717532157897949219e+00 4.654711246490478516e+00 9.614494323730468750e+00 9.262596130371093750e+00 5.569471359252929688e+00 3.037551403045654297e+00 4.601491928100585938e+00 4.222733020782470703e+00 7.970203876495361328e+00 5.588491439819335938e+00 7.783051490783691406e+00 5.392751693725585938e+00
6.338841915130615234e+00 1.287578868865966797e+01 4.363356590270996094e+00 5.513951301574707031e+00 3.928288459777832031e+00 2.421266555786132812e+00 5.485819816589355469e+00 3.198511600494384766e+00 6.550609588623046875e+00 8.779762268066406250e+00 1.115167331695556641e+01 5.923896789550781250e+00 5.854466915130615234e+00 3.998975276947021484e+00 6.459143638610839844e+00 7.146949768066406250e+00 4.672543525695800781e+00 4.434506416320800781e+00 3.351877689361572266e+00 4.751092910766601562e+00
4.616551399230957031e+00 5.285521507263183594e+00 6.330229759216308594e+00 3.404685974121093750e+00 5.977738380432128906e+00 1.316570377349853516e+01 9.032402038574218750e+00 7.532740592956542969e+00 7.587508678436279297e+00 8.987738609313964844e+00 6.946413040161132812e+00 4.728268623352050781e+00 9.796897888183593750e+00 3.416501045227050781e+00 5.898234844207763672e+00 5.891707420349121094e+00 6.459233283996582031e+00 7.632544517517089844e+00 7.911959648132324219e+00 3.501866817474365234e+00
5.644504547119140625e+00 4.663487911224365234e+00 9.130001068115234375e+00 5.449739456176757812e+00 5.460891723632812500e+00 8.007763862609863281e+00 8.037233352661132812e+00 7.237264156341552734e+00 9.296693801879882812e+00 5.097379684448242188e+00 9.099281311035156250e+00 7.404564857482910156e+00 7.237706184387207031e+00 4.574366569519042969e+00 1.847384452819824219e+00 1.018932723999023438e+01 4.896223545074462891e+00 8.333694458007812500e+00 4.622525215148925781e+00 4.224929332733154297e+00
9.198268890380859375e+00 6.948150634765625000e+00 4.214331626892089844e+00 6.493752002716064453e+00 6.999478340148925781e+00 8.640823364257812500e+00 7.293609619140625000e+00 6.788033008575439453e+00 6.615925788879394531e+00 6.530088424682617188e+00 6.022106170654296875e+00 8.273754119873046875e+00 5.654657840728759766e+00 8.881669998168945312e+00 5.338851451873779297e+00 5.643746852874755859e+00 3.215198040008544922e+00 5.428964138031005859e+00 5.618163108825683594e+00 6.298847198486328125e+00
7.055156707763671875e+00 7.051054477691650391e+00 8.438643455505371094e+00 8.750988960266113281e+00 6.823284149169921875e+00 6.836120128631591797e+00 1.155338478088378906e+01 4.708198070526123047e+00 9.435121536254882812e+00 7.851390361785888672e+00 1.061662483215332031e+01 8.588939666748046875e+00 7.760531902313232422e+00 8.926524162292480469e+00 5.021862030029296875e+00 3.726186752319335938e+00 3.322264194488525391e+00 5.744187355041503906e+00 1.039958763122558594e+01 4.711103439331054688e+00
8.469031333923339844e+00 7.544622898101806641e+00 6.246518135070800781e+00 5.095089912414550781e+00 6.257961750030517578e+00 8.022201538085937500e+00 9.488282203674316406e+00 6.972110748291015625e+00 6.372651100158691406e+00 7.716501235961914062e+00 8.607948303222656250e+00 8.368898391723632812e+00 9.874011993408203125e+00 6.499897956848144531e+00 7.033000469207763672e+00 7.317251682281494141e+00 3.576103925704956055e+00 6.182065963745117188e+00 4.022255897521972656e+00 2.044548988342285156e+00
5.454707145690917969e+00 5.353112220764160156e+00 6.267639160156250000e+00 5.292457580566406250e+00 6.978470325469970703e+00 5.595246791839599609e+00 7.793234348297119141e+00 7.967464447021484375e+00 8.869480133056640625e+00 6.586715698242187500e+00 4.432462692260742188e+00 5.265517711639404297e+00 7.758281707763671875e+00 5.016076087951660156e+00 4.597485542297363281e+00 4.016853332519531250e+00 6.789390563964843750e+00 4.901659965515136719e+00 5.386598587036132812e+00 5.682851791381835938e+00
5.035329341888427734e+00 3.914426565170288086e+00 5.673227310180664062e+00 6.508351802825927734e+00 5.732858657836914062e+00 8.129569053649902344e+00 5.753052711486816406e+00 9.665901184082031250e+00 4.135835647583007812e+00 6.211619377136230469e+00 6.406837463378906250e+00 5.178659439086914062e+00 4.926092624664306641e+00 5.911443233489990234e+00 5.603611946105957031e+00 2.771378040313720703e+00 4.211212158203125000e+00 9.620437622070312500e+00 4.942615985870361328e+00 4.189748764038085938e+00
4.419791221618652344e+00 4.650793075561523438e+00 5.546761512756347656e+00 6.496790409088134766e+00 5.550276756286621094e+00 6.858744621276855469e+00 7.834661006927490234e+00 7.675071716308593750e+00 4.660810947418212891e+00 9.944541931152343750e+00 7.610921859741210938e+00 7.578935623168945312e+00 3.724704504013061523e+00 5.455891132354736328e+00 5.540637969970703125e+00 9.956375122070312500e+00 4.620744705200195312e+00 4.364293098449707031e+00 4.348662376403808594e+00 4.764330863952636719e+00
6.345074653625488281e+00 3.234432697296142578e+00 4.742423057556152344e+00 7.751797676086425781e+00 5.643242835998535156e+00 6.478111743927001953e+00 6.859594345092773438e+00 6.563251495361328125e+00 6.785777091979980469e+00 5.765054225921630859e+00 4.824659347534179688e+00 5.195804119110107422e+00 6.014698982238769531e+00 4.637894630432128906e+00 4.821013450622558594e+00 4.667638778686523438e+00 4.043975353240966797e+00 2.838331699371337891e+00 5.644083499908447266e+00 4.157807826995849609e+00
5.468832492828369141e+00 5.319053649902343750e+00 2.828814744949340820e+00 5.637610435485839844e+00 6.833468437194824219e+00 7.481504440307617188e+00 4.988604545593261719e+00 9.536521911621093750e+00 7.255231380462646484e+00 9.589225769042968750e+00 6.481531143188476562e+00 4.477827072143554688e+00 4.750442504882812500e+00 3.998884201049804688e+00 3.149104356765747070e+00 5.821378707885742188e+00 3.131587505340576172e+00 6.281094074249267578e+00 5.043672561645507812e+00 5.357966899871826172e+00
3.569144487380981445e+00 6.494191646575927734e+00 5.413246154785156250e+00 4.693783760070800781e+00 8.275920867919921875e+00 1.471072912216186523e+00 8.904446601867675781e+00 7.570023536682128906e+00 6.732143402099609375e+00 8.892083168029785156e+00 6.560230255126953125e+00 5.897568702697753906e+00 4.170793533325195312e+00 3.227602958679199219e+00 5.072999954223632812e+00 4.311072349548339844e+00 2.899746179580688477e+00 3.056577205657958984e+00 2.921466827392578125e+00 4.705611228942871094e+00
5.726211547851562500e+00 3.409241676330566406e+00 4.894385337829589844e+00 5.838812828063964844e+00 6.332156181335449219e+00 7.176357269287109375e+00 9.375621795654296875e+00 1.200739860534667969e+01 5.994939327239990234e+00 4.672670364379882812e+00 5.730074882507324219e+00 4.466769218444824219e+00 3.432089328765869141e+00 5.346554279327392578e+00 3.249022960662841797e+00 3.694677829742431641e+00 3.206635475158691406e+00 3.998100280761718750e+00 3.712644815444946289e+00 7.121990203857421875e+00
5.957494258880615234e+00 4.907509803771972656e+00 4.956017017364501953e+00 5.072265625000000000e+00 8.744161605834960938e+00 5.149879455566406250e+00 4.789077281951904297e+00 3.883433103561401367e+00 4.489454269409179688e+00 3.861654281616210938e+00 4.103886604309082031e+00 2.722610950469970703e+00 3.611158847808837891e+00 2.160830259323120117e+00 3.701038122177124023e+00 2.713216304779052734e+00 4.068635463714599609e+00 3.158332824707031250e+00 3.953139543533325195e+00 5.967746257781982422e+00
3.658086061477661133e+00 4.444632530212402344e+00 4.248498916625976562e+00 1.226579856872558594e+01 6.931313514709472656e+00 5.838798522949218750e+00 8.093379974365234375e+00 4.136562824249267578e+00 5.292122840881347656e+00 3.683119773864746094e+00 3.742675542831420898e+00 6.211868762969970703e+00 5.778211593627929688e+00 2.592026948928833008e+00 2.107267379760742188e+00 4.561128616333007812e+00 5.535451412200927734e+00 5.836650371551513672e+00 5.065163612365722656e+00 4.363472938537597656e+00
4.702075481414794922e+00 5.287003517150878906e+00 4.253849983215332031e+00 4.980733871459960938e+00 6.423237800598144531e+00 6.387474536895751953e+00 4.353627204895019531e+00 3.986108779907226562e+00 7.774936676025390625e+00 7.420254707336425781e+00 5.737164974212646484e+00 7.969759941101074219e+00 3.951383829116821289e+00 3.934866905212402344e+00 4.514705181121826172e+00 4.351113319396972656e+00 3.652063608169555664e+00 3.924371004104614258e+00 6.910449981689453125e+00 3.085900783538818359e+00
8.338358879089355469e+00 1.019659423828125000e+01 3.213920593261718750e+00 6.802058696746826172e+00 7.271472930908203125e+00 4.728899002075195312e+00 4.605506896972656250e+00 4.556452751159667969e+00 8.322417259216308594e+00 6.408061981201171875e+00 5.615596294403076172e+00 5.646916389465332031e+00 6.819749355316162109e+00 3.413841485977172852e+00 4.407812118530273438e+00 2.671641111373901367e+00 2.459155559539794922e+00 5.020078659057617188e+00 6.353564739227294922e+00 4.544998645782470703e+00
