2019-07-25 10:15:00
7.440861225128173828e+00 4.556642532348632812e+00 8.174535751342773438e+00 2.333672046661376953e+00 4.686722755432128906e+00 2.797591209411621094e+00 4.147819519042968750e+00 4.540313720703125000e+00 6.968267440795898438e+00 9.834093093872070312e+00 5.642021656036376953e+00 4.152966499328613281e+00 7.446029186248779297e+00 5.099255561828613281e+00 4.527796745300292969e+00 4.508070945739746094e+00 6.266582489013671875e+00 4.495025634765625000e+00 5.550231456756591797e+00 4.123039245605468750e+00
4.974681854248046875e+00 3.460581541061401367e+00 5.898621082305908203e+00 1.055639266967773438e+01 7.526861667633056641e+00 3.740667343139648438e+00 4.230111598968505859e+00 4.090151786804199219e+00 2.162797451019287109e+00 2.693216800689697266e+00 3.749922990798950195e+00 3.088708400726318359e+00 3.422112464904785156e+00 8.115386962890625000e+00 4.998324871063232422e+00 4.778358936309814453e+00 5.210463523864746094e+00 4.175477504730224609e+00 4.385427951812744141e+00 3.462690353393554688e+00
5.041551589965820312e+00 9.170364379882812500e+00 5.644091606140136719e+00 7.427473068237304688e+00 6.039430618286132812e+00 3.986230373382568359e+00 6.198238372802734375e+00 3.383707523345947266e+00 3.029376029968261719e+00 2.371401786804199219e+00 8.778411865234375000e+00 4.705519199371337891e+00 3.080349922180175781e+00 6.452217578887939453e+00 5.601764202117919922e+00 3.841244935989379883e+00 5.720769405364990234e+00 6.133211135864257812e+00 4.375559806823730469e+00 3.480495691299438477e+00
3.700876712799072266e+00 1.419812011718750000e+01 5.764871597290039062e+00 4.800542831420898438e+00 3.601614952087402344e+00 3.008594274520874023e+00 4.045506954193115234e+00 5.693618774414062500e+00 3.467253923416137695e+00 7.239131450653076172e+00 4.260265350341796875e+00 4.593933105468750000e+00 3.137511014938354492e+00 3.714631557464599609e+00 7.383715629577636719e+00 4.007912158966064453e+00 4.684812545776367188e+00 3.480018138885498047e+00 4.231931209564208984e+00 4.853678703308105469e+00
3.589952230453491211e+00 2.809991598129272461e+00 2.456906080245971680e+00 4.093750476837158203e+00 2.827462673187255859e+00 4.374587059020996094e+00 2.251751899719238281e+00 5.976606369018554688e+00 9.166511535644531250e+00 1.127783012390136719e+01 2.187068462371826172e+00 9.205269217491149902e-01 5.238357067108154297e+00 3.013366222381591797e+00 5.866103172302246094e+00 7.332009315490722656e+00 3.406473398208618164e+00 6.847971439361572266e+00 8.778283119201660156e+00 3.176383495330810547e+00
5.049843788146972656e+00 3.576341867446899414e+00 3.913297176361083984e+00 1.185357761383056641e+01 6.614270687103271484e+00 6.912583351135253906e+00 3.439411640167236328e+00 1.163657760620117188e+01 5.441714286804199219e+00 6.389447212219238281e+00 9.139046072959899902e-01 1.433738708496093750e+00 4.569191932678222656e+00 2.542092323303222656e+00 2.389046192169189453e+00 5.137073516845703125e+00 4.830949783325195312e+00 6.736023902893066406e+00 8.273459434509277344e+00 4.543039321899414062e+00
7.457127571105957031e+00 5.408366203308105469e+00 5.551610946655273438e+00 6.462431907653808594e+00 7.355955123901367188e+00 7.973320007324218750e+00 2.836827278137207031e+00 5.768914222717285156e+00 9.053083419799804688e+00 7.665190219879150391e+00 4.051025867462158203e+00 3.746310234069824219e+00 1.045735263824462891e+01 5.183148860931396484e+00 4.890459537506103516e+00 3.912009716033935547e+00 3.686420917510986328e+00 4.199465751647949219e+00 5.678753852844238281e+00 6.835557937622070312e+00
5.971673011779785156e+00 5.405140399932861328e+00 3.982824325561523438e+00 6.392495155334472656e+00 9.843717575073242188e+00 6.155122756958007812e+00 7.362347602844238281e+00 6.321008682250976562e+00 8.228966712951660156e+00 1.019047164916992188e+01 6.183232784271240234e+00 7.084107875823974609e+00 1.026806831359863281e+01 6.918696403503417969e+00 5.318757057189941406e+00 2.788101673126220703e+00 6.422714710235595703e+00 3.984983444213867188e+00 9.110280990600585938e+00 3.325721025466918945e+00
6.039627075195312500e+00 4.450060844421386719e+00 5.041193962097167969e+00 6.267092704772949219e+00 6.795200347900390625e+00 2.476472616195678711e+00 6.180185317993164062e+00 5.263834476470947266e+00 1.093131065368652344e+01 6.438572883605957031e+00 7.957781791687011719e+00 1.034230041503906250e+01 8.514923095703125000e+00 3.938486576080322266e+00 3.563455343246459961e+00 4.486833572387695312e+00 6.594361782073974609e+00 4.525249481201171875e+00 3.153157234191894531e+00 5.394744873046875000e+00
7.604023933410644531e+00 5.088418960571289062e+00 3.879873275756835938e+00 4.300535202026367188e+00 3.874932289123535156e+00 3.190551519393920898e+00 6.067328929901123047e+00 7.953275680541992188e+00 7.032463550567626953e+00 1.028700828552246094e+01 3.714761734008789062e+00 9.393223762512207031e+00 1.483186721801757812e+00 9.185106158256530762e-01 1.818665981292724609e+00 2.453379631042480469e+00 5.796914100646972656e+00 5.186949729919433594e+00 3.731333255767822266e+00 3.414935111999511719e+00
4.502209186553955078e+00 4.392055511474609375e+00 3.897660017013549805e+00 3.933005094528198242e+00 3.388708829879760742e+00 3.574800968170166016e+00 3.986820936203002930e+00 1.813067197799682617e+00 4.052088737487792969e+00 2.793663024902343750e+00 6.767873764038085938e+00 6.024841308593750000e+00 1.535895466804504395e+00 9.830152988433837891e-01 1.763623714447021484e+00 2.107084274291992188e+00 4.516969680786132812e+00 5.799160480499267578e+00 2.865245819091796875e+00 6.085524559020996094e+00
1.973678946495056152e+00 3.508532524108886719e+00 3.073660612106323242e+00 3.695541381835937500e+00 3.038266658782958984e+00 2.680962324142456055e+00 2.875581264495849609e+00 2.649383544921875000e+00 2.832598209381103516e+00 3.148866653442382812e+00 3.759199619293212891e+00 3.161723136901855469e+00 2.584351778030395508e+00 2.938170671463012695e+00 3.189819574356079102e+00 5.175959587097167969e+00 3.371446609497070312e+00 4.350334644317626953e+00 3.165805339813232422e+00 3.176250457763671875e+00
3.070256710052490234e+00 2.589135169982910156e+00 3.539211988449096680e+00 3.932202816009521484e+00 3.910339832305908203e+00 2.560086250305175781e+00 2.050797462463378906e+00 2.587561607360839844e+00 3.365359783172607422e+00 3.508100748062133789e+00 3.508577585220336914e+00 2.422675609588623047e+00 2.371332168579101562e+00 3.037460803985595703e+00 4.444377899169921875e+00 4.125667572021484375e+00 5.371538162231445312e+00 3.947011947631835938e+00 5.511598587036132812e+00 3.477218866348266602e+00
5.683386802673339844e+00 4.474399089813232422e+00 4.283632755279541016e+00 2.917872428894042969e+00 4.476534843444824219e+00 2.843273878097534180e+00 2.533918619155883789e+00 2.720821380615234375e+00 2.672251701354980469e+00 3.630064964294433594e+00 4.540943145751953125e+00 2.827002763748168945e+00 3.364509582519531250e+00 3.240112066268920898e+00 3.608361721038818359e+00 4.046832084655761719e+00 5.094275474548339844e+00 3.395035266876220703e+00 2.770130634307861328e+00 4.147624969482421875e+00
3.432474613189697266e+00 3.562016487121582031e+00 2.643820762634277344e+00 2.279756546020507812e+00 3.278207778930664062e+00 4.506965637207031250e+00 3.883929729461669922e+00 3.324261903762817383e+00 2.757760286331176758e+00 4.181156635284423828e+00 3.569386005401611328e+00 3.074232578277587891e+00 4.437370300292968750e+00 4.104894638061523438e+00 4.355708599090576172e+00 3.975228309631347656e+00 3.111620903015136719e+00 4.121489524841308594e+00 4.197742462158203125e+00 5.645944595336914062e+00
5.247730255126953125e+00 4.816364288330078125e+00 5.890730857849121094e+00 3.190428256988525391e+00 3.696499109268188477e+00 3.449438333511352539e+00 3.591218471527099609e+00 3.355140447616577148e+00 2.892770528793334961e+00 2.619045257568359375e+00 3.341296672821044922e+00 2.560434341430664062e+00 2.509193658828735352e+00 4.002431869506835938e+00 4.337836265563964844e+00 2.596815586090087891e+00 2.824560642242431641e+00 2.551656961441040039e+00 3.943443059921264648e+00 4.860835075378417969e+00
4.507491588592529297e+00 4.919037342071533203e+00 5.502658843994140625e+00 2.390199184417724609e+00 5.084880828857421875e+00 2.840245962142944336e+00 4.765006065368652344e+00 4.556351661682128906e+00 3.239869117736816406e+00 4.153633594512939453e+00 3.828309535980224609e+00 2.463854551315307617e+00 2.814286231994628906e+00 3.509685993194580078e+00 3.016761302947998047e+00 4.136595726013183594e+00 4.319436073303222656e+00 5.766701698303222656e+00 3.762794494628906250e+00 5.019750595092773438e+00
3.839313983917236328e+00 4.547475814819335938e+00 3.462466239929199219e+00 4.636520385742187500e+00 6.256510734558105469e+00 3.490661621093750000e+00 6.122153759002685547e+00 4.458365440368652344e+00 9.045299530029296875e+00 3.778194189071655273e+00 4.133721351623535156e+00 1.792576551437377930e+00 2.313905000686645508e+00 4.470245361328125000e+00 4.676974773406982422e+00 4.070283412933349609e+00 4.041992187500000000e+00 3.169136762619018555e+00 2.752985715866088867e+00 2.875680923461914062e+00
3.370611667633056641e+00 3.539840698242187500e+00 3.127751827239990234e+00 2.504585027694702148e+00 5.622758865356445312e+00 4.720435142517089844e+00 6.774071693420410156e+00 3.484898805618286133e+00 6.121433734893798828e+00 9.704198837280273438e+00 5.725119590759277344e+00 4.219188690185546875e+00 2.209470987319946289e+00 2.987952709197998047e+00 2.915388345718383789e+00 4.102201461791992188e+00 4.322273254394531250e+00 3.829894065856933594e+00 3.811205148696899414e+00 3.143007040023803711e+00
4.471293449401855469e+00 7.289909839630126953e+00 3.829283714294433594e+00 4.589262008666992188e+00 5.093971252441406250e+00 5.722829341888427734e+00 5.862792968750000000e+00 5.841295242309570312e+00 5.687249183654785156e+00 9.135999679565429688e+00 5.294565200805664062e+00 3.441654920578002930e+00 3.390339136123657227e+00 3.334344387054443359e+00 5.040472507476806641e+00 4.426170825958251953e+00 2.715326786041259766e+00 4.500060558319091797e+00 5.598054885864257812e+00 2.662024497985839844e+00
