2019-07-25 10:45:00
6.404927253723144531e+00 4.008380889892578125e+00 6.805594921112060547e+00 4.652219772338867188e+00 5.539970397949218750e+00 4.395018577575683594e+00 3.320569038391113281e+00 3.203590869903564453e+00 4.416811943054199219e+00 8.545949935913085938e+00 1.916257143020629883e+00 3.132881164550781250e+00 7.679856777191162109e+00 4.341060638427734375e+00 2.348759412765502930e+00 5.031428813934326172e+00 7.843797683715820312e+00 3.841320037841796875e+00 3.382695674896240234e+00 4.683812141418457031e+00
7.318231582641601562e+00 7.910123825073242188e+00 8.110690116882324219e+00 5.196160793304443359e+00 1.051810646057128906e+01 3.546056270599365234e+00 3.564337968826293945e+00 4.430266380310058594e+00 2.853640794754028320e+00 3.448420047760009766e+00 3.774699211120605469e+00 4.297743797302246094e+00 3.745326995849609375e+00 5.530343055725097656e+00 3.948215723037719727e+00 3.306567192077636719e+00 9.224190711975097656e+00 8.692874908447265625e+00 3.732400178909301758e+00 3.964564323425292969e+00
5.571490287780761719e+00 6.596409320831298828e+00 5.550680160522460938e+00 4.781438827514648438e+00 7.898991107940673828e+00 7.041195869445800781e+00 5.806048393249511719e+00 4.209867477416992188e+00 2.627394199371337891e+00 4.361294269561767578e+00 8.404850959777832031e+00 4.683176040649414062e+00 2.946854352951049805e+00 5.177989006042480469e+00 4.870731353759765625e+00 4.292756080627441406e+00 6.535295009613037109e+00 6.002731800079345703e+00 3.737204551696777344e+00 5.511628627777099609e+00
3.911999702453613281e+00 5.354548454284667969e+00 6.115030288696289062e+00 4.918550014495849609e+00 3.281234979629516602e+00 3.251658439636230469e+00 4.314145565032958984e+00 2.887780427932739258e+00 4.587979316711425781e+00 5.053003787994384766e+00 9.596143722534179688e+00 6.135212421417236328e+00 3.225260257720947266e+00 2.951555967330932617e+00 8.871614456176757812e+00 3.802746772766113281e+00 5.970119476318359375e+00 3.895065307617187500e+00 4.381417274475097656e+00 3.332327365875244141e+00
2.524641513824462891e+00 3.897366523742675781e+00 4.766316890716552734e+00 3.881514549255371094e+00 3.623308658599853516e+00 8.998347282409667969e+00 2.549803972244262695e+00 6.834821701049804688e+00 1.030997085571289062e+01 4.935108184814453125e+00 5.506012439727783203e+00 4.570875644683837891e+00 5.744255542755126953e+00 3.198655843734741211e+00 6.100176811218261719e+00 9.214084625244140625e+00 3.528847694396972656e+00 7.456315517425537109e+00 4.129001617431640625e+00 4.033912658691406250e+00
6.264153957366943359e+00 3.313771724700927734e+00 5.656840801239013672e+00 7.378826618194580078e+00 8.246107101440429688e+00 7.138378143310546875e+00 3.227789402008056641e+00 7.990097999572753906e+00 5.940316200256347656e+00 5.505036354064941406e+00 8.317607879638671875e+00 4.975222587585449219e+00 3.754951953887939453e+00 3.736053705215454102e+00 3.153848171234130859e+00 9.158983230590820312e+00 3.800968647003173828e+00 7.049898147583007812e+00 5.874924182891845703e+00 3.940979957580566406e+00
5.777101039886474609e+00 6.820647239685058594e+00 8.686777114868164062e+00 3.739530563354492188e+00 5.917119503021240234e+00 5.657718658447265625e+00 4.062652111053466797e+00 5.783948421478271484e+00 3.682872295379638672e+00 3.793603897094726562e+00 2.315538406372070312e+00 2.633018016815185547e+00 6.841516971588134766e+00 7.565212249755859375e+00 3.590865135192871094e+00 5.514142990112304688e+00 4.012092113494873047e+00 3.996978044509887695e+00 6.677511215209960938e+00 5.645536422729492188e+00
4.312434196472167969e+00 4.856046199798583984e+00 5.064450263977050781e+00 6.073839664459228516e+00 5.185402870178222656e+00 6.387868881225585938e+00 4.313174724578857422e+00 2.830937147140502930e+00 3.990911006927490234e+00 2.554669857025146484e+00 3.788982629776000977e+00 4.876435279846191406e+00 6.831081390380859375e+00 5.598912715911865234e+00 5.009103298187255859e+00 4.513899326324462891e+00 7.276078701019287109e+00 2.346194267272949219e+00 9.397451400756835938e+00 4.292144298553466797e+00
6.974611282348632812e+00 5.335448265075683594e+00 6.430740833282470703e+00 6.438863754272460938e+00 5.999682426452636719e+00 4.427028656005859375e+00 3.926324367523193359e+00 2.831904888153076172e+00 3.114361763000488281e+00 2.719199180603027344e+00 2.572024106979370117e+00 3.947807312011718750e+00 8.587754249572753906e+00 5.877808570861816406e+00 7.997760772705078125e+00 4.485928535461425781e+00 4.239573478698730469e+00 4.585650444030761719e+00 4.540143013000488281e+00 4.141882896423339844e+00
8.000383377075195312e+00 8.632728576660156250e+00 3.237426757812500000e+00 3.478840589523315430e+00 4.200987815856933594e+00 4.019036293029785156e+00 4.483393192291259766e+00 3.740899085998535156e+00 5.346214294433593750e+00 8.066991806030273438e+00 5.785982131958007812e+00 5.991882324218750000e+00 4.744164466857910156e+00 6.678856849670410156e+00 3.651803493499755859e+00 3.839084863662719727e+00 4.509573459625244141e+00 3.351470947265625000e+00 4.486021518707275391e+00 2.547904729843139648e+00
4.403211593627929688e+00 4.059231281280517578e+00 3.192867279052734375e+00 3.079605340957641602e+00 3.358080387115478516e+00 3.218890190124511719e+00 4.803883075714111328e+00 2.830134868621826172e+00 3.734171867370605469e+00 3.840273857116699219e+00 3.365239143371582031e+00 4.264898300170898438e+00 4.112560272216796875e+00 4.045377731323242188e+00 2.862481832504272461e+00 3.669400215148925781e+00 4.284682273864746094e+00 6.265625000000000000e+00 4.495350360870361328e+00 3.830400228500366211e+00
2.184566974639892578e+00 3.217619657516479492e+00 2.580305099487304688e+00 2.491097211837768555e+00 2.754009246826171875e+00 2.848829984664916992e+00 2.993356704711914062e+00 3.722216129302978516e+00 2.293720483779907227e+00 2.890462160110473633e+00 3.291162729263305664e+00 3.419904708862304688e+00 2.637785911560058594e+00 4.228453636169433594e+00 3.171590805053710938e+00 7.633590698242187500e+00 2.814343690872192383e+00 4.100081443786621094e+00 4.073534011840820312e+00 3.636832237243652344e+00
4.025397777557373047e+00 3.735260725021362305e+00 2.165570735931396484e+00 3.918360710144042969e+00 4.459236145019531250e+00 3.270766258239746094e+00 2.879157781600952148e+00 4.105747222900390625e+00 2.999716281890869141e+00 4.149331092834472656e+00 2.261413335800170898e+00 5.170818328857421875e+00 3.690461158752441406e+00 2.624590873718261719e+00 3.730086326599121094e+00 2.082919597625732422e+00 5.555710315704345703e+00 4.615630626678466797e+00 3.903746604919433594e+00 4.388336181640625000e+00
5.027836799621582031e+00 4.268510818481445312e+00 3.952761888504028320e+00 3.763416528701782227e+00 3.119524002075195312e+00 3.216056346893310547e+00 3.753431797027587891e+00 2.382061481475830078e+00 4.529290676116943359e+00 3.198296308517456055e+00 3.120759248733520508e+00 2.867611885070800781e+00 2.047652721405029297e+00 3.861775398254394531e+00 2.995371341705322266e+00 2.708182811737060547e+00 3.892216205596923828e+00 2.759912252426147461e+00 3.410167694091796875e+00 5.046466827392578125e+00
4.273429393768310547e+00 2.559261322021484375e+00 4.860581874847412109e+00 6.968711376190185547e+00 9.812227249145507812e+00 3.312726259231567383e+00 3.870559930801391602e+00 3.578043937683105469e+00 3.696381568908691406e+00 3.534539222717285156e+00 6.061020851135253906e+00 3.096091747283935547e+00 5.162581443786621094e+00 3.508840799331665039e+00 3.100131511688232422e+00 3.004157543182373047e+00 2.607953548431396484e+00 2.700421571731567383e+00 2.218836307525634766e+00 4.037538528442382812e+00
3.404893875122070312e+00 4.503777503967285156e+00 2.867041587829589844e+00 4.173455238342285156e+00 6.404084205627441406e+00 5.391037464141845703e+00 3.894540548324584961e+00 3.548007249832153320e+00 4.618724346160888672e+00 3.342417001724243164e+00 4.777128696441650391e+00 3.161249876022338867e+00 4.354991912841796875e+00 2.705097198486328125e+00 3.037025451660156250e+00 4.668620586395263672e+00 2.762181520462036133e+00 3.588990211486816406e+00 3.947317123413085938e+00 7.961240768432617188e+00
3.599546909332275391e+00 5.136887073516845703e+00 5.282190799713134766e+00 3.178727626800537109e+00 8.810360908508300781e+00 2.862597465515136719e+00 2.203078508377075195e+00 4.372615814208984375e+00 3.994153499603271484e+00 4.813205718994140625e+00 2.353168487548828125e+00 3.306270599365234375e+00 4.120605468750000000e+00 3.742750406265258789e+00 2.575101852416992188e+00 3.099508523941040039e+00 3.691571712493896484e+00 2.529896974563598633e+00 5.008939743041992188e+00 6.246135711669921875e+00
3.192419290542602539e+00 3.584873199462890625e+00 3.682405948638916016e+00 5.160277843475341797e+00 5.899413108825683594e+00 2.625050544738769531e+00 1.048554611206054688e+01 3.618006467819213867e+00 3.684185504913330078e+00 6.191605567932128906e+00 6.419710159301757812e+00 1.627431988716125488e+00 3.962962627410888672e+00 2.769000053405761719e+00 4.659123420715332031e+00 4.164901733398437500e+00 3.915518283843994141e+00 3.596198558807373047e+00 3.870059490203857422e+00 3.444031476974487305e+00
4.682855606079101562e+00 3.334289312362670898e+00 2.711748838424682617e+00 3.537739276885986328e+00 5.420539379119873047e+00 4.862870216369628906e+00 7.356173515319824219e+00 4.012468814849853516e+00 3.371120691299438477e+00 6.652410507202148438e+00 5.795391082763671875e+00 4.565536022186279297e+00 2.152372360229492188e+00 2.847711324691772461e+00 4.167038440704345703e+00 4.427804946899414062e+00 4.795067787170410156e+00 3.204310894012451172e+00 4.235574722290039062e+00 3.418838024139404297e+00
5.250890731811523438e+00 4.572845458984375000e+00 2.961485862731933594e+00 2.559072017669677734e+00 4.832534313201904297e+00 2.877116680145263672e+00 3.876129627227783203e+00 5.128731727600097656e+00 6.442765235900878906e+00 3.969768047332763672e+00 8.551792144775390625e+00 4.742039680480957031e+00 5.009415626525878906e+00 3.877052307128906250e+00 5.927375793457031250e+00 4.208453178405761719e+00 2.617713928222656250e+00 6.054833412170410156e+00 4.626138687133789062e+00 3.152000665664672852e+00
