2019-07-25 12:00:00
5.626125812530517578e+00 6.991710662841796875e+00 3.152147531509399414e+00 3.092634677886962891e+00 2.870039463043212891e+00 3.673158168792724609e+00 4.776735305786132812e+00 3.229765892028808594e+00 3.337113857269287109e+00 8.117762565612792969e+00 2.851425886154174805e+00 3.772686004638671875e+00 4.319560527801513672e+00 2.159337997436523438e+00 2.606727361679077148e+00 3.253881931304931641e+00 4.382166385650634766e+00 4.344104290008544922e+00 3.143918275833129883e+00 3.380743980407714844e+00
5.513833522796630859e+00 4.043864727020263672e+00 4.576314926147460938e+00 7.536188602447509766e+00 3.468554019927978516e+00 1.870869994163513184e+00 2.082053184509277344e+00 3.436685323715209961e+00 4.170857906341552734e+00 2.655254840850830078e+00 2.791661739349365234e+00 2.889736175537109375e+00 3.634840250015258789e+00 4.884013175964355469e+00 3.661278009414672852e+00 2.519085884094238281e+00 4.559694290161132812e+00 6.854998111724853516e+00 3.221058368682861328e+00 2.350435972213745117e+00
5.800439834594726562e+00 7.065204620361328125e+00 3.669888257980346680e+00 5.437188625335693359e+00 6.561899185180664062e+00 3.965983867645263672e+00 6.172549724578857422e+00 1.396257638931274414e+00 2.559337139129638672e+00 3.726880311965942383e+00 4.110308647155761719e+00 6.639855861663818359e+00 3.064151048660278320e+00 4.029719352722167969e+00 3.840084075927734375e+00 2.185247898101806641e+00 3.819763183593750000e+00 4.937834262847900391e+00 3.262703418731689453e+00 3.708098173141479492e+00
2.369715690612792969e+00 6.004202365875244141e+00 4.659773826599121094e+00 4.308740615844726562e+00 3.308043003082275391e+00 3.239855289459228516e+00 2.912166833877563477e+00 2.731073141098022461e+00 2.214280605316162109e+00 4.518153190612792969e+00 3.936154842376708984e+00 4.685119152069091797e+00 2.697091102600097656e+00 4.637961387634277344e+00 3.592463254928588867e+00 1.637167215347290039e+00 3.383848190307617188e+00 4.820333957672119141e+00 2.572947025299072266e+00 4.158267021179199219e+00
3.544551134109497070e+00 4.577639579772949219e+00 1.766553521156311035e+00 3.547477006912231445e+00 4.065969467163085938e+00 3.451014280319213867e+00 2.683455944061279297e+00 6.415729522705078125e+00 3.180710554122924805e+00 3.162836074829101562e+00 6.054712295532226562e+00 5.212331771850585938e+00 4.131590843200683594e+00 3.341464281082153320e+00 5.856441974639892578e+00 4.749622821807861328e+00 2.225316524505615234e+00 6.937320709228515625e+00 5.002566814422607422e+00 2.858220577239990234e+00
4.863264083862304688e+00 4.381299018859863281e+00 7.369207382202148438e+00 4.619874954223632812e+00 5.677242279052734375e+00 3.765659809112548828e+00 2.820906400680541992e+00 3.020804405212402344e+00 5.963900089263916016e+00 4.044089317321777344e+00 3.431513786315917969e+00 4.581527709960937500e+00 4.807834625244140625e+00 2.985132217407226562e+00 3.069082021713256836e+00 6.131724357604980469e+00 2.685754776000976562e+00 3.621336460113525391e+00 5.329983711242675781e+00 2.314858436584472656e+00
4.864361763000488281e+00 4.317626953125000000e+00 7.759837150573730469e+00 4.828235149383544922e+00 4.125804901123046875e+00 5.288269042968750000e+00 3.254525423049926758e+00 4.763760566711425781e+00 3.198149681091308594e+00 3.421853065490722656e+00 2.414273738861083984e+00 2.705730915069580078e+00 5.393627166748046875e+00 4.567461490631103516e+00 3.973288297653198242e+00 6.406030178070068359e+00 1.955364227294921875e+00 2.710422992706298828e+00 6.041677474975585938e+00 6.762274265289306641e+00
5.307489871978759766e+00 2.710785388946533203e+00 2.871816635131835938e+00 5.407510757446289062e+00 4.223777770996093750e+00 4.648493766784667969e+00 2.693189620971679688e+00 2.969177722930908203e+00 3.007990360260009766e+00 3.520220279693603516e+00 3.876836776733398438e+00 3.636477947235107422e+00 3.600779533386230469e+00 4.375258445739746094e+00 4.285815715789794922e+00 2.943351984024047852e+00 4.091727733612060547e+00 1.864774703979492188e+00 5.970108985900878906e+00 2.769223451614379883e+00
3.634886264801025391e+00 3.074185609817504883e+00 3.688171148300170898e+00 3.349646568298339844e+00 3.106386661529541016e+00 3.352110385894775391e+00 3.877584695816040039e+00 3.589932441711425781e+00 2.934070348739624023e+00 3.054740428924560547e+00 4.472970008850097656e+00 2.492728233337402344e+00 5.344972133636474609e+00 3.690336704254150391e+00 7.181479454040527344e+00 2.520883321762084961e+00 5.012801647186279297e+00 1.771123528480529785e+00 3.355124473571777344e+00 3.551319599151611328e+00
4.639931678771972656e+00 4.065909385681152344e+00 3.763288497924804688e+00 2.724363803863525391e+00 3.861395359039306641e+00 2.740931272506713867e+00 1.857971906661987305e+00 3.553234338760375977e+00 6.090845108032226562e+00 3.247833490371704102e+00 3.949338912963867188e+00 3.849775314331054688e+00 4.169117927551269531e+00 1.978740215301513672e+00 2.140384435653686523e+00 2.267284393310546875e+00 5.169272422790527344e+00 3.080585002899169922e+00 4.406722068786621094e+00 3.278657913208007812e+00
4.690416336059570312e+00 2.912754535675048828e+00 3.598218441009521484e+00 2.961950302124023438e+00 3.435550689697265625e+00 3.620272874832153320e+00 3.332287073135375977e+00 3.904931545257568359e+00 3.933395147323608398e+00 3.403942108154296875e+00 2.555222034454345703e+00 4.604293346405029297e+00 7.332859992980957031e+00 5.290949821472167969e+00 1.787244796752929688e+00 2.528793811798095703e+00 3.487642765045166016e+00 1.787606120109558105e+00 4.636574745178222656e+00 4.010947704315185547e+00
2.591123342514038086e+00 2.206555366516113281e+00 2.384814977645874023e+00 3.322974205017089844e+00 4.077449321746826172e+00 2.362106323242187500e+00 3.159434318542480469e+00 2.591163873672485352e+00 3.142821788787841797e+00 5.051381587982177734e+00 2.364328861236572266e+00 3.612054824829101562e+00 3.642311096191406250e+00 3.840758800506591797e+00 3.006451606750488281e+00 5.029533386230468750e+00 2.023023843765258789e+00 2.543302536010742188e+00 3.671218395233154297e+00 3.336822748184204102e+00
3.972129821777343750e+00 1.723312020301818848e+00 2.779911279678344727e+00 2.874285936355590820e+00 2.229316234588623047e+00 3.483887672424316406e+00 2.428576469421386719e+00 2.709755420684814453e+00 3.726425647735595703e+00 3.954921722412109375e+00 3.965525150299072266e+00 3.181165218353271484e+00 3.276121616363525391e+00 4.193889141082763672e+00 3.632782697677612305e+00 3.293508052825927734e+00 2.616617679595947266e+00 2.800043106079101562e+00 3.399399757385253906e+00 2.258396863937377930e+00
3.319338560104370117e+00 2.440050125122070312e+00 2.871335506439208984e+00 2.114632368087768555e+00 5.004616737365722656e+00 3.794797658920288086e+00 2.153120994567871094e+00 3.325450897216796875e+00 3.399264097213745117e+00 2.783300876617431641e+00 3.155894756317138672e+00 3.794941425323486328e+00 2.179813385009765625e+00 3.343832254409790039e+00 2.448664188385009766e+00 2.633753061294555664e+00 3.683519840240478516e+00 2.515339374542236328e+00 2.547467708587646484e+00 3.041562795639038086e+00
4.705289840698242188e+00 2.541477203369140625e+00 3.183010339736938477e+00 2.436427593231201172e+00 3.794821739196777344e+00 2.766775608062744141e+00 2.705015659332275391e+00 3.636345386505126953e+00 2.721126556396484375e+00 3.045067787170410156e+00 2.904488325119018555e+00 2.445375442504882812e+00 2.972446441650390625e+00 2.957384109497070312e+00 3.588320970535278320e+00 3.395465850830078125e+00 2.178912639617919922e+00 3.500679254531860352e+00 2.259183406829833984e+00 5.080499172210693359e+00
1.397244930267333984e+00 2.703976154327392578e+00 2.128545761108398438e+00 3.432552337646484375e+00 2.909085750579833984e+00 2.422766923904418945e+00 3.894791603088378906e+00 4.263444900512695312e+00 1.835101366043090820e+00 3.158382415771484375e+00 4.680326938629150391e+00 3.092085123062133789e+00 4.545868873596191406e+00 2.979046583175659180e+00 2.374148845672607422e+00 3.889428853988647461e+00 1.844478011131286621e+00 3.857501268386840820e+00 3.465381145477294922e+00 3.684766769409179688e+00
3.110541820526123047e+00 4.083450317382812500e+00 2.852777242660522461e+00 3.539896011352539062e+00 5.680467128753662109e+00 5.345386505126953125e+00 3.683631658554077148e+00 3.740561962127685547e+00 3.292561292648315430e+00 3.185865640640258789e+00 4.335887908935546875e+00 3.051907062530517578e+00 3.870010375976562500e+00 2.588195800781250000e+00 1.649295806884765625e+00 2.756421566009521484e+00 2.702484846115112305e+00 2.106812000274658203e+00 2.138834953308105469e+00 4.534404277801513672e+00
3.539787292480468750e+00 2.091969013214111328e+00 2.618750572204589844e+00 2.336143970489501953e+00 3.364424228668212891e+00 2.979287624359130859e+00 3.357074737548828125e+00 1.594923973083496094e+00 2.862570762634277344e+00 2.087071180343627930e+00 1.853503584861755371e+00 3.272807598114013672e+00 3.673473119735717773e+00 2.388957977294921875e+00 2.786331892013549805e+00 2.906052589416503906e+00 3.352713823318481445e+00 2.818850040435791016e+00 2.734580993652343750e+00 2.995813608169555664e+00
2.832895994186401367e+00 2.774811267852783203e+00 2.785321474075317383e+00 4.026549339294433594e+00 2.561314582824707031e+00 2.763104677200317383e+00 5.165468692779541016e+00 2.303397417068481445e+00 4.232911586761474609e+00 3.206179857254028320e+00 4.267960071563720703e+00 7.592829704284667969e+00 2.576413154602050781e+00 2.007073402404785156e+00 4.075274467468261719e+00 3.088901996612548828e+00 3.444261789321899414e+00 4.157491683959960938e+00 3.205991744995117188e+00 2.068288803100585938e+00
3.427438259124755859e+00 2.198941230773925781e+00 3.421524763107299805e+00 3.006671905517578125e+00 3.345652341842651367e+00 3.384861707687377930e+00 4.307482242584228516e+00 3.474921226501464844e+00 5.577538490295410156e+00 5.438982963562011719e+00 6.722693443298339844e+00 1.399396181106567383e+00 3.337506771087646484e+00 3.349271297454833984e+00 3.404942035675048828e+00 3.119241714477539062e+00 2.902752876281738281e+00 4.130126953125000000e+00 2.641399383544921875e+00 1.969608187675476074e+00
