2019-07-25 12:15:00
3.642742633819580078e+00 3.786215305328369141e+00 4.450945854187011719e+00 3.642267465591430664e+00 4.788304805755615234e+00 3.432907581329345703e+00 3.498622179031372070e+00 3.241927146911621094e+00 7.646355628967285156e+00 5.731633663177490234e+00 3.655209064483642578e+00 4.737847328186035156e+00 3.994036674499511719e+00 3.320712566375732422e+00 3.118905305862426758e+00 5.803194046020507812e+00 6.695491790771484375e+00 3.149447441101074219e+00 2.619963645935058594e+00 3.658340454101562500e+00
5.360530376434326172e+00 2.709611654281616211e+00 6.571016311645507812e+00 5.827848434448242188e+00 4.030247688293457031e+00 3.738338708877563477e+00 4.159975051879882812e+00 3.833965063095092773e+00 3.461097717285156250e+00 3.259862422943115234e+00 6.153618335723876953e+00 2.496737480163574219e+00 2.075447559356689453e+00 6.167490005493164062e+00 3.134860038757324219e+00 2.345854043960571289e+00 7.147272109985351562e+00 7.644784450531005859e+00 3.643480539321899414e+00 2.439550399780273438e+00
8.844920158386230469e+00 3.823545455932617188e+00 5.638162612915039062e+00 4.967257976531982422e+00 4.350080490112304688e+00 5.236657142639160156e+00 7.466340541839599609e+00 3.930445194244384766e+00 3.267046451568603516e+00 3.217872142791748047e+00 6.814796447753906250e+00 6.476340770721435547e+00 2.707019329071044922e+00 5.953033447265625000e+00 7.337965965270996094e+00 3.104554653167724609e+00 4.006273269653320312e+00 5.324771881103515625e+00 2.920906543731689453e+00 2.340816974639892578e+00
4.599884033203125000e+00 4.033005237579345703e+00 5.463000297546386719e+00 6.669180870056152344e+00 3.818433761596679688e+00 4.554425239562988281e+00 3.365272998809814453e+00 1.913590312004089355e+00 2.439516067504882812e+00 7.882175445556640625e+00 8.113177299499511719e+00 6.085854053497314453e+00 4.779479980468750000e+00 4.005407333374023438e+00 6.638805389404296875e+00 3.176657199859619141e+00 2.441582679748535156e+00 4.375516891479492188e+00 2.939936876296997070e+00 3.675777912139892578e+00
3.848813056945800781e+00 5.482487201690673828e+00 4.052197456359863281e+00 2.674500465393066406e+00 1.776626348495483398e+00 6.081411361694335938e+00 4.355416297912597656e+00 4.747965812683105469e+00 4.314868927001953125e+00 6.707831859588623047e+00 1.057846450805664062e+01 3.672374725341796875e+00 5.414710044860839844e+00 3.857989311218261719e+00 7.114740371704101562e+00 4.348680973052978516e+00 2.782629013061523438e+00 8.389965057373046875e+00 5.671525478363037109e+00 3.915729522705078125e+00
3.845690727233886719e+00 2.935093641281127930e+00 6.285591125488281250e+00 7.982147216796875000e+00 6.589018821716308594e+00 6.986411094665527344e+00 3.390579223632812500e+00 4.184631347656250000e+00 8.266271591186523438e+00 9.593374252319335938e+00 5.710456848144531250e+00 7.903342247009277344e+00 6.178756237030029297e+00 5.347733974456787109e+00 3.247056961059570312e+00 7.158538341522216797e+00 5.539566040039062500e+00 8.128840446472167969e+00 4.577334403991699219e+00 3.460722923278808594e+00
7.066631317138671875e+00 6.398496627807617188e+00 6.211670875549316406e+00 6.055090904235839844e+00 1.075503540039062500e+01 6.065176486968994141e+00 3.624635219573974609e+00 5.528707981109619141e+00 3.505373954772949219e+00 3.204845190048217773e+00 4.013086318969726562e+00 3.621611118316650391e+00 5.627500534057617188e+00 8.852877616882324219e+00 4.477369308471679688e+00 5.232045173645019531e+00 2.995906352996826172e+00 3.409476757049560547e+00 6.242895603179931641e+00 6.676286220550537109e+00
4.677899360656738281e+00 3.854853868484497070e+00 3.069480895996093750e+00 5.957459926605224609e+00 4.569763183593750000e+00 4.088948726654052734e+00 1.418884754180908203e+00 3.449607372283935547e+00 2.573755502700805664e+00 4.321099758148193359e+00 4.309253692626953125e+00 3.876617908477783203e+00 4.892370223999023438e+00 6.105651855468750000e+00 2.188940286636352539e+00 2.656176805496215820e+00 4.657977581024169922e+00 3.306275367736816406e+00 4.269551753997802734e+00 3.412419319152832031e+00
2.207268714904785156e+00 2.132865905761718750e+00 3.468803405761718750e+00 4.853061199188232422e+00 3.876473665237426758e+00 4.377622127532958984e+00 3.622474431991577148e+00 4.017935752868652344e+00 5.919722557067871094e+00 3.923208475112915039e+00 2.692635536193847656e+00 3.667248249053955078e+00 4.692869186401367188e+00 7.650429725646972656e+00 6.305979251861572266e+00 3.279130458831787109e+00 4.395311832427978516e+00 2.764657974243164062e+00 3.573090553283691406e+00 3.241714000701904297e+00
4.774669647216796875e+00 3.080773830413818359e+00 3.600813865661621094e+00 2.240607261657714844e+00 3.244298934936523438e+00 3.040777444839477539e+00 2.587034225463867188e+00 3.877704620361328125e+00 6.342191696166992188e+00 6.420754909515380859e+00 7.605020046234130859e+00 8.022259712219238281e+00 5.430142402648925781e+00 3.745238780975341797e+00 2.825030803680419922e+00 2.521864414215087891e+00 9.328256607055664062e+00 3.042485475540161133e+00 3.314583539962768555e+00 2.875500202178955078e+00
2.220268249511718750e+00 3.309628486633300781e+00 2.625225782394409180e+00 2.796673774719238281e+00 3.066690921783447266e+00 2.186734676361083984e+00 2.854701042175292969e+00 5.103794097900390625e+00 2.514646053314208984e+00 3.100799560546875000e+00 4.008825302124023438e+00 8.995014190673828125e+00 6.015655517578125000e+00 5.305093765258789062e+00 3.296030044555664062e+00 2.138602733612060547e+00 4.370639801025390625e+00 6.650791168212890625e+00 2.026345491409301758e+00 4.396297454833984375e+00
2.743024110794067383e+00 2.703262567520141602e+00 2.636102437973022461e+00 3.386923313140869141e+00 3.555863857269287109e+00 5.020237922668457031e+00 2.934841156005859375e+00 2.392966270446777344e+00 1.260068178176879883e+00 3.908685445785522461e+00 3.338615894317626953e+00 3.587033271789550781e+00 3.561075210571289062e+00 2.243947505950927734e+00 2.131944179534912109e+00 4.203943729400634766e+00 2.909382343292236328e+00 3.065123558044433594e+00 3.486510753631591797e+00 2.903761148452758789e+00
2.871586084365844727e+00 3.779088258743286133e+00 3.349175930023193359e+00 3.565267324447631836e+00 2.302058219909667969e+00 2.587718486785888672e+00 3.126008749008178711e+00 3.630364179611206055e+00 3.757449150085449219e+00 3.180270195007324219e+00 3.443390130996704102e+00 2.229185104370117188e+00 3.887715101242065430e+00 2.392991781234741211e+00 3.715137958526611328e+00 3.081849813461303711e+00 3.254169464111328125e+00 2.892786264419555664e+00 1.819029092788696289e+00 3.070854902267456055e+00
3.913273811340332031e+00 2.308711528778076172e+00 2.692883014678955078e+00 2.301313400268554688e+00 3.592059612274169922e+00 2.678987503051757812e+00 2.867122650146484375e+00 2.990695714950561523e+00 4.049949645996093750e+00 2.880259513854980469e+00 3.287729740142822266e+00 3.376599311828613281e+00 2.354195356369018555e+00 2.655245780944824219e+00 1.192976474761962891e+00 3.795831203460693359e+00 2.642516613006591797e+00 3.952090501785278320e+00 1.744321703910827637e+00 2.455869913101196289e+00
3.014360666275024414e+00 3.440700054168701172e+00 2.846767663955688477e+00 3.342888355255126953e+00 4.079908370971679688e+00 3.580471515655517578e+00 3.301657438278198242e+00 1.349590420722961426e+00 2.968625068664550781e+00 3.003318309783935547e+00 2.741608619689941406e+00 3.265403270721435547e+00 3.163762569427490234e+00 3.912111759185791016e+00 1.703319430351257324e+00 2.950357913970947266e+00 2.522341012954711914e+00 3.323410987854003906e+00 2.275995254516601562e+00 5.701627254486083984e+00
3.069108486175537109e+00 1.971065640449523926e+00 2.259800910949707031e+00 2.637763500213623047e+00 2.239070415496826172e+00 2.605958938598632812e+00 2.417284965515136719e+00 3.318338871002197266e+00 3.224069833755493164e+00 2.583335399627685547e+00 3.524011611938476562e+00 2.336077690124511719e+00 2.683224201202392578e+00 3.426118850708007812e+00 2.558479785919189453e+00 3.319243907928466797e+00 2.550316810607910156e+00 2.409065008163452148e+00 1.630202770233154297e+00 3.493942260742187500e+00
2.488482236862182617e+00 2.568014144897460938e+00 2.538151264190673828e+00 2.522528171539306641e+00 4.397577285766601562e+00 3.574017524719238281e+00 2.182650089263916016e+00 2.286073923110961914e+00 2.423640251159667969e+00 1.549451828002929688e+00 2.231208562850952148e+00 2.128742218017578125e+00 3.281870841979980469e+00 2.145122051239013672e+00 2.934798717498779297e+00 3.103061199188232422e+00 3.867923259735107422e+00 2.114459514617919922e+00 3.226158142089843750e+00 6.516268730163574219e+00
3.028761148452758789e+00 3.163453578948974609e+00 2.818559646606445312e+00 2.148153305053710938e+00 2.408588886260986328e+00 2.511192321777343750e+00 3.126296997070312500e+00 2.765695333480834961e+00 2.450433254241943359e+00 3.368403911590576172e+00 2.337167978286743164e+00 1.944244265556335449e+00 3.223944187164306641e+00 2.971901178359985352e+00 3.313439130783081055e+00 2.580838441848754883e+00 2.115210056304931641e+00 1.960256099700927734e+00 2.363327264785766602e+00 3.768040180206298828e+00
3.119096040725708008e+00 2.376708984375000000e+00 2.106511831283569336e+00 2.516796588897705078e+00 3.421157836914062500e+00 3.225439310073852539e+00 3.748697280883789062e+00 2.888594865798950195e+00 4.720760345458984375e+00 4.716227531433105469e+00 4.789213657379150391e+00 2.433740139007568359e+00 2.520239591598510742e+00 3.382296085357666016e+00 2.865221500396728516e+00 2.638188600540161133e+00 2.111928224563598633e+00 2.860812187194824219e+00 2.680936098098754883e+00 2.661681652069091797e+00
2.054203510284423828e+00 2.805440425872802734e+00 2.703764915466308594e+00 4.783421516418457031e+00 2.966324329376220703e+00 2.193859577178955078e+00 3.042704343795776367e+00 3.728836059570312500e+00 3.855149269104003906e+00 2.813703536987304688e+00 1.363668322563171387e+00 2.511509895324707031e+00 3.990864276885986328e+00 1.581405401229858398e+00 4.205987930297851562e+00 2.661992311477661133e+00 2.243003845214843750e+00 2.045930862426757812e+00 4.135659217834472656e+00 2.738098382949829102e+00
