2019-07-25 01:15:00
5.907388210296630859e+00 4.743778228759765625e+00 4.432280540466308594e+00 4.074002265930175781e+00 2.991173744201660156e+00 2.797935724258422852e+00 4.223752021789550781e+00 3.089569568634033203e+00 4.887400150299072266e+00 3.813158512115478516e+00 3.661919832229614258e+00 2.928082466125488281e+00 4.790936470031738281e+00 4.507388114929199219e+00 3.933806896209716797e+00 5.081666946411132812e+00 5.036632537841796875e+00 1.790852308273315430e+00 4.476414203643798828e+00 4.183176040649414062e+00
5.768514633178710938e+00 4.352992534637451172e+00 6.047101497650146484e+00 7.977925300598144531e+00 8.142780303955078125e+00 2.373510360717773438e+00 2.870112895965576172e+00 4.539095878601074219e+00 1.763479590415954590e+00 4.396697998046875000e+00 4.368427276611328125e+00 3.633482217788696289e+00 4.311278820037841797e+00 5.147556304931640625e+00 3.952939987182617188e+00 2.520572185516357422e+00 7.396618843078613281e+00 5.539828777313232422e+00 4.383326053619384766e+00 3.374172449111938477e+00
4.566565513610839844e+00 7.207605361938476562e+00 4.913872718811035156e+00 7.988018035888671875e+00 5.545745372772216797e+00 7.727774620056152344e+00 8.051872253417968750e+00 2.075989723205566406e+00 3.302259445190429688e+00 4.147200584411621094e+00 5.569838047027587891e+00 6.501444816589355469e+00 2.376077890396118164e+00 5.725744724273681641e+00 4.781894683837890625e+00 3.983067512512207031e+00 5.464037895202636719e+00 6.907052040100097656e+00 3.751749992370605469e+00 4.483911991119384766e+00
3.882253170013427734e+00 5.526359558105468750e+00 1.006328773498535156e+01 5.390785694122314453e+00 2.422384977340698242e+00 3.694021701812744141e+00 3.141119956970214844e+00 3.080975055694580078e+00 3.136756896972656250e+00 4.150566101074218750e+00 5.352500915527343750e+00 1.113578987121582031e+01 3.099108934402465820e+00 3.986198425292968750e+00 7.318477630615234375e+00 3.942038059234619141e+00 2.499069690704345703e+00 6.715600967407226562e+00 2.313889503479003906e+00 3.396232128143310547e+00
2.816606044769287109e+00 3.839076995849609375e+00 3.483452081680297852e+00 2.813385963439941406e+00 3.909381628036499023e+00 7.172633647918701172e+00 3.160722970962524414e+00 5.688988685607910156e+00 7.875373840332031250e+00 9.241605758666992188e+00 6.931822776794433594e+00 2.567548274993896484e+00 8.470230102539062500e+00 5.278347015380859375e+00 3.361841917037963867e+00 5.696564674377441406e+00 3.602703571319580078e+00 4.564841270446777344e+00 4.718081474304199219e+00 3.497783184051513672e+00
6.893487930297851562e+00 2.747222423553466797e+00 7.556582450866699219e+00 7.096022129058837891e+00 6.380915164947509766e+00 2.734007120132446289e+00 3.732432365417480469e+00 6.736321449279785156e+00 7.452317237854003906e+00 7.714568614959716797e+00 4.854802131652832031e+00 7.486477851867675781e+00 4.157416820526123047e+00 2.916116237640380859e+00 2.973539113998413086e+00 5.420675754547119141e+00 4.253569602966308594e+00 8.030739784240722656e+00 9.154207229614257812e+00 2.726469516754150391e+00
6.160082340240478516e+00 6.978640079498291016e+00 5.167372703552246094e+00 7.900429248809814453e+00 6.963013648986816406e+00 5.406342983245849609e+00 2.800893306732177734e+00 5.319285392761230469e+00 3.322297573089599609e+00 2.861639499664306641e+00 3.551451683044433594e+00 2.460603713989257812e+00 4.638414382934570312e+00 8.583542823791503906e+00 4.165969848632812500e+00 6.775034904479980469e+00 4.026034355163574219e+00 2.375616073608398438e+00 3.501381874084472656e+00 5.780207633972167969e+00
5.763875007629394531e+00 5.406566143035888672e+00 4.514436721801757812e+00 6.070578575134277344e+00 8.846927642822265625e+00 4.268611907958984375e+00 4.063221454620361328e+00 3.317969799041748047e+00 3.609261989593505859e+00 3.291421413421630859e+00 4.113934516906738281e+00 3.749097824096679688e+00 7.128052711486816406e+00 4.600405216217041016e+00 4.011371612548828125e+00 4.718466281890869141e+00 7.857460498809814453e+00 3.201802730560302734e+00 8.241549491882324219e+00 2.992898464202880859e+00
5.717425823211669922e+00 3.941833496093750000e+00 7.362928867340087891e+00 6.107783317565917969e+00 7.219180107116699219e+00 3.958942413330078125e+00 2.899091482162475586e+00 4.893733024597167969e+00 3.611271381378173828e+00 5.851164817810058594e+00 2.998474597930908203e+00 3.981767654418945312e+00 5.711857795715332031e+00 5.308210849761962891e+00 5.083161354064941406e+00 3.619207620620727539e+00 2.989801645278930664e+00 3.471240520477294922e+00 3.778668880462646484e+00 2.808826684951782227e+00
1.039811801910400391e+01 7.763402938842773438e+00 3.177797079086303711e+00 1.841286659240722656e+00 4.140038967132568359e+00 4.094048023223876953e+00 3.015012025833129883e+00 3.749647140502929688e+00 7.602856636047363281e+00 3.654835224151611328e+00 6.185194492340087891e+00 6.256381988525390625e+00 6.680610656738281250e+00 4.690036296844482422e+00 3.140996456146240234e+00 2.648044109344482422e+00 1.221484184265136719e+01 4.030036449432373047e+00 3.102720260620117188e+00 3.852453231811523438e+00
4.407835960388183594e+00 3.083671569824218750e+00 5.349697589874267578e+00 3.340521574020385742e+00 3.340271711349487305e+00 3.138613224029541016e+00 3.989771842956542969e+00 3.254109382629394531e+00 3.182693958282470703e+00 4.278274059295654297e+00 4.056496620178222656e+00 4.793423652648925781e+00 7.249553203582763672e+00 4.565620899200439453e+00 4.765796661376953125e+00 2.664797306060791016e+00 5.519655704498291016e+00 8.282344818115234375e+00 3.937053203582763672e+00 3.264826774597167969e+00
2.927731275558471680e+00 3.203263282775878906e+00 3.293356895446777344e+00 3.053945779800415039e+00 5.569140434265136719e+00 3.576931476593017578e+00 3.030074357986450195e+00 3.260107994079589844e+00 3.072512149810791016e+00 2.960633754730224609e+00 2.638719558715820312e+00 3.634623765945434570e+00 2.486804485321044922e+00 3.691391944885253906e+00 2.355978965759277344e+00 6.486892700195312500e+00 2.994806766510009766e+00 2.099325180053710938e+00 2.419914484024047852e+00 3.213150024414062500e+00
4.926652908325195312e+00 2.707843303680419922e+00 4.112859725952148438e+00 5.461431026458740234e+00 2.395008087158203125e+00 3.343532800674438477e+00 3.035847663879394531e+00 3.242864608764648438e+00 3.743016004562377930e+00 3.546503067016601562e+00 3.413077116012573242e+00 3.289002895355224609e+00 3.294723510742187500e+00 2.807985305786132812e+00 4.754349231719970703e+00 3.079039096832275391e+00 3.164477348327636719e+00 3.856263637542724609e+00 4.798425674438476562e+00 2.861464500427246094e+00
2.136195182800292969e+00 4.557056427001953125e+00 3.760122060775756836e+00 3.968761444091796875e+00 2.857552766799926758e+00 4.893058300018310547e+00 4.589743614196777344e+00 3.867112636566162109e+00 2.589198112487792969e+00 2.868186473846435547e+00 3.201343774795532227e+00 6.703136920928955078e+00 3.068852901458740234e+00 4.624243259429931641e+00 3.217532634735107422e+00 5.786292076110839844e+00 3.447901248931884766e+00 4.713327884674072266e+00 4.577300071716308594e+00 2.420257091522216797e+00
4.241701602935791016e+00 4.177239418029785156e+00 4.823002815246582031e+00 4.340003013610839844e+00 4.054213523864746094e+00 2.856692790985107422e+00 3.715367078781127930e+00 4.020861625671386719e+00 2.987259387969970703e+00 3.544990062713623047e+00 3.423686027526855469e+00 4.034669399261474609e+00 2.813310623168945312e+00 3.563617229461669922e+00 2.505595445632934570e+00 3.254318714141845703e+00 4.207508087158203125e+00 4.439108371734619141e+00 2.923648118972778320e+00 5.885128021240234375e+00
1.976229190826416016e+00 3.860455989837646484e+00 3.755370616912841797e+00 3.505001544952392578e+00 4.130476951599121094e+00 3.406842231750488281e+00 2.723180055618286133e+00 2.424731254577636719e+00 2.475960254669189453e+00 5.125292301177978516e+00 3.184116363525390625e+00 2.937377691268920898e+00 3.399674892425537109e+00 2.732653617858886719e+00 4.515019416809082031e+00 4.349338531494140625e+00 4.378094673156738281e+00 3.877518653869628906e+00 2.413012027740478516e+00 4.115952491760253906e+00
3.706916093826293945e+00 3.459635019302368164e+00 4.038371562957763672e+00 3.974616050720214844e+00 6.646991729736328125e+00 3.534058570861816406e+00 3.356392860412597656e+00 4.189583778381347656e+00 4.209788322448730469e+00 3.466243267059326172e+00 4.429985046386718750e+00 4.725442409515380859e+00 3.292588710784912109e+00 2.399428367614746094e+00 4.803534507751464844e+00 4.284099102020263672e+00 3.184668064117431641e+00 3.760629892349243164e+00 4.078287124633789062e+00 4.418682098388671875e+00
1.986486434936523438e+00 3.902395725250244141e+00 4.582581996917724609e+00 2.450313568115234375e+00 3.318962097167968750e+00 3.064665555953979492e+00 6.328357696533203125e+00 3.512590169906616211e+00 5.085731029510498047e+00 4.750244140625000000e+00 4.940514564514160156e+00 3.283806324005126953e+00 7.447879314422607422e+00 3.497370719909667969e+00 3.435445308685302734e+00 4.322213172912597656e+00 6.023854255676269531e+00 7.780626296997070312e+00 4.123374938964843750e+00 2.323672771453857422e+00
2.607991933822631836e+00 3.526813030242919922e+00 2.857830047607421875e+00 4.087980747222900391e+00 3.179277896881103516e+00 2.677580595016479492e+00 5.714777946472167969e+00 3.900193691253662109e+00 4.508255958557128906e+00 5.182796478271484375e+00 3.065828323364257812e+00 9.572443008422851562e+00 4.899694442749023438e+00 4.379212856292724609e+00 3.203594684600830078e+00 3.066148519515991211e+00 3.669229507446289062e+00 3.417421817779541016e+00 5.918204307556152344e+00 3.778521060943603516e+00
3.422144412994384766e+00 5.643265724182128906e+00 2.967633247375488281e+00 4.756428718566894531e+00 4.099426269531250000e+00 2.905314922332763672e+00 5.364204406738281250e+00 4.698636531829833984e+00 7.301142215728759766e+00 7.205978393554687500e+00 7.878990173339843750e+00 4.750699043273925781e+00 7.508272647857666016e+00 2.298185348510742188e+00 2.884345054626464844e+00 3.137263774871826172e+00 2.601004600524902344e+00 3.364971876144409180e+00 3.795695781707763672e+00 4.401595592498779297e+00
