2019-07-25 12:30:00
7.065508842468261719e+00 4.738996505737304688e+00 7.376762390136718750e+00 4.680222511291503906e+00 3.420356273651123047e+00 4.756246089935302734e+00 3.727493762969970703e+00 3.184720993041992188e+00 7.044395446777343750e+00 7.988061904907226562e+00 4.394712924957275391e+00 2.757228136062622070e+00 4.078032016754150391e+00 2.355767011642456055e+00 5.059646606445312500e+00 3.327813625335693359e+00 5.433333396911621094e+00 2.877199172973632812e+00 2.367195129394531250e+00 2.417607545852661133e+00
5.930787563323974609e+00 2.517341613769531250e+00 5.732820034027099609e+00 3.973963022232055664e+00 4.007018089294433594e+00 3.231499195098876953e+00 3.815436840057373047e+00 2.709884405136108398e+00 4.437531471252441406e+00 3.155028343200683594e+00 3.460589647293090820e+00 3.531243801116943359e+00 2.739346981048583984e+00 6.851698398590087891e+00 3.350073814392089844e+00 4.974313259124755859e+00 7.207377910614013672e+00 5.696432590484619141e+00 4.237207412719726562e+00 4.667937278747558594e+00
3.742403268814086914e+00 7.716443538665771484e+00 3.715651035308837891e+00 5.182190895080566406e+00 6.283922672271728516e+00 4.449421882629394531e+00 7.673181056976318359e+00 2.488909006118774414e+00 4.248913764953613281e+00 2.789084434509277344e+00 7.152540683746337891e+00 4.280752658843994141e+00 2.298546314239501953e+00 3.768728017807006836e+00 6.410567283630371094e+00 2.672365903854370117e+00 3.468237400054931641e+00 5.942076683044433594e+00 3.330645561218261719e+00 3.703135251998901367e+00
4.080104351043701172e+00 3.197638511657714844e+00 7.221880435943603516e+00 5.714889526367187500e+00 3.462660074234008789e+00 3.906827449798583984e+00 4.064535140991210938e+00 3.874721288681030273e+00 2.889612913131713867e+00 7.523867130279541016e+00 7.723026275634765625e+00 5.558148384094238281e+00 2.539903640747070312e+00 2.385168075561523438e+00 5.465573787689208984e+00 2.957774400711059570e+00 1.997903823852539062e+00 5.975169181823730469e+00 4.203590869903564453e+00 3.153709173202514648e+00
3.932365417480468750e+00 3.035867214202880859e+00 3.986375331878662109e+00 2.754345417022705078e+00 3.235457658767700195e+00 8.993488311767578125e+00 2.145052671432495117e+00 5.581098556518554688e+00 6.118198394775390625e+00 4.587956428527832031e+00 7.319297790527343750e+00 7.840178489685058594e+00 5.308494567871093750e+00 4.931501388549804688e+00 6.824481487274169922e+00 4.441584110260009766e+00 3.557669401168823242e+00 4.560371398925781250e+00 7.742510795593261719e+00 3.167680025100708008e+00
5.716947555541992188e+00 2.320197105407714844e+00 5.810149192810058594e+00 4.495041847229003906e+00 2.858539581298828125e+00 9.324525833129882812e+00 4.006984710693359375e+00 5.593151569366455078e+00 2.871972560882568359e+00 6.408693790435791016e+00 6.739682674407958984e+00 7.189162254333496094e+00 5.379315376281738281e+00 3.260245800018310547e+00 3.668075561523437500e+00 7.934752464294433594e+00 2.739711999893188477e+00 8.587963104248046875e+00 6.156302928924560547e+00 3.080289125442504883e+00
7.002311229705810547e+00 6.363918304443359375e+00 5.392900466918945312e+00 3.277663469314575195e+00 7.376000404357910156e+00 4.448726654052734375e+00 2.371372699737548828e+00 7.211711883544921875e+00 2.927581787109375000e+00 2.840934038162231445e+00 3.419785261154174805e+00 3.137386322021484375e+00 5.062493324279785156e+00 6.874498367309570312e+00 4.114125728607177734e+00 5.983554840087890625e+00 2.389992237091064453e+00 2.354251623153686523e+00 5.893504142761230469e+00 5.613282203674316406e+00
8.121735572814941406e+00 5.087442398071289062e+00 3.246726274490356445e+00 6.357291221618652344e+00 5.655037879943847656e+00 4.463457107543945312e+00 2.043087005615234375e+00 2.925870180130004883e+00 3.786231994628906250e+00 2.233762502670288086e+00 3.019124507904052734e+00 4.762158870697021484e+00 6.901197910308837891e+00 8.156425476074218750e+00 3.902662754058837891e+00 2.508023023605346680e+00 5.117199897766113281e+00 2.513938903808593750e+00 6.623465538024902344e+00 2.693140029907226562e+00
4.255815982818603516e+00 4.485508918762207031e+00 4.842028617858886719e+00 5.526781558990478516e+00 5.062582015991210938e+00 3.502280235290527344e+00 3.303094625473022461e+00 3.324922561645507812e+00 2.825479507446289062e+00 4.321063041687011719e+00 2.802343368530273438e+00 3.449253082275390625e+00 2.947482585906982422e+00 5.437634468078613281e+00 4.092115879058837891e+00 3.102355003356933594e+00 5.804586887359619141e+00 3.783793210983276367e+00 3.314982891082763672e+00 2.353370904922485352e+00
4.467801094055175781e+00 7.472092628479003906e+00 2.030635833740234375e+00 3.512480735778808594e+00 2.612205028533935547e+00 2.613327980041503906e+00 4.675924301147460938e+00 4.170147895812988281e+00 3.854636192321777344e+00 4.909872055053710938e+00 5.505985260009765625e+00 3.382294654846191406e+00 4.630363941192626953e+00 3.804703950881958008e+00 2.252619266510009766e+00 2.039523839950561523e+00 6.965365886688232422e+00 2.794739484786987305e+00 4.451577186584472656e+00 2.756510734558105469e+00
3.440652847290039062e+00 3.366101741790771484e+00 4.180687904357910156e+00 3.816907405853271484e+00 5.242374897003173828e+00 4.382402420043945312e+00 4.058619499206542969e+00 4.132708549499511719e+00 4.071712493896484375e+00 3.711583614349365234e+00 2.458364725112915039e+00 7.345161437988281250e+00 5.089962005615234375e+00 7.403380393981933594e+00 2.683798789978027344e+00 2.484614133834838867e+00 3.563952445983886719e+00 3.754350662231445312e+00 3.983777999877929688e+00 3.982787132263183594e+00
3.382755517959594727e+00 2.132594585418701172e+00 3.588769674301147461e+00 3.693836688995361328e+00 4.636392116546630859e+00 2.869272708892822266e+00 4.258676528930664062e+00 2.902890205383300781e+00 2.204923629760742188e+00 3.125588893890380859e+00 4.025051593780517578e+00 2.385009765625000000e+00 5.171486854553222656e+00 4.381025791168212891e+00 2.488009929656982422e+00 4.777184009552001953e+00 3.356331825256347656e+00 3.208117008209228516e+00 2.796046018600463867e+00 2.030388832092285156e+00
2.813727140426635742e+00 1.492795944213867188e+00 3.855516910552978516e+00 4.620305061340332031e+00 3.304876804351806641e+00 2.543008327484130859e+00 1.526583194732666016e+00 4.041514873504638672e+00 3.289793252944946289e+00 2.451746463775634766e+00 2.539652824401855469e+00 3.746225357055664062e+00 2.339973449707031250e+00 4.500418663024902344e+00 3.633971691131591797e+00 2.965296745300292969e+00 4.103868007659912109e+00 2.536295413970947266e+00 4.167514801025390625e+00 3.661852359771728516e+00
2.715918302536010742e+00 2.197209596633911133e+00 3.712819814682006836e+00 2.934680938720703125e+00 2.690548896789550781e+00 3.747869968414306641e+00 3.490744829177856445e+00 4.213883876800537109e+00 3.569719791412353516e+00 3.926871776580810547e+00 5.126058578491210938e+00 3.196149587631225586e+00 1.791006088256835938e+00 2.418366432189941406e+00 3.273697376251220703e+00 4.031523704528808594e+00 2.936105251312255859e+00 3.946629524230957031e+00 3.576410293579101562e+00 3.315139293670654297e+00
3.169287681579589844e+00 2.964926719665527344e+00 3.091195583343505859e+00 4.372527122497558594e+00 2.706308603286743164e+00 4.339982032775878906e+00 3.871158599853515625e+00 4.145055294036865234e+00 2.953763723373413086e+00 3.146075725555419922e+00 4.856157779693603516e+00 2.684131622314453125e+00 3.734611034393310547e+00 3.631957054138183594e+00 2.847827911376953125e+00 3.896344184875488281e+00 2.870549440383911133e+00 3.278380393981933594e+00 3.446303129196166992e+00 5.908084869384765625e+00
2.921535015106201172e+00 3.630568504333496094e+00 3.499357700347900391e+00 5.216435432434082031e+00 3.586882829666137695e+00 3.782982349395751953e+00 3.904913902282714844e+00 4.044982433319091797e+00 2.426644325256347656e+00 4.087199687957763672e+00 3.848950147628784180e+00 2.642060995101928711e+00 3.686510086059570312e+00 2.899771213531494141e+00 4.519002437591552734e+00 4.011708736419677734e+00 4.116029739379882812e+00 4.695475101470947266e+00 3.204888105392456055e+00 4.614808082580566406e+00
3.467134952545166016e+00 3.804711341857910156e+00 4.085579872131347656e+00 2.866998434066772461e+00 2.801848649978637695e+00 3.506462097167968750e+00 3.867924451828002930e+00 3.392601490020751953e+00 2.959717273712158203e+00 3.408618927001953125e+00 4.024517536163330078e+00 4.187011718750000000e+00 3.427241802215576172e+00 4.805371284484863281e+00 2.332497596740722656e+00 2.454706430435180664e+00 3.729009389877319336e+00 3.735480070114135742e+00 3.121901512145996094e+00 6.963182449340820312e+00
2.968997240066528320e+00 3.271860361099243164e+00 4.309706687927246094e+00 2.348524093627929688e+00 2.218927145004272461e+00 3.312746047973632812e+00 3.568956613540649414e+00 2.791040897369384766e+00 5.652424812316894531e+00 3.504545450210571289e+00 3.676059722900390625e+00 3.166597843170166016e+00 3.013344287872314453e+00 2.503833293914794922e+00 3.643895149230957031e+00 4.008492946624755859e+00 3.802283763885498047e+00 3.798333883285522461e+00 3.943936109542846680e+00 3.335283756256103516e+00
3.835803270339965820e+00 3.141335964202880859e+00 4.351993083953857422e+00 2.828778266906738281e+00 4.337474822998046875e+00 3.623794555664062500e+00 4.682302474975585938e+00 3.179062604904174805e+00 4.957642078399658203e+00 6.230631828308105469e+00 4.739635944366455078e+00 7.519719123840332031e+00 1.671393871307373047e+00 4.122314453125000000e+00 3.059129238128662109e+00 2.870258808135986328e+00 2.579493761062622070e+00 2.131769180297851562e+00 4.620543003082275391e+00 1.740324497222900391e+00
3.332543849945068359e+00 3.785562515258789062e+00 2.462281227111816406e+00 5.038465976715087891e+00 3.514362812042236328e+00 3.303469657897949219e+00 4.965424537658691406e+00 5.465596675872802734e+00 4.727442264556884766e+00 6.084194660186767578e+00 7.939619064331054688e+00 3.396990299224853516e+00 4.943979740142822266e+00 3.196201324462890625e+00 2.639005899429321289e+00 2.837702751159667969e+00 2.536731719970703125e+00 4.334670066833496094e+00 4.180417060852050781e+00 2.448247909545898438e+00
