2019-07-25 12:45:00
7.217411994934082031e+00 5.623935222625732422e+00 4.845815658569335938e+00 2.955813407897949219e+00 2.732101678848266602e+00 3.027353286743164062e+00 3.911649703979492188e+00 2.806213378906250000e+00 3.708312749862670898e+00 5.345561504364013672e+00 4.053937435150146484e+00 3.554225921630859375e+00 3.917323589324951172e+00 4.732730865478515625e+00 2.361475229263305664e+00 4.227453231811523438e+00 4.684923171997070312e+00 3.509850502014160156e+00 3.498881816864013672e+00 3.694525241851806641e+00
7.033164501190185547e+00 4.222685813903808594e+00 5.522724628448486328e+00 4.628250122070312500e+00 6.122862339019775391e+00 3.823673248291015625e+00 3.046598434448242188e+00 5.073349952697753906e+00 1.968445897102355957e+00 2.734557390213012695e+00 3.234344005584716797e+00 2.978925704956054688e+00 2.594084978103637695e+00 5.431499481201171875e+00 1.261228322982788086e+00 3.007280349731445312e+00 7.716736793518066406e+00 4.483589649200439453e+00 2.705116271972656250e+00 3.925050258636474609e+00
4.988803863525390625e+00 6.254131317138671875e+00 7.705309867858886719e+00 7.738898277282714844e+00 7.334821701049804688e+00 4.132429122924804688e+00 4.903479576110839844e+00 4.016587257385253906e+00 3.019622325897216797e+00 4.878894329071044922e+00 6.807600975036621094e+00 7.392540931701660156e+00 1.630987644195556641e+00 7.932743549346923828e+00 5.398694992065429688e+00 2.875376462936401367e+00 4.366937637329101562e+00 6.971994400024414062e+00 3.656351804733276367e+00 3.472953319549560547e+00
3.414090871810913086e+00 8.160897254943847656e+00 6.709385871887207031e+00 6.556835174560546875e+00 3.491088390350341797e+00 5.090605258941650391e+00 2.550933122634887695e+00 3.317257404327392578e+00 3.637438774108886719e+00 8.729929924011230469e+00 3.950740814208984375e+00 6.189665794372558594e+00 2.198193550109863281e+00 3.897810220718383789e+00 3.372474431991577148e+00 3.868478298187255859e+00 2.766621112823486328e+00 5.323540687561035156e+00 3.193181991577148438e+00 3.902897357940673828e+00
3.088319778442382812e+00 4.171267986297607422e+00 3.712148666381835938e+00 3.796854972839355469e+00 3.638445854187011719e+00 6.300674915313720703e+00 3.902252197265625000e+00 8.453904151916503906e+00 3.985454320907592773e+00 5.682292461395263672e+00 5.173922538757324219e+00 6.755239486694335938e+00 9.467400550842285156e+00 3.541723728179931641e+00 8.654205322265625000e+00 5.527272224426269531e+00 2.864253044128417969e+00 6.799602508544921875e+00 7.943953514099121094e+00 4.313351631164550781e+00
5.104222297668457031e+00 3.998301029205322266e+00 1.107407569885253906e+01 5.525916099548339844e+00 7.568349838256835938e+00 4.087182044982910156e+00 3.963196516036987305e+00 6.469906806945800781e+00 9.137151718139648438e+00 1.017966651916503906e+01 4.630593299865722656e+00 4.431893348693847656e+00 3.525163650512695312e+00 4.273809432983398438e+00 3.165801525115966797e+00 4.555674552917480469e+00 2.664026021957397461e+00 5.850123405456542969e+00 4.227318763732910156e+00 5.153336048126220703e+00
8.137199401855468750e+00 5.765775680541992188e+00 7.592751026153564453e+00 6.016586780548095703e+00 8.285064697265625000e+00 7.492514610290527344e+00 3.842864751815795898e+00 5.834436416625976562e+00 2.768869161605834961e+00 4.086418628692626953e+00 4.087183475494384766e+00 2.014847278594970703e+00 8.214420318603515625e+00 5.087529659271240234e+00 2.592787742614746094e+00 5.301021575927734375e+00 4.897394657135009766e+00 3.593520641326904297e+00 5.168203353881835938e+00 6.186383247375488281e+00
5.415350914001464844e+00 2.947546482086181641e+00 4.139699459075927734e+00 4.719600677490234375e+00 5.914555072784423828e+00 3.280448675155639648e+00 4.438966274261474609e+00 4.237206459045410156e+00 3.770267009735107422e+00 3.052699089050292969e+00 3.115005016326904297e+00 3.776749610900878906e+00 6.600549221038818359e+00 4.378797531127929688e+00 3.259940147399902344e+00 4.792663574218750000e+00 5.361776351928710938e+00 2.919617652893066406e+00 4.259719371795654297e+00 3.910599708557128906e+00
3.769235610961914062e+00 2.858680248260498047e+00 5.276046752929687500e+00 3.124836206436157227e+00 6.282824516296386719e+00 3.787388086318969727e+00 3.741769790649414062e+00 4.301198005676269531e+00 3.557764053344726562e+00 5.404244422912597656e+00 3.584122896194458008e+00 2.139353513717651367e+00 2.573829174041748047e+00 6.500374794006347656e+00 3.446385860443115234e+00 2.858154296875000000e+00 4.629313468933105469e+00 2.303277969360351562e+00 2.990890979766845703e+00 3.280578613281250000e+00
6.189511299133300781e+00 5.256797790527343750e+00 3.764177799224853516e+00 2.966078996658325195e+00 2.843590021133422852e+00 3.553326368331909180e+00 2.327785015106201172e+00 3.988853216171264648e+00 6.767357826232910156e+00 6.436572074890136719e+00 5.694808483123779297e+00 6.771698951721191406e+00 5.634551048278808594e+00 2.119696378707885742e+00 2.166508197784423828e+00 2.954382896423339844e+00 8.986638069152832031e+00 2.936542510986328125e+00 3.579694032669067383e+00 4.494522571563720703e+00
3.820204019546508789e+00 3.194780349731445312e+00 3.024845838546752930e+00 2.623827934265136719e+00 3.111916065216064453e+00 3.878756046295166016e+00 2.710008382797241211e+00 4.523467063903808594e+00 3.710557937622070312e+00 3.800570487976074219e+00 3.680247306823730469e+00 6.446844577789306641e+00 5.607331275939941406e+00 5.043626785278320312e+00 2.950866937637329102e+00 3.588180780410766602e+00 3.761714935302734375e+00 4.645363330841064453e+00 3.387156963348388672e+00 3.710783958435058594e+00
4.835993766784667969e+00 3.709110498428344727e+00 4.132190704345703125e+00 2.755145549774169922e+00 4.068971633911132812e+00 2.978414535522460938e+00 3.020925045013427734e+00 3.664958477020263672e+00 2.504573345184326172e+00 3.850680589675903320e+00 2.880433559417724609e+00 3.513808965682983398e+00 3.104809522628784180e+00 3.292558908462524414e+00 3.008697509765625000e+00 4.339189529418945312e+00 2.850564002990722656e+00 3.979344844818115234e+00 2.085858583450317383e+00 2.236894369125366211e+00
3.570095539093017578e+00 2.136582374572753906e+00 2.941903591156005859e+00 3.796253204345703125e+00 2.463711977005004883e+00 3.855468750000000000e+00 4.018489360809326172e+00 3.620231389999389648e+00 4.496781349182128906e+00 2.361381530761718750e+00 4.491041660308837891e+00 1.280745744705200195e+00 4.080516815185546875e+00 3.364466428756713867e+00 2.611130475997924805e+00 3.247132301330566406e+00 3.296351432800292969e+00 3.377196073532104492e+00 2.253204345703125000e+00 3.232473373413085938e+00
2.334324359893798828e+00 2.991435766220092773e+00 3.191724538803100586e+00 2.874241828918457031e+00 4.041646003723144531e+00 2.997631072998046875e+00 3.956576347351074219e+00 4.575022697448730469e+00 3.094897508621215820e+00 2.824625253677368164e+00 3.313428878784179688e+00 4.456948757171630859e+00 4.026733398437500000e+00 2.259680271148681641e+00 2.749873876571655273e+00 3.297810554504394531e+00 3.185548067092895508e+00 4.938186645507812500e+00 2.906403779983520508e+00 3.699355125427246094e+00
3.951893329620361328e+00 4.381989479064941406e+00 4.197189331054687500e+00 2.674587488174438477e+00 4.151519298553466797e+00 2.459355831146240234e+00 2.963054656982421875e+00 3.831176280975341797e+00 3.037401199340820312e+00 2.773600101470947266e+00 3.203835964202880859e+00 4.328758239746093750e+00 4.645067214965820312e+00 3.465943813323974609e+00 3.396555900573730469e+00 2.586035251617431641e+00 1.542920589447021484e+00 3.759417057037353516e+00 4.257978439331054688e+00 6.585555076599121094e+00
3.710853338241577148e+00 3.548225164413452148e+00 4.456643104553222656e+00 2.675115108489990234e+00 2.846566677093505859e+00 4.696565628051757812e+00 3.036823272705078125e+00 4.228938102722167969e+00 2.651822566986083984e+00 4.844298362731933594e+00 2.163753747940063477e+00 4.847449302673339844e+00 2.750536918640136719e+00 3.538333177566528320e+00 2.792944192886352539e+00 3.303003311157226562e+00 3.187614917755126953e+00 3.746577739715576172e+00 3.447580814361572266e+00 6.587843894958496094e+00
3.645373344421386719e+00 2.402202606201171875e+00 2.365914344787597656e+00 2.766919374465942383e+00 5.127005100250244141e+00 3.492492198944091797e+00 2.982089996337890625e+00 3.247980117797851562e+00 2.561033725738525391e+00 3.956037282943725586e+00 3.182627439498901367e+00 3.503067255020141602e+00 3.410047769546508789e+00 2.783536911010742188e+00 3.089128971099853516e+00 3.005750179290771484e+00 4.434113502502441406e+00 1.601076602935791016e+00 4.420599937438964844e+00 6.708938598632812500e+00
2.538045406341552734e+00 4.152524948120117188e+00 4.220170021057128906e+00 4.883022308349609375e+00 4.826122283935546875e+00 3.655896663665771484e+00 2.375074386596679688e+00 2.954024791717529297e+00 5.121013641357421875e+00 3.207491874694824219e+00 1.938510179519653320e+00 2.917507171630859375e+00 3.696833372116088867e+00 4.104152679443359375e+00 2.903154850006103516e+00 3.394811153411865234e+00 3.778539180755615234e+00 3.314980506896972656e+00 2.584090709686279297e+00 3.846580266952514648e+00
2.967540264129638672e+00 3.570760726928710938e+00 3.900544643402099609e+00 3.749105930328369141e+00 3.478794097900390625e+00 4.897562503814697266e+00 4.213597297668457031e+00 2.906205654144287109e+00 5.095524787902832031e+00 6.440937042236328125e+00 5.581473350524902344e+00 7.404442787170410156e+00 2.692638874053955078e+00 4.521716594696044922e+00 3.195299863815307617e+00 3.208851575851440430e+00 4.644625663757324219e+00 3.059732913970947266e+00 4.231146335601806641e+00 2.426056385040283203e+00
2.691080570220947266e+00 5.279019355773925781e+00 2.595748662948608398e+00 3.753676891326904297e+00 5.027869224548339844e+00 3.589051008224487305e+00 3.428908824920654297e+00 4.316486835479736328e+00 6.361255168914794922e+00 7.979810714721679688e+00 9.580694198608398438e+00 5.126861572265625000e+00 4.678218841552734375e+00 4.379829883575439453e+00 5.233404636383056641e+00 3.616943359375000000e+00 3.764682769775390625e+00 3.683134078979492188e+00 3.941927671432495117e+00 2.450499534606933594e+00
