2019-07-25 13:00:00
6.865876197814941406e+00 5.926935195922851562e+00 5.425256729125976562e+00 2.801755905151367188e+00 4.758776187896728516e+00 3.649759769439697266e+00 4.181158065795898438e+00 3.838385820388793945e+00 8.500911712646484375e+00 5.117462635040283203e+00 3.674706697463989258e+00 3.823918581008911133e+00 3.057524442672729492e+00 3.299332618713378906e+00 2.238679170608520508e+00 9.471611976623535156e+00 2.868598699569702148e+00 2.630756855010986328e+00 3.770333528518676758e+00 3.924803972244262695e+00
5.341210365295410156e+00 4.029032707214355469e+00 5.961320877075195312e+00 6.404152393341064453e+00 4.768127918243408203e+00 2.698698282241821289e+00 3.494740247726440430e+00 5.203715324401855469e+00 4.399655342102050781e+00 4.321297645568847656e+00 3.717072486877441406e+00 3.570740699768066406e+00 3.582580804824829102e+00 8.260862350463867188e+00 3.813076496124267578e+00 3.742987394332885742e+00 6.094042778015136719e+00 4.496284961700439453e+00 2.908734798431396484e+00 4.927435398101806641e+00
6.812083244323730469e+00 7.696550369262695312e+00 8.170207023620605469e+00 6.536436080932617188e+00 4.241881370544433594e+00 7.693326473236083984e+00 3.067818403244018555e+00 2.906595945358276367e+00 3.199913978576660156e+00 4.906215667724609375e+00 5.280901908874511719e+00 3.539883613586425781e+00 2.270978927612304688e+00 3.777254819869995117e+00 3.171106338500976562e+00 2.951176881790161133e+00 4.291404247283935547e+00 5.126930236816406250e+00 2.157487869262695312e+00 4.341523170471191406e+00
4.560871124267578125e+00 4.707799434661865234e+00 5.259550094604492188e+00 6.678982734680175781e+00 3.838872194290161133e+00 3.805877923965454102e+00 2.033750534057617188e+00 3.650207996368408203e+00 3.732909917831420898e+00 5.081399917602539062e+00 6.519176959991455078e+00 5.840831756591796875e+00 3.870212554931640625e+00 3.429959297180175781e+00 5.933977127075195312e+00 2.086279392242431641e+00 3.010263919830322266e+00 5.182514667510986328e+00 4.191112041473388672e+00 4.154617309570312500e+00
3.218424320220947266e+00 3.139140129089355469e+00 3.128501892089843750e+00 4.910841941833496094e+00 3.155842781066894531e+00 3.158392906188964844e+00 2.829726934432983398e+00 4.294453620910644531e+00 9.623392105102539062e+00 3.768229484558105469e+00 6.185555458068847656e+00 5.599144458770751953e+00 7.636560440063476562e+00 4.919757843017578125e+00 8.948728561401367188e+00 5.631128787994384766e+00 3.252851486206054688e+00 6.880584716796875000e+00 5.438845157623291016e+00 4.007754325866699219e+00
7.833734989166259766e+00 3.059275388717651367e+00 6.316487312316894531e+00 7.744807243347167969e+00 3.006092071533203125e+00 7.164614677429199219e+00 3.717586517333984375e+00 7.050691604614257812e+00 9.389556884765625000e+00 5.358985900878906250e+00 6.645344734191894531e+00 7.105568408966064453e+00 8.126373291015625000e+00 2.322893619537353516e+00 3.154153823852539062e+00 4.699058532714843750e+00 3.321288347244262695e+00 8.040040969848632812e+00 5.702290534973144531e+00 3.325991153717041016e+00
6.893223762512207031e+00 7.630405902862548828e+00 7.225153923034667969e+00 5.421813011169433594e+00 4.614596366882324219e+00 4.233974456787109375e+00 3.501704692840576172e+00 5.634757995605468750e+00 3.756616115570068359e+00 5.409262180328369141e+00 2.574251413345336914e+00 3.230211734771728516e+00 6.173811912536621094e+00 8.923561096191406250e+00 2.504192352294921875e+00 6.734210014343261719e+00 2.428082942962646484e+00 5.001447677612304688e+00 6.780062675476074219e+00 8.071752548217773438e+00
4.203789710998535156e+00 4.642580986022949219e+00 5.114557743072509766e+00 8.528431892395019531e+00 7.161604404449462891e+00 3.621961116790771484e+00 3.405073165893554688e+00 3.172539949417114258e+00 4.126795768737792969e+00 3.762100219726562500e+00 3.969442367553710938e+00 4.059219360351562500e+00 2.960481166839599609e+00 6.738863945007324219e+00 3.456030607223510742e+00 4.762694358825683594e+00 4.492047786712646484e+00 3.378464698791503906e+00 9.456899642944335938e+00 2.685775756835937500e+00
4.363875865936279297e+00 3.677593708038330078e+00 6.173974037170410156e+00 6.450917720794677734e+00 5.670528411865234375e+00 2.650015830993652344e+00 3.009860754013061523e+00 4.831952095031738281e+00 3.054339408874511719e+00 4.681916236877441406e+00 2.811523437500000000e+00 4.253280162811279297e+00 5.508390903472900391e+00 6.996381759643554688e+00 5.758965492248535156e+00 2.373246908187866211e+00 6.262463569641113281e+00 3.673859119415283203e+00 3.139441013336181641e+00 3.853445053100585938e+00
5.848425865173339844e+00 1.068429088592529297e+01 3.704533100128173828e+00 4.444984912872314453e+00 3.673616647720336914e+00 3.292045831680297852e+00 3.459559917449951172e+00 3.892388582229614258e+00 4.640972137451171875e+00 7.258893013000488281e+00 6.158177852630615234e+00 6.723949432373046875e+00 6.614321708679199219e+00 1.673098802566528320e+00 3.460567951202392578e+00 4.224667549133300781e+00 6.870654582977294922e+00 3.419647693634033203e+00 3.552494764328002930e+00 2.252228021621704102e+00
3.473727703094482422e+00 3.850289344787597656e+00 3.862605094909667969e+00 2.215984821319580078e+00 3.153877019882202148e+00 3.007573127746582031e+00 3.046795845031738281e+00 2.538715362548828125e+00 2.972705602645874023e+00 2.939871788024902344e+00 3.999833583831787109e+00 8.098814010620117188e+00 5.184429645538330078e+00 5.735322952270507812e+00 1.558754563331604004e+00 4.969742298126220703e+00 2.577321052551269531e+00 4.219164371490478516e+00 4.160240173339843750e+00 5.258988380432128906e+00
5.273547172546386719e+00 3.164373874664306641e+00 3.502016544342041016e+00 4.795022487640380859e+00 2.889812231063842773e+00 5.371912002563476562e+00 4.046977043151855469e+00 2.660015344619750977e+00 3.708847045898437500e+00 2.699817895889282227e+00 2.154613971710205078e+00 3.997686862945556641e+00 3.261858701705932617e+00 1.658160805702209473e+00 4.939387798309326172e+00 5.249578952789306641e+00 3.599061012268066406e+00 3.189917087554931641e+00 4.379270076751708984e+00 3.548738956451416016e+00
3.766882419586181641e+00 3.256188869476318359e+00 3.344897508621215820e+00 1.503407001495361328e+00 3.849316835403442383e+00 2.810838699340820312e+00 3.069983482360839844e+00 3.687993526458740234e+00 4.242886543273925781e+00 3.972549676895141602e+00 3.642813920974731445e+00 4.874642372131347656e+00 2.935419559478759766e+00 4.431179046630859375e+00 3.598520278930664062e+00 3.477587699890136719e+00 4.325254440307617188e+00 2.823331356048583984e+00 4.462665557861328125e+00 3.221296310424804688e+00
2.694290161132812500e+00 2.741683006286621094e+00 3.748674392700195312e+00 3.752957820892333984e+00 3.703177213668823242e+00 3.258480787277221680e+00 2.702774286270141602e+00 4.669922351837158203e+00 2.604935646057128906e+00 2.759666919708251953e+00 3.332799911499023438e+00 3.987507820129394531e+00 3.314912796020507812e+00 4.085711002349853516e+00 4.028026103973388672e+00 2.529800415039062500e+00 2.570773839950561523e+00 3.698140144348144531e+00 4.730895996093750000e+00 4.138061046600341797e+00
3.444437265396118164e+00 3.856450080871582031e+00 3.527788639068603516e+00 3.328565597534179688e+00 2.781826019287109375e+00 3.879838228225708008e+00 2.871610641479492188e+00 4.439455986022949219e+00 4.012360095977783203e+00 3.302246809005737305e+00 2.266034603118896484e+00 2.497333049774169922e+00 3.379531145095825195e+00 2.699193000793457031e+00 3.017069339752197266e+00 3.490278720855712891e+00 4.443511486053466797e+00 2.997227430343627930e+00 3.293847084045410156e+00 3.754283905029296875e+00
3.271494865417480469e+00 3.153573513031005859e+00 3.405118942260742188e+00 4.757349967956542969e+00 2.926324844360351562e+00 2.873935222625732422e+00 2.379488945007324219e+00 3.050352811813354492e+00 3.431475877761840820e+00 2.810481071472167969e+00 4.767360687255859375e+00 2.389528274536132812e+00 2.536533355712890625e+00 3.272675991058349609e+00 3.359322071075439453e+00 3.623783588409423828e+00 3.693789005279541016e+00 2.559777259826660156e+00 3.951145172119140625e+00 4.694719314575195312e+00
4.226181030273437500e+00 2.992563009262084961e+00 4.304479598999023438e+00 3.505658864974975586e+00 4.556519508361816406e+00 2.348248720169067383e+00 2.982273578643798828e+00 4.186408519744873047e+00 4.947382926940917969e+00 4.221645832061767578e+00 2.783623218536376953e+00 3.942217350006103516e+00 2.998455047607421875e+00 3.636127948760986328e+00 3.309965372085571289e+00 3.796662330627441406e+00 3.094563007354736328e+00 3.341742038726806641e+00 3.132394790649414062e+00 4.363240242004394531e+00
2.895755767822265625e+00 3.964996337890625000e+00 3.349770069122314453e+00 6.962738037109375000e+00 4.741875648498535156e+00 2.797288417816162109e+00 3.135926008224487305e+00 2.745509147644042969e+00 4.637862205505371094e+00 4.308908462524414062e+00 4.892998695373535156e+00 2.180402994155883789e+00 3.590254545211791992e+00 3.039951801300048828e+00 3.263990640640258789e+00 2.927321910858154297e+00 3.198128223419189453e+00 5.511577606201171875e+00 2.813405990600585938e+00 2.685720920562744141e+00
4.192044258117675781e+00 3.444355964660644531e+00 2.362301349639892578e+00 1.969674587249755859e+00 4.929072380065917969e+00 3.637907266616821289e+00 4.476171493530273438e+00 2.352206707000732422e+00 4.449417114257812500e+00 5.022636890411376953e+00 3.673270702362060547e+00 5.832190513610839844e+00 2.477918624877929688e+00 2.368611097335815430e+00 3.729434728622436523e+00 2.094725370407104492e+00 3.722717046737670898e+00 3.112718820571899414e+00 5.289704322814941406e+00 2.035756587982177734e+00
4.439769744873046875e+00 2.945786952972412109e+00 3.221262216567993164e+00 5.425544738769531250e+00 3.514112472534179688e+00 1.536404252052307129e+00 3.082731723785400391e+00 3.850854396820068359e+00 5.239141464233398438e+00 6.334519863128662109e+00 4.132439613342285156e+00 5.725070953369140625e+00 5.581140041351318359e+00 4.024458885192871094e+00 4.748404979705810547e+00 4.727596282958984375e+00 4.073689460754394531e+00 4.168962955474853516e+00 3.557142972946166992e+00 3.547726869583129883e+00
