2019-07-25 13:15:00
6.341122627258300781e+00 4.885021686553955078e+00 4.411443233489990234e+00 3.447333335876464844e+00 4.251166820526123047e+00 5.602495193481445312e+00 4.275382995605468750e+00 4.648858070373535156e+00 6.706288337707519531e+00 1.164855384826660156e+01 3.049460887908935547e+00 1.889650344848632812e+00 7.285562515258789062e+00 4.237775325775146484e+00 4.369677066802978516e+00 7.407992362976074219e+00 7.693605899810791016e+00 3.794220685958862305e+00 3.212112426757812500e+00 3.650012731552124023e+00
6.962746143341064453e+00 6.848684310913085938e+00 6.805554866790771484e+00 8.255311965942382812e+00 6.151843070983886719e+00 6.157356262207031250e+00 3.187594175338745117e+00 3.361696958541870117e+00 4.502643585205078125e+00 2.698885679244995117e+00 4.296891212463378906e+00 2.909452199935913086e+00 3.261677265167236328e+00 5.413816452026367188e+00 4.838880062103271484e+00 2.642159461975097656e+00 5.855967998504638672e+00 3.227964878082275391e+00 1.361088275909423828e+00 3.089571714401245117e+00
7.675932884216308594e+00 5.112061977386474609e+00 7.447689056396484375e+00 9.390806198120117188e+00 8.031657218933105469e+00 6.274374485015869141e+00 8.618432998657226562e+00 3.120215415954589844e+00 4.101458072662353516e+00 3.989894628524780273e+00 3.451694011688232422e+00 4.832098007202148438e+00 3.858764886856079102e+00 6.677613735198974609e+00 7.087682723999023438e+00 3.359621047973632812e+00 5.058398246765136719e+00 5.377019405364990234e+00 3.910611391067504883e+00 3.388420343399047852e+00
4.006773948669433594e+00 6.409985542297363281e+00 7.679485321044921875e+00 8.245278358459472656e+00 5.071282386779785156e+00 5.120636940002441406e+00 4.128578662872314453e+00 4.518440723419189453e+00 3.307978153228759766e+00 7.186425209045410156e+00 9.293299674987792969e+00 4.612208843231201172e+00 2.849075794219970703e+00 3.956255912780761719e+00 5.267378807067871094e+00 2.844439268112182617e+00 3.195349693298339844e+00 6.615521430969238281e+00 4.130609512329101562e+00 4.578058719635009766e+00
3.788188695907592773e+00 3.552099704742431641e+00 4.646809577941894531e+00 3.460192203521728516e+00 2.595100402832031250e+00 7.490534782409667969e+00 2.648091316223144531e+00 9.692627906799316406e+00 7.013539314270019531e+00 1.008242607116699219e+01 4.969360828399658203e+00 3.938957929611206055e+00 8.372335433959960938e+00 3.548452854156494141e+00 7.285350799560546875e+00 7.019636631011962891e+00 3.095352172851562500e+00 6.841549873352050781e+00 9.876167297363281250e+00 2.911304473876953125e+00
4.800089359283447266e+00 2.934572935104370117e+00 6.189682006835937500e+00 8.329972267150878906e+00 6.659195899963378906e+00 5.439473152160644531e+00 3.320433139801025391e+00 9.000469207763671875e+00 4.430991172790527344e+00 4.429033756256103516e+00 9.448807716369628906e+00 7.584019660949707031e+00 4.388136863708496094e+00 4.447985649108886719e+00 4.193048477172851562e+00 7.793036460876464844e+00 4.520844459533691406e+00 6.862856864929199219e+00 6.803543090820312500e+00 3.081328630447387695e+00
6.113541603088378906e+00 6.154918193817138672e+00 5.203400611877441406e+00 5.743510246276855469e+00 5.453132629394531250e+00 6.577806949615478516e+00 4.899068355560302734e+00 5.572885513305664062e+00 2.769838809967041016e+00 3.839548587799072266e+00 4.269765853881835938e+00 4.462723731994628906e+00 6.555572509765625000e+00 7.667342185974121094e+00 4.366292953491210938e+00 5.033160209655761719e+00 3.085544586181640625e+00 2.354016304016113281e+00 6.238591194152832031e+00 5.632448196411132812e+00
4.275846958160400391e+00 3.285955667495727539e+00 5.704588413238525391e+00 8.485801696777343750e+00 7.880470275878906250e+00 5.398879051208496094e+00 3.017973184585571289e+00 3.912335395812988281e+00 3.533818244934082031e+00 3.490161895751953125e+00 2.747554540634155273e+00 2.205844402313232422e+00 5.980176448822021484e+00 5.498839378356933594e+00 3.392252206802368164e+00 4.428426265716552734e+00 3.700499534606933594e+00 3.955763816833496094e+00 8.076981544494628906e+00 3.860552549362182617e+00
8.456483840942382812e+00 6.728541851043701172e+00 9.786344528198242188e+00 6.466475009918212891e+00 6.790482044219970703e+00 2.625083923339843750e+00 2.291424751281738281e+00 4.175957679748535156e+00 4.764939308166503906e+00 7.661655426025390625e+00 2.695277214050292969e+00 2.992502212524414062e+00 8.295938491821289062e+00 6.281856536865234375e+00 6.133865356445312500e+00 5.226521015167236328e+00 7.407751560211181641e+00 3.619612693786621094e+00 3.559443473815917969e+00 3.236160039901733398e+00
4.493737220764160156e+00 4.834615707397460938e+00 3.239799976348876953e+00 3.253227233886718750e+00 3.558377981185913086e+00 2.221071481704711914e+00 3.056870222091674805e+00 2.735385417938232422e+00 7.347529888153076172e+00 6.708407402038574219e+00 4.530960083007812500e+00 5.543993949890136719e+00 6.921493530273437500e+00 2.629674911499023438e+00 3.510088205337524414e+00 3.251611232757568359e+00 8.354257583618164062e+00 3.035907745361328125e+00 3.180581092834472656e+00 3.145673036575317383e+00
3.011340618133544922e+00 3.646534919738769531e+00 4.006273269653320312e+00 2.985016584396362305e+00 3.988780021667480469e+00 4.576053619384765625e+00 2.252053260803222656e+00 3.723789691925048828e+00 4.391567230224609375e+00 3.374507904052734375e+00 3.716210842132568359e+00 3.609861850738525391e+00 4.917907714843750000e+00 4.490970611572265625e+00 3.720589160919189453e+00 3.160903930664062500e+00 3.920794725418090820e+00 6.373865604400634766e+00 2.615890026092529297e+00 4.531979560852050781e+00
3.063032627105712891e+00 2.975357770919799805e+00 3.631311178207397461e+00 3.598575115203857422e+00 2.643078804016113281e+00 2.009662628173828125e+00 3.352628707885742188e+00 3.367475271224975586e+00 3.235446453094482422e+00 5.410260200500488281e+00 4.266687870025634766e+00 3.545269489288330078e+00 2.749212026596069336e+00 4.853863239288330078e+00 1.899328589439392090e+00 6.945354938507080078e+00 4.762568473815917969e+00 3.754239320755004883e+00 2.755687713623046875e+00 3.400775432586669922e+00
3.369812250137329102e+00 4.391080856323242188e+00 2.700208187103271484e+00 2.498874187469482422e+00 2.863005399703979492e+00 3.941961765289306641e+00 4.031708717346191406e+00 3.493057250976562500e+00 3.531660795211791992e+00 3.609424114227294922e+00 4.489367485046386719e+00 3.357883453369140625e+00 4.077328681945800781e+00 4.294726848602294922e+00 3.605835914611816406e+00 2.042961597442626953e+00 2.520205974578857422e+00 3.100384235382080078e+00 2.401910305023193359e+00 4.598007202148437500e+00
3.356456041336059570e+00 2.506268024444580078e+00 3.287265062332153320e+00 3.370565176010131836e+00 4.367587566375732422e+00 3.932512283325195312e+00 2.998234033584594727e+00 3.600745201110839844e+00 4.538447856903076172e+00 4.576215744018554688e+00 3.618252992630004883e+00 4.137185096740722656e+00 4.535051822662353516e+00 3.467274427413940430e+00 3.712699413299560547e+00 3.633781433105468750e+00 2.829455375671386719e+00 3.705163478851318359e+00 3.732442378997802734e+00 3.666624069213867188e+00
4.683599948883056641e+00 2.816703319549560547e+00 3.863165855407714844e+00 4.485021114349365234e+00 3.840274333953857422e+00 5.087025642395019531e+00 2.549600124359130859e+00 3.884062767028808594e+00 4.134148120880126953e+00 4.116302490234375000e+00 3.158738613128662109e+00 3.066732406616210938e+00 2.175426244735717773e+00 4.032459259033203125e+00 5.013180732727050781e+00 4.093116760253906250e+00 3.083967208862304688e+00 4.560267925262451172e+00 3.209157943725585938e+00 6.874981880187988281e+00
2.963827133178710938e+00 3.122928142547607422e+00 3.518801689147949219e+00 3.621565341949462891e+00 2.242259502410888672e+00 6.588014602661132812e+00 3.930721759796142578e+00 3.522777557373046875e+00 2.883996486663818359e+00 3.097501039505004883e+00 2.293015956878662109e+00 2.931772470474243164e+00 4.286459922790527344e+00 2.373384475708007812e+00 3.199409008026123047e+00 4.754858493804931641e+00 3.488595962524414062e+00 4.679651260375976562e+00 3.494814634323120117e+00 9.398317337036132812e+00
4.265307426452636719e+00 4.269335269927978516e+00 4.588464260101318359e+00 3.500178337097167969e+00 5.895837783813476562e+00 4.343468666076660156e+00 2.604742765426635742e+00 4.626911163330078125e+00 2.677572965621948242e+00 1.809118986129760742e+00 3.773723125457763672e+00 3.433233261108398438e+00 4.089376926422119141e+00 3.245062828063964844e+00 4.055948734283447266e+00 4.341220855712890625e+00 4.059171676635742188e+00 3.434027671813964844e+00 3.809719085693359375e+00 6.099154472351074219e+00
2.933283805847167969e+00 3.209377527236938477e+00 3.719745635986328125e+00 4.467310905456542969e+00 5.066926002502441406e+00 3.317910194396972656e+00 4.976686477661132812e+00 3.717360019683837891e+00 3.925735950469970703e+00 3.872863531112670898e+00 4.710786819458007812e+00 3.498555660247802734e+00 5.515685081481933594e+00 2.125652313232421875e+00 3.855304002761840820e+00 4.000881195068359375e+00 4.476995468139648438e+00 4.493154525756835938e+00 2.744134426116943359e+00 4.888901233673095703e+00
2.600054740905761719e+00 3.358960628509521484e+00 2.774865627288818359e+00 4.495837688446044922e+00 4.373785495758056641e+00 5.961318969726562500e+00 4.048324108123779297e+00 4.045537948608398438e+00 3.352626323699951172e+00 4.130972385406494141e+00 3.763223409652709961e+00 6.771290779113769531e+00 3.156083583831787109e+00 2.535809993743896484e+00 4.961711406707763672e+00 3.824394941329956055e+00 3.802916526794433594e+00 2.845971584320068359e+00 5.730791091918945312e+00 3.155503273010253906e+00
5.480162620544433594e+00 4.686093807220458984e+00 3.147180795669555664e+00 2.751802444458007812e+00 3.190529584884643555e+00 5.570201396942138672e+00 3.948450326919555664e+00 3.146582126617431641e+00 7.161561012268066406e+00 5.253249168395996094e+00 3.556504726409912109e+00 5.044605731964111328e+00 7.549917697906494141e+00 4.386976242065429688e+00 4.303716659545898438e+00 4.466188907623291016e+00 2.999437093734741211e+00 6.138735771179199219e+00 4.993767738342285156e+00 3.172056913375854492e+00
