2019-07-25 13:30:00
7.315995216369628906e+00 6.497239112854003906e+00 7.786641597747802734e+00 2.861943721771240234e+00 5.112215518951416016e+00 3.910896778106689453e+00 2.681069374084472656e+00 4.518542766571044922e+00 6.287959575653076172e+00 9.059209823608398438e+00 5.366912364959716797e+00 3.568953990936279297e+00 7.316852092742919922e+00 4.021226406097412109e+00 4.588089942932128906e+00 5.020420074462890625e+00 6.274504661560058594e+00 4.067514896392822266e+00 3.523992061614990234e+00 3.029159545898437500e+00
6.294718742370605469e+00 8.661796569824218750e+00 7.533627510070800781e+00 4.906180381774902344e+00 6.201187133789062500e+00 3.212038993835449219e+00 4.721977710723876953e+00 3.765585422515869141e+00 2.621982812881469727e+00 3.927328109741210938e+00 4.015602588653564453e+00 3.532703876495361328e+00 4.834563732147216797e+00 5.627422332763671875e+00 4.177886009216308594e+00 4.470735549926757812e+00 6.012083053588867188e+00 5.052371501922607422e+00 4.633456230163574219e+00 2.710827350616455078e+00
9.669193267822265625e+00 7.170481681823730469e+00 7.840923309326171875e+00 6.432446479797363281e+00 7.851953506469726562e+00 3.516394376754760742e+00 7.652828216552734375e+00 3.801957130432128906e+00 3.215801954269409180e+00 4.438738346099853516e+00 7.933543682098388672e+00 4.082368850708007812e+00 3.344106197357177734e+00 6.526349544525146484e+00 4.398327827453613281e+00 2.893260240554809570e+00 6.391982078552246094e+00 4.113368988037109375e+00 4.092309951782226562e+00 5.573150634765625000e+00
4.474919319152832031e+00 9.421598434448242188e+00 7.774635314941406250e+00 9.357203483581542969e+00 4.094333171844482422e+00 3.828114271163940430e+00 2.768956899642944336e+00 4.183497428894042969e+00 4.477214336395263672e+00 1.134661674499511719e+01 5.337311744689941406e+00 8.232179641723632812e+00 3.370231151580810547e+00 3.532864093780517578e+00 4.993675231933593750e+00 3.289035081863403320e+00 3.477976799011230469e+00 4.971308231353759766e+00 2.764288902282714844e+00 3.804764986038208008e+00
3.218926668167114258e+00 3.746827602386474609e+00 3.425374746322631836e+00 4.488467216491699219e+00 4.363241672515869141e+00 6.550688266754150391e+00 3.034432649612426758e+00 4.431025505065917969e+00 7.021323204040527344e+00 3.920333385467529297e+00 6.211076736450195312e+00 5.364557743072509766e+00 9.276300430297851562e+00 3.535774230957031250e+00 5.336914062500000000e+00 7.105500698089599609e+00 3.523361682891845703e+00 9.550861358642578125e+00 8.335069656372070312e+00 3.136555194854736328e+00
5.739941596984863281e+00 4.767319679260253906e+00 8.705030441284179688e+00 9.391977310180664062e+00 7.307552814483642578e+00 5.221485614776611328e+00 3.365013599395751953e+00 5.809673309326171875e+00 7.140950202941894531e+00 5.719954490661621094e+00 6.781274795532226562e+00 4.980260848999023438e+00 2.402988672256469727e+00 3.745544910430908203e+00 3.775565624237060547e+00 8.264514923095703125e+00 3.918939590454101562e+00 6.103398323059082031e+00 9.888435363769531250e+00 3.433782577514648438e+00
7.570007801055908203e+00 6.364752769470214844e+00 6.886007785797119141e+00 6.585499763488769531e+00 8.245659828186035156e+00 8.674666404724121094e+00 4.113663196563720703e+00 4.479995727539062500e+00 4.572762966156005859e+00 3.916357278823852539e+00 3.264649868011474609e+00 5.104681015014648438e+00 9.550445556640625000e+00 3.620610237121582031e+00 4.267241477966308594e+00 6.668923377990722656e+00 4.351565361022949219e+00 4.478055000305175781e+00 5.021241188049316406e+00 4.664977073669433594e+00
9.647347450256347656e+00 8.218865394592285156e+00 5.613152027130126953e+00 8.694440841674804688e+00 5.254458427429199219e+00 7.204654693603515625e+00 3.568435668945312500e+00 4.608346462249755859e+00 4.314635276794433594e+00 6.862831115722656250e+00 5.742175102233886719e+00 3.764658451080322266e+00 9.225768089294433594e+00 7.631034374237060547e+00 4.355590343475341797e+00 4.324315071105957031e+00 7.948125839233398438e+00 3.716503620147705078e+00 4.750401020050048828e+00 3.485077381134033203e+00
3.975637197494506836e+00 5.827302932739257812e+00 1.059985160827636719e+01 7.673812866210937500e+00 7.415761947631835938e+00 3.804167985916137695e+00 4.291113853454589844e+00 4.161482810974121094e+00 5.508336544036865234e+00 4.831509590148925781e+00 6.188685894012451172e+00 4.052447795867919922e+00 4.084890365600585938e+00 5.326650142669677734e+00 9.144384384155273438e+00 3.894593954086303711e+00 6.828212738037109375e+00 3.183074235916137695e+00 4.986475944519042969e+00 4.175798416137695312e+00
4.353873252868652344e+00 5.264710903167724609e+00 3.890389919281005859e+00 3.796393871307373047e+00 2.822017669677734375e+00 4.255203723907470703e+00 2.184182167053222656e+00 3.976486682891845703e+00 8.019367218017578125e+00 1.149486541748046875e+01 8.221895217895507812e+00 7.876502990722656250e+00 4.638123512268066406e+00 4.449156761169433594e+00 4.714372158050537109e+00 3.619250774383544922e+00 1.029712200164794922e+01 2.415510177612304688e+00 3.531474113464355469e+00 3.612872123718261719e+00
4.227077484130859375e+00 2.498260974884033203e+00 3.114281892776489258e+00 2.398820877075195312e+00 3.232145071029663086e+00 4.942566871643066406e+00 3.664220809936523438e+00 2.336766958236694336e+00 3.588055133819580078e+00 3.528339862823486328e+00 5.745049476623535156e+00 5.647802352905273438e+00 4.570298194885253906e+00 4.633766174316406250e+00 6.086563110351562500e+00 3.490361452102661133e+00 4.411059856414794922e+00 4.174174785614013672e+00 3.760255813598632812e+00 4.142993927001953125e+00
1.915171504020690918e+00 3.943344831466674805e+00 2.965340614318847656e+00 3.312561035156250000e+00 6.289329528808593750e+00 3.608564853668212891e+00 2.508198261260986328e+00 2.812402248382568359e+00 4.053801536560058594e+00 2.396853208541870117e+00 3.301299095153808594e+00 2.967395782470703125e+00 4.385254383087158203e+00 3.710774183273315430e+00 2.994376897811889648e+00 9.002901077270507812e+00 5.200931549072265625e+00 3.804261684417724609e+00 3.107217788696289062e+00 3.970038414001464844e+00
3.271585464477539062e+00 4.125376701354980469e+00 3.348262071609497070e+00 3.424571990966796875e+00 4.584234237670898438e+00 3.153594017028808594e+00 1.600433588027954102e+00 2.195088624954223633e+00 3.414991855621337891e+00 2.683177947998046875e+00 3.860938787460327148e+00 3.819835901260375977e+00 4.267353534698486328e+00 3.463729858398437500e+00 4.696500778198242188e+00 4.313727378845214844e+00 3.401065826416015625e+00 4.597304821014404297e+00 5.998757839202880859e+00 3.145002365112304688e+00
3.480418443679809570e+00 2.771207809448242188e+00 3.855626583099365234e+00 4.657360553741455078e+00 3.248077869415283203e+00 4.418438911437988281e+00 5.104403972625732422e+00 3.536323547363281250e+00 3.409028530120849609e+00 3.174565792083740234e+00 3.809089422225952148e+00 4.423851013183593750e+00 3.035076618194580078e+00 4.602889060974121094e+00 3.341939926147460938e+00 3.351524591445922852e+00 4.175415039062500000e+00 3.414353609085083008e+00 2.947262287139892578e+00 4.369140625000000000e+00
4.192716598510742188e+00 5.575399875640869141e+00 2.627686023712158203e+00 4.186184406280517578e+00 5.921964645385742188e+00 6.862699985504150391e+00 3.919173240661621094e+00 3.336080789566040039e+00 3.917667388916015625e+00 3.117060661315917969e+00 5.605695724487304688e+00 2.775634527206420898e+00 2.260279655456542969e+00 4.263262748718261719e+00 3.141080379486083984e+00 4.469293117523193359e+00 4.340747356414794922e+00 3.480928182601928711e+00 4.194590568542480469e+00 5.407274246215820312e+00
2.681825876235961914e+00 4.164910316467285156e+00 3.633539915084838867e+00 2.770874977111816406e+00 6.915775775909423828e+00 5.658678054809570312e+00 5.913133621215820312e+00 3.901093006134033203e+00 3.944206237792968750e+00 3.495518922805786133e+00 3.786892890930175781e+00 4.371068477630615234e+00 3.850759506225585938e+00 3.739000320434570312e+00 2.587693691253662109e+00 2.187414884567260742e+00 2.528304100036621094e+00 2.838995218276977539e+00 3.883420705795288086e+00 9.356996536254882812e+00
3.486927747726440430e+00 4.353394985198974609e+00 5.263862133026123047e+00 4.025065422058105469e+00 5.148942470550537109e+00 5.351680755615234375e+00 4.899963378906250000e+00 5.370975494384765625e+00 5.363040924072265625e+00 4.391705513000488281e+00 3.514564037322998047e+00 3.101206541061401367e+00 2.919592618942260742e+00 3.059959411621093750e+00 4.918897628784179688e+00 4.388206481933593750e+00 4.151409149169921875e+00 5.313468933105468750e+00 3.584130048751831055e+00 6.653593540191650391e+00
3.370431423187255859e+00 3.380751132965087891e+00 3.763542413711547852e+00 3.066581726074218750e+00 9.050352096557617188e+00 3.716310262680053711e+00 6.153223514556884766e+00 4.196123123168945312e+00 6.765309333801269531e+00 6.485192298889160156e+00 4.536693572998046875e+00 3.434161901473999023e+00 3.594046592712402344e+00 3.296350002288818359e+00 4.574386119842529297e+00 3.034099102020263672e+00 4.324494361877441406e+00 5.681324958801269531e+00 2.785827636718750000e+00 3.185340881347656250e+00
5.022550582885742188e+00 4.565094947814941406e+00 3.582295417785644531e+00 3.542715072631835938e+00 7.570136070251464844e+00 6.631258010864257812e+00 4.538399696350097656e+00 5.466141700744628906e+00 6.738391399383544922e+00 5.829287528991699219e+00 6.881181716918945312e+00 4.224925041198730469e+00 2.531974077224731445e+00 3.665583610534667969e+00 6.497820854187011719e+00 4.474561691284179688e+00 2.840082645416259766e+00 3.671485424041748047e+00 6.435913085937500000e+00 5.509777069091796875e+00
5.646369934082031250e+00 5.711522102355957031e+00 2.888466358184814453e+00 3.403796672821044922e+00 3.713000535964965820e+00 3.544106483459472656e+00 6.339407920837402344e+00 5.502586364746093750e+00 6.169946670532226562e+00 4.985299110412597656e+00 5.644493103027343750e+00 2.245165348052978516e+00 7.665478706359863281e+00 2.659963607788085938e+00 4.268935203552246094e+00 2.646583557128906250e+00 5.557418346405029297e+00 5.682900428771972656e+00 3.916766166687011719e+00 4.096311092376708984e+00
