2019-07-25 13:45:00
7.059103012084960938e+00 6.875291824340820312e+00 6.496524810791015625e+00 5.159905433654785156e+00 3.530144929885864258e+00 3.143774271011352539e+00 4.178448677062988281e+00 4.499084472656250000e+00 1.005795860290527344e+01 5.245464324951171875e+00 3.172442913055419922e+00 3.297232627868652344e+00 1.019708538055419922e+01 4.851818561553955078e+00 3.916791200637817383e+00 7.969605922698974609e+00 4.389947414398193359e+00 3.754568099975585938e+00 1.637736439704895020e+00 4.733932018280029297e+00
6.990924835205078125e+00 6.221023559570312500e+00 6.783836364746093750e+00 6.840768337249755859e+00 4.711931228637695312e+00 4.262923240661621094e+00 3.354291677474975586e+00 4.533608436584472656e+00 3.319421291351318359e+00 2.816948890686035156e+00 3.871495008468627930e+00 4.150154113769531250e+00 3.691141128540039062e+00 4.601057052612304688e+00 4.574509620666503906e+00 3.775862216949462891e+00 8.379753112792968750e+00 7.263372898101806641e+00 2.409004211425781250e+00 4.798745632171630859e+00
6.485881805419921875e+00 6.049013614654541016e+00 4.090151309967041016e+00 9.698408126831054688e+00 3.833161592483520508e+00 4.963350772857666016e+00 5.438916206359863281e+00 4.084752559661865234e+00 2.535502910614013672e+00 3.143821716308593750e+00 5.228990554809570312e+00 4.077011108398437500e+00 2.327229499816894531e+00 5.878756523132324219e+00 7.400443077087402344e+00 2.950609445571899414e+00 7.847058773040771484e+00 2.540767669677734375e+00 4.162049293518066406e+00 3.856541395187377930e+00
3.128326416015625000e+00 8.775213241577148438e+00 5.488572120666503906e+00 6.411606311798095703e+00 5.309840202331542969e+00 3.421507835388183594e+00 4.175651073455810547e+00 3.131443738937377930e+00 4.668610572814941406e+00 6.427059173583984375e+00 6.790530204772949219e+00 7.270302772521972656e+00 3.160037517547607422e+00 1.990780353546142578e+00 5.190475463867187500e+00 4.449261188507080078e+00 2.970791339874267578e+00 6.099683284759521484e+00 4.208662033081054688e+00 3.784137248992919922e+00
3.367580890655517578e+00 3.195918560028076172e+00 4.278001308441162109e+00 4.581981658935546875e+00 4.597730636596679688e+00 5.863051414489746094e+00 3.755795955657958984e+00 4.346699237823486328e+00 5.421196937561035156e+00 8.355808258056640625e+00 6.988018989562988281e+00 4.880675792694091797e+00 4.653571128845214844e+00 2.995989322662353516e+00 7.151609420776367188e+00 4.448966503143310547e+00 4.114064693450927734e+00 5.041321277618408203e+00 6.453154563903808594e+00 3.468858480453491211e+00
5.725064277648925781e+00 3.135680675506591797e+00 8.142920494079589844e+00 7.704557418823242188e+00 3.219931602478027344e+00 7.404196739196777344e+00 3.170407772064208984e+00 7.757096290588378906e+00 6.284218788146972656e+00 5.170117855072021484e+00 3.590008497238159180e+00 5.373175144195556641e+00 7.357082843780517578e+00 3.867343187332153320e+00 4.088210105895996094e+00 7.384630203247070312e+00 4.257189750671386719e+00 4.629014015197753906e+00 5.685029029846191406e+00 3.982776641845703125e+00
7.348066329956054688e+00 1.006647109985351562e+01 6.277360916137695312e+00 8.725400924682617188e+00 2.710642099380493164e+00 4.020085334777832031e+00 2.873169422149658203e+00 6.593253135681152344e+00 4.491724014282226562e+00 3.916232824325561523e+00 3.954634189605712891e+00 3.750191211700439453e+00 5.484687805175781250e+00 5.529084682464599609e+00 4.464817047119140625e+00 4.089190006256103516e+00 2.947623491287231445e+00 3.022056818008422852e+00 8.573935508728027344e+00 7.505994319915771484e+00
5.254503250122070312e+00 3.303269863128662109e+00 3.011267423629760742e+00 6.012303829193115234e+00 5.810044288635253906e+00 4.310922622680664062e+00 3.294276237487792969e+00 4.788192749023437500e+00 3.841680526733398438e+00 4.132571220397949219e+00 4.161610126495361328e+00 2.074221611022949219e+00 3.926932334899902344e+00 6.889012813568115234e+00 3.558643817901611328e+00 2.928599357604980469e+00 4.077745437622070312e+00 2.515076875686645508e+00 6.011285305023193359e+00 4.401154518127441406e+00
4.645694255828857422e+00 5.135510444641113281e+00 7.084174633026123047e+00 6.421760559082031250e+00 3.754864454269409180e+00 5.280614852905273438e+00 3.181804180145263672e+00 4.017227172851562500e+00 3.145943641662597656e+00 5.252576828002929688e+00 3.484970092773437500e+00 3.124269962310791016e+00 7.572035789489746094e+00 5.418715000152587891e+00 5.754197597503662109e+00 4.227038383483886719e+00 3.719807147979736328e+00 3.058263778686523438e+00 3.022866487503051758e+00 3.836766719818115234e+00
9.411405563354492188e+00 5.015914916992187500e+00 2.353931665420532227e+00 4.344532012939453125e+00 3.607433795928955078e+00 3.320178508758544922e+00 3.470328807830810547e+00 2.662642240524291992e+00 4.598728179931640625e+00 2.671765089035034180e+00 6.442641258239746094e+00 6.583431243896484375e+00 6.299906253814697266e+00 2.737451076507568359e+00 3.651783943176269531e+00 2.921221256256103516e+00 9.559288024902343750e+00 2.916357755661010742e+00 2.240591049194335938e+00 3.120770454406738281e+00
2.846588850021362305e+00 3.821820497512817383e+00 4.876341819763183594e+00 3.609827995300292969e+00 3.746084451675415039e+00 3.636505126953125000e+00 2.411774158477783203e+00 3.772685527801513672e+00 2.545634746551513672e+00 3.071836471557617188e+00 3.878222227096557617e+00 5.653053283691406250e+00 3.698453664779663086e+00 3.845503807067871094e+00 3.028162479400634766e+00 3.399595737457275391e+00 4.587865352630615234e+00 6.529160499572753906e+00 4.637192726135253906e+00 7.373573303222656250e+00
2.957917690277099609e+00 2.460537195205688477e+00 3.966947317123413086e+00 5.009188652038574219e+00 4.674137592315673828e+00 4.113539695739746094e+00 4.492999076843261719e+00 5.283459186553955078e+00 3.684071302413940430e+00 2.872279644012451172e+00 3.812761068344116211e+00 1.707859396934509277e+00 3.267884254455566406e+00 3.335665464401245117e+00 2.882135152816772461e+00 8.922847747802734375e+00 4.089460372924804688e+00 3.336515426635742188e+00 3.110855102539062500e+00 5.119539260864257812e+00
3.021539449691772461e+00 3.474058866500854492e+00 3.588358640670776367e+00 4.089202404022216797e+00 3.886324167251586914e+00 3.618409156799316406e+00 5.131665229797363281e+00 4.790056705474853516e+00 3.250341892242431641e+00 3.901604652404785156e+00 4.232023239135742188e+00 2.558085441589355469e+00 3.783765316009521484e+00 3.639964580535888672e+00 3.577151775360107422e+00 3.363353490829467773e+00 3.381112575531005859e+00 4.123983383178710938e+00 3.465710639953613281e+00 4.033233642578125000e+00
3.883606433868408203e+00 3.367095947265625000e+00 4.118155002593994141e+00 2.834919929504394531e+00 3.493705272674560547e+00 5.513258934020996094e+00 3.005640983581542969e+00 3.294538021087646484e+00 3.930712461471557617e+00 3.496147155761718750e+00 3.484095335006713867e+00 2.736687183380126953e+00 3.485519409179687500e+00 3.697503805160522461e+00 2.779994010925292969e+00 2.702011346817016602e+00 2.919925451278686523e+00 3.671369314193725586e+00 5.077938079833984375e+00 3.960868597030639648e+00
2.433235168457031250e+00 4.193044662475585938e+00 2.979986667633056641e+00 5.695430278778076172e+00 4.002305030822753906e+00 2.860568761825561523e+00 3.448058128356933594e+00 3.247413158416748047e+00 4.313032627105712891e+00 2.345496654510498047e+00 3.305903911590576172e+00 4.916447639465332031e+00 3.157468080520629883e+00 3.843277931213378906e+00 3.939235210418701172e+00 3.870956420898437500e+00 3.276368141174316406e+00 3.101071596145629883e+00 3.756437778472900391e+00 5.672868728637695312e+00
5.586410045623779297e+00 3.946899652481079102e+00 3.438476562500000000e+00 2.631267309188842773e+00 4.031846523284912109e+00 4.556643009185791016e+00 4.837312698364257812e+00 4.371776580810546875e+00 3.578293323516845703e+00 1.833080053329467773e+00 3.394536018371582031e+00 1.352239370346069336e+00 2.997423410415649414e+00 3.468342542648315430e+00 2.259677886962890625e+00 3.478857040405273438e+00 3.505839347839355469e+00 4.592227935791015625e+00 3.621216297149658203e+00 9.601663589477539062e+00
2.657325983047485352e+00 4.787100791931152344e+00 4.537343502044677734e+00 3.555917739868164062e+00 5.305871009826660156e+00 3.764533758163452148e+00 2.702626705169677734e+00 5.460290908813476562e+00 3.443863391876220703e+00 2.382257461547851562e+00 4.095702648162841797e+00 3.373857498168945312e+00 4.221703052520751953e+00 2.507714748382568359e+00 3.995021820068359375e+00 5.885160446166992188e+00 3.655787944793701172e+00 3.290244102478027344e+00 3.924962520599365234e+00 4.975372314453125000e+00
4.065341472625732422e+00 4.028341293334960938e+00 3.682873249053955078e+00 3.121238708496093750e+00 6.809733390808105469e+00 4.220163345336914062e+00 3.965501308441162109e+00 3.071507453918457031e+00 8.342990875244140625e+00 5.649784088134765625e+00 5.295702934265136719e+00 1.774554491043090820e+00 4.369565010070800781e+00 3.097661256790161133e+00 2.270357131958007812e+00 3.256151914596557617e+00 6.095728874206542969e+00 4.480215549468994141e+00 3.252813100814819336e+00 3.220090389251708984e+00
4.568902015686035156e+00 4.387890338897705078e+00 3.196525573730468750e+00 3.673891067504882812e+00 4.054700851440429688e+00 4.149159431457519531e+00 3.988460540771484375e+00 3.119216918945312500e+00 3.548270225524902344e+00 5.932327270507812500e+00 5.323766708374023438e+00 7.941154479980468750e+00 3.716424226760864258e+00 2.306720972061157227e+00 5.290929794311523438e+00 2.694467782974243164e+00 3.759689331054687500e+00 5.847839355468750000e+00 3.698291778564453125e+00 2.094168186187744141e+00
4.505800247192382812e+00 4.600785732269287109e+00 2.600895881652832031e+00 2.960200786590576172e+00 5.032553195953369141e+00 2.993935585021972656e+00 4.682675838470458984e+00 3.486713171005249023e+00 5.021590709686279297e+00 6.735262870788574219e+00 3.222100257873535156e+00 5.739233970642089844e+00 5.138225078582763672e+00 3.606614351272583008e+00 5.185274124145507812e+00 4.343219757080078125e+00 3.340148687362670898e+00 6.506472587585449219e+00 3.269869804382324219e+00 4.162533760070800781e+00
