2019-07-25 14:30:00
8.364073753356933594e+00 5.472244739532470703e+00 7.961518764495849609e+00 3.319244146347045898e+00 4.739869594573974609e+00 3.416539669036865234e+00 3.497593879699707031e+00 4.467149257659912109e+00 8.003900527954101562e+00 6.521377563476562500e+00 4.606949806213378906e+00 2.488199234008789062e+00 7.674306869506835938e+00 4.317233085632324219e+00 4.547187805175781250e+00 6.526284217834472656e+00 8.836489677429199219e+00 2.855706214904785156e+00 3.685666084289550781e+00 2.342168092727661133e+00
5.179881095886230469e+00 6.342075347900390625e+00 7.344622135162353516e+00 8.690425872802734375e+00 6.215046882629394531e+00 2.368275403976440430e+00 3.149444818496704102e+00 3.672965526580810547e+00 2.282809734344482422e+00 3.756895542144775391e+00 4.713641166687011719e+00 4.820135116577148438e+00 3.058670759201049805e+00 6.012982368469238281e+00 3.292501926422119141e+00 3.126157760620117188e+00 6.038741588592529297e+00 5.692536354064941406e+00 4.962371826171875000e+00 4.449789047241210938e+00
7.023308277130126953e+00 7.674061775207519531e+00 6.138959407806396484e+00 6.269271373748779297e+00 5.044907093048095703e+00 3.981915473937988281e+00 5.652691841125488281e+00 3.334212303161621094e+00 2.980356454849243164e+00 3.452929735183715820e+00 5.142324447631835938e+00 6.433097839355468750e+00 2.804408550262451172e+00 7.365852355957031250e+00 5.814008712768554688e+00 3.613251686096191406e+00 5.472092628479003906e+00 2.935950279235839844e+00 3.244342088699340820e+00 2.915479898452758789e+00
5.930560111999511719e+00 7.123206615447998047e+00 6.156281471252441406e+00 4.153642654418945312e+00 4.443362236022949219e+00 3.733531475067138672e+00 4.088272571563720703e+00 4.569340705871582031e+00 3.867591857910156250e+00 6.158477783203125000e+00 7.911804676055908203e+00 5.927850246429443359e+00 3.654125213623046875e+00 4.231749534606933594e+00 4.863604545593261719e+00 3.472459316253662109e+00 4.568249225616455078e+00 8.660915374755859375e+00 3.886451244354248047e+00 3.026601314544677734e+00
4.183864116668701172e+00 4.002693176269531250e+00 3.954558372497558594e+00 4.126787662506103516e+00 4.445949554443359375e+00 6.494739532470703125e+00 4.624433040618896484e+00 1.081408405303955078e+01 6.151302814483642578e+00 8.796991348266601562e+00 6.922238349914550781e+00 7.021406173706054688e+00 7.372477531433105469e+00 5.343743324279785156e+00 9.173252105712890625e+00 1.293846702575683594e+01 4.894163131713867188e+00 8.532882690429687500e+00 4.342910766601562500e+00 3.359224319458007812e+00
3.969028234481811523e+00 2.660673856735229492e+00 7.047334671020507812e+00 8.519527435302734375e+00 6.931228160858154297e+00 1.149656867980957031e+01 3.841830492019653320e+00 7.114409923553466797e+00 6.753231048583984375e+00 8.142523765563964844e+00 6.744666099548339844e+00 7.574208259582519531e+00 4.402479171752929688e+00 3.964291095733642578e+00 3.950928926467895508e+00 5.033998489379882812e+00 4.134831905364990234e+00 5.640998840332031250e+00 5.578178405761718750e+00 4.258636474609375000e+00
4.756260395050048828e+00 1.084225273132324219e+01 8.871033668518066406e+00 9.435067176818847656e+00 4.475539207458496094e+00 5.603132247924804688e+00 4.522518157958984375e+00 5.544887065887451172e+00 3.935936212539672852e+00 3.252941608428955078e+00 4.489301681518554688e+00 4.390554904937744141e+00 6.060414314270019531e+00 7.687908649444580078e+00 6.282916069030761719e+00 6.369636058807373047e+00 4.822552680969238281e+00 2.125148773193359375e+00 7.388269424438476562e+00 1.090115737915039062e+01
6.036854743957519531e+00 5.391586303710937500e+00 4.651467323303222656e+00 1.354270172119140625e+01 9.413170814514160156e+00 5.253459930419921875e+00 3.604888916015625000e+00 2.497795581817626953e+00 6.238351821899414062e+00 4.566508293151855469e+00 5.741650581359863281e+00 4.280652046203613281e+00 8.720501899719238281e+00 7.876274108886718750e+00 4.139003753662109375e+00 3.167281866073608398e+00 4.855994224548339844e+00 4.716847896575927734e+00 7.141407966613769531e+00 4.298145771026611328e+00
5.893203258514404297e+00 3.227296829223632812e+00 5.130445480346679688e+00 5.340901374816894531e+00 7.345169544219970703e+00 3.994359016418457031e+00 5.921590805053710938e+00 5.134242057800292969e+00 5.008636951446533203e+00 4.284460067749023438e+00 6.809621810913085938e+00 5.750612258911132812e+00 6.865375041961669922e+00 5.621620655059814453e+00 4.512704849243164062e+00 4.516767501831054688e+00 5.292237281799316406e+00 3.459026813507080078e+00 3.584984779357910156e+00 3.971248865127563477e+00
6.696590900421142578e+00 6.193294048309326172e+00 4.323560237884521484e+00 3.090273618698120117e+00 3.839945316314697266e+00 3.044473409652709961e+00 4.233714580535888672e+00 2.993195772171020508e+00 6.930962085723876953e+00 8.517992019653320312e+00 6.394200325012207031e+00 5.865337371826171875e+00 7.538865566253662109e+00 4.221619606018066406e+00 5.067227363586425781e+00 3.532979488372802734e+00 6.227099418640136719e+00 2.962613105773925781e+00 3.922217845916748047e+00 4.099311828613281250e+00
2.829548835754394531e+00 4.497354030609130859e+00 3.457557439804077148e+00 3.023787736892700195e+00 5.137443542480468750e+00 3.127270698547363281e+00 2.128290653228759766e+00 3.411069393157958984e+00 6.893143653869628906e+00 4.857441902160644531e+00 3.882890462875366211e+00 2.834857940673828125e+00 6.551838874816894531e+00 4.368670940399169922e+00 4.671430587768554688e+00 2.664872646331787109e+00 4.266647338867187500e+00 6.849927425384521484e+00 3.843936920166015625e+00 5.244524002075195312e+00
3.749525785446166992e+00 3.733839750289916992e+00 4.448156356811523438e+00 4.512743949890136719e+00 3.810854434967041016e+00 4.505605697631835938e+00 3.548084974288940430e+00 3.035895347595214844e+00 3.741902351379394531e+00 5.042436599731445312e+00 5.706052780151367188e+00 3.271367788314819336e+00 3.908505678176879883e+00 4.309102058410644531e+00 3.910124540328979492e+00 9.236339569091796875e+00 4.410166263580322266e+00 4.651416301727294922e+00 3.477354764938354492e+00 4.209392547607421875e+00
2.093652248382568359e+00 4.111229896545410156e+00 2.860372066497802734e+00 2.135815382003784180e+00 1.590824723243713379e+00 3.114519357681274414e+00 3.097497940063476562e+00 3.972540855407714844e+00 4.092366695404052734e+00 3.293470382690429688e+00 3.487160921096801758e+00 4.329915523529052734e+00 4.435781478881835938e+00 3.473606348037719727e+00 3.261779785156250000e+00 4.048848152160644531e+00 5.005721092224121094e+00 2.596158027648925781e+00 7.242465019226074219e+00 3.284441947937011719e+00
4.515104293823242188e+00 4.628871440887451172e+00 5.233255386352539062e+00 2.767312049865722656e+00 3.947544813156127930e+00 3.529898643493652344e+00 2.718227624893188477e+00 3.414181470870971680e+00 3.361899375915527344e+00 3.116779804229736328e+00 2.182434797286987305e+00 2.936166286468505859e+00 4.301019668579101562e+00 5.341667175292968750e+00 4.041686058044433594e+00 4.270229816436767578e+00 3.103107452392578125e+00 2.773204326629638672e+00 3.367526531219482422e+00 5.351159095764160156e+00
3.780814170837402344e+00 4.140821933746337891e+00 2.242985010147094727e+00 2.935068845748901367e+00 3.143405914306640625e+00 3.208204507827758789e+00 5.411996841430664062e+00 3.568034172058105469e+00 3.266598939895629883e+00 2.519695758819580078e+00 2.569081306457519531e+00 3.222556591033935547e+00 2.055514335632324219e+00 2.648047208786010742e+00 2.609862804412841797e+00 4.369367599487304688e+00 4.293545246124267578e+00 2.440760374069213867e+00 3.443381786346435547e+00 4.263229370117187500e+00
4.667583942413330078e+00 3.591691493988037109e+00 2.969694614410400391e+00 3.977582454681396484e+00 3.848412752151489258e+00 3.981274843215942383e+00 3.233286380767822266e+00 4.045732975006103516e+00 3.356270313262939453e+00 3.477856159210205078e+00 3.109416007995605469e+00 1.962869286537170410e+00 2.988364458084106445e+00 2.660044193267822266e+00 3.265663623809814453e+00 3.157542228698730469e+00 4.252820968627929688e+00 3.404968261718750000e+00 3.132693052291870117e+00 5.493025779724121094e+00
3.085963726043701172e+00 5.490624904632568359e+00 7.636876106262207031e+00 4.305493354797363281e+00 6.583992958068847656e+00 2.780361175537109375e+00 4.130364418029785156e+00 4.203388214111328125e+00 2.591702222824096680e+00 4.179856300354003906e+00 3.685364246368408203e+00 3.534564495086669922e+00 2.185729980468750000e+00 3.797705650329589844e+00 4.082277297973632812e+00 2.123591661453247070e+00 3.613392353057861328e+00 4.278400421142578125e+00 3.944729804992675781e+00 6.855228900909423828e+00
3.757629871368408203e+00 3.986497879028320312e+00 2.802307605743408203e+00 3.257934808731079102e+00 5.161651611328125000e+00 4.312526226043701172e+00 5.646543502807617188e+00 3.345196723937988281e+00 4.094609737396240234e+00 5.027821540832519531e+00 3.936688899993896484e+00 2.576159954071044922e+00 2.951112985610961914e+00 2.694629669189453125e+00 4.052153587341308594e+00 4.760398864746093750e+00 5.608425617218017578e+00 4.175920486450195312e+00 3.887639999389648438e+00 2.674734592437744141e+00
3.895057678222656250e+00 4.126375675201416016e+00 3.150226116180419922e+00 3.702102899551391602e+00 5.535270690917968750e+00 8.632721900939941406e+00 5.538840293884277344e+00 4.401014328002929688e+00 3.747388601303100586e+00 7.087817668914794922e+00 3.319568157196044922e+00 5.850282192230224609e+00 3.513468742370605469e+00 1.741815328598022461e+00 3.664576530456542969e+00 4.258412361145019531e+00 3.999956130981445312e+00 3.377539634704589844e+00 7.946069717407226562e+00 2.753944396972656250e+00
5.982202529907226562e+00 6.441813468933105469e+00 3.945449829101562500e+00 4.983859062194824219e+00 5.301974296569824219e+00 3.269334554672241211e+00 6.569796562194824219e+00 4.535983562469482422e+00 4.979329109191894531e+00 6.961337089538574219e+00 3.759258747100830078e+00 3.171200752258300781e+00 7.034191608428955078e+00 3.093219757080078125e+00 5.958164215087890625e+00 2.580077648162841797e+00 3.990768909454345703e+00 2.903011322021484375e+00 6.642211437225341797e+00 3.167951822280883789e+00
