2019-07-25 14:45:00
5.627071857452392578e+00 6.344919204711914062e+00 8.586426734924316406e+00 6.249505043029785156e+00 4.354503631591796875e+00 8.311840057373046875e+00 4.067656517028808594e+00 3.825108528137207031e+00 7.676929473876953125e+00 5.298210620880126953e+00 4.531359672546386719e+00 5.024561882019042969e+00 6.670144081115722656e+00 7.745808124542236328e+00 5.406505584716796875e+00 8.580462455749511719e+00 5.147173404693603516e+00 5.252514362335205078e+00 5.306237220764160156e+00 3.973018646240234375e+00
3.400118350982666016e+00 1.266338062286376953e+01 5.313322067260742188e+00 5.528313159942626953e+00 9.488427162170410156e+00 8.884211540222167969e+00 3.742168188095092773e+00 4.472439289093017578e+00 3.272385835647583008e+00 3.662908554077148438e+00 4.700023651123046875e+00 2.667711257934570312e+00 3.717409610748291016e+00 4.840698242187500000e+00 3.116165161132812500e+00 4.800364494323730469e+00 6.078917503356933594e+00 4.689627170562744141e+00 4.439564228057861328e+00 5.924345016479492188e+00
5.518980026245117188e+00 7.186343669891357422e+00 5.820076942443847656e+00 6.507188320159912109e+00 1.164076709747314453e+01 1.203010845184326172e+01 1.163470840454101562e+01 5.512797355651855469e+00 3.604143381118774414e+00 4.791922092437744141e+00 9.681451797485351562e+00 5.774088859558105469e+00 5.716717720031738281e+00 5.455436706542968750e+00 7.423804283142089844e+00 4.174194335937500000e+00 1.193012428283691406e+01 4.281054973602294922e+00 6.430430412292480469e+00 2.984614849090576172e+00
7.361215591430664062e+00 5.860581398010253906e+00 7.726360321044921875e+00 9.651273727416992188e+00 3.797039031982421875e+00 2.928710460662841797e+00 5.357473373413085938e+00 4.491496086120605469e+00 4.651720523834228516e+00 5.014218330383300781e+00 6.857157230377197266e+00 7.636593341827392578e+00 4.813153743743896484e+00 4.792633533477783203e+00 7.355692863464355469e+00 7.818643569946289062e+00 4.694501876831054688e+00 4.415212631225585938e+00 6.481451034545898438e+00 3.686409950256347656e+00
4.202683925628662109e+00 2.706135034561157227e+00 5.860478401184082031e+00 4.145946025848388672e+00 5.081576347351074219e+00 6.215656757354736328e+00 3.688312530517578125e+00 6.613473892211914062e+00 8.578474044799804688e+00 9.889140129089355469e+00 8.785021781921386719e+00 5.019583702087402344e+00 9.132467269897460938e+00 6.685697555541992188e+00 6.911671638488769531e+00 9.480751037597656250e+00 4.128569602966308594e+00 4.011070251464843750e+00 8.608545303344726562e+00 4.493463039398193359e+00
5.912346363067626953e+00 8.673483848571777344e+00 9.118980407714843750e+00 7.802472114562988281e+00 1.136927223205566406e+01 7.960336685180664062e+00 6.387331962585449219e+00 9.836872100830078125e+00 6.133547782897949219e+00 7.206956863403320312e+00 4.711661815643310547e+00 4.447565078735351562e+00 5.439743041992187500e+00 4.091341972351074219e+00 6.433659553527832031e+00 1.200816345214843750e+01 4.982399940490722656e+00 9.438298225402832031e+00 4.092194557189941406e+00 3.404246330261230469e+00
8.207168579101562500e+00 6.781618595123291016e+00 6.966002464294433594e+00 7.320937633514404297e+00 7.456185817718505859e+00 7.866682529449462891e+00 3.808206081390380859e+00 6.262526988983154297e+00 6.658294677734375000e+00 3.678283214569091797e+00 6.777323722839355469e+00 5.814929962158203125e+00 7.483937263488769531e+00 7.662608623504638672e+00 5.894459724426269531e+00 4.652905464172363281e+00 4.548252105712890625e+00 5.672935962677001953e+00 8.064477920532226562e+00 8.019817352294921875e+00
3.005733966827392578e+00 5.270716667175292969e+00 8.959400177001953125e+00 1.338325023651123047e+01 8.196845054626464844e+00 1.037048816680908203e+01 8.837223052978515625e+00 6.059173107147216797e+00 4.518796920776367188e+00 8.207462310791015625e+00 7.307102203369140625e+00 3.888190507888793945e+00 6.870738029479980469e+00 1.196874809265136719e+01 5.974702358245849609e+00 3.577340126037597656e+00 4.063687324523925781e+00 7.491615295410156250e+00 5.706263542175292969e+00 3.883129835128784180e+00
6.347609043121337891e+00 8.117511749267578125e+00 1.271780872344970703e+01 9.697031021118164062e+00 5.464280605316162109e+00 7.605753898620605469e+00 6.233402252197265625e+00 5.593498706817626953e+00 5.906653404235839844e+00 5.337016582489013672e+00 8.264440536499023438e+00 6.147838592529296875e+00 8.157829284667968750e+00 3.218748092651367188e+00 6.168650627136230469e+00 4.920559883117675781e+00 3.532426834106445312e+00 4.050107002258300781e+00 9.271892547607421875e+00 4.289647579193115234e+00
1.056343269348144531e+01 6.113131523132324219e+00 5.261407852172851562e+00 7.275773048400878906e+00 4.723217010498046875e+00 6.889772891998291016e+00 7.650202751159667969e+00 6.249431610107421875e+00 4.707198143005371094e+00 7.940310478210449219e+00 5.330464839935302734e+00 6.026738166809082031e+00 4.207291126251220703e+00 6.526377201080322266e+00 4.694296360015869141e+00 4.468452453613281250e+00 7.075201988220214844e+00 4.209646224975585938e+00 3.957746505737304688e+00 6.038307189941406250e+00
5.976191520690917969e+00 9.823460578918457031e+00 4.833898544311523438e+00 7.043781280517578125e+00 7.202849388122558594e+00 8.963489532470703125e+00 6.409414291381835938e+00 6.020562171936035156e+00 5.898159980773925781e+00 5.715534210205078125e+00 5.325661659240722656e+00 5.811829090118408203e+00 5.224063396453857422e+00 6.306047439575195312e+00 5.689468383789062500e+00 4.457406997680664062e+00 4.358280181884765625e+00 9.330357551574707031e+00 3.335751533508300781e+00 7.118905067443847656e+00
7.080674171447753906e+00 5.416196823120117188e+00 5.394979476928710938e+00 6.292108535766601562e+00 4.751009941101074219e+00 6.474925518035888672e+00 5.529226303100585938e+00 6.136222362518310547e+00 3.851475715637207031e+00 9.650336265563964844e+00 6.646507263183593750e+00 7.656455993652343750e+00 7.548411369323730469e+00 7.082297325134277344e+00 8.362649917602539062e+00 6.739732742309570312e+00 3.940614938735961914e+00 5.718821048736572266e+00 4.892488002777099609e+00 4.431321144104003906e+00
5.695223808288574219e+00 3.937546730041503906e+00 7.995323657989501953e+00 8.536306381225585938e+00 4.322525978088378906e+00 6.326103210449218750e+00 5.717293739318847656e+00 6.480179786682128906e+00 6.675673484802246094e+00 6.743970394134521484e+00 9.619688987731933594e+00 4.311641216278076172e+00 6.779074668884277344e+00 4.282994270324707031e+00 7.624946594238281250e+00 6.451984405517578125e+00 4.651914119720458984e+00 4.162588119506835938e+00 7.268313884735107422e+00 5.527177810668945312e+00
6.778814315795898438e+00 7.500634193420410156e+00 5.714360237121582031e+00 6.631337165832519531e+00 6.543927192687988281e+00 5.806566238403320312e+00 1.033127689361572266e+01 8.265711784362792969e+00 9.620486259460449219e+00 6.227800846099853516e+00 5.309481620788574219e+00 6.009896278381347656e+00 7.845193862915039062e+00 7.092695236206054688e+00 4.737145423889160156e+00 6.975896835327148438e+00 5.570589065551757812e+00 6.200857162475585938e+00 6.829206466674804688e+00 3.654911756515502930e+00
5.614820480346679688e+00 3.227905273437500000e+00 6.671598911285400391e+00 7.496891975402832031e+00 6.415536880493164062e+00 6.534601211547851562e+00 6.308094978332519531e+00 7.156088829040527344e+00 6.113724708557128906e+00 5.944229125976562500e+00 7.376812458038330078e+00 7.686654567718505859e+00 7.363590240478515625e+00 6.779180049896240234e+00 5.076207160949707031e+00 5.792715072631835938e+00 5.809476852416992188e+00 7.519374370574951172e+00 6.222389221191406250e+00 8.230504035949707031e+00
6.967976570129394531e+00 4.245174407958984375e+00 5.124751091003417969e+00 5.242596149444580078e+00 4.587293148040771484e+00 5.147674560546875000e+00 6.831857681274414062e+00 8.358367919921875000e+00 8.621517181396484375e+00 6.484681129455566406e+00 4.250701904296875000e+00 3.704232692718505859e+00 5.089550018310546875e+00 5.955899238586425781e+00 5.597283363342285156e+00 4.023666381835937500e+00 3.036250829696655273e+00 3.866683483123779297e+00 5.200972080230712891e+00 1.146673202514648438e+01
4.913731575012207031e+00 6.691823005676269531e+00 6.184915065765380859e+00 5.579135894775390625e+00 1.301851749420166016e+01 5.186394691467285156e+00 6.329323768615722656e+00 8.961736679077148438e+00 3.889219045639038086e+00 6.319012641906738281e+00 4.886248588562011719e+00 6.604090690612792969e+00 4.508395671844482422e+00 4.342993259429931641e+00 5.414108276367187500e+00 7.282202720642089844e+00 7.958450794219970703e+00 5.434757709503173828e+00 4.694896697998046875e+00 5.274623870849609375e+00
6.229776859283447266e+00 2.727401733398437500e+00 4.862124443054199219e+00 5.779645442962646484e+00 5.921466827392578125e+00 8.401954650878906250e+00 6.909538269042968750e+00 4.276436328887939453e+00 7.708829879760742188e+00 5.766174316406250000e+00 1.001905059814453125e+01 6.255069732666015625e+00 8.759225845336914062e+00 4.702450275421142578e+00 6.798512935638427734e+00 8.623389244079589844e+00 7.750067710876464844e+00 6.331733703613281250e+00 4.884972095489501953e+00 6.374787330627441406e+00
6.958842277526855469e+00 1.101069831848144531e+01 4.448521137237548828e+00 6.817606925964355469e+00 8.344809532165527344e+00 5.161844253540039062e+00 7.502640724182128906e+00 5.385250568389892578e+00 6.738534450531005859e+00 8.675146102905273438e+00 1.070295906066894531e+01 8.690132141113281250e+00 6.743088722229003906e+00 5.808708190917968750e+00 3.819922924041748047e+00 6.497667312622070312e+00 7.078632354736328125e+00 3.138102054595947266e+00 7.550884246826171875e+00 7.957138538360595703e+00
3.647092342376708984e+00 6.786661624908447266e+00 3.751818895339965820e+00 5.789944171905517578e+00 6.693438053131103516e+00 8.555761337280273438e+00 8.539481163024902344e+00 6.549091339111328125e+00 6.585000991821289062e+00 5.813328742980957031e+00 9.357119560241699219e+00 6.030699729919433594e+00 5.802130699157714844e+00 5.851373672485351562e+00 5.713897228240966797e+00 9.736598968505859375e+00 4.464432716369628906e+00 7.555864810943603516e+00 6.647198200225830078e+00 2.341793537139892578e+00
