2019-07-25 01:30:00
7.468946933746337891e+00 4.747476577758789062e+00 8.227518081665039062e+00 4.321549892425537109e+00 4.466787338256835938e+00 2.111098289489746094e+00 3.168896913528442383e+00 5.444985866546630859e+00 1.044970130920410156e+01 6.834845542907714844e+00 3.497926235198974609e+00 2.730777263641357422e+00 8.154990196228027344e+00 4.498831748962402344e+00 2.951732635498046875e+00 7.125486850738525391e+00 6.596031665802001953e+00 3.438154458999633789e+00 2.848849296569824219e+00 2.701869964599609375e+00
4.155333518981933594e+00 5.573442459106445312e+00 8.074142456054687500e+00 4.514056682586669922e+00 8.485847473144531250e+00 3.864356517791748047e+00 3.989156246185302734e+00 2.584050655364990234e+00 3.694669485092163086e+00 4.758195877075195312e+00 3.373078346252441406e+00 3.346154212951660156e+00 3.352504491806030273e+00 6.710357189178466797e+00 3.227068901062011719e+00 4.187926769256591797e+00 9.405569076538085938e+00 7.579199790954589844e+00 3.358993291854858398e+00 4.792667388916015625e+00
9.393689155578613281e+00 1.048632049560546875e+01 6.624852180480957031e+00 5.671051025390625000e+00 5.949600696563720703e+00 9.302042961120605469e+00 5.554981231689453125e+00 2.297268390655517578e+00 3.714821338653564453e+00 4.344244003295898438e+00 1.132990074157714844e+01 5.998666763305664062e+00 3.963895320892333984e+00 7.500618934631347656e+00 6.009068012237548828e+00 3.937218189239501953e+00 5.799576282501220703e+00 5.054177284240722656e+00 2.505300045013427734e+00 2.751468658447265625e+00
3.281444549560546875e+00 4.110725402832031250e+00 7.031211853027343750e+00 7.190065383911132812e+00 2.513259172439575195e+00 3.157955884933471680e+00 3.716242074966430664e+00 2.969083547592163086e+00 3.524575710296630859e+00 6.258855819702148438e+00 9.216386795043945312e+00 5.418999671936035156e+00 3.104499816894531250e+00 4.471297264099121094e+00 5.199869632720947266e+00 2.323698520660400391e+00 3.654617071151733398e+00 4.672703742980957031e+00 3.874165773391723633e+00 3.173031330108642578e+00
2.751336812973022461e+00 3.413760185241699219e+00 6.193860054016113281e+00 5.692394733428955078e+00 3.790434360504150391e+00 8.345050811767578125e+00 2.691834688186645508e+00 7.028403282165527344e+00 7.744216918945312500e+00 5.682538986206054688e+00 5.309990882873535156e+00 6.179680824279785156e+00 7.440926551818847656e+00 3.165011405944824219e+00 5.293472766876220703e+00 5.350480079650878906e+00 4.274969100952148438e+00 7.555714607238769531e+00 7.419933795928955078e+00 3.102121829986572266e+00
5.919667243957519531e+00 3.504445552825927734e+00 8.979841232299804688e+00 6.806314468383789062e+00 6.961076259613037109e+00 7.436026096343994141e+00 3.513756752014160156e+00 1.033571338653564453e+01 7.044303417205810547e+00 6.746997833251953125e+00 4.319651603698730469e+00 7.786763191223144531e+00 7.041277885437011719e+00 3.237143993377685547e+00 3.981727600097656250e+00 7.651576995849609375e+00 3.688213825225830078e+00 5.177289009094238281e+00 5.465577125549316406e+00 3.543335914611816406e+00
8.702814102172851562e+00 4.792387008666992188e+00 1.005220985412597656e+01 7.030287265777587891e+00 5.071700096130371094e+00 5.224576473236083984e+00 3.600195646286010742e+00 9.552920341491699219e+00 6.189006805419921875e+00 2.911156654357910156e+00 3.709980010986328125e+00 4.253783702850341797e+00 6.979393005371093750e+00 4.143548965454101562e+00 4.533531188964843750e+00 5.422295570373535156e+00 4.077826976776123047e+00 4.232404708862304688e+00 6.514016151428222656e+00 4.774871826171875000e+00
6.081625938415527344e+00 5.206261157989501953e+00 3.378801107406616211e+00 5.892104148864746094e+00 4.282685279846191406e+00 2.918672561645507812e+00 2.804436922073364258e+00 3.438306331634521484e+00 2.963574409484863281e+00 4.362442970275878906e+00 4.061254024505615234e+00 3.310526371002197266e+00 5.662083625793457031e+00 3.424815177917480469e+00 3.412693977355957031e+00 5.496357917785644531e+00 7.482776165008544922e+00 2.992977142333984375e+00 4.780723094940185547e+00 4.575744628906250000e+00
4.965673446655273438e+00 3.793823242187500000e+00 8.420978546142578125e+00 9.339866638183593750e+00 7.766509532928466797e+00 3.631741285324096680e+00 1.898741960525512695e+00 3.520242214202880859e+00 3.971609354019165039e+00 3.971606731414794922e+00 3.302102565765380859e+00 2.618686914443969727e+00 8.016765594482421875e+00 6.039238929748535156e+00 5.075056552886962891e+00 3.668233871459960938e+00 4.301136970520019531e+00 2.394548416137695312e+00 3.150138378143310547e+00 2.607213973999023438e+00
7.894876480102539062e+00 5.087387084960937500e+00 3.438976049423217773e+00 3.576643466949462891e+00 4.549592018127441406e+00 2.922844409942626953e+00 3.351052284240722656e+00 3.491825103759765625e+00 4.974715709686279297e+00 6.550289154052734375e+00 4.588810443878173828e+00 4.237707138061523438e+00 5.334971427917480469e+00 3.788959264755249023e+00 3.366733074188232422e+00 3.373569011688232422e+00 4.077292442321777344e+00 3.771814823150634766e+00 3.628004789352416992e+00 1.988815307617187500e+00
2.957633972167968750e+00 2.580734252929687500e+00 4.665622711181640625e+00 2.508482933044433594e+00 4.520247459411621094e+00 3.681446075439453125e+00 3.737795352935791016e+00 3.310895442962646484e+00 5.052624702453613281e+00 3.569465398788452148e+00 3.972446918487548828e+00 4.870684146881103516e+00 6.628925323486328125e+00 5.810489177703857422e+00 2.819728851318359375e+00 3.483168601989746094e+00 3.692783594131469727e+00 7.090221405029296875e+00 4.530336856842041016e+00 5.501324653625488281e+00
3.419440269470214844e+00 2.090043067932128906e+00 3.549154281616210938e+00 4.548606872558593750e+00 5.012165069580078125e+00 3.827718973159790039e+00 3.079012155532836914e+00 2.592900991439819336e+00 2.839719295501708984e+00 4.405040740966796875e+00 4.182159900665283203e+00 4.436282634735107422e+00 3.336016178131103516e+00 3.149492025375366211e+00 3.045028686523437500e+00 8.466378211975097656e+00 2.765391826629638672e+00 2.837579727172851562e+00 3.320661306381225586e+00 4.080398559570312500e+00
2.631519556045532227e+00 3.209966897964477539e+00 2.620492935180664062e+00 3.402860641479492188e+00 2.814424514770507812e+00 4.193824291229248047e+00 1.522428035736083984e+00 3.088241815567016602e+00 4.136825561523437500e+00 2.498560667037963867e+00 3.184593915939331055e+00 2.856492519378662109e+00 2.258948326110839844e+00 3.374095439910888672e+00 4.225404739379882812e+00 4.775034904479980469e+00 3.586535692214965820e+00 2.897375583648681641e+00 4.810838699340820312e+00 4.652915477752685547e+00
2.771582365036010742e+00 2.433807611465454102e+00 1.745054721832275391e+00 2.545878410339355469e+00 3.359228610992431641e+00 2.827998161315917969e+00 4.203667640686035156e+00 2.313417196273803711e+00 2.185783624649047852e+00 2.934544086456298828e+00 2.506921529769897461e+00 4.531229972839355469e+00 3.388519287109375000e+00 3.485598564147949219e+00 2.892217159271240234e+00 3.201599359512329102e+00 4.724822998046875000e+00 3.999407291412353516e+00 4.600438594818115234e+00 3.214141607284545898e+00
2.915477752685546875e+00 2.913827896118164062e+00 4.368373870849609375e+00 3.197527885437011719e+00 3.045939922332763672e+00 2.631322383880615234e+00 3.356307506561279297e+00 3.179149627685546875e+00 4.725614547729492188e+00 2.150399208068847656e+00 3.363538265228271484e+00 3.327767848968505859e+00 3.667768955230712891e+00 3.333357334136962891e+00 3.525439262390136719e+00 3.489192247390747070e+00 4.341375350952148438e+00 2.344466447830200195e+00 4.456801891326904297e+00 4.732874393463134766e+00
3.487037181854248047e+00 3.636158466339111328e+00 6.059921264648437500e+00 2.800707101821899414e+00 4.564497947692871094e+00 3.754950284957885742e+00 3.679551601409912109e+00 2.687173366546630859e+00 3.601982593536376953e+00 1.319735169410705566e+00 2.832571983337402344e+00 4.062829017639160156e+00 4.425719738006591797e+00 3.510988235473632812e+00 3.999034881591796875e+00 2.094505310058593750e+00 3.069280147552490234e+00 3.498154640197753906e+00 4.904133319854736328e+00 9.887313842773437500e+00
3.489283561706542969e+00 3.364918231964111328e+00 3.362227439880371094e+00 2.822522163391113281e+00 6.521375656127929688e+00 3.513886213302612305e+00 3.455292940139770508e+00 3.957901954650878906e+00 3.415101528167724609e+00 3.354603767395019531e+00 4.096679687500000000e+00 4.298805236816406250e+00 5.287306308746337891e+00 2.535765886306762695e+00 2.536910057067871094e+00 5.356617927551269531e+00 2.885092735290527344e+00 2.806071758270263672e+00 1.821579098701477051e+00 4.511306762695312500e+00
4.052798748016357422e+00 3.212632179260253906e+00 2.640357255935668945e+00 6.828706741333007812e+00 5.397892475128173828e+00 3.555305957794189453e+00 6.251753807067871094e+00 2.739812374114990234e+00 2.785197496414184570e+00 2.843965530395507812e+00 3.179041385650634766e+00 3.412305116653442383e+00 4.831578254699707031e+00 3.762807846069335938e+00 2.637785434722900391e+00 1.343169450759887695e+00 4.474737167358398438e+00 5.255847930908203125e+00 2.913350582122802734e+00 3.595863103866577148e+00
2.877413749694824219e+00 3.201387405395507812e+00 3.573963642120361328e+00 3.470159292221069336e+00 5.388866901397705078e+00 3.525696039199829102e+00 6.451462745666503906e+00 2.969702959060668945e+00 5.315524101257324219e+00 4.378737926483154297e+00 1.127418136596679688e+01 6.504517555236816406e+00 5.142930030822753906e+00 4.172867298126220703e+00 4.592529773712158203e+00 3.096509456634521484e+00 2.508449554443359375e+00 2.728132724761962891e+00 3.636604309082031250e+00 2.203934192657470703e+00
4.836760520935058594e+00 2.630212545394897461e+00 2.144462108612060547e+00 8.220734596252441406e+00 6.826514244079589844e+00 3.056570529937744141e+00 4.163596153259277344e+00 4.248311996459960938e+00 6.284643173217773438e+00 6.356326580047607422e+00 7.370098114013671875e+00 6.923521041870117188e+00 6.320302009582519531e+00 3.140749931335449219e+00 5.498075485229492188e+00 2.123080730438232422e+00 2.721683502197265625e+00 3.840889453887939453e+00 3.899906158447265625e+00 2.624670743942260742e+00
