2019-07-25 15:00:00
2.630999803543090820e+00 2.647150516510009766e+00 1.840384721755981445e+00 1.413547158241271973e+00 1.241932153701782227e+00 9.825009107589721680e-01 -2.076291441917419434e-01 1.485608816146850586e-01 -1.443566977977752686e-01 9.951146841049194336e-01 4.539611339569091797e-01 -9.646974802017211914e-01 4.262252151966094971e-01 -9.560818970203399658e-02 1.494725644588470459e-01 1.542864441871643066e+00 1.138014912605285645e+00 2.239900588989257812e+00 2.807670116424560547e+00 4.609208106994628906e+00
5.935351848602294922e+00 2.197455167770385742e+00 1.692523956298828125e+00 1.441705703735351562e+00 2.250175952911376953e+00 1.548997998237609863e+00 -1.843727231025695801e-01 3.369979262351989746e-01 2.803516626358032227e+00 -7.965229749679565430e-01 5.688936710357666016e-01 -4.354741573333740234e-01 3.302418291568756104e-01 8.181589841842651367e-01 5.001330375671386719e-01 7.429275661706924438e-03 1.040947675704956055e+00 1.727566719055175781e+00 2.200042724609375000e+00 2.563478946685791016e+00
4.182870864868164062e+00 1.570606708526611328e+00 2.086478948593139648e+00 9.627390503883361816e-01 8.424761295318603516e-01 -3.144098520278930664e-01 1.914170622825622559e+00 -5.141227245330810547e-01 -1.617543220520019531e+00 2.171028852462768555e+00 2.105546236038208008e+00 1.009703278541564941e+00 -6.175829172134399414e-01 -7.144361734390258789e-02 4.005880355834960938e-01 4.964541792869567871e-01 1.280155181884765625e+00 2.566555976867675781e+00 1.583369612693786621e+00 2.690549135208129883e+00
2.230609416961669922e+00 2.237920999526977539e+00 1.015055179595947266e+00 7.967916727066040039e-01 5.566692352294921875e-01 1.063407182693481445e+00 -8.922238349914550781e-01 8.885295391082763672e-01 2.435396462678909302e-01 7.122483253479003906e-01 2.173411846160888672e-02 1.026283621788024902e+00 2.001643180847167969e-03 5.227642655372619629e-01 6.519000977277755737e-02 -1.287217438220977783e-01 1.104259014129638672e+00 1.490769147872924805e+00 1.316363334655761719e+00 3.837896108627319336e+00
3.687247276306152344e+00 1.970515012741088867e+00 1.838793039321899414e+00 5.554871559143066406e-01 7.135796546936035156e-01 8.670783042907714844e-01 7.384657859802246094e-01 7.442361116409301758e-01 3.625455796718597412e-01 7.331697940826416016e-01 2.299126148223876953e+00 8.773926496505737305e-01 6.725978851318359375e-01 1.476694941520690918e-01 1.806126594543457031e+00 9.373276233673095703e-01 9.683765769004821777e-01 1.511221408843994141e+00 5.558084487915039062e+00 4.028984069824218750e+00
2.835965156555175781e+00 2.965150117874145508e+00 8.280252218246459961e-01 2.109612703323364258e+00 1.604807853698730469e+00 2.301100015640258789e+00 6.808551549911499023e-01 3.352673351764678955e-01 7.272764444351196289e-01 1.262381672859191895e+00 1.448825895786285400e-01 5.315653085708618164e-01 3.197197616100311279e-02 5.806202888488769531e-01 7.489330768585205078e-01 1.230966091156005859e+00 1.216148853302001953e+00 3.194835662841796875e+00 3.936793804168701172e+00 3.094950675964355469e+00
5.247127532958984375e+00 2.607199192047119141e+00 2.630347728729248047e+00 1.689351201057434082e+00 1.240803480148315430e+00 1.460831403732299805e+00 1.646770954132080078e+00 2.753919661045074463e-01 8.346660137176513672e-01 -1.958744525909423828e+00 1.281820416450500488e+00 9.565060734748840332e-01 8.106373548507690430e-01 1.522358655929565430e+00 2.272549390792846680e+00 4.442542552947998047e+00 3.391439676284790039e+00 2.944545745849609375e+00 5.194628715515136719e+00 6.952527999877929688e+00
5.305335998535156250e+00 4.419375419616699219e+00 2.369314193725585938e+00 5.580921173095703125e+00 2.158448219299316406e+00 1.125797867774963379e+00 6.812998056411743164e-01 5.121487975120544434e-01 6.712384223937988281e-01 2.075995922088623047e+00 1.380335211753845215e+00 1.058924555778503418e+00 2.225748300552368164e+00 1.545131921768188477e+00 3.472465991973876953e+00 2.664725780487060547e+00 6.127455711364746094e+00 2.742634296417236328e+00 7.799889564514160156e+00 3.991014242172241211e+00
4.668746948242187500e+00 5.091203689575195312e+00 8.384199142456054688e+00 6.436790466308593750e+00 3.522747516632080078e+00 3.500799179077148438e+00 1.927013874053955078e+00 2.103133201599121094e+00 2.947136402130126953e+00 5.682157516479492188e+00 3.751132011413574219e+00 3.249449491500854492e+00 1.893508076667785645e+00 1.030401229858398438e+01 4.216768264770507812e+00 3.552316904067993164e+00 6.227666854858398438e+00 3.862454414367675781e+00 5.100287437438964844e+00 4.685935020446777344e+00
8.583938598632812500e+00 8.316106796264648438e+00 5.065897941589355469e+00 3.501684665679931641e+00 4.016171455383300781e+00 4.113605976104736328e+00 4.114291667938232422e+00 3.854643821716308594e+00 5.132188320159912109e+00 7.328146457672119141e+00 3.542758464813232422e+00 4.978316307067871094e+00 7.028266906738281250e+00 5.702515125274658203e+00 5.816019058227539062e+00 5.259899616241455078e+00 9.989772796630859375e+00 6.643635749816894531e+00 4.720042228698730469e+00 4.415501594543457031e+00
5.327333450317382812e+00 4.919159889221191406e+00 6.787700653076171875e+00 5.696957588195800781e+00 7.865031719207763672e+00 5.264575004577636719e+00 5.688636779785156250e+00 6.311408519744873047e+00 5.621746540069580078e+00 5.257438659667968750e+00 3.404506206512451172e+00 6.831905364990234375e+00 4.608681678771972656e+00 4.520272731781005859e+00 6.180551528930664062e+00 4.039315223693847656e+00 5.309993743896484375e+00 8.289241790771484375e+00 7.711761951446533203e+00 8.112476348876953125e+00
5.753439426422119141e+00 6.720123291015625000e+00 4.451856136322021484e+00 4.674771785736083984e+00 5.774407386779785156e+00 5.884030342102050781e+00 5.781044960021972656e+00 4.790287971496582031e+00 5.560953617095947266e+00 9.068922042846679688e+00 8.634108543395996094e+00 8.688828468322753906e+00 4.843963623046875000e+00 5.706643104553222656e+00 8.853042602539062500e+00 8.862497329711914062e+00 5.348421096801757812e+00 7.141977310180664062e+00 5.086759090423583984e+00 4.209720611572265625e+00
3.825828075408935547e+00 5.534113883972167969e+00 6.944787025451660156e+00 5.175014495849609375e+00 3.236231327056884766e+00 7.669898986816406250e+00 9.386942863464355469e+00 8.740558624267578125e+00 9.877970695495605469e+00 4.120046138763427734e+00 5.553040981292724609e+00 6.718338489532470703e+00 1.100299835205078125e+01 6.815664768218994141e+00 6.771887302398681641e+00 8.284166336059570312e+00 7.705559730529785156e+00 5.088482379913330078e+00 6.279666423797607422e+00 7.673539161682128906e+00
6.600339889526367188e+00 8.255251884460449219e+00 1.074555015563964844e+01 1.050492858886718750e+01 3.864194631576538086e+00 6.577286243438720703e+00 7.073303699493408203e+00 8.063334465026855469e+00 7.530181884765625000e+00 7.148531436920166016e+00 1.333024120330810547e+01 1.040546417236328125e+01 7.554538249969482422e+00 7.746254920959472656e+00 1.066426467895507812e+01 6.649534225463867188e+00 8.888160705566406250e+00 4.390192031860351562e+00 7.425247192382812500e+00 3.725790262222290039e+00
8.278103828430175781e+00 5.587417602539062500e+00 9.105873107910156250e+00 1.042439079284667969e+01 1.113294029235839844e+01 7.267884254455566406e+00 4.798143386840820312e+00 1.278856658935546875e+01 1.159841728210449219e+01 6.635037899017333984e+00 5.539977073669433594e+00 7.309831619262695312e+00 9.513479232788085938e+00 6.501021862030029297e+00 1.255142784118652344e+01 1.062068748474121094e+01 7.423387527465820312e+00 6.822908401489257812e+00 4.008816242218017578e+00 6.089680671691894531e+00
7.062874317169189453e+00 8.171220779418945312e+00 1.259688758850097656e+01 9.263177871704101562e+00 1.339095687866210938e+01 1.330183506011962891e+01 6.870862483978271484e+00 6.101060867309570312e+00 1.145786857604980469e+01 1.070988082885742188e+01 7.687005043029785156e+00 7.415295600891113281e+00 8.857140541076660156e+00 6.394363403320312500e+00 7.187298774719238281e+00 7.754148960113525391e+00 6.287590980529785156e+00 5.969536781311035156e+00 6.398209095001220703e+00 1.168699836730957031e+01
6.342312812805175781e+00 8.427480697631835938e+00 1.034643459320068359e+01 4.945173740386962891e+00 5.838191032409667969e+00 6.041662216186523438e+00 7.708133220672607422e+00 9.022415161132812500e+00 1.077913475036621094e+01 8.811098098754882812e+00 7.462523937225341797e+00 9.540063858032226562e+00 7.545285701751708984e+00 7.462575435638427734e+00 5.567133903503417969e+00 5.946732521057128906e+00 5.587892532348632812e+00 4.491179466247558594e+00 3.802665233612060547e+00 6.601665973663330078e+00
5.048225402832031250e+00 4.456273078918457031e+00 6.025049209594726562e+00 5.334666252136230469e+00 8.078066825866699219e+00 1.184908676147460938e+01 1.073920154571533203e+01 6.773320198059082031e+00 6.162413120269775391e+00 7.712383747100830078e+00 5.842816352844238281e+00 5.268268108367919922e+00 1.021333694458007812e+01 5.731040477752685547e+00 5.357397079467773438e+00 5.693788051605224609e+00 6.954784870147705078e+00 4.323934555053710938e+00 4.096389770507812500e+00 5.427263259887695312e+00
1.041658782958984375e+01 7.457043170928955078e+00 4.924509048461914062e+00 8.590914726257324219e+00 7.506738662719726562e+00 8.697784423828125000e+00 7.526606082916259766e+00 6.118400096893310547e+00 8.249954223632812500e+00 9.413093566894531250e+00 7.783580780029296875e+00 5.753788471221923828e+00 5.354832172393798828e+00 6.229358673095703125e+00 5.589804172515869141e+00 4.685988426208496094e+00 4.862762451171875000e+00 3.807567596435546875e+00 8.777633666992187500e+00 2.819034099578857422e+00
9.511993408203125000e+00 6.020440101623535156e+00 4.601758003234863281e+00 6.741834640502929688e+00 8.787063598632812500e+00 9.097576141357421875e+00 7.842670440673828125e+00 8.194291114807128906e+00 5.042235851287841797e+00 6.048563957214355469e+00 8.015647888183593750e+00 6.144102096557617188e+00 5.723721504211425781e+00 5.307075500488281250e+00 6.537773132324218750e+00 4.194633483886718750e+00 4.459928035736083984e+00 4.312552452087402344e+00 4.818194866180419922e+00 4.619492530822753906e+00
