2019-07-25 15:15:00
8.899010658264160156e+00 6.787672996520996094e+00 1.169686508178710938e+01 1.012306404113769531e+01 1.148668956756591797e+01 9.690731048583984375e+00 5.199239730834960938e+00 5.549150466918945312e+00 1.088270187377929688e+01 5.411141395568847656e+00 8.584722518920898438e+00 5.994258880615234375e+00 6.256561279296875000e+00 7.611932754516601562e+00 4.936244010925292969e+00 1.402940082550048828e+01 7.140292167663574219e+00 7.102263450622558594e+00 6.822832107543945312e+00 4.672600269317626953e+00
7.391184806823730469e+00 6.089643955230712891e+00 1.147451019287109375e+01 8.552968978881835938e+00 1.117967510223388672e+01 8.740608215332031250e+00 1.130446338653564453e+01 7.378546237945556641e+00 8.058856964111328125e+00 6.436029911041259766e+00 5.319946765899658203e+00 8.884156227111816406e+00 8.346106529235839844e+00 7.561050891876220703e+00 7.881043434143066406e+00 1.255709838867187500e+01 7.339888095855712891e+00 5.491330146789550781e+00 8.518625259399414062e+00 7.558961868286132812e+00
6.799630165100097656e+00 1.296455001831054688e+01 9.326116561889648438e+00 9.026761054992675781e+00 1.348847007751464844e+01 1.252345657348632812e+01 1.063260650634765625e+01 7.598907947540283203e+00 5.393473625183105469e+00 8.625113487243652344e+00 8.711759567260742188e+00 9.047004699707031250e+00 8.309663772583007812e+00 5.493679523468017578e+00 7.326778888702392578e+00 1.043801212310791016e+01 5.452452182769775391e+00 1.958461880683898926e+00 9.225105285644531250e+00 8.581148147583007812e+00
6.720958232879638672e+00 8.225603103637695312e+00 8.808741569519042969e+00 1.241026210784912109e+01 5.604735851287841797e+00 7.131811141967773438e+00 9.324918746948242188e+00 6.533434867858886719e+00 3.479046583175659180e+00 5.767027378082275391e+00 9.534639358520507812e+00 1.253488731384277344e+01 7.821606636047363281e+00 7.324302673339843750e+00 1.130371570587158203e+01 8.917261123657226562e+00 7.271570682525634766e+00 6.371150970458984375e+00 8.345804214477539062e+00 7.531325817108154297e+00
7.390967369079589844e+00 6.983412265777587891e+00 5.637880802154541016e+00 7.863501548767089844e+00 6.645073413848876953e+00 8.864229202270507812e+00 5.578598499298095703e+00 1.300926780700683594e+01 7.995298862457275391e+00 9.840204238891601562e+00 5.698815345764160156e+00 8.341624259948730469e+00 1.117363452911376953e+01 5.196488380432128906e+00 7.745085716247558594e+00 5.814061641693115234e+00 8.325722694396972656e+00 9.551038742065429688e+00 6.772843837738037109e+00 8.993982315063476562e+00
4.258377552032470703e+00 1.187059974670410156e+01 7.961056709289550781e+00 7.241436004638671875e+00 9.872348785400390625e+00 1.047277069091796875e+01 7.102412700653076172e+00 9.605899810791015625e+00 7.351331710815429688e+00 8.995479583740234375e+00 9.707969665527343750e+00 6.961978912353515625e+00 7.366162776947021484e+00 7.409351825714111328e+00 9.220926284790039062e+00 8.033528327941894531e+00 7.566582679748535156e+00 5.553211212158203125e+00 1.168903923034667969e+01 9.148823738098144531e+00
6.357272148132324219e+00 6.127117156982421875e+00 9.665549278259277344e+00 1.020600223541259766e+01 1.640478324890136719e+01 9.105626106262207031e+00 7.770696163177490234e+00 3.935281276702880859e+00 9.869753837585449219e+00 1.114625072479248047e+01 5.189776897430419922e+00 7.235157966613769531e+00 1.150929450988769531e+01 6.405345916748046875e+00 8.075968742370605469e+00 5.530347824096679688e+00 8.544946670532226562e+00 8.172337532043457031e+00 8.606445312500000000e+00 5.699649810791015625e+00
9.410429000854492188e+00 7.176535129547119141e+00 7.689015865325927734e+00 4.527203083038330078e+00 7.227825164794921875e+00 8.364215850830078125e+00 9.080300331115722656e+00 7.271027565002441406e+00 6.334781646728515625e+00 1.337587642669677734e+01 1.240090751647949219e+01 9.564470291137695312e+00 1.148250102996826172e+01 1.121032524108886719e+01 7.773054122924804688e+00 5.532104492187500000e+00 7.488939762115478516e+00 8.160367965698242188e+00 8.806261062622070312e+00 7.751739501953125000e+00
9.045389175415039062e+00 1.043048858642578125e+01 1.341892433166503906e+01 9.222189903259277344e+00 9.704025268554687500e+00 9.399180412292480469e+00 7.603271484375000000e+00 6.460072994232177734e+00 5.951354980468750000e+00 3.873445510864257812e+00 1.303155899047851562e+01 9.383984565734863281e+00 8.664810180664062500e+00 8.558622360229492188e+00 4.047104358673095703e+00 8.199131011962890625e+00 9.572042465209960938e+00 1.006408977508544922e+01 6.560466766357421875e+00 5.667155742645263672e+00
1.461320686340332031e+01 1.066806602478027344e+01 8.915220260620117188e+00 7.463683128356933594e+00 6.041352272033691406e+00 1.127388477325439453e+01 8.543498992919921875e+00 7.749873161315917969e+00 1.178877067565917969e+01 1.354474258422851562e+01 7.325777530670166016e+00 6.366795539855957031e+00 8.423738479614257812e+00 7.363410949707031250e+00 7.667853355407714844e+00 9.894569396972656250e+00 8.776192665100097656e+00 6.409340858459472656e+00 1.170966529846191406e+01 5.216599941253662109e+00
6.530265808105468750e+00 7.070412635803222656e+00 9.088928222656250000e+00 8.623939514160156250e+00 9.124699592590332031e+00 6.980722904205322266e+00 7.124050140380859375e+00 7.944642066955566406e+00 4.741332530975341797e+00 4.945218086242675781e+00 9.619666099548339844e+00 7.312414169311523438e+00 7.246758460998535156e+00 4.706997871398925781e+00 7.333347320556640625e+00 6.100695610046386719e+00 8.978599548339843750e+00 1.097030258178710938e+01 6.945880413055419922e+00 8.120358467102050781e+00
9.967018127441406250e+00 1.010735130310058594e+01 1.007051372528076172e+01 1.236823749542236328e+01 8.291007995605468750e+00 1.101875591278076172e+01 8.236495018005371094e+00 1.102297115325927734e+01 6.175016403198242188e+00 7.701666831970214844e+00 8.192164421081542969e+00 5.739714145660400391e+00 7.718019485473632812e+00 5.954874038696289062e+00 1.197968482971191406e+01 5.763064384460449219e+00 8.146667480468750000e+00 7.895067214965820312e+00 1.191662693023681641e+01 9.333836555480957031e+00
7.211627006530761719e+00 5.878553390502929688e+00 1.028743362426757812e+01 7.873011589050292969e+00 1.196468162536621094e+01 7.765355110168457031e+00 6.739563941955566406e+00 7.358232021331787109e+00 7.163022041320800781e+00 8.972579956054687500e+00 7.603903770446777344e+00 1.093719482421875000e+01 1.068281364440917969e+01 8.641490936279296875e+00 1.063768768310546875e+01 7.631868839263916016e+00 9.210913658142089844e+00 5.439537048339843750e+00 8.656279563903808594e+00 9.494284629821777344e+00
8.182513236999511719e+00 1.062240219116210938e+01 9.436384201049804688e+00 8.802659988403320312e+00 1.000471305847167969e+01 9.650129318237304688e+00 6.460621356964111328e+00 5.723036289215087891e+00 9.098342895507812500e+00 1.155609798431396484e+01 6.929430961608886719e+00 5.248292922973632812e+00 1.102536010742187500e+01 1.023381233215332031e+01 9.881750106811523438e+00 6.085991859436035156e+00 7.439879894256591797e+00 5.353424072265625000e+00 1.066837882995605469e+01 8.183705329895019531e+00
1.153979301452636719e+01 7.646040916442871094e+00 9.564245223999023438e+00 6.179139137268066406e+00 8.591659545898437500e+00 7.307949066162109375e+00 1.145038890838623047e+01 7.740298748016357422e+00 5.718872070312500000e+00 8.968375205993652344e+00 6.803454399108886719e+00 1.032696056365966797e+01 7.345612049102783203e+00 1.143497276306152344e+01 1.286451721191406250e+01 1.009002971649169922e+01 1.202288436889648438e+01 1.032701015472412109e+01 5.976969718933105469e+00 1.075744152069091797e+01
8.664087295532226562e+00 8.116441726684570312e+00 1.225922584533691406e+01 9.420734405517578125e+00 9.924716949462890625e+00 1.399237442016601562e+01 9.150291442871093750e+00 1.167076110839843750e+01 5.780062675476074219e+00 8.734138488769531250e+00 7.538408279418945312e+00 7.316765308380126953e+00 6.260003089904785156e+00 1.025468444824218750e+01 8.489049911499023438e+00 1.034368133544921875e+01 7.202205657958984375e+00 1.022688388824462891e+01 7.324479579925537109e+00 1.302024650573730469e+01
5.101418972015380859e+00 6.027718544006347656e+00 1.061248970031738281e+01 5.139359474182128906e+00 5.175332069396972656e+00 8.441621780395507812e+00 6.882329940795898438e+00 9.580823898315429688e+00 1.116229248046875000e+01 9.312305450439453125e+00 8.727578163146972656e+00 1.067374515533447266e+01 1.060259819030761719e+01 8.965493202209472656e+00 1.092683219909667969e+01 7.416912078857421875e+00 7.396259784698486328e+00 9.319101333618164062e+00 6.762032508850097656e+00 9.749037742614746094e+00
5.481541633605957031e+00 5.728289604187011719e+00 6.969921112060546875e+00 5.391418457031250000e+00 9.279224395751953125e+00 9.708945274353027344e+00 9.037372589111328125e+00 6.858170509338378906e+00 7.734602928161621094e+00 8.179323196411132812e+00 6.567297935485839844e+00 7.477927207946777344e+00 9.862652778625488281e+00 7.531548976898193359e+00 7.904613494873046875e+00 1.035675811767578125e+01 7.126595973968505859e+00 8.364580154418945312e+00 1.272638511657714844e+01 7.281467437744140625e+00
8.032512664794921875e+00 9.230277061462402344e+00 7.269987583160400391e+00 7.823527336120605469e+00 9.551679611206054688e+00 1.020942306518554688e+01 9.666961669921875000e+00 8.597028732299804688e+00 1.087572002410888672e+01 8.662807464599609375e+00 1.074498367309570312e+01 7.124749183654785156e+00 7.606113433837890625e+00 9.143952369689941406e+00 1.096208477020263672e+01 7.186050415039062500e+00 8.673616409301757812e+00 8.039280891418457031e+00 8.976676940917968750e+00 1.116680526733398438e+01
7.906694412231445312e+00 1.184806060791015625e+01 6.316194534301757812e+00 1.033001136779785156e+01 5.864427566528320312e+00 8.549861907958984375e+00 9.402748107910156250e+00 7.853132724761962891e+00 4.940764427185058594e+00 6.724767208099365234e+00 1.075104904174804688e+01 4.644738674163818359e+00 7.933876037597656250e+00 4.515466213226318359e+00 9.569295883178710938e+00 9.003482818603515625e+00 8.555531501770019531e+00 7.448266506195068359e+00 7.374200820922851562e+00 6.312331676483154297e+00
