2019-07-25 15:30:00
9.040215492248535156e+00 5.956936836242675781e+00 1.637134933471679688e+01 1.409581184387207031e+01 9.235204696655273438e+00 1.166145896911621094e+01 6.131468772888183594e+00 1.156154537200927734e+01 6.451089859008789062e+00 8.719620704650878906e+00 1.220758914947509766e+01 1.050481510162353516e+01 1.014471626281738281e+01 1.137059593200683594e+01 1.413337326049804688e+01 7.473391532897949219e+00 6.478478431701660156e+00 6.474903106689453125e+00 7.366236686706542969e+00 7.572564125061035156e+00
8.425718307495117188e+00 1.151502037048339844e+01 5.894598960876464844e+00 8.073959350585937500e+00 1.325995635986328125e+01 1.212973976135253906e+01 1.039995574951171875e+01 6.533693313598632812e+00 7.069253921508789062e+00 7.644287109375000000e+00 7.090775012969970703e+00 6.772821426391601562e+00 7.624400138854980469e+00 4.459760665893554688e+00 6.765991210937500000e+00 1.097573852539062500e+01 9.158470153808593750e+00 1.084418201446533203e+01 1.075845241546630859e+01 1.093213272094726562e+01
1.274468708038330078e+01 8.100160598754882812e+00 9.354866027832031250e+00 5.965759754180908203e+00 9.443694114685058594e+00 1.403088760375976562e+01 4.872327327728271484e+00 6.990204334259033203e+00 1.080625057220458984e+01 8.148056983947753906e+00 8.790206909179687500e+00 9.432510375976562500e+00 5.477941989898681641e+00 8.620297431945800781e+00 9.077627182006835938e+00 1.029074382781982422e+01 1.288443565368652344e+01 6.624620914459228516e+00 7.286568164825439453e+00 1.031817626953125000e+01
5.817636489868164062e+00 7.424483299255371094e+00 8.600858688354492188e+00 8.353990554809570312e+00 8.874033927917480469e+00 8.663812637329101562e+00 8.635066986083984375e+00 9.067554473876953125e+00 5.800898075103759766e+00 8.386496543884277344e+00 1.089740943908691406e+01 1.087744331359863281e+01 5.425669193267822266e+00 8.148405075073242188e+00 1.089080238342285156e+01 8.753316879272460938e+00 9.233794212341308594e+00 6.969293117523193359e+00 7.097836494445800781e+00 5.129113674163818359e+00
7.804135799407958984e+00 6.861099720001220703e+00 8.680389404296875000e+00 8.690904617309570312e+00 1.031374549865722656e+01 7.782210826873779297e+00 9.314884185791015625e+00 7.935430526733398438e+00 9.735158920288085938e+00 7.746038436889648438e+00 8.395168304443359375e+00 9.807485580444335938e+00 1.026952171325683594e+01 9.214323997497558594e+00 6.487647533416748047e+00 6.083475589752197266e+00 1.393956756591796875e+01 4.053607940673828125e+00 7.386483192443847656e+00 7.868272781372070312e+00
4.771409034729003906e+00 9.388922691345214844e+00 6.644747734069824219e+00 1.097999954223632812e+01 1.141821956634521484e+01 9.520025253295898438e+00 1.193139648437500000e+01 1.685547256469726562e+01 1.006201648712158203e+01 9.192907333374023438e+00 7.525837898254394531e+00 1.146336650848388672e+01 7.400313377380371094e+00 9.014076232910156250e+00 7.202406883239746094e+00 1.186265563964843750e+01 1.244968700408935547e+01 6.193499565124511719e+00 7.395022392272949219e+00 9.296817779541015625e+00
1.121914577484130859e+01 9.757263183593750000e+00 8.688675880432128906e+00 6.308988571166992188e+00 1.055804824829101562e+01 6.408042907714843750e+00 5.773501396179199219e+00 4.627287864685058594e+00 8.480778694152832031e+00 9.777491569519042969e+00 9.264206886291503906e+00 6.656228542327880859e+00 9.945457458496093750e+00 9.126443862915039062e+00 8.958931922912597656e+00 7.987704753875732422e+00 1.123344993591308594e+01 1.273132896423339844e+01 1.075304603576660156e+01 6.691470146179199219e+00
1.019928836822509766e+01 5.996083259582519531e+00 1.021490097045898438e+01 1.319151592254638672e+01 8.706943511962890625e+00 1.102257728576660156e+01 6.564932823181152344e+00 8.289685249328613281e+00 6.755669593811035156e+00 8.351103782653808594e+00 1.161090087890625000e+01 8.430053710937500000e+00 1.220997047424316406e+01 8.957889556884765625e+00 7.856002807617187500e+00 7.151605129241943359e+00 5.551406860351562500e+00 8.797657012939453125e+00 5.100893974304199219e+00 7.841098785400390625e+00
7.198587894439697266e+00 1.101737022399902344e+01 8.957111358642578125e+00 4.640390872955322266e+00 4.346002578735351562e+00 9.993780136108398438e+00 7.577077865600585938e+00 9.404148101806640625e+00 7.243864536285400391e+00 6.583101272583007812e+00 1.169243812561035156e+01 1.311615562438964844e+01 1.034544944763183594e+01 6.119059085845947266e+00 8.149394989013671875e+00 5.799664497375488281e+00 9.620748519897460938e+00 9.105563163757324219e+00 9.698387145996093750e+00 1.116520881652832031e+01
1.306512165069580078e+01 1.164995765686035156e+01 3.434608697891235352e+00 1.059113121032714844e+01 8.391340255737304688e+00 9.197505950927734375e+00 1.050086784362792969e+01 6.904113292694091797e+00 9.349981307983398438e+00 7.798077106475830078e+00 8.355966567993164062e+00 8.092729568481445312e+00 6.984464645385742188e+00 5.767858505249023438e+00 6.659678936004638672e+00 4.545825004577636719e+00 1.000659561157226562e+01 8.780593872070312500e+00 1.052834129333496094e+01 8.186466217041015625e+00
8.673070907592773438e+00 1.085788726806640625e+01 9.487896919250488281e+00 9.177770614624023438e+00 1.011886787414550781e+01 6.556226253509521484e+00 7.660920619964599609e+00 6.640359878540039062e+00 7.770762920379638672e+00 7.736187458038330078e+00 5.936792373657226562e+00 7.046420574188232422e+00 7.148505210876464844e+00 4.999521732330322266e+00 5.759056091308593750e+00 8.331207275390625000e+00 7.891100406646728516e+00 7.862836837768554688e+00 1.299483203887939453e+01 9.583963394165039062e+00
1.151925754547119141e+01 1.272822380065917969e+01 6.748512268066406250e+00 7.956848621368408203e+00 1.030235481262207031e+01 8.084374427795410156e+00 7.695864677429199219e+00 1.116827392578125000e+01 1.009617042541503906e+01 6.409578323364257812e+00 9.545911788940429688e+00 1.084689235687255859e+01 1.166123294830322266e+01 1.111655235290527344e+01 9.232301712036132812e+00 4.873311519622802734e+00 9.915195465087890625e+00 1.025926971435546875e+01 1.317114257812500000e+01 6.381103515625000000e+00
5.351588249206542969e+00 3.392526626586914062e+00 6.197606086730957031e+00 7.868750572204589844e+00 6.740313529968261719e+00 1.013343811035156250e+01 1.290692710876464844e+01 9.000500679016113281e+00 1.035472774505615234e+01 7.968588829040527344e+00 1.176651191711425781e+01 1.078948974609375000e+01 6.273058891296386719e+00 1.284135246276855469e+01 1.022739410400390625e+01 7.015647411346435547e+00 8.761831283569335938e+00 5.478022575378417969e+00 1.068392181396484375e+01 1.188676452636718750e+01
1.119973754882812500e+01 1.001716804504394531e+01 7.765173435211181641e+00 1.062305259704589844e+01 8.849993705749511719e+00 1.292375946044921875e+01 1.371200275421142578e+01 6.197999954223632812e+00 5.395586013793945312e+00 1.038216781616210938e+01 9.946174621582031250e+00 1.350284194946289062e+01 8.529383659362792969e+00 9.464128494262695312e+00 9.838176727294921875e+00 1.078603935241699219e+01 1.116943073272705078e+01 6.341355323791503906e+00 9.245773315429687500e+00 8.995347976684570312e+00
9.471643447875976562e+00 7.986883163452148438e+00 9.475224494934082031e+00 7.560741424560546875e+00 1.048318481445312500e+01 7.219139099121093750e+00 9.917419433593750000e+00 9.351209640502929688e+00 4.500798225402832031e+00 7.975210666656494141e+00 8.467700958251953125e+00 9.376914024353027344e+00 1.087228488922119141e+01 1.022731971740722656e+01 8.499390602111816406e+00 6.095266342163085938e+00 1.074985313415527344e+01 1.359978771209716797e+01 7.433632850646972656e+00 5.399228572845458984e+00
1.012051773071289062e+01 6.598873138427734375e+00 1.174876308441162109e+01 8.372611999511718750e+00 9.491832733154296875e+00 9.672197341918945312e+00 7.677620887756347656e+00 1.052596282958984375e+01 1.021527957916259766e+01 9.575473785400390625e+00 1.185188293457031250e+01 1.212038993835449219e+01 8.946463584899902344e+00 9.574547767639160156e+00 7.926172733306884766e+00 1.533194541931152344e+01 1.128836917877197266e+01 7.955205917358398438e+00 8.516653060913085938e+00 8.526018142700195312e+00
1.047742843627929688e+01 6.111476898193359375e+00 6.991002082824707031e+00 6.398464202880859375e+00 1.497249984741210938e+01 9.340177536010742188e+00 1.220726013183593750e+01 7.291026592254638672e+00 9.665919303894042969e+00 7.322220802307128906e+00 9.535712242126464844e+00 1.099186515808105469e+01 8.197462081909179688e+00 9.473772048950195312e+00 1.363113403320312500e+01 5.373787879943847656e+00 6.633130073547363281e+00 7.482646942138671875e+00 1.580440139770507812e+01 1.102808570861816406e+01
9.896043777465820312e+00 9.402574539184570312e+00 6.413331985473632812e+00 1.210118103027343750e+01 9.160079002380371094e+00 1.173093128204345703e+01 9.102586746215820312e+00 8.988019943237304688e+00 1.252687263488769531e+01 1.064622211456298828e+01 8.057892799377441406e+00 9.311264991760253906e+00 4.559599876403808594e+00 8.079854965209960938e+00 9.342166900634765625e+00 1.264768695831298828e+01 7.382608413696289062e+00 9.121580123901367188e+00 1.131886482238769531e+01 8.703429222106933594e+00
9.018712043762207031e+00 1.047152423858642578e+01 9.040295600891113281e+00 7.158415794372558594e+00 9.851934432983398438e+00 9.698163032531738281e+00 7.176847457885742188e+00 6.143636226654052734e+00 8.198089599609375000e+00 6.846741676330566406e+00 1.247758674621582031e+01 8.446888923645019531e+00 6.765560626983642578e+00 9.884614944458007812e+00 1.003951358795166016e+01 6.111044883728027344e+00 7.541233062744140625e+00 1.008430862426757812e+01 9.570453643798828125e+00 9.928449630737304688e+00
6.885714054107666016e+00 9.235788345336914062e+00 5.372314453125000000e+00 9.267051696777343750e+00 8.820632934570312500e+00 1.010816764831542969e+01 8.833560943603515625e+00 7.771842956542968750e+00 5.719609737396240234e+00 8.425825119018554688e+00 8.437381744384765625e+00 1.016672992706298828e+01 8.057123184204101562e+00 6.173782348632812500e+00 5.046005725860595703e+00 8.689779281616210938e+00 6.058336734771728516e+00 1.106997871398925781e+01 1.191177654266357422e+01 8.783968925476074219e+00
