2019-07-25 16:15:00
9.908891677856445312e+00 8.685152053833007812e+00 4.465523242950439453e+00 9.822554588317871094e+00 9.833995819091796875e+00 8.431091308593750000e+00 7.551106452941894531e+00 1.168399429321289062e+01 1.007845878601074219e+01 1.111585044860839844e+01 8.840638160705566406e+00 8.284214019775390625e+00 8.808270454406738281e+00 1.106724739074707031e+01 9.810292243957519531e+00 1.635432243347167969e+01 1.286209297180175781e+01 7.988112449645996094e+00 8.518724441528320312e+00 9.679933547973632812e+00
1.511485195159912109e+01 9.013278961181640625e+00 9.504060745239257812e+00 8.946392059326171875e+00 7.643493652343750000e+00 1.188619518280029297e+01 8.415166854858398438e+00 1.073800659179687500e+01 8.579222679138183594e+00 7.404384613037109375e+00 7.621935844421386719e+00 7.805244445800781250e+00 7.314539909362792969e+00 1.410512638092041016e+01 8.551571846008300781e+00 1.124335861206054688e+01 4.758804321289062500e+00 5.506149291992187500e+00 8.497985839843750000e+00 1.134684944152832031e+01
1.021362304687500000e+01 8.007226943969726562e+00 1.076176929473876953e+01 1.082611942291259766e+01 1.027914237976074219e+01 1.032642459869384766e+01 9.782663345336914062e+00 1.043715858459472656e+01 7.582867622375488281e+00 8.790393829345703125e+00 1.065576362609863281e+01 8.521997451782226562e+00 8.976675033569335938e+00 7.426835060119628906e+00 6.464055061340332031e+00 1.690210723876953125e+01 8.354331970214843750e+00 1.080709266662597656e+01 7.658022880554199219e+00 7.349187850952148438e+00
8.960294723510742188e+00 1.447929954528808594e+01 8.632843017578125000e+00 8.188531875610351562e+00 6.280468463897705078e+00 9.580511093139648438e+00 7.094326019287109375e+00 1.219308471679687500e+01 9.540580749511718750e+00 8.121032714843750000e+00 9.216073989868164062e+00 1.051143074035644531e+01 9.692010879516601562e+00 8.503028869628906250e+00 8.871074676513671875e+00 5.866201400756835938e+00 1.037442588806152344e+01 1.181021308898925781e+01 4.762414455413818359e+00 8.124050140380859375e+00
1.045253467559814453e+01 9.730062484741210938e+00 7.664484024047851562e+00 1.075010681152343750e+01 1.031946277618408203e+01 1.373751449584960938e+01 8.319419860839843750e+00 1.233641624450683594e+01 8.476316452026367188e+00 1.118414306640625000e+01 7.188425064086914062e+00 8.959391593933105469e+00 1.729308724403381348e+00 6.707522392272949219e+00 1.280911731719970703e+01 1.410934162139892578e+01 1.033238410949707031e+01 1.462396049499511719e+01 9.434417724609375000e+00 1.676843261718750000e+01
9.973924636840820312e+00 1.219764041900634766e+01 8.317569732666015625e+00 1.198123264312744141e+01 7.983963966369628906e+00 1.160320091247558594e+01 1.044780635833740234e+01 1.421649169921875000e+01 1.348847579956054688e+01 7.727305412292480469e+00 9.114437103271484375e+00 1.029466724395751953e+01 1.500231170654296875e+01 9.069206237792968750e+00 9.191754341125488281e+00 8.612441062927246094e+00 1.285913085937500000e+01 7.672539234161376953e+00 8.118728637695312500e+00 1.398094749450683594e+01
7.010877132415771484e+00 1.320554161071777344e+01 9.423626899719238281e+00 1.416322517395019531e+01 7.880664348602294922e+00 1.181720066070556641e+01 1.424256420135498047e+01 5.566105842590332031e+00 6.491752624511718750e+00 9.323548316955566406e+00 1.283717823028564453e+01 9.728261947631835938e+00 7.808238983154296875e+00 8.087450981140136719e+00 9.535673141479492188e+00 5.110331535339355469e+00 9.194345474243164062e+00 1.158488845825195312e+01 9.865248680114746094e+00 9.436596870422363281e+00
8.382222175598144531e+00 1.435473823547363281e+01 1.011015319824218750e+01 1.429368686676025391e+01 7.728672027587890625e+00 8.469922065734863281e+00 7.005284309387207031e+00 6.310945987701416016e+00 1.078400230407714844e+01 8.841048240661621094e+00 8.136196136474609375e+00 1.449773216247558594e+01 5.640818595886230469e+00 1.276771163940429688e+01 8.971276283264160156e+00 1.261516761779785156e+01 5.055709838867187500e+00 9.536013603210449219e+00 7.257678985595703125e+00 7.842312812805175781e+00
1.289322090148925781e+01 8.484573364257812500e+00 1.409297180175781250e+01 5.857347488403320312e+00 1.188750457763671875e+01 1.093859004974365234e+01 9.815786361694335938e+00 6.967120170593261719e+00 1.006839942932128906e+01 6.825712680816650391e+00 1.170440673828125000e+01 1.043409347534179688e+01 9.092741966247558594e+00 5.186520576477050781e+00 1.133482551574707031e+01 7.007586479187011719e+00 1.017490386962890625e+01 1.076716804504394531e+01 9.953516006469726562e+00 6.985123634338378906e+00
7.025655746459960938e+00 8.484769821166992188e+00 1.313648414611816406e+01 9.336460113525390625e+00 1.149703311920166016e+01 6.627302169799804688e+00 1.258651351928710938e+01 8.473045349121093750e+00 1.210724639892578125e+01 6.740337848663330078e+00 6.720829963684082031e+00 9.534753799438476562e+00 1.154031181335449219e+01 1.044123172760009766e+01 8.483648300170898438e+00 5.953483104705810547e+00 7.386694431304931641e+00 1.025660037994384766e+01 1.345374774932861328e+01 8.693898200988769531e+00
6.616761207580566406e+00 1.239001083374023438e+01 7.554059028625488281e+00 1.235629272460937500e+01 1.016009426116943359e+01 9.551683425903320312e+00 8.956750869750976562e+00 9.248262405395507812e+00 6.327488422393798828e+00 9.694676399230957031e+00 6.012086868286132812e+00 9.665666580200195312e+00 6.271245002746582031e+00 1.091119003295898438e+01 9.893302917480468750e+00 8.518427848815917969e+00 1.193668746948242188e+01 1.412543487548828125e+01 9.403219223022460938e+00 9.484075546264648438e+00
9.265666007995605469e+00 1.080855369567871094e+01 1.023055934906005859e+01 6.897114753723144531e+00 1.182294464111328125e+01 6.904102325439453125e+00 8.960075378417968750e+00 1.019401741027832031e+01 7.583642005920410156e+00 1.464966964721679688e+01 9.871062278747558594e+00 1.025323390960693359e+01 1.371005821228027344e+01 7.662554740905761719e+00 8.642428398132324219e+00 1.180663871765136719e+01 8.268408775329589844e+00 8.051539421081542969e+00 1.160396003723144531e+01 1.386825561523437500e+01
7.939397811889648438e+00 9.160119056701660156e+00 7.852654457092285156e+00 8.143320083618164062e+00 8.851929664611816406e+00 8.114752769470214844e+00 9.601572036743164062e+00 1.250099086761474609e+01 9.451284408569335938e+00 6.753436565399169922e+00 1.034010887145996094e+01 1.282737731933593750e+01 8.414573669433593750e+00 9.679408073425292969e+00 7.216804504394531250e+00 8.197907447814941406e+00 1.101132965087890625e+01 8.294501304626464844e+00 6.913214683532714844e+00 9.915351867675781250e+00
9.639795303344726562e+00 1.470588302612304688e+01 9.685054779052734375e+00 1.216557025909423828e+01 1.479450035095214844e+01 1.057801055908203125e+01 1.167202758789062500e+01 8.370581626892089844e+00 1.011130523681640625e+01 1.122811889648437500e+01 1.029927253723144531e+01 9.737520217895507812e+00 1.362297630310058594e+01 1.049146366119384766e+01 1.398662471771240234e+01 8.528754234313964844e+00 1.132071304321289062e+01 9.774801254272460938e+00 7.397506713867187500e+00 1.001389503479003906e+01
1.097894859313964844e+01 8.482913970947265625e+00 1.120096492767333984e+01 1.105696868896484375e+01 1.029936981201171875e+01 9.538101196289062500e+00 7.941590309143066406e+00 1.116052150726318359e+01 1.315675544738769531e+01 7.418866634368896484e+00 1.040011787414550781e+01 1.043172931671142578e+01 8.860301971435546875e+00 9.132936477661132812e+00 1.190345573425292969e+01 5.554780960083007812e+00 1.613339996337890625e+01 9.672039031982421875e+00 1.273089599609375000e+01 1.133066844940185547e+01
1.002462577819824219e+01 9.990193367004394531e+00 1.474773120880126953e+01 8.762763977050781250e+00 1.305002212524414062e+01 1.048077201843261719e+01 1.467415714263916016e+01 6.084533691406250000e+00 9.946897506713867188e+00 1.164083099365234375e+01 1.282331657409667969e+01 8.780340194702148438e+00 1.329188632965087891e+01 9.884613037109375000e+00 1.464789104461669922e+01 1.150140953063964844e+01 1.189676284790039062e+01 1.626012420654296875e+01 1.070895481109619141e+01 1.620903015136718750e+01
6.265793800354003906e+00 9.773227691650390625e+00 1.058707237243652344e+01 1.274277496337890625e+01 6.227521419525146484e+00 7.633362770080566406e+00 1.223987579345703125e+01 1.328829383850097656e+01 1.237461853027343750e+01 1.463888931274414062e+01 1.357929611206054688e+01 1.141010856628417969e+01 1.369842338562011719e+01 1.474828910827636719e+01 8.665050506591796875e+00 1.041332530975341797e+01 8.241930007934570312e+00 7.205976963043212891e+00 7.870396614074707031e+00 1.187141323089599609e+01
9.393180847167968750e+00 7.193170070648193359e+00 7.639286041259765625e+00 9.496688842773437500e+00 6.340888977050781250e+00 1.391542148590087891e+01 7.718638420104980469e+00 7.057160377502441406e+00 5.335294723510742188e+00 1.023206043243408203e+01 6.194576740264892578e+00 1.031849861145019531e+01 6.379991531372070312e+00 1.156758308410644531e+01 8.212664604187011719e+00 9.418497085571289062e+00 9.685892105102539062e+00 1.056888580322265625e+01 1.169684696197509766e+01 1.684008407592773438e+01
5.103928565979003906e+00 1.053928470611572266e+01 6.948344230651855469e+00 1.545223426818847656e+01 8.725939750671386719e+00 5.493950366973876953e+00 1.062570190429687500e+01 1.111175060272216797e+01 1.068404483795166016e+01 6.902601242065429688e+00 8.930618286132812500e+00 1.193253898620605469e+01 1.022236537933349609e+01 1.208642959594726562e+01 1.237799453735351562e+01 1.207315254211425781e+01 8.824260711669921875e+00 9.256745338439941406e+00 9.887616157531738281e+00 1.018858146667480469e+01
1.342124938964843750e+01 6.147654533386230469e+00 1.103564739227294922e+01 1.374554538726806641e+01 9.459665298461914062e+00 1.324505805969238281e+01 9.994163513183593750e+00 1.220272922515869141e+01 8.359376907348632812e+00 8.490655899047851562e+00 7.502607822418212891e+00 1.185638427734375000e+01 6.801785469055175781e+00 7.269705772399902344e+00 1.101357746124267578e+01 6.968877792358398438e+00 1.609604263305664062e+01 8.382194519042968750e+00 8.590066909790039062e+00 6.609376907348632812e+00
