2019-07-25 16:45:00
7.216088294982910156e+00 1.073292541503906250e+01 1.181062221527099609e+01 8.629872322082519531e+00 7.538096427917480469e+00 8.428392410278320312e+00 1.001633644104003906e+01 4.498727321624755859e+00 9.777126312255859375e+00 6.109700202941894531e+00 1.158469963073730469e+01 9.374417304992675781e+00 8.174854278564453125e+00 1.323550128936767578e+01 1.223788547515869141e+01 1.062957096099853516e+01 1.021895694732666016e+01 8.182619094848632812e+00 6.716827392578125000e+00 1.165622901916503906e+01
1.258884716033935547e+01 9.080896377563476562e+00 6.749352455139160156e+00 8.933051109313964844e+00 1.358750534057617188e+01 1.068970298767089844e+01 8.396654129028320312e+00 7.980359077453613281e+00 1.166591453552246094e+01 1.100184249877929688e+01 8.018108367919921875e+00 1.078390789031982422e+01 6.040155410766601562e+00 7.093312263488769531e+00 2.078590011596679688e+01 7.482098579406738281e+00 7.839493751525878906e+00 1.237826919555664062e+01 1.369592285156250000e+01 1.102682209014892578e+01
1.038895416259765625e+01 1.505670070648193359e+01 7.987476825714111328e+00 8.625471115112304688e+00 1.615529632568359375e+01 8.172498703002929688e+00 1.195332527160644531e+01 9.169505119323730469e+00 8.159431457519531250e+00 9.590970993041992188e+00 9.499929428100585938e+00 1.027609062194824219e+01 7.727368354797363281e+00 1.165811347961425781e+01 1.077219390869140625e+01 1.176292419433593750e+01 1.854747772216796875e+01 6.044308662414550781e+00 6.077615737915039062e+00 8.428779602050781250e+00
1.001816558837890625e+01 1.336770248413085938e+01 9.369318008422851562e+00 9.428691864013671875e+00 7.977499485015869141e+00 3.064122915267944336e+00 9.053313255310058594e+00 1.011567401885986328e+01 8.746783256530761719e+00 1.388079452514648438e+01 1.581273174285888672e+01 1.272939777374267578e+01 1.002563953399658203e+01 9.848121643066406250e+00 5.841417312622070312e+00 8.974225997924804688e+00 1.034281730651855469e+01 6.313758850097656250e+00 1.325784492492675781e+01 7.714360237121582031e+00
1.183619403839111328e+01 1.377939414978027344e+01 8.682998657226562500e+00 9.273867607116699219e+00 1.100691795349121094e+01 9.609579086303710938e+00 7.863432884216308594e+00 1.229749679565429688e+01 1.363325691223144531e+01 8.459565162658691406e+00 9.396605491638183594e+00 1.397627830505371094e+01 1.134492588043212891e+01 1.376308155059814453e+01 1.128217697143554688e+01 1.466616439819335938e+01 1.321539020538330078e+01 8.189138412475585938e+00 9.780198097229003906e+00 7.859592437744140625e+00
7.470209121704101562e+00 1.061855506896972656e+01 9.077726364135742188e+00 8.258515357971191406e+00 1.442914962768554688e+01 1.373200798034667969e+01 9.369266510009765625e+00 1.129962158203125000e+01 9.282287597656250000e+00 1.326687240600585938e+01 1.422980022430419922e+01 9.727606773376464844e+00 1.068794631958007812e+01 1.076333045959472656e+01 6.954081535339355469e+00 9.514019012451171875e+00 1.119457244873046875e+01 1.159468173980712891e+01 9.370798110961914062e+00 7.372687816619873047e+00
1.116875839233398438e+01 1.317766380310058594e+01 8.878996849060058594e+00 8.700733184814453125e+00 1.497926902770996094e+01 9.062295913696289062e+00 1.244240379333496094e+01 1.102740955352783203e+01 1.281970787048339844e+01 9.157330513000488281e+00 1.026192378997802734e+01 8.263414382934570312e+00 8.566919326782226562e+00 1.144891643524169922e+01 7.611694812774658203e+00 1.299546146392822266e+01 9.949373245239257812e+00 1.126299095153808594e+01 7.226972579956054688e+00 1.135167312622070312e+01
7.995870590209960938e+00 1.032991218566894531e+01 7.044385910034179688e+00 9.116161346435546875e+00 1.211602878570556641e+01 1.179941749572753906e+01 1.163391304016113281e+01 8.868219375610351562e+00 5.959980010986328125e+00 8.892412185668945312e+00 1.050134086608886719e+01 1.273792266845703125e+01 1.675690078735351562e+01 8.076490402221679688e+00 9.507785797119140625e+00 1.299844551086425781e+01 8.904826164245605469e+00 1.606486511230468750e+01 1.130469322204589844e+01 1.055172061920166016e+01
5.782716751098632812e+00 8.493091583251953125e+00 1.356181144714355469e+01 1.025833415985107422e+01 1.104586029052734375e+01 8.004315376281738281e+00 1.318212699890136719e+01 7.748374938964843750e+00 1.023986434936523438e+01 9.551901817321777344e+00 1.297040462493896484e+01 1.090939521789550781e+01 1.325636863708496094e+01 1.169506454467773438e+01 1.370935440063476562e+01 1.274701023101806641e+01 1.164158058166503906e+01 1.554865074157714844e+01 8.560667037963867188e+00 8.577034950256347656e+00
1.127660179138183594e+01 8.117478370666503906e+00 1.035075187683105469e+01 1.179783821105957031e+01 1.055803012847900391e+01 9.906295776367187500e+00 7.233372688293457031e+00 8.355623245239257812e+00 1.251683044433593750e+01 1.275300979614257812e+01 8.654691696166992188e+00 1.105796241760253906e+01 8.210737228393554688e+00 7.717348098754882812e+00 7.899983406066894531e+00 8.399290084838867188e+00 1.299225616455078125e+01 1.027663803100585938e+01 1.128707504272460938e+01 8.819528579711914062e+00
1.004219436645507812e+01 8.879396438598632812e+00 1.063636493682861328e+01 1.383696365356445312e+01 1.164842033386230469e+01 1.060082626342773438e+01 1.120878124237060547e+01 1.198273658752441406e+01 6.841877937316894531e+00 8.510165214538574219e+00 9.050747871398925781e+00 9.085258483886718750e+00 1.077715110778808594e+01 1.031419944763183594e+01 7.230744838714599609e+00 1.085638427734375000e+01 9.180576324462890625e+00 1.142695808410644531e+01 8.467884063720703125e+00 6.621509552001953125e+00
1.230927848815917969e+01 1.224216842651367188e+01 1.213434028625488281e+01 1.165766239166259766e+01 1.317320346832275391e+01 1.404429435729980469e+01 6.757393836975097656e+00 1.447778224945068359e+01 5.203673362731933594e+00 1.036976909637451172e+01 7.482986450195312500e+00 6.766162872314453125e+00 9.857965469360351562e+00 8.598161697387695312e+00 1.022113418579101562e+01 8.715691566467285156e+00 1.058671569824218750e+01 8.707464218139648438e+00 1.073629760742187500e+01 8.866298675537109375e+00
8.968370437622070312e+00 8.683094024658203125e+00 8.344002723693847656e+00 1.069208908081054688e+01 1.135704231262207031e+01 1.019187259674072266e+01 1.257049942016601562e+01 1.456330585479736328e+01 6.105877876281738281e+00 9.476220130920410156e+00 1.375907993316650391e+01 1.025218391418457031e+01 1.478532600402832031e+01 1.005408763885498047e+01 1.039379501342773438e+01 1.190006446838378906e+01 7.814365863800048828e+00 8.077873229980468750e+00 8.647966384887695312e+00 1.365778732299804688e+01
1.149559020996093750e+01 8.149797439575195312e+00 8.739929199218750000e+00 8.355595588684082031e+00 1.243490409851074219e+01 4.264078617095947266e+00 8.822031021118164062e+00 6.437548637390136719e+00 8.213907241821289062e+00 1.130103969573974609e+01 1.104471683502197266e+01 1.619446563720703125e+01 8.117654800415039062e+00 1.588719463348388672e+01 7.803284168243408203e+00 7.828041553497314453e+00 1.210859012603759766e+01 9.061740875244140625e+00 6.676742553710937500e+00 1.009083366394042969e+01
1.381908035278320312e+01 1.317423057556152344e+01 1.401015567779541016e+01 4.744666099548339844e+00 8.407579421997070312e+00 1.328733253479003906e+01 8.756899833679199219e+00 9.641767501831054688e+00 9.955570220947265625e+00 1.027603149414062500e+01 1.058419227600097656e+01 1.062542819976806641e+01 8.342203140258789062e+00 1.372424888610839844e+01 9.442838668823242188e+00 1.479569530487060547e+01 1.059580802917480469e+01 1.497303581237792969e+01 7.857347488403320312e+00 1.009320831298828125e+01
9.843454360961914062e+00 1.058403396606445312e+01 8.601029396057128906e+00 1.176529884338378906e+01 1.007675266265869141e+01 1.089758300781250000e+01 9.461935043334960938e+00 6.785401344299316406e+00 7.310867786407470703e+00 7.753784656524658203e+00 1.228101444244384766e+01 9.187360763549804688e+00 8.191683769226074219e+00 1.150544548034667969e+01 1.418128299713134766e+01 1.310118103027343750e+01 1.234869670867919922e+01 1.568806838989257812e+01 1.169597244262695312e+01 7.987683296203613281e+00
8.392464637756347656e+00 1.007508563995361328e+01 5.263760566711425781e+00 1.212604045867919922e+01 9.153919219970703125e+00 9.171485900878906250e+00 1.472551059722900391e+01 1.091493797302246094e+01 1.772339248657226562e+01 8.345502853393554688e+00 1.179257583618164062e+01 1.417888259887695312e+01 1.674712562561035156e+01 1.289600563049316406e+01 1.445377254486083984e+01 7.541413784027099609e+00 9.134706497192382812e+00 1.252439785003662109e+01 1.059602355957031250e+01 9.886353492736816406e+00
1.018746185302734375e+01 6.604512691497802734e+00 5.723192214965820312e+00 6.225049972534179688e+00 8.469797134399414062e+00 7.231932163238525391e+00 9.163500785827636719e+00 1.180071353912353516e+01 9.126897811889648438e+00 7.198620796203613281e+00 9.987801551818847656e+00 1.160156250000000000e+01 8.723181724548339844e+00 1.114534950256347656e+01 1.079059028625488281e+01 6.379376411437988281e+00 1.192067909240722656e+01 9.907161712646484375e+00 1.602693367004394531e+01 7.020859241485595703e+00
7.830357551574707031e+00 8.962072372436523438e+00 7.818513870239257812e+00 8.915980339050292969e+00 9.026880264282226562e+00 1.158878135681152344e+01 8.997570037841796875e+00 1.311677551269531250e+01 1.259366035461425781e+01 1.196812343597412109e+01 1.277361297607421875e+01 9.511717796325683594e+00 1.229795551300048828e+01 6.396725177764892578e+00 9.489221572875976562e+00 5.787935256958007812e+00 3.253914356231689453e+00 6.559438228607177734e+00 7.558633804321289062e+00 1.019003105163574219e+01
7.986485481262207031e+00 6.480233192443847656e+00 8.148054122924804688e+00 1.086912345886230469e+01 9.968631744384765625e+00 1.434850120544433594e+01 1.039940452575683594e+01 7.973208427429199219e+00 8.911640167236328125e+00 1.281835365295410156e+01 1.235274982452392578e+01 7.558628082275390625e+00 1.050202941894531250e+01 1.243061065673828125e+01 9.825479507446289062e+00 1.174773025512695312e+01 7.283908843994140625e+00 8.913297653198242188e+00 1.002708530426025391e+01 1.116927242279052734e+01
