2019-07-25 17:00:00
1.086537742614746094e+01 8.886334419250488281e+00 8.086826324462890625e+00 1.204479026794433594e+01 1.318134689331054688e+01 1.002918434143066406e+01 9.120721817016601562e+00 9.101432800292968750e+00 1.091788578033447266e+01 1.090394973754882812e+01 1.294969558715820312e+01 9.179907798767089844e+00 1.179409980773925781e+01 1.391339969635009766e+01 1.051783561706542969e+01 1.571007251739501953e+01 1.179887390136718750e+01 9.790367126464843750e+00 7.706390380859375000e+00 1.136888504028320312e+01
1.046980857849121094e+01 5.951874732971191406e+00 1.280222320556640625e+01 1.307773494720458984e+01 1.140049934387207031e+01 9.890563964843750000e+00 9.869722366333007812e+00 1.035759353637695312e+01 1.007887649536132812e+01 1.502645492553710938e+01 1.393093872070312500e+01 9.771192550659179688e+00 8.815517425537109375e+00 7.896667957305908203e+00 1.085918426513671875e+01 9.598821640014648438e+00 1.399404716491699219e+01 8.565459251403808594e+00 1.072568321228027344e+01 1.252533149719238281e+01
8.904951095581054688e+00 1.208614540100097656e+01 8.554149627685546875e+00 1.127415466308593750e+01 7.171208381652832031e+00 1.590788555145263672e+01 6.375869274139404297e+00 1.720918273925781250e+01 1.349868583679199219e+01 1.641267585754394531e+01 1.709107589721679688e+01 9.875894546508789062e+00 9.105127334594726562e+00 9.572643280029296875e+00 1.407617855072021484e+01 1.438353633880615234e+01 8.422056198120117188e+00 5.305257797241210938e+00 7.397645950317382812e+00 8.735260963439941406e+00
1.132636833190917969e+01 1.685364341735839844e+01 9.637863159179687500e+00 1.402305793762207031e+01 1.262463569641113281e+01 6.014164924621582031e+00 9.261523246765136719e+00 7.791635513305664062e+00 1.156955528259277344e+01 1.473507308959960938e+01 9.548033714294433594e+00 1.317067909240722656e+01 1.767342185974121094e+01 1.028590774536132812e+01 1.024554252624511719e+01 1.337601661682128906e+01 1.179183959960937500e+01 1.443362998962402344e+01 1.045477485656738281e+01 1.288812828063964844e+01
5.555544376373291016e+00 1.202490806579589844e+01 1.123459911346435547e+01 1.095413875579833984e+01 9.262181282043457031e+00 9.865966796875000000e+00 9.597703933715820312e+00 1.036864089965820312e+01 9.137969970703125000e+00 1.570453071594238281e+01 1.047534561157226562e+01 1.262217998504638672e+01 9.646228790283203125e+00 7.509904861450195312e+00 1.376568412780761719e+01 1.281865119934082031e+01 6.652126789093017578e+00 1.220825767517089844e+01 1.244932365417480469e+01 1.243497276306152344e+01
1.063467025756835938e+01 8.220146179199218750e+00 6.004827976226806641e+00 1.293924140930175781e+01 1.161840248107910156e+01 1.455537033081054688e+01 1.115678024291992188e+01 9.228496551513671875e+00 1.118237972259521484e+01 1.201288986206054688e+01 8.063737869262695312e+00 8.233541488647460938e+00 7.739066123962402344e+00 6.912932395935058594e+00 1.341198158264160156e+01 1.189263343811035156e+01 1.234718418121337891e+01 9.101496696472167969e+00 1.415172576904296875e+01 1.107877731323242188e+01
1.278118705749511719e+01 5.695062637329101562e+00 6.709237098693847656e+00 1.042792320251464844e+01 6.276834964752197266e+00 7.581315994262695312e+00 1.233938884735107422e+01 7.828063488006591797e+00 8.205809593200683594e+00 9.018133163452148438e+00 1.254114913940429688e+01 1.196378326416015625e+01 1.099371910095214844e+01 9.355298995971679688e+00 9.566680908203125000e+00 1.012851142883300781e+01 1.888417434692382812e+01 1.510898590087890625e+01 8.812370300292968750e+00 6.503273010253906250e+00
1.210269927978515625e+01 9.491870880126953125e+00 5.052566528320312500e+00 1.008439064025878906e+01 8.592468261718750000e+00 1.215044784545898438e+01 9.216860771179199219e+00 6.940853118896484375e+00 8.799369812011718750e+00 1.078382873535156250e+01 9.093632698059082031e+00 1.120532035827636719e+01 8.538327217102050781e+00 1.038982295989990234e+01 8.705959320068359375e+00 6.088414192199707031e+00 9.682126998901367188e+00 1.017435169219970703e+01 7.627485275268554688e+00 7.085089683532714844e+00
1.099061012268066406e+01 9.399631500244140625e+00 1.199391365051269531e+01 1.279006481170654297e+01 1.001522827148437500e+01 1.194576263427734375e+01 1.324413681030273438e+01 1.113186645507812500e+01 1.193299674987792969e+01 7.113914489746093750e+00 1.218247795104980469e+01 9.558234214782714844e+00 1.187979125976562500e+01 8.871555328369140625e+00 1.138324260711669922e+01 1.106407546997070312e+01 1.170774364471435547e+01 1.400563335418701172e+01 7.889171123504638672e+00 1.218211936950683594e+01
1.023468399047851562e+01 7.295922279357910156e+00 1.291159725189208984e+01 1.115303421020507812e+01 1.019856166839599609e+01 4.005516529083251953e+00 1.013298988342285156e+01 8.670391082763671875e+00 1.192020797729492188e+01 1.163848781585693359e+01 1.160891819000244141e+01 8.830037117004394531e+00 1.333644676208496094e+01 1.037942600250244141e+01 8.170308113098144531e+00 8.239069938659667969e+00 5.963067054748535156e+00 1.517449951171875000e+01 1.683567810058593750e+01 1.000159358978271484e+01
9.447685241699218750e+00 9.198129653930664062e+00 1.122091674804687500e+01 7.955987930297851562e+00 1.363925170898437500e+01 5.070533752441406250e+00 1.179704093933105469e+01 1.205115509033203125e+01 8.403674125671386719e+00 9.855598449707031250e+00 7.605004787445068359e+00 8.529608726501464844e+00 1.109925460815429688e+01 1.413735008239746094e+01 9.810570716857910156e+00 1.299419784545898438e+01 7.591592311859130859e+00 7.632173061370849609e+00 1.812269973754882812e+01 4.750119686126708984e+00
1.370978927612304688e+01 1.298256683349609375e+01 9.673666000366210938e+00 1.346271038055419922e+01 1.104105472564697266e+01 8.269266128540039062e+00 5.010449886322021484e+00 9.964876174926757812e+00 1.122875213623046875e+01 1.214767074584960938e+01 9.311355590820312500e+00 1.009917449951171875e+01 2.077421760559082031e+01 1.385906982421875000e+01 8.859342575073242188e+00 1.477398490905761719e+01 1.055628776550292969e+01 1.078984451293945312e+01 1.234753227233886719e+01 1.613046646118164062e+01
1.406184482574462891e+01 8.253514289855957031e+00 8.148195266723632812e+00 1.034058189392089844e+01 1.215962314605712891e+01 1.162701892852783203e+01 1.048994064331054688e+01 7.223806381225585938e+00 1.075704765319824219e+01 8.061796188354492188e+00 1.310919570922851562e+01 1.012041187286376953e+01 1.571960258483886719e+01 1.117024040222167969e+01 1.078414916992187500e+01 1.297383499145507812e+01 1.736862182617187500e+01 9.709090232849121094e+00 1.041640281677246094e+01 1.834864234924316406e+01
1.076986503601074219e+01 8.439300537109375000e+00 1.008497714996337891e+01 1.306778717041015625e+01 1.103717613220214844e+01 1.068632030487060547e+01 8.972341537475585938e+00 9.481979370117187500e+00 9.605796813964843750e+00 1.235885238647460938e+01 8.031003952026367188e+00 7.424897193908691406e+00 1.218429756164550781e+01 9.706655502319335938e+00 1.252382087707519531e+01 1.292250442504882812e+01 1.178362751007080078e+01 1.389426136016845703e+01 1.045704269409179688e+01 7.989672660827636719e+00
1.244592094421386719e+01 1.257400512695312500e+01 1.341939067840576172e+01 1.254012203216552734e+01 1.001487636566162109e+01 8.951094627380371094e+00 9.912059783935546875e+00 9.956184387207031250e+00 9.683799743652343750e+00 1.311477088928222656e+01 7.730969429016113281e+00 1.272181320190429688e+01 9.822074890136718750e+00 9.475163459777832031e+00 1.116740894317626953e+01 4.621858119964599609e+00 7.311030387878417969e+00 1.035820960998535156e+01 7.760002136230468750e+00 7.473337173461914062e+00
1.181474494934082031e+01 1.064970588684082031e+01 1.375196838378906250e+01 1.228332519531250000e+01 1.600905609130859375e+01 1.314888954162597656e+01 1.400427722930908203e+01 1.205475425720214844e+01 1.287454605102539062e+01 1.298050689697265625e+01 1.313306045532226562e+01 9.975143432617187500e+00 1.500830459594726562e+01 1.083343982696533203e+01 8.435793876647949219e+00 1.247470378875732422e+01 1.140945911407470703e+01 1.025028038024902344e+01 2.127013206481933594e+01 1.480029869079589844e+01
1.047637844085693359e+01 1.468811321258544922e+01 9.200647354125976562e+00 5.105157375335693359e+00 1.084702873229980469e+01 6.671784400939941406e+00 1.183786582946777344e+01 1.606957626342773438e+01 9.991441726684570312e+00 1.448932838439941406e+01 1.569104099273681641e+01 1.112902641296386719e+01 1.496486091613769531e+01 9.473686218261718750e+00 1.207721519470214844e+01 1.162796211242675781e+01 8.631587028503417969e+00 6.870495319366455078e+00 1.626533508300781250e+01 1.041721534729003906e+01
1.213602638244628906e+01 1.108199787139892578e+01 7.788452148437500000e+00 8.267654418945312500e+00 1.233659267425537109e+01 1.003903007507324219e+01 6.312875747680664062e+00 1.373994350433349609e+01 1.505301666259765625e+01 1.372786903381347656e+01 1.005162239074707031e+01 7.587610244750976562e+00 1.465817832946777344e+01 1.459605312347412109e+01 1.194747924804687500e+01 8.585992813110351562e+00 1.509659004211425781e+01 8.936738014221191406e+00 9.951667785644531250e+00 1.751976776123046875e+01
1.133390617370605469e+01 9.172975540161132812e+00 1.010318183898925781e+01 9.955951690673828125e+00 7.140529632568359375e+00 1.117373085021972656e+01 7.698485374450683594e+00 9.639970779418945312e+00 1.447088146209716797e+01 1.507163143157958984e+01 1.160744953155517578e+01 1.410249710083007812e+01 7.406850814819335938e+00 1.053654479980468750e+01 1.138444423675537109e+01 1.000172615051269531e+01 9.866070747375488281e+00 6.827766418457031250e+00 1.125607299804687500e+01 1.222725868225097656e+01
9.588690757751464844e+00 1.199910163879394531e+01 1.028712749481201172e+01 5.758547782897949219e+00 7.630140304565429688e+00 1.361887550354003906e+01 8.517385482788085938e+00 1.149818611145019531e+01 1.066591072082519531e+01 9.572803497314453125e+00 8.861942291259765625e+00 1.507672405242919922e+01 1.449759292602539062e+01 1.380460929870605469e+01 1.105732440948486328e+01 1.361963272094726562e+01 1.160318183898925781e+01 8.327113151550292969e+00 1.032867050170898438e+01 9.919818878173828125e+00
