2019-07-25 17:15:00
8.473152160644531250e+00 9.380121231079101562e+00 6.986712455749511719e+00 9.702026367187500000e+00 9.309996604919433594e+00 1.350577926635742188e+01 1.320381832122802734e+01 1.325895786285400391e+01 7.634575843811035156e+00 9.858311653137207031e+00 9.177816390991210938e+00 9.828107833862304688e+00 1.147930145263671875e+01 1.217260074615478516e+01 2.020862007141113281e+01 1.015098953247070312e+01 9.851428031921386719e+00 1.091441154479980469e+01 7.559758186340332031e+00 1.027518081665039062e+01
7.369401931762695312e+00 1.344838142395019531e+01 9.785611152648925781e+00 1.047888088226318359e+01 1.331088161468505859e+01 7.376056671142578125e+00 9.673749923706054688e+00 9.385515213012695312e+00 6.437928199768066406e+00 1.160896587371826172e+01 7.995032310485839844e+00 6.666314125061035156e+00 8.741859436035156250e+00 1.174516868591308594e+01 1.500244331359863281e+01 8.633540153503417969e+00 1.026553344726562500e+01 8.901538848876953125e+00 1.200712394714355469e+01 1.039679813385009766e+01
6.333840847015380859e+00 6.433379173278808594e+00 1.219990921020507812e+01 1.153422164916992188e+01 7.651456832885742188e+00 1.371200370788574219e+01 1.175342559814453125e+01 6.287095069885253906e+00 1.099381923675537109e+01 1.082954692840576172e+01 1.458457183837890625e+01 1.408229637145996094e+01 1.468049621582031250e+01 1.001998138427734375e+01 8.982608795166015625e+00 1.628382682800292969e+01 1.408636951446533203e+01 7.661974906921386719e+00 6.937109470367431641e+00 8.650789260864257812e+00
1.239438629150390625e+01 8.293174743652343750e+00 1.185821533203125000e+01 1.024040794372558594e+01 1.114053630828857422e+01 9.715057373046875000e+00 8.224700927734375000e+00 6.343997955322265625e+00 8.662505149841308594e+00 1.418129920959472656e+01 1.097774982452392578e+01 7.454812049865722656e+00 1.079640197753906250e+01 1.403609466552734375e+01 1.343649387359619141e+01 9.329624176025390625e+00 1.369076251983642578e+01 9.479820251464843750e+00 1.084650611877441406e+01 1.041551017761230469e+01
1.264308166503906250e+01 1.319823837280273438e+01 1.126686096191406250e+01 1.038910675048828125e+01 1.026333522796630859e+01 1.349556732177734375e+01 1.261896324157714844e+01 1.308321952819824219e+01 1.098163700103759766e+01 8.602573394775390625e+00 1.149099826812744141e+01 8.037295341491699219e+00 1.200517654418945312e+01 1.016657161712646484e+01 9.956369400024414062e+00 8.822450637817382812e+00 1.284313011169433594e+01 1.609238815307617188e+01 1.691020393371582031e+01 1.182795715332031250e+01
7.283507347106933594e+00 1.371329116821289062e+01 1.070322799682617188e+01 1.140009307861328125e+01 1.399952125549316406e+01 1.416238784790039062e+01 1.085650825500488281e+01 1.098600482940673828e+01 7.516673088073730469e+00 8.948595046997070312e+00 4.998510360717773438e+00 6.135467052459716797e+00 9.633693695068359375e+00 8.094724655151367188e+00 1.319794654846191406e+01 1.210837554931640625e+01 9.792760848999023438e+00 1.095743751525878906e+01 1.099787902832031250e+01 6.679244518280029297e+00
1.130442237854003906e+01 1.183631706237792969e+01 1.016640949249267578e+01 1.017622566223144531e+01 9.279499053955078125e+00 1.330801677703857422e+01 9.635847091674804688e+00 6.512631893157958984e+00 7.615065574645996094e+00 6.156616210937500000e+00 8.128086090087890625e+00 7.877648353576660156e+00 5.763433933258056641e+00 6.056237220764160156e+00 9.382352828979492188e+00 1.588611507415771484e+01 9.479417800903320312e+00 1.253033542633056641e+01 1.887726974487304688e+01 3.823888301849365234e+00
6.037385463714599609e+00 8.511999130249023438e+00 7.910842418670654297e+00 5.105507373809814453e+00 9.737190246582031250e+00 8.781921386718750000e+00 1.001645088195800781e+01 6.611636161804199219e+00 7.970283031463623047e+00 8.582305908203125000e+00 8.658716201782226562e+00 7.399278640747070312e+00 1.264491462707519531e+01 1.439717292785644531e+01 1.264448356628417969e+01 8.843589782714843750e+00 6.922662258148193359e+00 1.030879402160644531e+01 1.389787769317626953e+01 6.131446361541748047e+00
1.055451679229736328e+01 8.789241790771484375e+00 1.254513740539550781e+01 1.404862022399902344e+01 9.986474990844726562e+00 1.143812561035156250e+01 8.924350738525390625e+00 8.034835815429687500e+00 6.182203769683837891e+00 6.731554031372070312e+00 1.403193283081054688e+01 8.347888946533203125e+00 1.028383636474609375e+01 1.385646152496337891e+01 1.097385597229003906e+01 1.154417419433593750e+01 9.981977462768554688e+00 1.206439018249511719e+01 1.121042728424072266e+01 1.002495002746582031e+01
7.030994892120361328e+00 5.944011688232421875e+00 8.535499572753906250e+00 1.132150459289550781e+01 1.156259059906005859e+01 1.405566596984863281e+01 1.128636264801025391e+01 5.931543350219726562e+00 1.012278175354003906e+01 9.617124557495117188e+00 5.576699256896972656e+00 4.610218048095703125e+00 1.380081558227539062e+01 9.165230751037597656e+00 8.077923774719238281e+00 5.624024868011474609e+00 5.888782501220703125e+00 1.325404262542724609e+01 9.838507652282714844e+00 1.032198905944824219e+01
1.038948535919189453e+01 1.291362380981445312e+01 6.711182594299316406e+00 1.230073738098144531e+01 1.112295913696289062e+01 9.389408111572265625e+00 1.402774429321289062e+01 1.290395736694335938e+01 1.222246742248535156e+01 9.041715621948242188e+00 7.669941425323486328e+00 1.173792076110839844e+01 8.907201766967773438e+00 1.583847141265869141e+01 1.279190254211425781e+01 1.850432014465332031e+01 1.119856739044189453e+01 1.527015113830566406e+01 1.517734909057617188e+01 9.906427383422851562e+00
8.776500701904296875e+00 1.244149875640869141e+01 7.030512809753417969e+00 1.235726928710937500e+01 1.383074760437011719e+01 1.441642475128173828e+01 9.810741424560546875e+00 1.204905891418457031e+01 9.089838027954101562e+00 9.880613327026367188e+00 9.982728958129882812e+00 1.516392898559570312e+01 1.695980262756347656e+01 1.303026199340820312e+01 1.760018730163574219e+01 1.657594680786132812e+01 9.491129875183105469e+00 9.668799400329589844e+00 1.364701747894287109e+01 1.118747425079345703e+01
8.353883743286132812e+00 5.215990543365478516e+00 8.438122749328613281e+00 9.902952194213867188e+00 1.116825675964355469e+01 1.368430519104003906e+01 7.466307640075683594e+00 9.661430358886718750e+00 1.197167873382568359e+01 1.144136333465576172e+01 1.238014316558837891e+01 1.355411815643310547e+01 1.430477428436279297e+01 1.599652862548828125e+01 1.481630134582519531e+01 1.263271141052246094e+01 1.128667449951171875e+01 1.437313461303710938e+01 9.446733474731445312e+00 1.561489868164062500e+01
8.228549957275390625e+00 9.221824645996093750e+00 1.019624710083007812e+01 7.231931686401367188e+00 1.189954662322998047e+01 1.049368095397949219e+01 1.170422744750976562e+01 8.779747962951660156e+00 6.866517066955566406e+00 1.137125968933105469e+01 1.346302795410156250e+01 1.421024417877197266e+01 1.483714485168457031e+01 6.670881271362304688e+00 1.185406684875488281e+01 1.219384574890136719e+01 1.165484237670898438e+01 1.037846946716308594e+01 9.864686965942382812e+00 1.137483215332031250e+01
1.152951908111572266e+01 1.134352588653564453e+01 1.329561996459960938e+01 8.107614517211914062e+00 1.163532447814941406e+01 1.018765640258789062e+01 8.640256881713867188e+00 1.108594322204589844e+01 1.525947475433349609e+01 7.746676445007324219e+00 9.310619354248046875e+00 9.742773056030273438e+00 1.130055904388427734e+01 9.033059120178222656e+00 1.393350601196289062e+01 8.005945205688476562e+00 1.717336845397949219e+01 1.917412948608398438e+01 8.979724884033203125e+00 8.128770828247070312e+00
1.117752933502197266e+01 1.030121612548828125e+01 1.243888187408447266e+01 1.250903129577636719e+01 1.393194007873535156e+01 1.122817230224609375e+01 1.337418556213378906e+01 8.689781188964843750e+00 1.194177818298339844e+01 1.345660495758056641e+01 9.917959213256835938e+00 1.176891326904296875e+01 7.948053836822509766e+00 8.566944122314453125e+00 1.255925369262695312e+01 1.109182548522949219e+01 1.200825309753417969e+01 9.051395416259765625e+00 8.857812881469726562e+00 1.155926322937011719e+01
8.529452323913574219e+00 1.058802795410156250e+01 1.063657379150390625e+01 1.233393096923828125e+01 1.386581993103027344e+01 8.551816940307617188e+00 1.319978713989257812e+01 1.061645603179931641e+01 1.689138793945312500e+01 1.625760459899902344e+01 1.098293495178222656e+01 1.230192089080810547e+01 1.435023403167724609e+01 1.315510082244873047e+01 1.382713699340820312e+01 8.767971038818359375e+00 4.586419105529785156e+00 7.165529251098632812e+00 1.020193576812744141e+01 6.070889472961425781e+00
1.072418594360351562e+01 1.289447116851806641e+01 1.034627246856689453e+01 1.026675987243652344e+01 1.112546539306640625e+01 9.890697479248046875e+00 5.645917892456054688e+00 8.425767898559570312e+00 1.169914722442626953e+01 9.993145942687988281e+00 1.052209949493408203e+01 1.106559467315673828e+01 8.135975837707519531e+00 7.655817031860351562e+00 9.479957580566406250e+00 8.315132141113281250e+00 9.811274528503417969e+00 9.240806579589843750e+00 9.705093383789062500e+00 9.525339126586914062e+00
1.657851409912109375e+01 1.430688285827636719e+01 1.193644905090332031e+01 1.184744262695312500e+01 8.375029563903808594e+00 9.229552268981933594e+00 1.213942337036132812e+01 5.975335597991943359e+00 1.092183208465576172e+01 7.331336021423339844e+00 1.218076133728027344e+01 1.150009346008300781e+01 1.398355674743652344e+01 8.146196365356445312e+00 8.443611145019531250e+00 9.322447776794433594e+00 6.151242733001708984e+00 6.385632514953613281e+00 7.733858585357666016e+00 1.827926063537597656e+01
1.150215148925781250e+01 8.085474014282226562e+00 1.405481719970703125e+01 7.891416549682617188e+00 9.670777320861816406e+00 8.454960823059082031e+00 9.976247787475585938e+00 9.716726303100585938e+00 1.059887886047363281e+01 6.510193347930908203e+00 9.709725379943847656e+00 3.510140419006347656e+00 1.100562477111816406e+01 1.144651317596435547e+01 8.571618080139160156e+00 1.135089302062988281e+01 8.684249877929687500e+00 1.192666244506835938e+01 9.913351058959960938e+00 8.608854293823242188e+00
