2019-07-25 01:45:00
9.956693649291992188e+00 4.718960285186767578e+00 6.204150199890136719e+00 2.681169033050537109e+00 4.058743476867675781e+00 4.654067516326904297e+00 4.579139709472656250e+00 3.838327407836914062e+00 8.116543769836425781e+00 1.232536125183105469e+01 2.787222146987915039e+00 4.060639858245849609e+00 8.157936096191406250e+00 4.248533248901367188e+00 4.220388412475585938e+00 7.760210514068603516e+00 7.524178504943847656e+00 6.071631908416748047e+00 3.551528453826904297e+00 4.734722137451171875e+00
8.057231903076171875e+00 8.285539627075195312e+00 7.929821014404296875e+00 8.181299209594726562e+00 7.479187488555908203e+00 3.322161197662353516e+00 5.357326507568359375e+00 4.072669982910156250e+00 4.855959892272949219e+00 3.035732269287109375e+00 4.168916702270507812e+00 3.501644849777221680e+00 3.134091138839721680e+00 6.758448123931884766e+00 3.228308200836181641e+00 4.586848258972167969e+00 6.439630508422851562e+00 8.335950851440429688e+00 3.050556898117065430e+00 4.119840621948242188e+00
6.759277343750000000e+00 9.675840377807617188e+00 7.305210113525390625e+00 6.055696010589599609e+00 3.729560375213623047e+00 6.113267898559570312e+00 5.358880519866943359e+00 4.301176071166992188e+00 3.665033102035522461e+00 4.880574703216552734e+00 6.690316200256347656e+00 6.370965003967285156e+00 3.701498508453369141e+00 8.576755523681640625e+00 4.877636432647705078e+00 2.228949785232543945e+00 3.554403066635131836e+00 6.907011032104492188e+00 3.301645278930664062e+00 4.662074565887451172e+00
4.886727333068847656e+00 9.442510604858398438e+00 8.113963127136230469e+00 8.242091178894042969e+00 3.489298582077026367e+00 5.490752220153808594e+00 4.888166904449462891e+00 4.154392242431640625e+00 4.545767784118652344e+00 4.073518753051757812e+00 6.972284317016601562e+00 5.979210853576660156e+00 4.528096199035644531e+00 4.418500900268554688e+00 6.841116905212402344e+00 4.064934730529785156e+00 3.841544151306152344e+00 5.285765647888183594e+00 3.504273653030395508e+00 3.901430606842041016e+00
3.861006259918212891e+00 4.766397953033447266e+00 4.327501773834228516e+00 3.752598047256469727e+00 4.863871097564697266e+00 7.204401969909667969e+00 4.869303703308105469e+00 6.522830963134765625e+00 6.600856781005859375e+00 6.139162063598632812e+00 6.607218265533447266e+00 5.215075492858886719e+00 4.892451763153076172e+00 3.591814041137695312e+00 7.227704048156738281e+00 6.889277458190917969e+00 4.222887039184570312e+00 8.003429412841796875e+00 4.298686981201171875e+00 3.078829526901245117e+00
6.018608570098876953e+00 4.474496841430664062e+00 6.345079421997070312e+00 1.001331043243408203e+01 5.359846115112304688e+00 3.195021867752075195e+00 4.167416095733642578e+00 6.262206554412841797e+00 5.880829811096191406e+00 5.463668823242187500e+00 3.293358325958251953e+00 4.485581398010253906e+00 5.268328666687011719e+00 4.013120174407958984e+00 3.062732696533203125e+00 5.724752902984619141e+00 3.969054460525512695e+00 8.110677719116210938e+00 8.928381919860839844e+00 3.506360054016113281e+00
8.899938583374023438e+00 6.064889907836914062e+00 5.844927787780761719e+00 8.790267944335937500e+00 9.877398490905761719e+00 7.323912620544433594e+00 4.405159950256347656e+00 5.597555160522460938e+00 4.126326084136962891e+00 4.433629035949707031e+00 4.096828460693359375e+00 5.006885528564453125e+00 8.186391830444335938e+00 4.206900596618652344e+00 5.659530639648437500e+00 4.115090847015380859e+00 4.870405673980712891e+00 2.361712455749511719e+00 6.109643936157226562e+00 9.193468093872070312e+00
5.519392967224121094e+00 3.930221080780029297e+00 5.327526092529296875e+00 1.009835624694824219e+01 8.391699790954589844e+00 5.390296936035156250e+00 2.914853572845458984e+00 3.397475719451904297e+00 2.667274236679077148e+00 4.942995071411132812e+00 4.429901123046875000e+00 3.065516948699951172e+00 1.531317901611328125e+01 6.933096885681152344e+00 4.784349441528320312e+00 3.043022632598876953e+00 6.267889022827148438e+00 4.714062213897705078e+00 7.269733428955078125e+00 3.461894512176513672e+00
6.055714130401611328e+00 5.489121437072753906e+00 7.770080089569091797e+00 8.670205116271972656e+00 7.050418853759765625e+00 3.970090866088867188e+00 4.246578693389892578e+00 4.213415145874023438e+00 5.400056838989257812e+00 7.431341648101806641e+00 4.188725471496582031e+00 4.585114002227783203e+00 1.123611450195312500e+01 7.714892387390136719e+00 5.669620037078857422e+00 3.155907154083251953e+00 3.197793245315551758e+00 2.426673412322998047e+00 4.673534393310546875e+00 4.450540542602539062e+00
4.878353118896484375e+00 7.053841114044189453e+00 3.095877647399902344e+00 3.833193778991699219e+00 2.826932907104492188e+00 4.088801383972167969e+00 5.993668556213378906e+00 5.017279624938964844e+00 4.907487392425537109e+00 9.563365936279296875e+00 4.248172760009765625e+00 4.681689739227294922e+00 8.140678405761718750e+00 3.825622320175170898e+00 3.819569587707519531e+00 2.608552217483520508e+00 8.901422500610351562e+00 3.368096351623535156e+00 3.789767026901245117e+00 3.411405563354492188e+00
4.654710292816162109e+00 3.035812377929687500e+00 4.416038990020751953e+00 4.573227882385253906e+00 4.780395507812500000e+00 3.249020099639892578e+00 2.880896568298339844e+00 4.352396965026855469e+00 5.793007373809814453e+00 5.930706977844238281e+00 3.115055561065673828e+00 5.990018844604492188e+00 4.801111221313476562e+00 6.016578674316406250e+00 3.566992282867431641e+00 2.841605663299560547e+00 3.290335655212402344e+00 6.434821128845214844e+00 3.917994499206542969e+00 8.021323204040527344e+00
4.562108039855957031e+00 3.062941074371337891e+00 4.656578063964843750e+00 5.636001110076904297e+00 5.712222099304199219e+00 2.674443483352661133e+00 3.146328449249267578e+00 3.326538562774658203e+00 3.202785015106201172e+00 3.515974521636962891e+00 4.111586093902587891e+00 2.792303562164306641e+00 3.848994016647338867e+00 4.617195129394531250e+00 5.944844245910644531e+00 7.536038398742675781e+00 3.842034816741943359e+00 5.125720024108886719e+00 3.272958755493164062e+00 4.373291969299316406e+00
3.922701835632324219e+00 3.732585430145263672e+00 3.511213779449462891e+00 3.198521614074707031e+00 4.279146194458007812e+00 3.866078853607177734e+00 3.302796602249145508e+00 5.367024898529052734e+00 1.416763186454772949e+00 4.663496971130371094e+00 4.621173858642578125e+00 4.197475433349609375e+00 2.301477909088134766e+00 3.795555591583251953e+00 4.067938327789306641e+00 3.209364891052246094e+00 2.494384288787841797e+00 3.821978330612182617e+00 5.339608669281005859e+00 3.498918056488037109e+00
2.757510662078857422e+00 2.949251413345336914e+00 4.693465232849121094e+00 2.993942260742187500e+00 5.849984645843505859e+00 4.999290466308593750e+00 3.582262039184570312e+00 4.168986320495605469e+00 2.699146270751953125e+00 5.925736427307128906e+00 3.765154838562011719e+00 3.521599531173706055e+00 2.975710391998291016e+00 3.391078472137451172e+00 3.240559101104736328e+00 3.097014904022216797e+00 5.534232139587402344e+00 4.445873737335205078e+00 3.394852638244628906e+00 4.228765487670898438e+00
3.740907669067382812e+00 4.969264984130859375e+00 1.729617118835449219e+00 3.685676336288452148e+00 3.320624828338623047e+00 3.841371774673461914e+00 4.264306068420410156e+00 4.882754325866699219e+00 4.332958221435546875e+00 4.566033840179443359e+00 4.317041397094726562e+00 3.447353363037109375e+00 4.989372253417968750e+00 3.499846458435058594e+00 3.514907598495483398e+00 6.334273338317871094e+00 2.855745553970336914e+00 3.321160316467285156e+00 3.394807815551757812e+00 6.127229690551757812e+00
3.445627450942993164e+00 5.677900791168212891e+00 3.143275737762451172e+00 3.193936824798583984e+00 4.215533733367919922e+00 3.000787973403930664e+00 3.077926158905029297e+00 4.787081718444824219e+00 3.601732492446899414e+00 3.399827480316162109e+00 4.465252876281738281e+00 4.273917675018310547e+00 5.224612712860107422e+00 3.075787544250488281e+00 3.270036697387695312e+00 4.369871616363525391e+00 3.361961364746093750e+00 3.298684120178222656e+00 4.221388816833496094e+00 9.888778686523437500e+00
4.047335624694824219e+00 4.393527030944824219e+00 5.376864910125732422e+00 2.575154304504394531e+00 5.293649196624755859e+00 4.019872188568115234e+00 3.242191553115844727e+00 5.024621009826660156e+00 3.257730007171630859e+00 4.930596351623535156e+00 4.918828964233398438e+00 3.300806522369384766e+00 2.277571201324462891e+00 4.266654014587402344e+00 2.607738018035888672e+00 3.275850772857666016e+00 4.005415916442871094e+00 3.750598430633544922e+00 5.243634700775146484e+00 4.864147186279296875e+00
4.597329139709472656e+00 3.495489597320556641e+00 5.095509052276611328e+00 5.528060913085937500e+00 5.767873764038085938e+00 2.331819057464599609e+00 9.352306365966796875e+00 3.810685634613037109e+00 7.197769165039062500e+00 4.921914100646972656e+00 8.266912460327148438e+00 2.191422700881958008e+00 5.133089065551757812e+00 3.347457170486450195e+00 2.503787279129028320e+00 3.408583641052246094e+00 6.692553043365478516e+00 7.112699985504150391e+00 4.661366939544677734e+00 5.731046199798583984e+00
3.847965478897094727e+00 3.957010269165039062e+00 4.229609489440917969e+00 2.705297708511352539e+00 6.109024047851562500e+00 4.615797519683837891e+00 7.043381690979003906e+00 3.619155406951904297e+00 5.022800445556640625e+00 8.877668380737304688e+00 4.948163986206054688e+00 6.869647502899169922e+00 3.296797275543212891e+00 3.624999046325683594e+00 4.316304206848144531e+00 2.902522325515747070e+00 3.289738178253173828e+00 3.072087764739990234e+00 5.531907081604003906e+00 2.560149192810058594e+00
6.000119209289550781e+00 4.518243789672851562e+00 3.409219264984130859e+00 7.296810626983642578e+00 4.090405941009521484e+00 5.811801910400390625e+00 7.131685256958007812e+00 7.302641868591308594e+00 3.551938533782958984e+00 6.464838027954101562e+00 6.368659973144531250e+00 8.837139129638671875e+00 6.098956584930419922e+00 3.023013114929199219e+00 6.049875736236572266e+00 3.943010807037353516e+00 2.764366388320922852e+00 6.554286956787109375e+00 6.195231437683105469e+00 3.876854419708251953e+00
