2019-07-25 18:00:00
8.562861442565917969e+00 1.127604866027832031e+01 8.787057876586914062e+00 9.851800918579101562e+00 1.185715675354003906e+01 1.053877067565917969e+01 7.049527168273925781e+00 1.174210166931152344e+01 1.042316341400146484e+01 3.865897893905639648e+00 1.012276077270507812e+01 6.103039741516113281e+00 1.323084831237792969e+01 1.327823543548583984e+01 1.213292026519775391e+01 1.317834091186523438e+01 1.107069778442382812e+01 8.454853057861328125e+00 8.575902938842773438e+00 1.278911972045898438e+01
8.095199584960937500e+00 4.431303024291992188e+00 1.134704113006591797e+01 9.418180465698242188e+00 1.868544197082519531e+01 1.363129901885986328e+01 9.410455703735351562e+00 7.668392181396484375e+00 7.903805732727050781e+00 6.783099651336669922e+00 5.982747554779052734e+00 8.672850608825683594e+00 9.574953079223632812e+00 9.971436500549316406e+00 1.009364318847656250e+01 1.159011363983154297e+01 9.250439643859863281e+00 1.377156066894531250e+01 9.688257217407226562e+00 8.886251449584960938e+00
7.374191284179687500e+00 8.505041122436523438e+00 1.032670593261718750e+01 1.362219047546386719e+01 1.101098632812500000e+01 7.649395942687988281e+00 6.684510231018066406e+00 8.543548583984375000e+00 7.208968162536621094e+00 9.607661247253417969e+00 6.295302867889404297e+00 5.700692176818847656e+00 8.971875190734863281e+00 6.442351341247558594e+00 1.245735168457031250e+01 1.158386611938476562e+01 9.780309677124023438e+00 1.098501205444335938e+01 7.644848346710205078e+00 1.070497703552246094e+01
9.675971984863281250e+00 3.738533973693847656e+00 9.042024612426757812e+00 1.072089958190917969e+01 9.926401138305664062e+00 7.158900260925292969e+00 6.476360797882080078e+00 5.903882980346679688e+00 1.013695144653320312e+01 9.266706466674804688e+00 7.748712062835693359e+00 1.153544521331787109e+01 1.204903984069824219e+01 5.615958213806152344e+00 1.074131870269775391e+01 1.223864459991455078e+01 7.728103160858154297e+00 8.324642181396484375e+00 8.762636184692382812e+00 1.424212265014648438e+01
8.419078826904296875e+00 9.857595443725585938e+00 8.469099044799804688e+00 8.331342697143554688e+00 9.384442329406738281e+00 1.791883850097656250e+01 1.281676197052001953e+01 8.598695755004882812e+00 1.499529647827148438e+01 1.297041511535644531e+01 1.025679874420166016e+01 6.758304119110107422e+00 1.036464309692382812e+01 7.084821701049804688e+00 1.374701690673828125e+01 1.337391090393066406e+01 1.039933490753173828e+01 1.228470039367675781e+01 1.164129161834716797e+01 9.512398719787597656e+00
1.202746582031250000e+01 1.457831954956054688e+01 1.302413177490234375e+01 6.375153541564941406e+00 1.263702583312988281e+01 1.155397796630859375e+01 1.254073715209960938e+01 1.521909618377685547e+01 7.563331127166748047e+00 5.389472484588623047e+00 8.089988708496093750e+00 8.471796035766601562e+00 1.414453697204589844e+01 7.537246704101562500e+00 1.018939781188964844e+01 7.907523155212402344e+00 1.098623657226562500e+01 1.295246315002441406e+01 1.061560821533203125e+01 1.217499256134033203e+01
1.099965667724609375e+01 1.135758495330810547e+01 1.320605468750000000e+01 1.046669101715087891e+01 1.230012035369873047e+01 1.072333526611328125e+01 1.503648376464843750e+01 7.003156185150146484e+00 4.980275630950927734e+00 6.133666992187500000e+00 7.388740539550781250e+00 5.334730148315429688e+00 1.176530456542968750e+01 1.286955451965332031e+01 7.201718330383300781e+00 9.955518722534179688e+00 7.981187343597412109e+00 1.126171875000000000e+01 1.111674404144287109e+01 6.071418762207031250e+00
1.296445083618164062e+01 1.144627952575683594e+01 8.627873420715332031e+00 5.886904716491699219e+00 1.198907279968261719e+01 6.188433647155761719e+00 5.870838642120361328e+00 4.175886631011962891e+00 7.771958351135253906e+00 7.549076557159423828e+00 6.596715927124023438e+00 1.121016407012939453e+01 1.070423889160156250e+01 1.159364700317382812e+01 1.014598464965820312e+01 1.246575355529785156e+01 7.461545467376708984e+00 9.828012466430664062e+00 1.545711898803710938e+01 9.223220825195312500e+00
1.243033790588378906e+01 9.638999938964843750e+00 9.650307655334472656e+00 7.504223346710205078e+00 1.476299858093261719e+01 7.155208110809326172e+00 1.024631309509277344e+01 7.134534835815429688e+00 4.291239738464355469e+00 5.320735931396484375e+00 8.584767341613769531e+00 7.349151611328125000e+00 1.046212482452392578e+01 1.118973255157470703e+01 8.282501220703125000e+00 6.761634826660156250e+00 1.100368690490722656e+01 1.801939392089843750e+01 9.665500640869140625e+00 8.656567573547363281e+00
8.243374824523925781e+00 9.993181228637695312e+00 1.596505451202392578e+01 1.061487007141113281e+01 9.727516174316406250e+00 7.887574195861816406e+00 7.297835350036621094e+00 8.227006912231445312e+00 6.856372833251953125e+00 1.243012142181396484e+01 7.679883956909179688e+00 7.305061340332031250e+00 1.015060234069824219e+01 1.443380355834960938e+01 1.050533390045166016e+01 1.123438835144042969e+01 7.627447605133056641e+00 1.389355564117431641e+01 1.106950664520263672e+01 9.789775848388671875e+00
9.865880966186523438e+00 1.084800910949707031e+01 1.021095657348632812e+01 8.067090988159179688e+00 8.256231307983398438e+00 7.774201869964599609e+00 8.738416671752929688e+00 7.897467613220214844e+00 4.484536170959472656e+00 7.478267669677734375e+00 7.349401473999023438e+00 6.957605361938476562e+00 7.311265945434570312e+00 1.275325202941894531e+01 1.428896903991699219e+01 9.441785812377929688e+00 6.843485832214355469e+00 8.011842727661132812e+00 1.488574790954589844e+01 7.787549018859863281e+00
8.723260879516601562e+00 9.276269912719726562e+00 7.065319538116455078e+00 7.591466426849365234e+00 8.496828079223632812e+00 1.416685485839843750e+01 1.287258529663085938e+01 1.207667827606201172e+01 3.908113002777099609e+00 8.704869270324707031e+00 1.659732818603515625e+01 9.038408279418945312e+00 1.286654663085937500e+01 9.013853073120117188e+00 1.041145420074462891e+01 1.130124092102050781e+01 1.201225280761718750e+01 1.177788543701171875e+01 1.622844505310058594e+01 1.471724510192871094e+01
1.043113136291503906e+01 9.331231117248535156e+00 1.104544639587402344e+01 1.106294250488281250e+01 8.013587951660156250e+00 1.050160884857177734e+01 9.819091796875000000e+00 8.916147232055664062e+00 1.209670829772949219e+01 1.198416328430175781e+01 1.350473403930664062e+01 1.047637939453125000e+01 1.023853302001953125e+01 8.967801094055175781e+00 1.486219406127929688e+01 1.157847213745117188e+01 7.584434032440185547e+00 1.080277442932128906e+01 8.151647567749023438e+00 1.468591499328613281e+01
7.418819427490234375e+00 8.813465118408203125e+00 1.256378078460693359e+01 1.041369247436523438e+01 8.403648376464843750e+00 1.158933734893798828e+01 6.887588024139404297e+00 1.190437316894531250e+01 1.128203964233398438e+01 8.122098922729492188e+00 1.075848865509033203e+01 1.379915237426757812e+01 1.134062957763671875e+01 1.388739013671875000e+01 9.079980850219726562e+00 9.779272079467773438e+00 9.089551925659179688e+00 9.998837471008300781e+00 9.090751647949218750e+00 7.119921684265136719e+00
9.856660842895507812e+00 1.372414684295654297e+01 9.982282638549804688e+00 1.160229873657226562e+01 9.064636230468750000e+00 9.215661048889160156e+00 1.292616081237792969e+01 1.113581848144531250e+01 1.438092422485351562e+01 9.525452613830566406e+00 1.325372314453125000e+01 6.481495857238769531e+00 9.883741378784179688e+00 1.033245086669921875e+01 9.515224456787109375e+00 1.069170665740966797e+01 1.417569160461425781e+01 1.588063621520996094e+01 8.850936889648437500e+00 1.230206108093261719e+01
1.141521263122558594e+01 8.898414611816406250e+00 8.144415855407714844e+00 1.046366500854492188e+01 8.876799583435058594e+00 6.978738307952880859e+00 1.473424530029296875e+01 6.972837448120117188e+00 9.815768241882324219e+00 8.502755165100097656e+00 9.285631179809570312e+00 1.077824974060058594e+01 1.597306251525878906e+01 5.700182437896728516e+00 1.316912841796875000e+01 7.203310489654541016e+00 1.017356681823730469e+01 9.922811508178710938e+00 8.298603057861328125e+00 1.033144950866699219e+01
7.120754718780517578e+00 7.045952796936035156e+00 1.103316688537597656e+01 1.038769626617431641e+01 1.285828399658203125e+01 8.094991683959960938e+00 1.589462852478027344e+01 1.053945827484130859e+01 1.656573486328125000e+01 1.491328811645507812e+01 1.056870555877685547e+01 1.324469566345214844e+01 9.625333786010742188e+00 9.810061454772949219e+00 8.679203987121582031e+00 6.533890724182128906e+00 6.247752189636230469e+00 8.182968139648437500e+00 6.144356727600097656e+00 5.351330757141113281e+00
1.121560859680175781e+01 7.614173412322998047e+00 6.687157154083251953e+00 7.199257850646972656e+00 9.734766960144042969e+00 7.448761940002441406e+00 1.180166721343994141e+01 7.477193832397460938e+00 1.196404361724853516e+01 1.178476524353027344e+01 9.348051071166992188e+00 8.074180603027343750e+00 9.186256408691406250e+00 1.111249256134033203e+01 6.853528976440429688e+00 7.443483352661132812e+00 1.044838714599609375e+01 1.037214088439941406e+01 1.102098846435546875e+01 1.345063114166259766e+01
1.017061233520507812e+01 1.374278926849365234e+01 1.490764427185058594e+01 1.627713966369628906e+01 1.481355762481689453e+01 1.142565441131591797e+01 1.289538383483886719e+01 5.441420555114746094e+00 7.829453468322753906e+00 1.430722713470458984e+01 9.622254371643066406e+00 1.129092407226562500e+01 1.023457717895507812e+01 1.035317134857177734e+01 9.984538078308105469e+00 5.040040016174316406e+00 1.198357772827148438e+01 1.083864212036132812e+01 7.762771129608154297e+00 1.168204498291015625e+01
1.345494461059570312e+01 8.169834136962890625e+00 1.102178382873535156e+01 1.170600128173828125e+01 6.532406806945800781e+00 9.148900985717773438e+00 1.187060451507568359e+01 7.834671974182128906e+00 1.031771755218505859e+01 9.583042144775390625e+00 9.410065650939941406e+00 6.381056785583496094e+00 7.563707351684570312e+00 8.913883209228515625e+00 7.669613361358642578e+00 7.130298137664794922e+00 6.161538600921630859e+00 7.743875503540039062e+00 7.793250083923339844e+00 7.729558467864990234e+00
