2019-07-25 18:30:00
1.093284130096435547e+01 8.012600898742675781e+00 8.942960739135742188e+00 1.230132675170898438e+01 7.976933956146240234e+00 1.129119682312011719e+01 1.319051742553710938e+01 9.480758666992187500e+00 1.112032508850097656e+01 1.176207542419433594e+01 8.593299865722656250e+00 1.294650554656982422e+01 1.029767990112304688e+01 1.339362907409667969e+01 1.260801410675048828e+01 8.361870765686035156e+00 9.087718963623046875e+00 1.083805847167968750e+01 1.007058334350585938e+01 1.072490692138671875e+01
8.320294380187988281e+00 1.082968902587890625e+01 8.897494316101074219e+00 7.981929302215576172e+00 8.702047348022460938e+00 1.382176971435546875e+01 6.902544021606445312e+00 1.192711067199707031e+01 1.256869602203369141e+01 9.736101150512695312e+00 8.926801681518554688e+00 1.058716011047363281e+01 1.794112586975097656e+01 1.276711273193359375e+01 1.598202228546142578e+01 1.166557502746582031e+01 1.573033905029296875e+01 1.305838394165039062e+01 8.854692459106445312e+00 1.397051715850830078e+01
9.685789108276367188e+00 1.062752437591552734e+01 7.077325344085693359e+00 1.175639152526855469e+01 9.146296501159667969e+00 1.180904388427734375e+01 9.100053787231445312e+00 1.357122898101806641e+01 1.025275611877441406e+01 1.515822982788085938e+01 1.070096397399902344e+01 1.085288143157958984e+01 1.328901863098144531e+01 1.195730304718017578e+01 8.723989486694335938e+00 1.573642253875732422e+01 1.370095539093017578e+01 1.133976745605468750e+01 9.772079467773437500e+00 8.500526428222656250e+00
1.195724678039550781e+01 9.663687705993652344e+00 1.003326892852783203e+01 1.102456855773925781e+01 8.968156814575195312e+00 7.185675621032714844e+00 7.253224849700927734e+00 9.285258293151855469e+00 1.025909805297851562e+01 7.315314769744873047e+00 1.501345443725585938e+01 1.778435325622558594e+01 7.295540809631347656e+00 9.465673446655273438e+00 1.420419406890869141e+01 1.167790031433105469e+01 1.356736946105957031e+01 9.245601654052734375e+00 9.506002426147460938e+00 1.559260749816894531e+01
8.188043594360351562e+00 7.418445587158203125e+00 1.020830059051513672e+01 1.490392589569091797e+01 1.064110755920410156e+01 1.136124801635742188e+01 7.663196563720703125e+00 1.366005992889404297e+01 9.584214210510253906e+00 1.570382690429687500e+01 1.009628963470458984e+01 1.251245689392089844e+01 1.666325759887695312e+01 1.222611427307128906e+01 1.507822227478027344e+01 8.959030151367187500e+00 1.076723480224609375e+01 6.139439105987548828e+00 1.205044078826904297e+01 7.171738624572753906e+00
1.050524616241455078e+01 1.016753292083740234e+01 1.149205493927001953e+01 1.076259422302246094e+01 1.352613639831542969e+01 1.439848995208740234e+01 1.678145790100097656e+01 1.469104576110839844e+01 1.516337108612060547e+01 8.656288146972656250e+00 8.251216888427734375e+00 9.865079879760742188e+00 9.715744018554687500e+00 1.343148708343505859e+01 1.475197410583496094e+01 9.284030914306640625e+00 1.278929615020751953e+01 1.301782035827636719e+01 9.115476608276367188e+00 1.040205287933349609e+01
9.173183441162109375e+00 1.080015945434570312e+01 9.019126892089843750e+00 7.075904846191406250e+00 1.230711555480957031e+01 9.835489273071289062e+00 1.063243865966796875e+01 1.030179405212402344e+01 1.272745323181152344e+01 7.640582084655761719e+00 6.777831077575683594e+00 7.930138587951660156e+00 1.368904399871826172e+01 1.319897174835205078e+01 9.092624664306640625e+00 1.322120380401611328e+01 1.289611625671386719e+01 1.374864196777343750e+01 1.194194793701171875e+01 1.374493503570556641e+01
1.493575286865234375e+01 8.188076972961425781e+00 5.481432914733886719e+00 9.163314819335937500e+00 7.205803394317626953e+00 4.321000099182128906e+00 9.908235549926757812e+00 8.111986160278320312e+00 8.293214797973632812e+00 9.794060707092285156e+00 1.381350517272949219e+01 1.264618492126464844e+01 1.079368495941162109e+01 7.307644844055175781e+00 9.695371627807617188e+00 1.080943679809570312e+01 8.138438224792480469e+00 8.849481582641601562e+00 1.605734634399414062e+01 1.371346855163574219e+01
1.213437175750732422e+01 1.136083984375000000e+01 1.205757427215576172e+01 1.247344684600830078e+01 1.267742538452148438e+01 9.905094146728515625e+00 7.939673423767089844e+00 1.145246505737304688e+01 1.526180458068847656e+01 7.290134429931640625e+00 9.621612548828125000e+00 1.136099243164062500e+01 7.799765110015869141e+00 7.601167678833007812e+00 8.904034614562988281e+00 1.005558490753173828e+01 7.914768218994140625e+00 1.852931213378906250e+01 9.712104797363281250e+00 1.102818584442138672e+01
8.212360382080078125e+00 1.351107597351074219e+01 1.257906436920166016e+01 1.294222259521484375e+01 1.644630432128906250e+01 1.056915569305419922e+01 1.398161029815673828e+01 1.088757324218750000e+01 8.922555923461914062e+00 1.075433349609375000e+01 1.007775115966796875e+01 8.557180404663085938e+00 1.096231651306152344e+01 1.327849960327148438e+01 1.000453376770019531e+01 1.231900787353515625e+01 1.580010318756103516e+01 7.312203407287597656e+00 1.453114223480224609e+01 1.092440605163574219e+01
8.779863357543945312e+00 1.085879898071289062e+01 1.135867691040039062e+01 8.135884284973144531e+00 8.661344528198242188e+00 1.056264972686767578e+01 8.269497871398925781e+00 8.931449890136718750e+00 8.485117912292480469e+00 7.988806247711181641e+00 5.850206375122070312e+00 9.389383316040039062e+00 1.256261539459228516e+01 9.315854072570800781e+00 1.072865772247314453e+01 9.119329452514648438e+00 8.280849456787109375e+00 9.696667671203613281e+00 7.458050727844238281e+00 1.111509132385253906e+01
1.433212661743164062e+01 9.225134849548339844e+00 4.026077270507812500e+00 1.384424400329589844e+01 1.619570922851562500e+01 1.192512893676757812e+01 6.418661594390869141e+00 1.288533592224121094e+01 1.039949989318847656e+01 1.228662395477294922e+01 1.246838760375976562e+01 1.600917625427246094e+01 1.438351058959960938e+01 1.074890708923339844e+01 1.097838211059570312e+01 8.729191780090332031e+00 7.346984863281250000e+00 8.477310180664062500e+00 1.937494277954101562e+01 1.533279991149902344e+01
9.747362136840820312e+00 1.229894065856933594e+01 7.746434688568115234e+00 9.346595764160156250e+00 9.134290695190429688e+00 9.400653839111328125e+00 8.831556320190429688e+00 6.149442672729492188e+00 1.185823440551757812e+01 9.554277420043945312e+00 1.627081680297851562e+01 1.017952346801757812e+01 9.626114845275878906e+00 1.127194786071777344e+01 1.146367645263671875e+01 1.228499889373779297e+01 1.085413169860839844e+01 8.715538024902343750e+00 9.093267440795898438e+00 1.229841613769531250e+01
1.275908088684082031e+01 9.869840621948242188e+00 1.105411624908447266e+01 1.159120655059814453e+01 1.119054889678955078e+01 1.364948081970214844e+01 1.751769256591796875e+01 1.101939010620117188e+01 1.144202995300292969e+01 1.270295524597167969e+01 1.321305274963378906e+01 9.774204254150390625e+00 1.479748535156250000e+01 9.102115631103515625e+00 7.922282218933105469e+00 1.359124088287353516e+01 1.276710414886474609e+01 1.054578781127929688e+01 1.067715072631835938e+01 7.506928443908691406e+00
1.715790176391601562e+01 1.779900360107421875e+01 1.328358078002929688e+01 1.191767501831054688e+01 1.724415588378906250e+01 1.271239852905273438e+01 1.070314121246337891e+01 1.207775211334228516e+01 1.050324535369873047e+01 1.357300186157226562e+01 9.144187927246093750e+00 8.019636154174804688e+00 6.271380424499511719e+00 1.064208507537841797e+01 1.350282859802246094e+01 1.018731880187988281e+01 1.192814636230468750e+01 1.551173782348632812e+01 1.457869148254394531e+01 1.898307418823242188e+01
9.988468170166015625e+00 7.170576572418212891e+00 2.084642028808593750e+01 9.277170181274414062e+00 9.113533020019531250e+00 1.066927051544189453e+01 8.813116073608398438e+00 1.235586547851562500e+01 7.752880573272705078e+00 1.024115753173828125e+01 1.041023635864257812e+01 1.114817523956298828e+01 1.555369567871093750e+01 1.574399757385253906e+01 1.562956237792968750e+01 1.214972591400146484e+01 1.656600570678710938e+01 1.181182575225830078e+01 1.503503131866455078e+01 7.980925083160400391e+00
1.370687770843505859e+01 9.741777420043945312e+00 1.830658531188964844e+01 1.198299407958984375e+01 6.977262973785400391e+00 9.210271835327148438e+00 9.561119079589843750e+00 9.875953674316406250e+00 1.623868370056152344e+01 1.760346603393554688e+01 1.240577697753906250e+01 1.304446411132812500e+01 1.923863029479980469e+01 1.551500606536865234e+01 1.424604988098144531e+01 7.934824943542480469e+00 9.313326835632324219e+00 1.012619781494140625e+01 1.160084342956542969e+01 1.007458972930908203e+01
1.161979579925537109e+01 8.645441055297851562e+00 9.787807464599609375e+00 7.254364967346191406e+00 8.930762290954589844e+00 5.850631713867187500e+00 5.157129287719726562e+00 1.102255344390869141e+01 1.220711421966552734e+01 8.156616210937500000e+00 1.209407615661621094e+01 6.740308761596679688e+00 8.538649559020996094e+00 1.001241874694824219e+01 1.013021183013916016e+01 6.751489639282226562e+00 1.212207031250000000e+01 8.828223228454589844e+00 1.509719562530517578e+01 1.031887435913085938e+01
1.112724781036376953e+01 9.076772689819335938e+00 8.949462890625000000e+00 1.326939868927001953e+01 7.115668296813964844e+00 1.225307083129882812e+01 1.092319488525390625e+01 8.737382888793945312e+00 8.473445892333984375e+00 1.014246940612792969e+01 1.564695549011230469e+01 9.852228164672851562e+00 1.017887687683105469e+01 1.349392890930175781e+01 5.147071838378906250e+00 8.139644622802734375e+00 1.146540451049804688e+01 1.385307312011718750e+01 8.915260314941406250e+00 9.868876457214355469e+00
5.753507614135742188e+00 1.288624954223632812e+01 9.659725189208984375e+00 1.300414943695068359e+01 1.001576232910156250e+01 7.829396247863769531e+00 1.007603836059570312e+01 9.664363861083984375e+00 1.068431282043457031e+01 1.222440528869628906e+01 1.503061676025390625e+01 1.209731864929199219e+01 1.460246658325195312e+01 1.147212219238281250e+01 1.087726974487304688e+01 9.762384414672851562e+00 8.446415901184082031e+00 8.925986289978027344e+00 9.286811828613281250e+00 9.434444427490234375e+00
