2019-07-25 18:45:00
1.012474346160888672e+01 1.066007137298583984e+01 5.259810447692871094e+00 1.410675239562988281e+01 1.335105037689208984e+01 1.211306190490722656e+01 1.069150733947753906e+01 1.618930435180664062e+01 9.590034484863281250e+00 5.789351463317871094e+00 1.134260559082031250e+01 9.671876907348632812e+00 8.933643341064453125e+00 7.197467803955078125e+00 2.062321281433105469e+01 7.020979881286621094e+00 5.979749679565429688e+00 9.951837539672851562e+00 8.788105010986328125e+00 1.176367378234863281e+01
8.773069381713867188e+00 1.494877719879150391e+01 1.140850257873535156e+01 1.337184524536132812e+01 1.277893638610839844e+01 1.226730823516845703e+01 6.092861175537109375e+00 1.006326484680175781e+01 8.041809082031250000e+00 9.172551155090332031e+00 1.465375328063964844e+01 1.027530384063720703e+01 6.430607318878173828e+00 1.303274154663085938e+01 1.061383056640625000e+01 1.093485927581787109e+01 1.627257537841796875e+01 1.622778892517089844e+01 1.471359729766845703e+01 1.323264884948730469e+01
1.475993919372558594e+01 1.257489013671875000e+01 9.212697029113769531e+00 1.400135040283203125e+01 7.141879081726074219e+00 8.295847892761230469e+00 7.975708007812500000e+00 1.088376998901367188e+01 8.990898132324218750e+00 1.090563583374023438e+01 1.064775657653808594e+01 1.190243148803710938e+01 1.011706829071044922e+01 7.985496997833251953e+00 6.448817729949951172e+00 1.063002395629882812e+01 8.246434211730957031e+00 7.005930900573730469e+00 9.103017807006835938e+00 1.443026542663574219e+01
9.082020759582519531e+00 6.607964515686035156e+00 1.345892524719238281e+01 1.045277214050292969e+01 1.207324028015136719e+01 1.179176998138427734e+01 1.418487930297851562e+01 5.940043449401855469e+00 7.969345092773437500e+00 1.149763965606689453e+01 1.878007507324218750e+01 1.119355392456054688e+01 1.066007995605468750e+01 9.336791038513183594e+00 5.501529693603515625e+00 1.352246761322021484e+01 1.363641738891601562e+01 6.230165481567382812e+00 1.040991210937500000e+01 5.908603668212890625e+00
8.848187446594238281e+00 8.395583152770996094e+00 1.107834148406982422e+01 1.476284408569335938e+01 5.971462249755859375e+00 1.445405197143554688e+01 9.424398422241210938e+00 9.025523185729980469e+00 9.522199630737304688e+00 1.035063648223876953e+01 1.051485443115234375e+01 9.034120559692382812e+00 1.024661445617675781e+01 1.007976341247558594e+01 1.355002212524414062e+01 1.349546241760253906e+01 9.152728080749511719e+00 1.393844223022460938e+01 9.964205741882324219e+00 1.488650512695312500e+01
6.831189632415771484e+00 1.131303691864013672e+01 1.005896377563476562e+01 7.343331336975097656e+00 1.162944221496582031e+01 1.095387268066406250e+01 9.403718948364257812e+00 9.690244674682617188e+00 1.009436893463134766e+01 7.119444370269775391e+00 1.378969097137451172e+01 5.504741668701171875e+00 1.137331390380859375e+01 9.520824432373046875e+00 1.557947826385498047e+01 1.097150707244873047e+01 1.246825790405273438e+01 9.519268035888671875e+00 7.563071250915527344e+00 7.271841049194335938e+00
9.836429595947265625e+00 9.174248695373535156e+00 1.019166088104248047e+01 9.995546340942382812e+00 1.227831077575683594e+01 1.042841911315917969e+01 1.073048210144042969e+01 8.864567756652832031e+00 8.033390045166015625e+00 1.847194314002990723e+00 7.096337318420410156e+00 1.070005512237548828e+01 9.292258262634277344e+00 8.942392349243164062e+00 1.292941284179687500e+01 1.001182365417480469e+01 5.195726394653320312e+00 1.638128662109375000e+01 1.198834991455078125e+01 1.130422973632812500e+01
8.989248275756835938e+00 9.374154090881347656e+00 1.182473754882812500e+01 1.137380409240722656e+01 7.483275413513183594e+00 1.536648273468017578e+01 9.453788757324218750e+00 7.870416641235351562e+00 7.393851757049560547e+00 7.836218357086181641e+00 8.581611633300781250e+00 9.704763412475585938e+00 1.704531097412109375e+01 2.273217582702636719e+01 1.005600643157958984e+01 1.492167663574218750e+01 1.401629543304443359e+01 9.633583068847656250e+00 1.721893310546875000e+01 7.737754821777343750e+00
9.171301841735839844e+00 1.014294719696044922e+01 1.465488815307617188e+01 8.997180938720703125e+00 1.270652389526367188e+01 1.209410190582275391e+01 1.035717201232910156e+01 1.010306930541992188e+01 6.170335769653320312e+00 7.363066673278808594e+00 9.363748550415039062e+00 1.509128761291503906e+01 8.359733581542968750e+00 1.163276672363281250e+01 1.455265903472900391e+01 1.511540222167968750e+01 1.141794013977050781e+01 1.123049449920654297e+01 1.223044776916503906e+01 9.813243865966796875e+00
1.104553413391113281e+01 9.067693710327148438e+00 1.571867179870605469e+01 1.208441638946533203e+01 1.401903533935546875e+01 9.318058013916015625e+00 9.731098175048828125e+00 5.658894538879394531e+00 5.671682357788085938e+00 1.116985607147216797e+01 6.417424678802490234e+00 1.380748558044433594e+01 1.674094581604003906e+01 1.083664989471435547e+01 1.424295616149902344e+01 1.418233871459960938e+01 1.460310935974121094e+01 1.266456413269042969e+01 1.554588413238525391e+01 1.061448669433593750e+01
1.189355182647705078e+01 1.387508869171142578e+01 1.715762519836425781e+01 1.147640228271484375e+01 1.510198688507080078e+01 1.432913208007812500e+01 1.214290904998779297e+01 1.156826877593994141e+01 7.793852806091308594e+00 7.179339408874511719e+00 7.585290908813476562e+00 1.040752983093261719e+01 1.786601638793945312e+01 1.768704223632812500e+01 1.246648120880126953e+01 1.126889991760253906e+01 1.427410793304443359e+01 1.705459976196289062e+01 1.739939880371093750e+01 8.513507843017578125e+00
1.056346607208251953e+01 1.326375770568847656e+01 1.135668373107910156e+01 9.860189437866210938e+00 1.480718231201171875e+01 1.314560890197753906e+01 8.430465698242187500e+00 8.646940231323242188e+00 1.082588005065917969e+01 1.421006870269775391e+01 1.588910579681396484e+01 1.756979179382324219e+01 1.008766078948974609e+01 1.585312652587890625e+01 1.396217155456542969e+01 1.189427375793457031e+01 1.802855873107910156e+01 9.644426345825195312e+00 1.402083683013916016e+01 2.120626831054687500e+01
1.134996414184570312e+01 9.960578918457031250e+00 1.018023300170898438e+01 9.414210319519042969e+00 1.530416107177734375e+01 1.261889648437500000e+01 1.125134563446044922e+01 1.404021453857421875e+01 1.588584899902343750e+01 1.066610908508300781e+01 1.186334419250488281e+01 1.547241020202636719e+01 1.663922691345214844e+01 1.625425148010253906e+01 1.215952873229980469e+01 7.066647052764892578e+00 8.829919815063476562e+00 7.918379783630371094e+00 1.056340122222900391e+01 1.683447456359863281e+01
8.996749877929687500e+00 1.113874912261962891e+01 1.447115325927734375e+01 7.578632354736328125e+00 1.084827804565429688e+01 1.837760925292968750e+01 1.159184741973876953e+01 1.079448890686035156e+01 8.684137344360351562e+00 1.351153945922851562e+01 9.033079147338867188e+00 1.189950847625732422e+01 1.531312274932861328e+01 1.191080093383789062e+01 7.801758766174316406e+00 1.066791915893554688e+01 7.230248451232910156e+00 1.029736137390136719e+01 1.213006782531738281e+01 1.247325420379638672e+01
1.162492847442626953e+01 1.370132446289062500e+01 1.103645133972167969e+01 1.300525379180908203e+01 1.299824714660644531e+01 1.354025459289550781e+01 1.177594852447509766e+01 1.247062873840332031e+01 1.325062274932861328e+01 1.018223953247070312e+01 1.052899551391601562e+01 1.447897720336914062e+01 1.152592468261718750e+01 1.236076068878173828e+01 1.288554382324218750e+01 1.044453048706054688e+01 1.118599224090576172e+01 1.242751407623291016e+01 1.164792728424072266e+01 1.103575134277343750e+01
1.171894741058349609e+01 1.512711715698242188e+01 8.208594322204589844e+00 1.807707595825195312e+01 1.042076110839843750e+01 1.604940032958984375e+01 1.314415168762207031e+01 1.038943958282470703e+01 7.698249816894531250e+00 1.321480178833007812e+01 1.333229637145996094e+01 1.062494182586669922e+01 9.469154357910156250e+00 9.917676925659179688e+00 1.370048332214355469e+01 1.783828735351562500e+01 1.707534217834472656e+01 1.230888748168945312e+01 1.213169670104980469e+01 9.510368347167968750e+00
9.043307304382324219e+00 9.932620048522949219e+00 1.007904815673828125e+01 1.235262489318847656e+01 1.694032287597656250e+01 1.192135715484619141e+01 9.391608238220214844e+00 1.016354370117187500e+01 1.860421752929687500e+01 1.604109382629394531e+01 1.465926551818847656e+01 1.313922119140625000e+01 9.589014053344726562e+00 1.369964599609375000e+01 1.332431793212890625e+01 1.052964019775390625e+01 1.007284069061279297e+01 6.645746231079101562e+00 1.766426849365234375e+01 1.401392173767089844e+01
8.619115829467773438e+00 1.352107620239257812e+01 1.245827484130859375e+01 8.923439025878906250e+00 1.297868347167968750e+01 1.213163757324218750e+01 1.417748069763183594e+01 8.777385711669921875e+00 1.325950336456298828e+01 7.956768035888671875e+00 1.145922374725341797e+01 1.139050960540771484e+01 7.069898128509521484e+00 8.210687637329101562e+00 1.171956062316894531e+01 1.063971519470214844e+01 7.977122306823730469e+00 1.220223617553710938e+01 1.568543815612792969e+01 1.076659202575683594e+01
1.237587928771972656e+01 1.103228950500488281e+01 1.609707069396972656e+01 1.797479438781738281e+01 1.939882659912109375e+01 1.418606758117675781e+01 1.146152114868164062e+01 7.437871932983398438e+00 1.190461349487304688e+01 7.066965103149414062e+00 1.363009929656982422e+01 1.179943370819091797e+01 1.101975250244140625e+01 1.244244956970214844e+01 6.851806640625000000e+00 1.292330074310302734e+01 1.262158584594726562e+01 8.787036895751953125e+00 1.105146980285644531e+01 1.212552928924560547e+01
9.581437110900878906e+00 1.651666831970214844e+01 9.177143096923828125e+00 1.298910999298095703e+01 1.730995368957519531e+01 1.711613082885742188e+01 8.502929687500000000e+00 1.264131927490234375e+01 1.005402565002441406e+01 6.997399330139160156e+00 1.255221652984619141e+01 5.972829818725585938e+00 6.084366321563720703e+00 7.971987724304199219e+00 1.062430763244628906e+01 1.194074630737304688e+01 9.736261367797851562e+00 6.203882217407226562e+00 1.066489982604980469e+01 1.237965583801269531e+01
