2019-07-25 19:15:00
9.500098228454589844e+00 1.387357997894287109e+01 1.016599178314208984e+01 1.602014732360839844e+01 9.640160560607910156e+00 1.183181762695312500e+01 1.044302082061767578e+01 5.714423179626464844e+00 1.171200370788574219e+01 6.272242546081542969e+00 1.391882801055908203e+01 1.267040157318115234e+01 1.354509735107421875e+01 2.046889305114746094e+01 1.052463912963867188e+01 7.761538982391357422e+00 9.794024467468261719e+00 1.380665016174316406e+01 9.745226860046386719e+00 1.007202529907226562e+01
1.046047973632812500e+01 1.137812519073486328e+01 7.082273960113525391e+00 1.481611061096191406e+01 1.818252754211425781e+01 1.163466453552246094e+01 8.366515159606933594e+00 1.237702655792236328e+01 1.189072608947753906e+01 9.246124267578125000e+00 8.723258972167968750e+00 1.575489997863769531e+01 1.498022556304931641e+01 1.333340644836425781e+01 1.031135272979736328e+01 1.374041461944580078e+01 1.098917579650878906e+01 9.581808090209960938e+00 1.602743911743164062e+01 1.002505302429199219e+01
1.035255622863769531e+01 1.227927112579345703e+01 9.136966705322265625e+00 1.085232925415039062e+01 7.735228538513183594e+00 1.697702980041503906e+01 8.718868255615234375e+00 8.856213569641113281e+00 9.013435363769531250e+00 1.093294334411621094e+01 1.573909473419189453e+01 9.434822082519531250e+00 7.640439033508300781e+00 1.330363941192626953e+01 1.790347099304199219e+01 1.345875835418701172e+01 1.921175575256347656e+01 8.520036697387695312e+00 1.188591194152832031e+01 1.027871799468994141e+01
7.587977886199951172e+00 9.612588882446289062e+00 9.710466384887695312e+00 1.002069950103759766e+01 1.209282779693603516e+01 1.226393604278564453e+01 1.027145957946777344e+01 1.425537395477294922e+01 9.958534240722656250e+00 1.341225528717041016e+01 7.958664894104003906e+00 1.641655540466308594e+01 9.718051910400390625e+00 9.962057113647460938e+00 7.648250579833984375e+00 1.431157684326171875e+01 1.364685058593750000e+01 1.465179824829101562e+01 1.192582321166992188e+01 1.196664047241210938e+01
8.817811965942382812e+00 8.252693176269531250e+00 1.124869346618652344e+01 1.084567928314208984e+01 1.209616661071777344e+01 1.146839332580566406e+01 1.087602424621582031e+01 1.038181400299072266e+01 1.053857707977294922e+01 1.268852233886718750e+01 4.504629611968994141e+00 1.068376731872558594e+01 1.207039833068847656e+01 5.951106071472167969e+00 1.052788352966308594e+01 1.064354896545410156e+01 1.027504062652587891e+01 8.944292068481445312e+00 9.708817481994628906e+00 1.630091476440429688e+01
1.171455383300781250e+01 1.169915008544921875e+01 8.983169555664062500e+00 1.255431365966796875e+01 1.061711120605468750e+01 1.268974494934082031e+01 8.918882369995117188e+00 1.944838333129882812e+01 8.523134231567382812e+00 7.463117599487304688e+00 5.181974887847900391e+00 8.229215621948242188e+00 1.151716613769531250e+01 5.387003898620605469e+00 1.192935848236083984e+01 9.121284484863281250e+00 1.060871601104736328e+01 1.295617103576660156e+01 9.470289230346679688e+00 9.545269966125488281e+00
1.155657100677490234e+01 1.446402263641357422e+01 8.686260223388671875e+00 8.848426818847656250e+00 1.057594203948974609e+01 9.516914367675781250e+00 1.105529499053955078e+01 1.147025299072265625e+01 7.818550109863281250e+00 7.280887603759765625e+00 8.225562095642089844e+00 9.428607940673828125e+00 8.770553588867187500e+00 8.286909103393554688e+00 1.288274192810058594e+01 1.600426101684570312e+01 1.164505958557128906e+01 1.301849365234375000e+01 8.770438194274902344e+00 9.215621948242187500e+00
1.300549507141113281e+01 1.565094566345214844e+01 8.309740066528320312e+00 1.164110755920410156e+01 1.369491386413574219e+01 1.388392829895019531e+01 8.063657760620117188e+00 5.544256210327148438e+00 6.608130455017089844e+00 6.229150295257568359e+00 9.699603080749511719e+00 8.322689056396484375e+00 1.358280563354492188e+01 1.124446964263916016e+01 7.998061656951904297e+00 1.185203933715820312e+01 1.138443946838378906e+01 1.459426307678222656e+01 1.290329933166503906e+01 7.784098148345947266e+00
1.253637409210205078e+01 9.756832122802734375e+00 8.357057571411132812e+00 8.046174049377441406e+00 1.026823234558105469e+01 1.218899154663085938e+01 1.346865272521972656e+01 5.589978694915771484e+00 7.723548889160156250e+00 5.709418296813964844e+00 9.029628753662109375e+00 7.608299732208251953e+00 1.504650115966796875e+01 1.869551277160644531e+01 1.061081981658935547e+01 1.737418365478515625e+01 1.243357276916503906e+01 1.502572059631347656e+01 7.507813930511474609e+00 7.588268280029296875e+00
1.377193069458007812e+01 1.519538307189941406e+01 1.339397811889648438e+01 1.374758052825927734e+01 1.180451202392578125e+01 1.378614234924316406e+01 1.312607955932617188e+01 5.564296245574951172e+00 5.297881126403808594e+00 7.150034904479980469e+00 5.803025245666503906e+00 9.935117721557617188e+00 1.016985321044921875e+01 1.400904655456542969e+01 1.349891185760498047e+01 1.340595054626464844e+01 8.914407730102539062e+00 1.564329624176025391e+01 8.215949058532714844e+00 1.055967235565185547e+01
1.360988044738769531e+01 1.023266792297363281e+01 1.212044143676757812e+01 1.344161415100097656e+01 1.357821273803710938e+01 1.393298339843750000e+01 1.189390754699707031e+01 7.071958541870117188e+00 7.784771919250488281e+00 7.963608741760253906e+00 7.917820453643798828e+00 1.010836791992187500e+01 1.181820678710937500e+01 1.342821502685546875e+01 1.768754768371582031e+01 1.469771766662597656e+01 1.388537120819091797e+01 1.304218101501464844e+01 1.118482112884521484e+01 1.060401439666748047e+01
1.093074607849121094e+01 8.350028991699218750e+00 7.688165664672851562e+00 1.103452777862548828e+01 1.421734333038330078e+01 8.753776550292968750e+00 1.961353111267089844e+01 7.833972454071044922e+00 1.030822372436523438e+01 1.070487594604492188e+01 6.707226276397705078e+00 1.297304916381835938e+01 1.046995830535888672e+01 1.122187328338623047e+01 1.793517494201660156e+01 1.676450157165527344e+01 1.017534637451171875e+01 1.527083683013916016e+01 1.790288543701171875e+01 9.617248535156250000e+00
8.453253746032714844e+00 7.253512382507324219e+00 1.196488285064697266e+01 1.217371368408203125e+01 1.132588100433349609e+01 8.504472732543945312e+00 1.585179710388183594e+01 8.205799102783203125e+00 1.321368408203125000e+01 7.837018966674804688e+00 9.839336395263671875e+00 1.355884647369384766e+01 1.111674499511718750e+01 1.515222072601318359e+01 1.195022010803222656e+01 7.028154373168945312e+00 1.233615684509277344e+01 8.648223876953125000e+00 9.227605819702148438e+00 9.694222450256347656e+00
4.871338367462158203e+00 9.781719207763671875e+00 1.223893165588378906e+01 9.383218765258789062e+00 1.012082290649414062e+01 9.841768264770507812e+00 1.248628997802734375e+01 9.637035369873046875e+00 8.621801376342773438e+00 1.039967155456542969e+01 1.508558845520019531e+01 1.294279956817626953e+01 2.006851768493652344e+01 1.262636184692382812e+01 1.286154365539550781e+01 1.522987461090087891e+01 7.956896781921386719e+00 9.419975280761718750e+00 7.834474563598632812e+00 1.644536018371582031e+01
1.427355766296386719e+01 1.261668968200683594e+01 1.243680763244628906e+01 9.211553573608398438e+00 1.197670173645019531e+01 9.350296020507812500e+00 1.173754501342773438e+01 1.336680412292480469e+01 1.103171348571777344e+01 1.366964340209960938e+01 1.081421279907226562e+01 9.966459274291992188e+00 1.028345108032226562e+01 1.391403007507324219e+01 1.865465545654296875e+01 1.481487941741943359e+01 9.316325187683105469e+00 1.363324356079101562e+01 1.368016815185546875e+01 7.090593338012695312e+00
1.041712474822998047e+01 1.159376525878906250e+01 1.109488868713378906e+01 1.359470176696777344e+01 1.424600219726562500e+01 1.796264076232910156e+01 1.534449100494384766e+01 9.420885086059570312e+00 1.381252956390380859e+01 1.391082668304443359e+01 1.368023681640625000e+01 1.208877086639404297e+01 1.479344558715820312e+01 1.635568618774414062e+01 1.336920738220214844e+01 1.667585754394531250e+01 1.496279144287109375e+01 1.151986312866210938e+01 1.302079010009765625e+01 1.261368751525878906e+01
1.243554878234863281e+01 1.445332431793212891e+01 8.858183860778808594e+00 1.245841789245605469e+01 8.358249664306640625e+00 1.204336357116699219e+01 8.876520156860351562e+00 1.655714225769042969e+01 1.216703414916992188e+01 1.246223831176757812e+01 1.607779121398925781e+01 1.572060775756835938e+01 1.646246910095214844e+01 1.662214660644531250e+01 1.103470897674560547e+01 9.561679840087890625e+00 1.292879009246826172e+01 1.519758129119873047e+01 1.078145980834960938e+01 9.322038650512695312e+00
8.562449455261230469e+00 9.864204406738281250e+00 2.099615669250488281e+01 1.159029769897460938e+01 1.472627830505371094e+01 1.031421852111816406e+01 7.415814399719238281e+00 1.246089553833007812e+01 5.764134407043457031e+00 8.672818183898925781e+00 1.031569194793701172e+01 7.837443351745605469e+00 1.426406192779541016e+01 5.079898834228515625e+00 6.295099735260009766e+00 8.517554283142089844e+00 7.211747169494628906e+00 1.137140274047851562e+01 1.504574584960937500e+01 2.090082168579101562e+01
1.265027236938476562e+01 1.896574592590332031e+01 1.294721412658691406e+01 1.322470378875732422e+01 1.619043350219726562e+01 1.440551662445068359e+01 9.023869514465332031e+00 1.230282878875732422e+01 1.394555854797363281e+01 1.591969585418701172e+01 1.532602119445800781e+01 1.114900779724121094e+01 1.458029174804687500e+01 9.282648086547851562e+00 1.101383781433105469e+01 1.089135265350341797e+01 1.256917476654052734e+01 9.637825012207031250e+00 1.378235054016113281e+01 1.213355350494384766e+01
1.019783782958984375e+01 1.214895248413085938e+01 8.836582183837890625e+00 1.686969757080078125e+01 1.015106201171875000e+01 1.250751304626464844e+01 1.327878570556640625e+01 1.133833789825439453e+01 1.100557708740234375e+01 1.320012474060058594e+01 1.226851463317871094e+01 7.646515846252441406e+00 7.839417934417724609e+00 1.299516868591308594e+01 1.088058757781982422e+01 9.037675857543945312e+00 9.077490806579589844e+00 1.138782119750976562e+01 8.820198059082031250e+00 9.528383255004882812e+00
