2019-07-25 19:30:00
4.900161266326904297e+00 1.004668045043945312e+01 6.690817832946777344e+00 9.259956359863281250e+00 1.315266990661621094e+01 1.223495769500732422e+01 9.217990875244140625e+00 1.275946903228759766e+01 7.838112831115722656e+00 9.702817916870117188e+00 9.251159667968750000e+00 9.777221679687500000e+00 1.023904895782470703e+01 1.160341548919677734e+01 1.193035984039306641e+01 9.503243446350097656e+00 9.924878120422363281e+00 5.583574295043945312e+00 1.106036376953125000e+01 8.608637809753417969e+00
9.874038696289062500e+00 6.273688316345214844e+00 1.368059635162353516e+01 1.198544502258300781e+01 1.811329460144042969e+01 1.230060195922851562e+01 1.067879486083984375e+01 9.075168609619140625e+00 1.092106151580810547e+01 9.222473144531250000e+00 1.307173347473144531e+01 1.196142101287841797e+01 1.131048297882080078e+01 8.611170768737792969e+00 1.286567974090576172e+01 1.018714141845703125e+01 1.053086853027343750e+01 7.802017211914062500e+00 8.658337593078613281e+00 9.305128097534179688e+00
8.153398513793945312e+00 1.284917163848876953e+01 1.339486122131347656e+01 1.411923694610595703e+01 1.566317844390869141e+01 1.091933631896972656e+01 1.159622001647949219e+01 9.776510238647460938e+00 1.163702583312988281e+01 1.008446025848388672e+01 1.868778800964355469e+01 1.188457393646240234e+01 7.647409439086914062e+00 1.039476394653320312e+01 5.892165184020996094e+00 9.482464790344238281e+00 1.240516662597656250e+01 1.494790172576904297e+01 8.199828147888183594e+00 1.219157981872558594e+01
9.213467597961425781e+00 1.631752395629882812e+01 1.134796714782714844e+01 9.434898376464843750e+00 7.623054981231689453e+00 9.560809135437011719e+00 8.113470077514648438e+00 1.750918960571289062e+01 1.189321708679199219e+01 9.464042663574218750e+00 1.220337200164794922e+01 8.568307876586914062e+00 1.274973487854003906e+01 8.454345703125000000e+00 8.936749458312988281e+00 1.357546424865722656e+01 1.346633434295654297e+01 1.476847267150878906e+01 8.067148208618164062e+00 1.452656269073486328e+01
7.696936130523681641e+00 1.394196891784667969e+01 7.977476596832275391e+00 9.940082550048828125e+00 1.261254310607910156e+01 1.699198532104492188e+01 7.293219089508056641e+00 7.175270080566406250e+00 8.284489631652832031e+00 9.616796493530273438e+00 7.424966812133789062e+00 1.851231384277343750e+01 9.558204650878906250e+00 1.149971008300781250e+01 1.063296127319335938e+01 1.352734565734863281e+01 1.081727409362792969e+01 5.039191722869873047e+00 1.207733917236328125e+01 1.090113735198974609e+01
1.092149829864501953e+01 1.075898933410644531e+01 1.391265869140625000e+01 1.169352340698242188e+01 1.066786956787109375e+01 1.917517280578613281e+01 9.657203674316406250e+00 1.393371200561523438e+01 1.009091758728027344e+01 7.837319850921630859e+00 7.898310661315917969e+00 1.564768981933593750e+01 1.051863861083984375e+01 7.497319221496582031e+00 1.507193088531494141e+01 1.256452846527099609e+01 1.256891059875488281e+01 8.032462120056152344e+00 1.203934860229492188e+01 9.419981002807617188e+00
9.962895393371582031e+00 7.342637062072753906e+00 1.585838127136230469e+01 8.903532028198242188e+00 1.240556049346923828e+01 1.065420913696289062e+01 1.024747276306152344e+01 6.824839591979980469e+00 6.775371551513671875e+00 3.460797786712646484e+00 7.981294631958007812e+00 1.100121879577636719e+01 7.741244316101074219e+00 1.783751106262207031e+01 1.303044891357421875e+01 8.636064529418945312e+00 2.314399337768554688e+01 1.028982353210449219e+01 1.123181343078613281e+01 1.801684379577636719e+01
1.630506515502929688e+01 1.559537029266357422e+01 1.069210243225097656e+01 1.126142692565917969e+01 7.001698017120361328e+00 8.753575325012207031e+00 1.206025981903076172e+01 6.215621948242187500e+00 5.844785213470458984e+00 7.780827522277832031e+00 8.241316795349121094e+00 9.233289718627929688e+00 1.294864845275878906e+01 8.049179077148437500e+00 9.875595092773437500e+00 9.212150573730468750e+00 1.059936523437500000e+01 1.340498733520507812e+01 7.746273994445800781e+00 9.473021507263183594e+00
6.115442276000976562e+00 1.058140945434570312e+01 1.232871246337890625e+01 1.089109802246093750e+01 7.464021205902099609e+00 9.005039215087890625e+00 1.176829719543457031e+01 8.483465194702148438e+00 4.632982730865478516e+00 7.275487899780273438e+00 5.590823650360107422e+00 7.247116088867187500e+00 9.651922225952148438e+00 1.108152484893798828e+01 5.661785125732421875e+00 1.386705398559570312e+01 1.550542259216308594e+01 1.272990703582763672e+01 1.092859363555908203e+01 6.598858833312988281e+00
7.807226181030273438e+00 1.265893936157226562e+01 9.703697204589843750e+00 1.391389560699462891e+01 1.379976463317871094e+01 1.459064292907714844e+01 1.268891143798828125e+01 6.559280395507812500e+00 6.514032840728759766e+00 6.819995880126953125e+00 8.517287254333496094e+00 6.903244018554687500e+00 1.521688175201416016e+01 1.298850917816162109e+01 1.092598533630371094e+01 1.195703506469726562e+01 8.009410858154296875e+00 1.033376979827880859e+01 1.290618896484375000e+01 8.206104278564453125e+00
9.457441329956054688e+00 8.728580474853515625e+00 9.618028640747070312e+00 1.257891273498535156e+01 1.354109382629394531e+01 1.102543830871582031e+01 1.444330596923828125e+01 9.723997116088867188e+00 6.557462692260742188e+00 6.641889095306396484e+00 8.848376274108886719e+00 6.261223793029785156e+00 1.081375694274902344e+01 1.888500595092773438e+01 7.619930267333984375e+00 1.044816017150878906e+01 1.356422042846679688e+01 1.614927864074707031e+01 1.432326698303222656e+01 1.385936737060546875e+01
1.022990608215332031e+01 1.116964721679687500e+01 1.063732337951660156e+01 1.033814811706542969e+01 8.341696739196777344e+00 1.153620910644531250e+01 9.525250434875488281e+00 1.407153129577636719e+01 6.666279792785644531e+00 1.020321846008300781e+01 8.772748947143554688e+00 1.285983180999755859e+01 7.422194480895996094e+00 1.165741920471191406e+01 1.049973392486572266e+01 1.668060684204101562e+01 8.099340438842773438e+00 1.200881862640380859e+01 1.553595161437988281e+01 8.599387168884277344e+00
6.571374893188476562e+00 1.027711868286132812e+01 1.178927326202392578e+01 1.136954784393310547e+01 1.262306213378906250e+01 1.622207069396972656e+01 1.179351997375488281e+01 1.150177478790283203e+01 6.580114364624023438e+00 1.218689727783203125e+01 1.545756149291992188e+01 8.535819053649902344e+00 1.364833068847656250e+01 9.922609329223632812e+00 1.204813957214355469e+01 8.749542236328125000e+00 1.326086997985839844e+01 9.928860664367675781e+00 8.500113487243652344e+00 9.028172492980957031e+00
1.178655624389648438e+01 1.276825523376464844e+01 6.121751308441162109e+00 1.151538848876953125e+01 1.422340393066406250e+01 1.402218627929687500e+01 1.291196441650390625e+01 8.912343978881835938e+00 8.460344314575195312e+00 1.537307548522949219e+01 7.651741504669189453e+00 1.048849105834960938e+01 2.067361068725585938e+01 1.348082637786865234e+01 7.080212116241455078e+00 1.065163421630859375e+01 1.234054374694824219e+01 8.783929824829101562e+00 1.259336662292480469e+01 5.805063724517822266e+00
1.043002891540527344e+01 1.145320129394531250e+01 1.064848136901855469e+01 1.026292991638183594e+01 9.479356765747070312e+00 1.069885635375976562e+01 1.574539566040039062e+01 1.213688278198242188e+01 9.429815292358398438e+00 1.318626976013183594e+01 1.363845443725585938e+01 1.106266593933105469e+01 1.175891113281250000e+01 1.600468444824218750e+01 1.110352420806884766e+01 1.786870384216308594e+01 1.186119079589843750e+01 1.742728424072265625e+01 1.055937957763671875e+01 1.141804599761962891e+01
9.060932159423828125e+00 1.064197158813476562e+01 1.498519039154052734e+01 1.271209144592285156e+01 1.419414329528808594e+01 1.392698192596435547e+01 1.501695060729980469e+01 1.448183250427246094e+01 8.882713317871093750e+00 1.314970493316650391e+01 1.328915596008300781e+01 1.587423706054687500e+01 1.590846061706542969e+01 1.153342151641845703e+01 1.585409736633300781e+01 1.231485939025878906e+01 1.456966876983642578e+01 9.535362243652343750e+00 1.312240123748779297e+01 1.491820335388183594e+01
1.214872074127197266e+01 5.819691658020019531e+00 1.428181076049804688e+01 7.714041233062744141e+00 1.243139457702636719e+01 1.054448890686035156e+01 1.392878532409667969e+01 1.438380813598632812e+01 1.040887165069580078e+01 1.602817153930664062e+01 2.002512168884277344e+01 1.632614898681640625e+01 1.556306552886962891e+01 1.660380363464355469e+01 1.886474990844726562e+01 3.926300048828125000e+00 1.156392097473144531e+01 1.057258701324462891e+01 1.816225051879882812e+01 1.027500915527343750e+01
1.079422378540039062e+01 1.092903900146484375e+01 1.012570953369140625e+01 1.502682018280029297e+01 1.291077613830566406e+01 1.071150588989257812e+01 1.281578636169433594e+01 1.288964843750000000e+01 1.204070091247558594e+01 1.049657917022705078e+01 1.172568225860595703e+01 1.148900222778320312e+01 8.632532119750976562e+00 9.875024795532226562e+00 1.184196090698242188e+01 9.946062088012695312e+00 6.706708908081054688e+00 7.787568569183349609e+00 1.262737464904785156e+01 1.335832595825195312e+01
1.216186904907226562e+01 9.077070236206054688e+00 1.541929149627685547e+01 1.369227600097656250e+01 1.936695861816406250e+01 1.128087329864501953e+01 7.063714981079101562e+00 1.035928344726562500e+01 1.134405708312988281e+01 1.106558609008789062e+01 8.450668334960937500e+00 1.137536811828613281e+01 8.071232795715332031e+00 1.045069980621337891e+01 1.027332401275634766e+01 9.677530288696289062e+00 1.299559497833251953e+01 1.136257743835449219e+01 1.146792411804199219e+01 8.046123504638671875e+00
9.378200531005859375e+00 7.797995567321777344e+00 1.817575454711914062e+01 9.669218063354492188e+00 7.193056583404541016e+00 1.428410720825195312e+01 1.000708770751953125e+01 6.986978530883789062e+00 6.814069271087646484e+00 1.505951690673828125e+01 1.026989078521728516e+01 1.094761180877685547e+01 8.160296440124511719e+00 8.854063987731933594e+00 8.532543182373046875e+00 1.117835903167724609e+01 8.739464759826660156e+00 1.088399124145507812e+01 1.153062057495117188e+01 7.740117549896240234e+00
