2019-07-25 20:00:00
1.134951305389404297e+01 1.000781345367431641e+01 4.886651039123535156e+00 8.428927421569824219e+00 1.161348724365234375e+01 1.011279964447021484e+01 9.600394248962402344e+00 1.220046329498291016e+01 1.462028121948242188e+01 1.266823005676269531e+01 1.132078647613525391e+01 7.631993770599365234e+00 8.966381072998046875e+00 1.209560775756835938e+01 1.010463047027587891e+01 8.118238449096679688e+00 1.502182579040527344e+01 8.724921226501464844e+00 1.055792999267578125e+01 6.899845600128173828e+00
1.349626064300537109e+01 7.004523754119873047e+00 1.019539260864257812e+01 5.150907516479492188e+00 1.383754348754882812e+01 1.373335361480712891e+01 9.213363647460937500e+00 1.220721817016601562e+01 1.136030197143554688e+01 1.248933506011962891e+01 9.704545974731445312e+00 9.973737716674804688e+00 1.242238998413085938e+01 1.038873100280761719e+01 9.594575881958007812e+00 1.133732414245605469e+01 8.559226036071777344e+00 9.800305366516113281e+00 9.502095222473144531e+00 1.264442825317382812e+01
5.132541656494140625e+00 7.351636409759521484e+00 1.200186634063720703e+01 8.556936264038085938e+00 7.592523097991943359e+00 1.144272422790527344e+01 1.317857360839843750e+01 6.140830516815185547e+00 9.166011810302734375e+00 1.127946472167968750e+01 1.512346458435058594e+01 1.183786773681640625e+01 1.521111679077148438e+01 1.409327602386474609e+01 8.483395576477050781e+00 7.881825447082519531e+00 1.584573745727539062e+01 3.683642387390136719e+00 4.939941883087158203e+00 8.568655967712402344e+00
7.983400821685791016e+00 8.601474761962890625e+00 1.138366985321044922e+01 1.376743698120117188e+01 7.079348564147949219e+00 6.341542243957519531e+00 1.048841857910156250e+01 9.243242263793945312e+00 8.022348403930664062e+00 9.966049194335937500e+00 1.503205871582031250e+01 9.453412055969238281e+00 1.251857566833496094e+01 1.111804008483886719e+01 4.532038688659667969e+00 1.223905181884765625e+01 1.033874511718750000e+01 1.009364509582519531e+01 6.183416843414306641e+00 1.162043952941894531e+01
1.277919387817382812e+01 1.034716033935546875e+01 9.309665679931640625e+00 7.630319595336914062e+00 7.885986328125000000e+00 1.466898155212402344e+01 1.071430492401123047e+01 8.708482742309570312e+00 9.430480957031250000e+00 1.227242660522460938e+01 1.225420284271240234e+01 1.361487960815429688e+01 1.093363285064697266e+01 1.180163574218750000e+01 9.797743797302246094e+00 8.449153900146484375e+00 1.171146774291992188e+01 5.334160327911376953e+00 1.165145301818847656e+01 8.220014572143554688e+00
6.096936225891113281e+00 1.616886138916015625e+01 9.615306854248046875e+00 1.648238945007324219e+01 6.697916984558105469e+00 1.214302539825439453e+01 1.476310729980468750e+01 7.652560234069824219e+00 7.964727401733398438e+00 9.758050918579101562e+00 8.512527465820312500e+00 1.082888603210449219e+01 6.179915428161621094e+00 1.006329917907714844e+01 8.775964736938476562e+00 7.661751747131347656e+00 1.012879371643066406e+01 9.143778800964355469e+00 9.835500717163085938e+00 1.063165569305419922e+01
1.455297660827636719e+01 9.511093139648437500e+00 1.021028804779052734e+01 1.434646034240722656e+01 7.893184661865234375e+00 1.475012779235839844e+01 1.116893577575683594e+01 5.853569030761718750e+00 5.977003097534179688e+00 4.319663047790527344e+00 9.122847557067871094e+00 9.006479263305664062e+00 7.385663509368896484e+00 8.191427230834960938e+00 1.091085052490234375e+01 7.246753692626953125e+00 1.277761650085449219e+01 8.762030601501464844e+00 6.789486885070800781e+00 1.714632797241210938e+01
1.282343006134033203e+01 8.725751876831054688e+00 9.646121978759765625e+00 7.515505790710449219e+00 1.287373161315917969e+01 1.064421653747558594e+01 7.915433883666992188e+00 5.234336853027343750e+00 4.996309757232666016e+00 5.630271911621093750e+00 1.206894493103027344e+01 5.962376594543457031e+00 1.331597137451171875e+01 1.142755317687988281e+01 1.285985183715820312e+01 6.396603584289550781e+00 1.320715141296386719e+01 1.178229331970214844e+01 1.412977695465087891e+01 8.952562332153320312e+00
6.858077526092529297e+00 8.336792945861816406e+00 7.501358985900878906e+00 7.563513755798339844e+00 1.092289352416992188e+01 6.930177688598632812e+00 1.045828056335449219e+01 6.420426368713378906e+00 5.476764202117919922e+00 5.353029251098632812e+00 7.645803928375244141e+00 1.122992324829101562e+01 1.282117652893066406e+01 8.654985427856445312e+00 7.671461105346679688e+00 1.179720878601074219e+01 9.480286598205566406e+00 1.442910385131835938e+01 9.254076004028320312e+00 6.658087253570556641e+00
1.172806930541992188e+01 1.027982425689697266e+01 1.140670490264892578e+01 7.308401107788085938e+00 1.175405883789062500e+01 9.238325119018554688e+00 1.500290966033935547e+01 6.431253910064697266e+00 8.897807121276855469e+00 1.074324989318847656e+01 6.464648246765136719e+00 1.363930702209472656e+01 1.172337150573730469e+01 1.423204231262207031e+01 1.403939247131347656e+01 1.108339214324951172e+01 1.127388381958007812e+01 1.204262161254882812e+01 1.553934574127197266e+01 8.801053047180175781e+00
8.072420120239257812e+00 9.882572174072265625e+00 1.448724365234375000e+01 1.340233421325683594e+01 1.057976913452148438e+01 1.390376663208007812e+01 5.210663795471191406e+00 5.157658576965332031e+00 7.836894989013671875e+00 7.315294265747070312e+00 6.804156303405761719e+00 1.068102264404296875e+01 1.282745170593261719e+01 1.343804359436035156e+01 1.652100372314453125e+01 9.140200614929199219e+00 4.414303779602050781e+00 7.742119789123535156e+00 5.451426506042480469e+00 8.150701522827148438e+00
7.385042667388916016e+00 7.828749656677246094e+00 8.467773437500000000e+00 1.227683448791503906e+01 1.338950157165527344e+01 1.296181678771972656e+01 1.118377113342285156e+01 9.081102371215820312e+00 9.777753829956054688e+00 1.317909336090087891e+01 1.151317787170410156e+01 1.100726222991943359e+01 1.563575553894042969e+01 9.013744354248046875e+00 1.376205348968505859e+01 1.876408958435058594e+01 1.155171585083007812e+01 1.603418922424316406e+01 1.177552604675292969e+01 1.135087776184082031e+01
9.903720855712890625e+00 8.652423858642578125e+00 1.186026668548583984e+01 8.340993881225585938e+00 1.422822952270507812e+01 1.352871322631835938e+01 9.177687644958496094e+00 1.218270587921142578e+01 6.491169929504394531e+00 1.167657279968261719e+01 1.095404911041259766e+01 9.725360870361328125e+00 1.241017913818359375e+01 7.277412891387939453e+00 1.183966159820556641e+01 1.173449325561523438e+01 1.376903915405273438e+01 8.981675148010253906e+00 8.765260696411132812e+00 1.617162132263183594e+01
8.373328208923339844e+00 7.033826351165771484e+00 1.054881095886230469e+01 9.146097183227539062e+00 1.335077476501464844e+01 1.393724632263183594e+01 9.551634788513183594e+00 1.218537139892578125e+01 7.618587493896484375e+00 6.795964717864990234e+00 1.400882816314697266e+01 1.155967807769775391e+01 1.399725341796875000e+01 1.099419212341308594e+01 1.134824371337890625e+01 9.691095352172851562e+00 9.358693122863769531e+00 1.169399738311767578e+01 1.132449150085449219e+01 6.388598918914794922e+00
5.945067405700683594e+00 7.920758247375488281e+00 1.512181854248046875e+01 1.199814224243164062e+01 2.115329360961914062e+01 1.014551830291748047e+01 1.469494724273681641e+01 1.406110763549804688e+01 6.987471580505371094e+00 6.738778114318847656e+00 1.360040760040283203e+01 9.073213577270507812e+00 1.342735099792480469e+01 9.634790420532226562e+00 1.141145610809326172e+01 1.073602676391601562e+01 7.113021850585937500e+00 1.101670646667480469e+01 1.541195201873779297e+01 1.119357299804687500e+01
1.034578895568847656e+01 5.927649974822998047e+00 5.434282302856445312e+00 1.220682334899902344e+01 2.008160209655761719e+01 2.149662017822265625e+01 1.490193939208984375e+01 1.085292625427246094e+01 8.548742294311523438e+00 7.570209980010986328e+00 8.558365821838378906e+00 7.294914245605468750e+00 6.549820899963378906e+00 9.147430419921875000e+00 1.301252460479736328e+01 1.367658996582031250e+01 1.722972869873046875e+01 9.382307052612304688e+00 1.181938838958740234e+01 7.637900352478027344e+00
1.390694808959960938e+01 7.710048675537109375e+00 1.185888099670410156e+01 1.019073295593261719e+01 7.978151798248291016e+00 6.371805191040039062e+00 1.542704582214355469e+01 1.128533840179443359e+01 8.540225982666015625e+00 1.491312885284423828e+01 1.211456680297851562e+01 1.433372020721435547e+01 9.700292587280273438e+00 1.388154506683349609e+01 8.429605484008789062e+00 6.585537910461425781e+00 1.011926651000976562e+01 9.686035156250000000e+00 1.031678962707519531e+01 1.278135681152343750e+01
1.122095298767089844e+01 7.020223140716552734e+00 1.169099426269531250e+01 8.090190887451171875e+00 1.439216327667236328e+01 1.313536262512207031e+01 1.386382484436035156e+01 9.538537979125976562e+00 8.085538864135742188e+00 8.945039749145507812e+00 8.476449966430664062e+00 8.894934654235839844e+00 1.079361724853515625e+01 8.337383270263671875e+00 6.751035690307617188e+00 9.298025131225585938e+00 9.795678138732910156e+00 9.256963729858398438e+00 1.271459579467773438e+01 1.312576198577880859e+01
9.734376907348632812e+00 1.219579887390136719e+01 1.620520210266113281e+01 1.119241523742675781e+01 1.275880050659179688e+01 1.267113494873046875e+01 1.105651473999023438e+01 1.100083923339843750e+01 9.677042961120605469e+00 1.447066497802734375e+01 1.037942314147949219e+01 1.137292480468750000e+01 7.962481021881103516e+00 1.195823097229003906e+01 8.074172973632812500e+00 1.261096572875976562e+01 7.763308525085449219e+00 1.464909744262695312e+01 6.246567249298095703e+00 9.156734466552734375e+00
9.264786720275878906e+00 8.502838134765625000e+00 1.131766223907470703e+01 1.387324142456054688e+01 1.471772384643554688e+01 1.365892314910888672e+01 8.501372337341308594e+00 8.977169036865234375e+00 9.176435470581054688e+00 1.303665637969970703e+01 1.135271453857421875e+01 1.022003173828125000e+01 9.694732666015625000e+00 8.356756210327148438e+00 1.288094902038574219e+01 1.122310352325439453e+01 1.100254440307617188e+01 1.177439880371093750e+01 6.121128559112548828e+00 8.085344314575195312e+00
