2019-07-25 20:45:00
1.047634601593017578e+01 1.362864494323730469e+01 4.466964721679687500e+00 1.427525520324707031e+01 1.100176811218261719e+01 8.032140731811523438e+00 7.302777290344238281e+00 7.810536861419677734e+00 1.068001842498779297e+01 8.692407608032226562e+00 7.643440246582031250e+00 1.018724632263183594e+01 1.317895698547363281e+01 1.125062465667724609e+01 1.191206550598144531e+01 7.641393184661865234e+00 7.721021652221679688e+00 6.599678516387939453e+00 9.557487487792968750e+00 1.014839935302734375e+01
1.481321907043457031e+01 1.052705001831054688e+01 5.407279968261718750e+00 1.354027748107910156e+01 1.447233009338378906e+01 9.308048248291015625e+00 6.476799964904785156e+00 6.743750095367431641e+00 1.052384090423583984e+01 1.028764343261718750e+01 7.871414184570312500e+00 8.255500793457031250e+00 1.341247558593750000e+01 6.443419456481933594e+00 1.267292118072509766e+01 9.015853881835937500e+00 1.192620658874511719e+01 1.072666168212890625e+01 8.692737579345703125e+00 1.146477127075195312e+01
4.629979610443115234e+00 1.121820831298828125e+01 7.576460838317871094e+00 1.132465934753417969e+01 8.513755798339843750e+00 1.662526321411132812e+01 1.653814697265625000e+01 9.878566741943359375e+00 7.041486740112304688e+00 7.172662258148193359e+00 9.194883346557617188e+00 1.036377906799316406e+01 9.569126129150390625e+00 5.322166442871093750e+00 1.008784198760986328e+01 1.597016906738281250e+01 7.255407333374023438e+00 4.843915939331054688e+00 8.532135009765625000e+00 1.259972095489501953e+01
4.786303520202636719e+00 1.088440513610839844e+01 5.947215080261230469e+00 9.049144744873046875e+00 9.654632568359375000e+00 9.534195899963378906e+00 9.504262924194335938e+00 9.746552467346191406e+00 9.663646697998046875e+00 1.198076248168945312e+01 1.077147483825683594e+01 1.056326484680175781e+01 1.082862472534179688e+01 7.239391326904296875e+00 1.342949962615966797e+01 1.229601478576660156e+01 7.411839485168457031e+00 1.009590339660644531e+01 1.177426910400390625e+01 8.007179260253906250e+00
1.454291343688964844e+01 1.139321231842041016e+01 7.556183815002441406e+00 7.681216716766357422e+00 1.107827758789062500e+01 1.148362064361572266e+01 1.522481727600097656e+01 9.084915161132812500e+00 9.017955780029296875e+00 1.032762527465820312e+01 7.548435211181640625e+00 8.786582946777343750e+00 1.518675994873046875e+01 9.549528121948242188e+00 1.344749259948730469e+01 1.637892532348632812e+01 6.457856178283691406e+00 5.136198520660400391e+00 9.563652038574218750e+00 1.115292358398437500e+01
9.723262786865234375e+00 9.311225891113281250e+00 5.144807815551757812e+00 9.547831535339355469e+00 9.393272399902343750e+00 1.691778564453125000e+01 6.691447257995605469e+00 1.054862594604492188e+01 5.510597229003906250e+00 4.488595008850097656e+00 7.615839004516601562e+00 6.153662681579589844e+00 5.924334526062011719e+00 6.755880355834960938e+00 8.263712882995605469e+00 1.139565467834472656e+01 9.552002906799316406e+00 1.161071777343750000e+01 1.579495620727539062e+01 7.181178569793701172e+00
7.935532569885253906e+00 1.097440147399902344e+01 1.481616210937500000e+01 1.235063171386718750e+01 1.352582740783691406e+01 1.140030193328857422e+01 1.026146984100341797e+01 7.852056026458740234e+00 6.463896751403808594e+00 5.741975784301757812e+00 8.517833709716796875e+00 5.360891342163085938e+00 1.069961929321289062e+01 9.500659942626953125e+00 1.104940223693847656e+01 1.287418460845947266e+01 9.463326454162597656e+00 9.006023406982421875e+00 1.165328598022460938e+01 1.213064289093017578e+01
8.044918060302734375e+00 8.403366088867187500e+00 7.797901153564453125e+00 3.864871740341186523e+00 9.842613220214843750e+00 1.014805126190185547e+01 1.030478096008300781e+01 5.760354995727539062e+00 5.963168144226074219e+00 7.482470512390136719e+00 7.617306232452392578e+00 9.600054740905761719e+00 4.928809165954589844e+00 9.327091217041015625e+00 1.181221580505371094e+01 1.177606010437011719e+01 9.755203247070312500e+00 8.175555229187011719e+00 1.681354904174804688e+01 6.925251007080078125e+00
6.819846153259277344e+00 9.412354469299316406e+00 1.368992805480957031e+01 9.622620582580566406e+00 1.422568225860595703e+01 1.144580078125000000e+01 4.402753829956054688e+00 4.968646049499511719e+00 4.947463989257812500e+00 8.884613037109375000e+00 4.565755844116210938e+00 8.698493957519531250e+00 7.320006370544433594e+00 7.142650127410888672e+00 7.609389305114746094e+00 9.940353393554687500e+00 7.310461521148681641e+00 9.391235351562500000e+00 1.108471488952636719e+01 7.899699211120605469e+00
1.079670524597167969e+01 1.703881072998046875e+01 1.094453048706054688e+01 1.540192794799804688e+01 1.129583263397216797e+01 1.158894729614257812e+01 9.992517471313476562e+00 6.792625904083251953e+00 2.983365297317504883e+00 7.255485534667968750e+00 6.720272064208984375e+00 8.942611694335937500e+00 1.226918411254882812e+01 1.259811401367187500e+01 9.593151092529296875e+00 8.604537963867187500e+00 7.024882316589355469e+00 1.417909240722656250e+01 1.053215885162353516e+01 4.481753826141357422e+00
1.180743885040283203e+01 8.811254501342773438e+00 1.232967567443847656e+01 1.041364669799804688e+01 1.235232162475585938e+01 1.079571914672851562e+01 1.464879226684570312e+01 9.325982093811035156e+00 6.347743511199951172e+00 7.330571651458740234e+00 8.777176856994628906e+00 5.797852039337158203e+00 1.020546340942382812e+01 8.962965011596679688e+00 8.973321914672851562e+00 1.373913574218750000e+01 1.002737140655517578e+01 8.585749626159667969e+00 6.590120792388916016e+00 1.095081329345703125e+01
9.484227180480957031e+00 8.349374771118164062e+00 8.364997863769531250e+00 1.218875312805175781e+01 1.113285064697265625e+01 1.087886810302734375e+01 1.195440101623535156e+01 7.875195026397705078e+00 8.427005767822265625e+00 5.799471855163574219e+00 9.973243713378906250e+00 1.637630653381347656e+01 1.499015712738037109e+01 1.355572128295898438e+01 1.170989036560058594e+01 7.623646259307861328e+00 1.430701828002929688e+01 5.694786548614501953e+00 1.772653770446777344e+01 1.182712745666503906e+01
8.054215431213378906e+00 1.193893718719482422e+01 8.599503517150878906e+00 8.498188972473144531e+00 9.972690582275390625e+00 1.260842609405517578e+01 1.507253837585449219e+01 1.327760696411132812e+01 8.049243927001953125e+00 1.258371543884277344e+01 1.374307727813720703e+01 9.128646850585937500e+00 1.078560638427734375e+01 6.488554954528808594e+00 9.220944404602050781e+00 8.404812812805175781e+00 1.248745155334472656e+01 1.062282752990722656e+01 8.614694595336914062e+00 1.136108112335205078e+01
9.494319915771484375e+00 5.563750267028808594e+00 9.374571800231933594e+00 1.176288223266601562e+01 8.181825637817382812e+00 1.442281723022460938e+01 1.185557174682617188e+01 1.088392257690429688e+01 9.165616989135742188e+00 1.069596099853515625e+01 9.412360191345214844e+00 1.294331359863281250e+01 1.215650558471679688e+01 1.130626964569091797e+01 1.386053848266601562e+01 1.385502433776855469e+01 1.225491237640380859e+01 1.071774673461914062e+01 8.438912391662597656e+00 7.763156890869140625e+00
1.500205802917480469e+01 7.975829601287841797e+00 8.334531784057617188e+00 1.148103809356689453e+01 1.153566551208496094e+01 1.189168453216552734e+01 1.301846313476562500e+01 1.093935394287109375e+01 1.148832321166992188e+01 1.041765213012695312e+01 8.735929489135742188e+00 1.244905090332031250e+01 1.612098121643066406e+01 1.032494544982910156e+01 1.114550209045410156e+01 1.127461433410644531e+01 1.123518562316894531e+01 1.354034042358398438e+01 7.888586044311523438e+00 4.597690105438232422e+00
7.715312957763671875e+00 1.030087852478027344e+01 1.041055870056152344e+01 1.206141090393066406e+01 8.993549346923828125e+00 6.892361164093017578e+00 1.353062820434570312e+01 6.953337669372558594e+00 8.016094207763671875e+00 1.294155311584472656e+01 6.764605522155761719e+00 1.004246234893798828e+01 1.207902145385742188e+01 8.421345710754394531e+00 1.851893234252929688e+01 1.051729393005371094e+01 1.632578659057617188e+01 1.216566181182861328e+01 1.279804611206054688e+01 1.408492946624755859e+01
9.802020072937011719e+00 5.542460918426513672e+00 6.078567028045654297e+00 7.433103084564208984e+00 8.949746131896972656e+00 1.001880836486816406e+01 1.160515308380126953e+01 1.230092239379882812e+01 1.084846591949462891e+01 1.067360019683837891e+01 1.164298439025878906e+01 1.130986976623535156e+01 1.291518020629882812e+01 1.565204143524169922e+01 7.776412010192871094e+00 5.914852142333984375e+00 7.392222404479980469e+00 7.472628593444824219e+00 9.948600769042968750e+00 5.734544754028320312e+00
8.758994102478027344e+00 8.398828506469726562e+00 9.510502815246582031e+00 1.032643890380859375e+01 1.027323436737060547e+01 1.049965763092041016e+01 7.390271663665771484e+00 8.757562637329101562e+00 6.031299591064453125e+00 5.192383289337158203e+00 1.044270133972167969e+01 6.363747596740722656e+00 7.930514335632324219e+00 1.049312400817871094e+01 9.946791648864746094e+00 1.116702270507812500e+01 9.595798492431640625e+00 6.520160675048828125e+00 1.442942237854003906e+01 1.231361484527587891e+01
1.028024005889892578e+01 1.162103080749511719e+01 1.115505218505859375e+01 1.535739612579345703e+01 1.084844875335693359e+01 1.136571693420410156e+01 9.227173805236816406e+00 6.735171318054199219e+00 7.889390945434570312e+00 1.292139625549316406e+01 9.888136863708496094e+00 9.821798324584960938e+00 1.016374301910400391e+01 6.402388572692871094e+00 6.760342121124267578e+00 8.038972854614257812e+00 8.689002990722656250e+00 1.004232978820800781e+01 9.780267715454101562e+00 1.280522441864013672e+01
7.185292243957519531e+00 1.183744812011718750e+01 9.768743515014648438e+00 7.443621635437011719e+00 1.112089061737060547e+01 1.157297325134277344e+01 5.949689388275146484e+00 9.059797286987304688e+00 6.297587394714355469e+00 7.645604133605957031e+00 1.517512702941894531e+01 1.245202541351318359e+01 8.051444053649902344e+00 1.067378520965576172e+01 1.010554981231689453e+01 1.218161964416503906e+01 8.016629219055175781e+00 1.437883090972900391e+01 6.045924186706542969e+00 6.364792823791503906e+00
