2019-07-25 21:00:00
7.414881706237792969e+00 1.073356628417968750e+01 1.826985168457031250e+01 1.153121566772460938e+01 1.226492881774902344e+01 8.908647537231445312e+00 1.287835502624511719e+01 1.177240848541259766e+01 1.577678680419921875e+01 1.149650001525878906e+01 5.954967975616455078e+00 8.436137199401855469e+00 6.441586971282958984e+00 1.847642707824707031e+01 1.171922111511230469e+01 2.033567428588867188e+01 9.776899337768554688e+00 9.991571426391601562e+00 1.129597091674804688e+01 1.064203453063964844e+01
9.797485351562500000e+00 4.029933452606201172e+00 7.842601776123046875e+00 8.830179214477539062e+00 1.142422580718994141e+01 1.337701129913330078e+01 1.271485614776611328e+01 1.224348449707031250e+01 8.991216659545898438e+00 1.347889518737792969e+01 1.170170688629150391e+01 9.585417747497558594e+00 1.298458576202392578e+01 1.031240463256835938e+01 8.440736770629882812e+00 1.056417083740234375e+01 9.267654418945312500e+00 9.428941726684570312e+00 1.364992713928222656e+01 8.233610153198242188e+00
7.944776535034179688e+00 1.041036319732666016e+01 6.665076732635498047e+00 1.495873260498046875e+01 9.123146057128906250e+00 1.320930290222167969e+01 1.573283767700195312e+01 1.151185226440429688e+01 8.458976745605468750e+00 1.137250137329101562e+01 1.292586326599121094e+01 9.004941940307617188e+00 1.174612426757812500e+01 9.990648269653320312e+00 7.023979187011718750e+00 1.216528415679931641e+01 1.292200279235839844e+01 1.385201263427734375e+01 8.783388137817382812e+00 7.224506378173828125e+00
1.145547199249267578e+01 1.442232131958007812e+01 5.694449424743652344e+00 8.210651397705078125e+00 7.429209709167480469e+00 9.839835166931152344e+00 1.170605087280273438e+01 7.054441452026367188e+00 9.537953376770019531e+00 8.663456916809082031e+00 1.346155452728271484e+01 1.132098770141601562e+01 1.077993774414062500e+01 1.712436676025390625e+01 7.847172737121582031e+00 1.128975677490234375e+01 1.430491638183593750e+01 8.953849792480468750e+00 7.948113441467285156e+00 8.461619377136230469e+00
1.186877441406250000e+01 1.146460342407226562e+01 1.218626976013183594e+01 7.924154281616210938e+00 8.915273666381835938e+00 1.623166084289550781e+01 1.413567352294921875e+01 1.190637302398681641e+01 1.267848300933837891e+01 9.983484268188476562e+00 8.622547149658203125e+00 1.071400833129882812e+01 9.492111206054687500e+00 9.530214309692382812e+00 1.567149925231933594e+01 1.293255233764648438e+01 1.078281784057617188e+01 9.647993087768554688e+00 8.153086662292480469e+00 1.549600219726562500e+01
1.157820224761962891e+01 1.037237548828125000e+01 8.031078338623046875e+00 8.644092559814453125e+00 6.351048946380615234e+00 9.061985015869140625e+00 8.907521247863769531e+00 1.221778011322021484e+01 6.813110351562500000e+00 5.787445068359375000e+00 9.219061851501464844e+00 6.152521133422851562e+00 1.000676155090332031e+01 1.657317352294921875e+01 1.019764328002929688e+01 5.151216030120849609e+00 1.558209514617919922e+01 8.940952301025390625e+00 6.656197071075439453e+00 1.247465991973876953e+01
4.227250099182128906e+00 9.572109222412109375e+00 1.471280479431152344e+01 1.207975578308105469e+01 8.328428268432617188e+00 1.596916580200195312e+01 1.032109642028808594e+01 9.001192092895507812e+00 9.271492004394531250e+00 6.223587989807128906e+00 8.659151077270507812e+00 6.198481559753417969e+00 1.232618904113769531e+01 1.141550636291503906e+01 1.293410682678222656e+01 1.125748348236083984e+01 1.014427185058593750e+01 1.062574386596679688e+01 9.637374877929687500e+00 7.870985984802246094e+00
1.399891662597656250e+01 1.051431465148925781e+01 8.216932296752929688e+00 1.338860321044921875e+01 9.295910835266113281e+00 8.903481483459472656e+00 1.080279731750488281e+01 8.120102882385253906e+00 5.702738761901855469e+00 5.054312705993652344e+00 7.800642490386962891e+00 7.460333824157714844e+00 9.894271850585937500e+00 9.674400329589843750e+00 1.109243392944335938e+01 8.436449050903320312e+00 8.392188072204589844e+00 1.286119842529296875e+01 6.808685302734375000e+00 1.256997776031494141e+01
1.065411090850830078e+01 1.101363086700439453e+01 9.861879348754882812e+00 1.194764900207519531e+01 7.524767398834228516e+00 9.588346481323242188e+00 8.473144531250000000e+00 7.002787113189697266e+00 4.793540000915527344e+00 8.401991844177246094e+00 8.630315780639648438e+00 1.040335273742675781e+01 1.420581340789794922e+01 1.215524578094482422e+01 7.418958187103271484e+00 8.142831802368164062e+00 7.799876213073730469e+00 9.541586875915527344e+00 1.193435001373291016e+01 9.820983886718750000e+00
9.667684555053710938e+00 1.515813922882080078e+01 1.062384128570556641e+01 9.099178314208984375e+00 6.140473365783691406e+00 9.434359550476074219e+00 1.004556751251220703e+01 9.048597335815429688e+00 5.630303382873535156e+00 7.920626640319824219e+00 7.504038333892822266e+00 6.550355434417724609e+00 6.481079101562500000e+00 1.150133991241455078e+01 1.117110919952392578e+01 1.292703247070312500e+01 1.009231758117675781e+01 1.106733608245849609e+01 1.405361270904541016e+01 1.425142478942871094e+01
7.176047325134277344e+00 8.378073692321777344e+00 1.341033744812011719e+01 8.555272102355957031e+00 1.540239715576171875e+01 4.710604667663574219e+00 1.275080108642578125e+01 9.367305755615234375e+00 6.917753219604492188e+00 5.814956665039062500e+00 8.245100975036621094e+00 6.041093349456787109e+00 1.365565204620361328e+01 1.883012771606445312e+01 1.085376262664794922e+01 1.353992938995361328e+01 9.267457962036132812e+00 6.915007114410400391e+00 1.391760158538818359e+01 9.449634552001953125e+00
6.632118225097656250e+00 7.905974864959716797e+00 1.268086528778076172e+01 1.061548805236816406e+01 1.482390785217285156e+01 1.282807350158691406e+01 1.303904914855957031e+01 1.046720981597900391e+01 9.979574203491210938e+00 1.189089488983154297e+01 1.539987754821777344e+01 1.721372222900390625e+01 1.151774120330810547e+01 1.572984695434570312e+01 9.815695762634277344e+00 6.109416007995605469e+00 1.095154190063476562e+01 1.221266365051269531e+01 8.213550567626953125e+00 9.853424072265625000e+00
1.411302757263183594e+01 7.738182067871093750e+00 9.474888801574707031e+00 7.902894020080566406e+00 1.071582889556884766e+01 7.975253582000732422e+00 7.086608886718750000e+00 8.437284469604492188e+00 1.528463745117187500e+01 9.269574165344238281e+00 9.901153564453125000e+00 1.249519920349121094e+01 2.437391090393066406e+01 1.155568504333496094e+01 1.189567470550537109e+01 1.048413276672363281e+01 1.238864040374755859e+01 9.462689399719238281e+00 1.084405517578125000e+01 1.297474861145019531e+01
1.384294700622558594e+01 9.597322463989257812e+00 1.120030593872070312e+01 1.524716567993164062e+01 1.876978492736816406e+01 7.916125297546386719e+00 1.446671676635742188e+01 1.469121551513671875e+01 1.322539043426513672e+01 1.036067008972167969e+01 1.056023788452148438e+01 1.594243240356445312e+01 1.535580921173095703e+01 1.179244041442871094e+01 1.299533271789550781e+01 1.003902149200439453e+01 9.995089530944824219e+00 1.010531616210937500e+01 1.320943641662597656e+01 1.092027664184570312e+01
9.602195739746093750e+00 1.717419815063476562e+01 1.620074272155761719e+01 1.705880737304687500e+01 1.494062995910644531e+01 1.022789192199707031e+01 8.549286842346191406e+00 1.111491775512695312e+01 1.218269348144531250e+01 8.692447662353515625e+00 1.170601654052734375e+01 7.994619369506835938e+00 1.188729858398437500e+01 1.129261398315429688e+01 1.101029968261718750e+01 1.632818412780761719e+01 1.183740234375000000e+01 1.492472553253173828e+01 1.109965896606445312e+01 1.069728374481201172e+01
9.655547142028808594e+00 8.551402091979980469e+00 1.570378017425537109e+01 1.613796234130859375e+01 1.082495594024658203e+01 1.681172943115234375e+01 1.412564277648925781e+01 1.326874828338623047e+01 7.916409969329833984e+00 1.525114631652832031e+01 9.797922134399414062e+00 1.066646099090576172e+01 1.068192481994628906e+01 1.059634113311767578e+01 1.010393142700195312e+01 7.308298110961914062e+00 1.016966629028320312e+01 1.182792854309082031e+01 1.335888671875000000e+01 8.500013351440429688e+00
1.286390495300292969e+01 1.096891593933105469e+01 9.983279228210449219e+00 1.574077510833740234e+01 8.339130401611328125e+00 1.373718070983886719e+01 1.691985702514648438e+01 5.038002014160156250e+00 2.052122306823730469e+01 1.611867141723632812e+01 1.825379943847656250e+01 1.394913673400878906e+01 1.126536464691162109e+01 1.080759906768798828e+01 1.512396812438964844e+01 1.416603946685791016e+01 1.397675132751464844e+01 1.044522380828857422e+01 1.272674751281738281e+01 1.317750644683837891e+01
1.390134239196777344e+01 1.009987449645996094e+01 1.063996696472167969e+01 1.290736961364746094e+01 1.085666275024414062e+01 8.103650093078613281e+00 1.212692832946777344e+01 1.164166736602783203e+01 7.392997264862060547e+00 8.292821884155273438e+00 1.426647281646728516e+01 1.258457183837890625e+01 7.783650875091552734e+00 1.037666130065917969e+01 8.447650909423828125e+00 1.293605804443359375e+01 1.118450355529785156e+01 1.003639316558837891e+01 1.558606910705566406e+01 1.141362571716308594e+01
1.341758155822753906e+01 1.486178970336914062e+01 1.238483047485351562e+01 1.414361953735351562e+01 1.132060813903808594e+01 1.459157848358154297e+01 9.969212532043457031e+00 1.222811698913574219e+01 7.828422546386718750e+00 1.318023109436035156e+01 1.299525642395019531e+01 1.125906372070312500e+01 9.795936584472656250e+00 1.147244644165039062e+01 6.873354434967041016e+00 8.415649414062500000e+00 1.159351921081542969e+01 1.166453647613525391e+01 1.031120014190673828e+01 1.562911033630371094e+01
9.610176086425781250e+00 1.565946578979492188e+01 1.288711547851562500e+01 1.475703811645507812e+01 6.933463096618652344e+00 1.026444911956787109e+01 1.102963161468505859e+01 9.789993286132812500e+00 1.521201419830322266e+01 1.290328788757324219e+01 8.697972297668457031e+00 5.343573570251464844e+00 1.084881973266601562e+01 8.765565872192382812e+00 9.112882614135742188e+00 1.042111015319824219e+01 1.053595924377441406e+01 1.018522453308105469e+01 8.151256561279296875e+00 1.031248092651367188e+01
