2019-07-25 21:15:00
9.482961654663085938e+00 8.369932174682617188e+00 1.124512386322021484e+01 1.764060592651367188e+01 1.036732769012451172e+01 1.220264434814453125e+01 1.124784469604492188e+01 1.468837165832519531e+01 1.618459510803222656e+01 1.223125076293945312e+01 1.428213596343994141e+01 1.099058437347412109e+01 8.138468742370605469e+00 1.864303398132324219e+01 2.593947601318359375e+01 1.308176040649414062e+01 5.864773750305175781e+00 1.327568149566650391e+01 1.130219459533691406e+01 1.368821716308593750e+01
9.201839447021484375e+00 1.073665809631347656e+01 1.052834320068359375e+01 1.189132499694824219e+01 1.520395374298095703e+01 1.176616287231445312e+01 9.231060028076171875e+00 7.495873451232910156e+00 1.624924850463867188e+01 1.147501564025878906e+01 1.149402332305908203e+01 9.360700607299804688e+00 9.761026382446289062e+00 1.118937587738037109e+01 1.315486335754394531e+01 1.182485103607177734e+01 7.226085662841796875e+00 1.459438037872314453e+01 1.028950214385986328e+01 1.127590560913085938e+01
1.253663825988769531e+01 9.374848365783691406e+00 9.216333389282226562e+00 1.406727981567382812e+01 1.053922271728515625e+01 1.280560302734375000e+01 1.625245666503906250e+01 8.764158248901367188e+00 1.272860336303710938e+01 9.126149177551269531e+00 1.060603427886962891e+01 1.546762943267822266e+01 9.179700851440429688e+00 1.202648639678955078e+01 6.960163593292236328e+00 2.147661781311035156e+01 9.593793869018554688e+00 1.020549678802490234e+01 7.591683864593505859e+00 1.105932617187500000e+01
8.312467575073242188e+00 1.064041137695312500e+01 1.909963226318359375e+01 7.365854263305664062e+00 1.285142707824707031e+01 1.070973777770996094e+01 1.041601657867431641e+01 1.167669963836669922e+01 9.504717826843261719e+00 1.027704620361328125e+01 7.498843193054199219e+00 1.086917972564697266e+01 1.507935905456542969e+01 9.967336654663085938e+00 1.183083152770996094e+01 1.771848678588867188e+01 8.211849212646484375e+00 1.450452423095703125e+01 1.422878742218017578e+01 9.453975677490234375e+00
1.209684371948242188e+01 1.070254039764404297e+01 1.182286357879638672e+01 1.776668167114257812e+01 9.101942062377929688e+00 1.071748733520507812e+01 1.036283874511718750e+01 9.286102294921875000e+00 9.076285362243652344e+00 1.142016792297363281e+01 1.363080978393554688e+01 1.297979927062988281e+01 5.128836631774902344e+00 1.190319633483886719e+01 5.583757400512695312e+00 8.818693161010742188e+00 1.416283035278320312e+01 5.444420814514160156e+00 9.875076293945312500e+00 1.813015365600585938e+01
1.104563045501708984e+01 1.080021095275878906e+01 8.497295379638671875e+00 8.937519073486328125e+00 1.161028385162353516e+01 1.349473190307617188e+01 1.378552818298339844e+01 8.000583648681640625e+00 5.702207088470458984e+00 7.297073364257812500e+00 6.420334339141845703e+00 7.382298946380615234e+00 6.414175033569335938e+00 1.058326530456542969e+01 7.276474952697753906e+00 1.228598213195800781e+01 9.041542053222656250e+00 1.023479557037353516e+01 1.268749618530273438e+01 1.007183742523193359e+01
8.553680419921875000e+00 1.127944183349609375e+01 9.093020439147949219e+00 1.140767478942871094e+01 1.743900489807128906e+01 1.708675765991210938e+01 8.517048835754394531e+00 9.182662010192871094e+00 7.445027828216552734e+00 4.112287521362304688e+00 1.147032928466796875e+01 9.026829719543457031e+00 5.949943542480468750e+00 9.980413436889648438e+00 7.117367267608642578e+00 1.264890098571777344e+01 1.902689361572265625e+01 7.755044460296630859e+00 1.189720153808593750e+01 1.411740875244140625e+01
1.529339313507080078e+01 1.184808349609375000e+01 1.211166381835937500e+01 1.353869438171386719e+01 9.750020980834960938e+00 7.520250320434570312e+00 9.130712509155273438e+00 6.412559509277343750e+00 7.822420120239257812e+00 7.293480873107910156e+00 5.093078136444091797e+00 7.871066570281982422e+00 1.566626167297363281e+01 8.080741882324218750e+00 1.256355381011962891e+01 6.234620571136474609e+00 1.413017082214355469e+01 1.268480873107910156e+01 9.610944747924804688e+00 6.877125263214111328e+00
1.075246429443359375e+01 8.582946777343750000e+00 8.653684616088867188e+00 8.727307319641113281e+00 7.058612346649169922e+00 1.107654953002929688e+01 1.069593620300292969e+01 5.338512420654296875e+00 5.770823001861572266e+00 6.404183387756347656e+00 5.473390579223632812e+00 9.843544006347656250e+00 1.156555366516113281e+01 1.384952735900878906e+01 1.331106472015380859e+01 8.710306167602539062e+00 9.349126815795898438e+00 1.139780998229980469e+01 7.908019542694091797e+00 1.022046661376953125e+01
1.212831497192382812e+01 6.463521957397460938e+00 7.439640045166015625e+00 1.252280807495117188e+01 1.256745910644531250e+01 1.369896793365478516e+01 1.010453605651855469e+01 9.607486724853515625e+00 3.495676040649414062e+00 9.272701263427734375e+00 5.086204051971435547e+00 8.060884475708007812e+00 8.908527374267578125e+00 9.032299041748046875e+00 8.216094970703125000e+00 9.344083786010742188e+00 1.192816448211669922e+01 1.600349044799804688e+01 1.313694000244140625e+01 8.531585693359375000e+00
1.070802402496337891e+01 1.209402275085449219e+01 1.191358089447021484e+01 1.351795578002929688e+01 1.166491699218750000e+01 8.814146995544433594e+00 9.032706260681152344e+00 8.373409271240234375e+00 7.358936309814453125e+00 7.821281433105468750e+00 7.240056037902832031e+00 2.367266464233398438e+01 1.266531276702880859e+01 1.461658287048339844e+01 2.012335968017578125e+01 9.742670059204101562e+00 1.718731117248535156e+01 9.820455551147460938e+00 1.350161170959472656e+01 1.101466751098632812e+01
1.076729965209960938e+01 9.571892738342285156e+00 1.438440132141113281e+01 7.887415885925292969e+00 1.113908004760742188e+01 1.158743095397949219e+01 1.487726974487304688e+01 1.093389701843261719e+01 1.123052310943603516e+01 1.098359870910644531e+01 9.997266769409179688e+00 1.413133716583251953e+01 1.525359058380126953e+01 9.017568588256835938e+00 1.144657707214355469e+01 1.350025367736816406e+01 1.542812728881835938e+01 1.175727367401123047e+01 8.558295249938964844e+00 1.309389305114746094e+01
9.686006546020507812e+00 1.008965301513671875e+01 1.713929367065429688e+01 7.815535545349121094e+00 7.944252967834472656e+00 5.926297187805175781e+00 1.733383369445800781e+01 1.220038604736328125e+01 1.187667846679687500e+01 1.386785888671875000e+01 1.475601482391357422e+01 1.411538028717041016e+01 2.321467590332031250e+01 9.875143051147460938e+00 1.528205776214599609e+01 1.085050964355468750e+01 1.448492240905761719e+01 1.710134315490722656e+01 1.042794227600097656e+01 1.777014541625976562e+01
1.024737548828125000e+01 8.518531799316406250e+00 9.129795074462890625e+00 9.257030487060546875e+00 1.785566902160644531e+01 6.753566741943359375e+00 1.281447982788085938e+01 1.003056716918945312e+01 1.346104907989501953e+01 8.656182289123535156e+00 1.213046550750732422e+01 1.580079746246337891e+01 8.045711517333984375e+00 1.324592590332031250e+01 1.625395584106445312e+01 1.275154399871826172e+01 1.293008136749267578e+01 1.138018417358398438e+01 1.183096122741699219e+01 1.478477096557617188e+01
1.012728881835937500e+01 1.254201698303222656e+01 1.470651531219482422e+01 1.029027557373046875e+01 1.537768936157226562e+01 7.328209877014160156e+00 1.121038627624511719e+01 1.227610492706298828e+01 2.059929275512695312e+01 1.700862884521484375e+01 1.349390411376953125e+01 8.636908531188964844e+00 1.317566490173339844e+01 1.326427268981933594e+01 1.113268852233886719e+01 8.755023956298828125e+00 1.017985916137695312e+01 1.470092964172363281e+01 1.537295150756835938e+01 1.795022583007812500e+01
1.524180316925048828e+01 1.461125183105468750e+01 1.456572532653808594e+01 1.982617950439453125e+01 1.974254989624023438e+01 1.437933921813964844e+01 1.945262527465820312e+01 1.039823055267333984e+01 1.460915374755859375e+01 1.102436447143554688e+01 1.830635070800781250e+01 8.895215034484863281e+00 1.421471595764160156e+01 8.663321495056152344e+00 1.614105987548828125e+01 1.701385116577148438e+01 1.599268054962158203e+01 1.338596439361572266e+01 1.611809349060058594e+01 1.611968803405761719e+01
1.702043533325195312e+01 1.151135253906250000e+01 1.012824153900146484e+01 7.329073905944824219e+00 1.432648468017578125e+01 1.245974159240722656e+01 1.473717880249023438e+01 1.969185256958007812e+01 1.281359863281250000e+01 1.051680278778076172e+01 1.330322647094726562e+01 1.470620346069335938e+01 1.410979080200195312e+01 2.155872154235839844e+01 1.190244293212890625e+01 6.212805747985839844e+00 9.024913787841796875e+00 8.145734786987304688e+00 9.133848190307617188e+00 1.520606613159179688e+01
1.374034023284912109e+01 1.341276741027832031e+01 1.959609413146972656e+01 1.352296257019042969e+01 1.422126388549804688e+01 1.271305942535400391e+01 1.196055126190185547e+01 1.532607650756835938e+01 1.385147666931152344e+01 1.191917800903320312e+01 7.206362247467041016e+00 7.333307266235351562e+00 1.459495735168457031e+01 1.129624938964843750e+01 8.207227706909179688e+00 1.368407917022705078e+01 1.153507041931152344e+01 1.079789924621582031e+01 1.581230926513671875e+01 1.656548690795898438e+01
1.335302352905273438e+01 1.054131603240966797e+01 1.410153579711914062e+01 1.397916030883789062e+01 1.768004035949707031e+01 1.303577804565429688e+01 9.393679618835449219e+00 1.404613304138183594e+01 5.510002136230468750e+00 7.457823753356933594e+00 1.236929607391357422e+01 5.053851127624511719e+00 8.577515602111816406e+00 8.350356101989746094e+00 8.856279373168945312e+00 9.755084991455078125e+00 1.085139656066894531e+01 9.504256248474121094e+00 8.124000549316406250e+00 1.083185195922851562e+01
1.334075927734375000e+01 7.863909721374511719e+00 1.456761646270751953e+01 9.934823989868164062e+00 1.258244514465332031e+01 1.605880737304687500e+01 1.004364585876464844e+01 7.390466690063476562e+00 7.998390674591064453e+00 9.833633422851562500e+00 8.085100173950195312e+00 1.739159584045410156e+01 8.277772903442382812e+00 1.083864212036132812e+01 1.132435226440429688e+01 6.874683380126953125e+00 1.267784881591796875e+01 8.728991508483886719e+00 1.043104171752929688e+01 1.454260349273681641e+01
