2019-07-25 21:30:00
8.050052642822265625e+00 1.320350837707519531e+01 1.316984748840332031e+01 1.595303344726562500e+01 1.257128715515136719e+01 1.435618782043457031e+01 8.326185226440429688e+00 1.556670951843261719e+01 9.674332618713378906e+00 1.408988952636718750e+01 1.085814666748046875e+01 1.725446319580078125e+01 1.079669380187988281e+01 1.759529876708984375e+01 1.523198318481445312e+01 8.929361343383789062e+00 1.528826713562011719e+01 1.125869560241699219e+01 9.285373687744140625e+00 1.211275005340576172e+01
1.208922576904296875e+01 9.669623374938964844e+00 8.857055664062500000e+00 9.481928825378417969e+00 1.224381256103515625e+01 8.060387611389160156e+00 8.058542251586914062e+00 9.637273788452148438e+00 8.859596252441406250e+00 9.021654129028320312e+00 1.076271533966064453e+01 1.222183895111083984e+01 1.007134437561035156e+01 1.072535705566406250e+01 8.797205924987792969e+00 8.068365097045898438e+00 2.371665382385253906e+01 8.240667343139648438e+00 1.246245384216308594e+01 8.419851303100585938e+00
1.133451843261718750e+01 1.160638618469238281e+01 1.608914375305175781e+01 1.518620967864990234e+01 8.288673400878906250e+00 1.200385379791259766e+01 8.275712966918945312e+00 8.417221069335937500e+00 8.433844566345214844e+00 1.717686843872070312e+01 2.119518280029296875e+01 1.464386940002441406e+01 8.928445816040039062e+00 1.483419799804687500e+01 1.098128795623779297e+01 1.331580734252929688e+01 1.522408199310302734e+01 1.489514160156250000e+01 1.249560546875000000e+01 1.030043601989746094e+01
1.229657745361328125e+01 9.918942451477050781e+00 1.176057815551757812e+01 1.187891674041748047e+01 1.413038349151611328e+01 1.462659645080566406e+01 7.718142032623291016e+00 8.486889839172363281e+00 1.352735042572021484e+01 5.848975181579589844e+00 8.156341552734375000e+00 9.681596755981445312e+00 9.405961036682128906e+00 1.465103816986083984e+01 7.526996612548828125e+00 6.680817604064941406e+00 1.650727653503417969e+01 7.807048797607421875e+00 1.196631336212158203e+01 6.197822570800781250e+00
1.276714134216308594e+01 1.275884723663330078e+01 1.250253105163574219e+01 1.651689147949218750e+01 1.101854896545410156e+01 1.435673522949218750e+01 4.850677013397216797e+00 1.056624889373779297e+01 1.748755264282226562e+01 7.196606636047363281e+00 1.271800422668457031e+01 1.238727760314941406e+01 9.302863121032714844e+00 1.371168708801269531e+01 8.730476379394531250e+00 1.128083229064941406e+01 1.360385227203369141e+01 9.644781112670898438e+00 9.547544479370117188e+00 7.458323478698730469e+00
1.327945804595947266e+01 1.055872535705566406e+01 1.476083755493164062e+01 8.840990066528320312e+00 1.001372241973876953e+01 9.471027374267578125e+00 1.302067947387695312e+01 7.908372879028320312e+00 5.432848453521728516e+00 7.322327136993408203e+00 9.373789787292480469e+00 1.280893039703369141e+01 1.192873191833496094e+01 1.210356140136718750e+01 6.394971370697021484e+00 1.656862640380859375e+01 1.583054161071777344e+01 9.375923156738281250e+00 1.049172782897949219e+01 9.307263374328613281e+00
1.563233757019042969e+01 1.206636810302734375e+01 1.318197154998779297e+01 1.290508079528808594e+01 8.140416145324707031e+00 1.486092948913574219e+01 1.365064048767089844e+01 1.108814620971679688e+01 7.538407325744628906e+00 7.526878356933593750e+00 1.044356918334960938e+01 8.886024475097656250e+00 1.196222686767578125e+01 1.168475532531738281e+01 1.301914691925048828e+01 1.154911804199218750e+01 1.540789508819580078e+01 1.546458435058593750e+01 9.071656227111816406e+00 1.377529144287109375e+01
1.100418758392333984e+01 9.848785400390625000e+00 1.067716026306152344e+01 8.517547607421875000e+00 1.312347030639648438e+01 1.106153106689453125e+01 7.408156871795654297e+00 6.079717636108398438e+00 5.483395099639892578e+00 6.214426994323730469e+00 1.030943489074707031e+01 8.811960220336914062e+00 8.502301216125488281e+00 1.856104850769042969e+01 1.973078918457031250e+01 7.400250434875488281e+00 1.376572227478027344e+01 1.596348285675048828e+01 1.294287872314453125e+01 1.013873958587646484e+01
1.153929138183593750e+01 1.102976226806640625e+01 6.709255218505859375e+00 1.186049079895019531e+01 1.711223220825195312e+01 1.112396907806396484e+01 1.097326469421386719e+01 3.782702445983886719e+00 6.156412601470947266e+00 6.306507110595703125e+00 9.614102363586425781e+00 1.102130889892578125e+01 1.889626502990722656e+01 9.450885772705078125e+00 9.926642417907714844e+00 1.895132255554199219e+01 6.432783126831054688e+00 1.433188629150390625e+01 1.496726131439208984e+01 1.162620925903320312e+01
1.187968254089355469e+01 1.019769573211669922e+01 5.513186931610107422e+00 1.057536411285400391e+01 9.752618789672851562e+00 1.327533912658691406e+01 6.187462806701660156e+00 6.571648120880126953e+00 4.761964321136474609e+00 8.710308074951171875e+00 8.905681610107421875e+00 1.518687629699707031e+01 1.226736164093017578e+01 1.187520790100097656e+01 1.992650985717773438e+01 1.501159763336181641e+01 1.198941898345947266e+01 1.748175048828125000e+01 1.059196567535400391e+01 8.838043212890625000e+00
9.683687210083007812e+00 1.058802413940429688e+01 1.207229900360107422e+01 1.111843681335449219e+01 1.443513870239257812e+01 1.439114952087402344e+01 1.388775634765625000e+01 1.434774303436279297e+01 5.962172508239746094e+00 1.013759040832519531e+01 8.685354232788085938e+00 1.393696212768554688e+01 1.695433044433593750e+01 2.421279525756835938e+01 1.528840446472167969e+01 1.834496307373046875e+01 1.773591041564941406e+01 1.615095520019531250e+01 1.783144378662109375e+01 9.436090469360351562e+00
1.308635139465332031e+01 1.082463455200195312e+01 9.449426651000976562e+00 1.263033580780029297e+01 8.804563522338867188e+00 1.098458290100097656e+01 1.351894187927246094e+01 9.395461082458496094e+00 8.559782981872558594e+00 1.107453155517578125e+01 8.388176918029785156e+00 9.639598846435546875e+00 1.452465248107910156e+01 1.874560928344726562e+01 1.214410018920898438e+01 1.013416671752929688e+01 1.653639602661132812e+01 1.069543647766113281e+01 1.097411918640136719e+01 1.197117042541503906e+01
9.998138427734375000e+00 9.244318008422851562e+00 1.018391799926757812e+01 1.109278488159179688e+01 7.892463684082031250e+00 1.452193546295166016e+01 1.433727645874023438e+01 6.603764533996582031e+00 9.501510620117187500e+00 1.357637023925781250e+01 1.131099891662597656e+01 1.590404891967773438e+01 1.484430980682373047e+01 1.870811271667480469e+01 1.610605812072753906e+01 1.209450531005859375e+01 1.397341156005859375e+01 1.070998382568359375e+01 9.865499496459960938e+00 9.818429946899414062e+00
1.140233612060546875e+01 1.257238769531250000e+01 1.578305435180664062e+01 1.354256343841552734e+01 7.337503433227539062e+00 1.400393867492675781e+01 7.426118850708007812e+00 1.353928756713867188e+01 1.088407516479492188e+01 1.219046783447265625e+01 1.153855991363525391e+01 1.394982910156250000e+01 1.447388553619384766e+01 1.798617553710937500e+01 1.435976696014404297e+01 1.095382499694824219e+01 1.107249355316162109e+01 1.421506214141845703e+01 1.124830150604248047e+01 7.605287075042724609e+00
1.489299488067626953e+01 1.583919239044189453e+01 1.090431785583496094e+01 7.542074203491210938e+00 1.352311038970947266e+01 1.218379211425781250e+01 8.869806289672851562e+00 1.094703674316406250e+01 1.475745201110839844e+01 1.309458160400390625e+01 1.653424072265625000e+01 1.184789657592773438e+01 1.572275352478027344e+01 1.867892646789550781e+01 1.462427330017089844e+01 8.047662734985351562e+00 1.201976013183593750e+01 7.897007942199707031e+00 1.509451866149902344e+01 8.740080833435058594e+00
1.082167911529541016e+01 9.038625717163085938e+00 1.179044151306152344e+01 1.216095924377441406e+01 1.462127494812011719e+01 9.914246559143066406e+00 1.390192985534667969e+01 1.156470108032226562e+01 1.480557632446289062e+01 1.098931694030761719e+01 1.236849308013916016e+01 1.419862842559814453e+01 1.428801918029785156e+01 9.210309028625488281e+00 1.476526355743408203e+01 1.725654983520507812e+01 1.435726547241210938e+01 1.433820247650146484e+01 1.469954681396484375e+01 5.668200969696044922e+00
5.960177898406982422e+00 1.042427444458007812e+01 9.772766113281250000e+00 9.045190811157226562e+00 1.148987579345703125e+01 9.762199401855468750e+00 1.793553924560546875e+01 1.325962734222412109e+01 1.501700210571289062e+01 1.337638854980468750e+01 1.520700073242187500e+01 1.504567050933837891e+01 1.098258972167968750e+01 9.517034530639648438e+00 1.122274208068847656e+01 7.620731830596923828e+00 9.442760467529296875e+00 1.385840797424316406e+01 1.495613956451416016e+01 8.704011917114257812e+00
8.641895294189453125e+00 1.268302726745605469e+01 1.800576019287109375e+01 1.292145156860351562e+01 9.239345550537109375e+00 1.305428123474121094e+01 1.431427574157714844e+01 1.571709251403808594e+01 1.020872306823730469e+01 1.034728240966796875e+01 7.094731330871582031e+00 1.199839878082275391e+01 8.434043884277343750e+00 1.170251274108886719e+01 8.490597724914550781e+00 1.160000419616699219e+01 1.484040069580078125e+01 8.282813072204589844e+00 1.738789749145507812e+01 1.312187671661376953e+01
1.267496585845947266e+01 1.379934310913085938e+01 1.376516056060791016e+01 1.218008518218994141e+01 1.333779048919677734e+01 1.283777713775634766e+01 1.141988563537597656e+01 8.133875846862792969e+00 1.035094642639160156e+01 9.033626556396484375e+00 1.290086078643798828e+01 1.254300403594970703e+01 1.159414768218994141e+01 1.485866355895996094e+01 1.279976272583007812e+01 1.077346229553222656e+01 9.009443283081054688e+00 9.322050094604492188e+00 7.793709754943847656e+00 1.072329616546630859e+01
1.144590187072753906e+01 1.712780380249023438e+01 1.715244293212890625e+01 9.878998756408691406e+00 1.391890239715576172e+01 1.526203727722167969e+01 1.041757011413574219e+01 9.631998062133789062e+00 8.666790962219238281e+00 9.490745544433593750e+00 9.898739814758300781e+00 1.533090591430664062e+01 1.126973724365234375e+01 9.257755279541015625e+00 5.527290821075439453e+00 7.936417102813720703e+00 1.139383792877197266e+01 1.390331459045410156e+01 9.462924003601074219e+00 1.190147781372070312e+01
