2019-07-25 22:00:00
1.536890411376953125e+01 9.806860923767089844e+00 7.953549385070800781e+00 7.504534244537353516e+00 1.020071792602539062e+01 1.190086364746093750e+01 9.716577529907226562e+00 1.133924579620361328e+01 1.025014305114746094e+01 7.553620338439941406e+00 1.212269592285156250e+01 7.451069355010986328e+00 4.918362617492675781e+00 1.484587097167968750e+01 1.023210716247558594e+01 1.075364303588867188e+01 1.257154464721679688e+01 6.962903976440429688e+00 9.590185165405273438e+00 7.519753456115722656e+00
9.037092208862304688e+00 1.127175331115722656e+01 1.351476001739501953e+01 4.748512268066406250e+00 4.966472625732421875e+00 1.354671001434326172e+01 8.265073776245117188e+00 1.079160404205322266e+01 1.301502227783203125e+01 8.090476989746093750e+00 8.344182968139648438e+00 1.370344734191894531e+01 1.092374515533447266e+01 3.765272855758666992e+00 1.157285690307617188e+01 1.019289016723632812e+01 1.244463539123535156e+01 1.307235336303710938e+01 5.152612209320068359e+00 1.582883834838867188e+01
6.269065856933593750e+00 1.001741313934326172e+01 9.716959953308105469e+00 7.118054389953613281e+00 8.823980331420898438e+00 1.038558292388916016e+01 1.163753890991210938e+01 1.170474815368652344e+01 1.161982154846191406e+01 1.139854812622070312e+01 1.070809173583984375e+01 8.696860313415527344e+00 9.965308189392089844e+00 8.772080421447753906e+00 7.912962913513183594e+00 1.265450096130371094e+01 1.260381698608398438e+01 1.132157516479492188e+01 1.060084342956542969e+01 1.320173072814941406e+01
1.003612613677978516e+01 8.546241760253906250e+00 8.075512886047363281e+00 1.036927413940429688e+01 1.782948875427246094e+01 9.756495475769042969e+00 4.229904174804687500e+00 1.092348480224609375e+01 9.461912155151367188e+00 8.205634117126464844e+00 1.855432891845703125e+01 1.209910488128662109e+01 7.926527976989746094e+00 1.014090442657470703e+01 1.321471977233886719e+01 1.226534175872802734e+01 9.146862030029296875e+00 6.562144756317138672e+00 9.646435737609863281e+00 1.421884536743164062e+01
7.799570083618164062e+00 1.262751293182373047e+01 8.517725944519042969e+00 1.171099281311035156e+01 9.166101455688476562e+00 1.106851387023925781e+01 8.277369499206542969e+00 1.096802711486816406e+01 8.610389709472656250e+00 7.133515834808349609e+00 9.898773193359375000e+00 6.551804542541503906e+00 9.142642021179199219e+00 1.597620677947998047e+01 7.454339981079101562e+00 1.957400703430175781e+01 1.505163764953613281e+01 1.438706302642822266e+01 5.244319438934326172e+00 1.315698051452636719e+01
7.144473075866699219e+00 1.368224525451660156e+01 8.740026473999023438e+00 1.806856346130371094e+01 1.044727897644042969e+01 1.330347061157226562e+01 8.901172637939453125e+00 8.028807640075683594e+00 7.490014553070068359e+00 1.197325706481933594e+01 1.026903724670410156e+01 7.336656570434570312e+00 1.300428581237792969e+01 9.757185935974121094e+00 1.161026000976562500e+01 1.066002273559570312e+01 8.543488502502441406e+00 1.061276531219482422e+01 1.108332633972167969e+01 1.210043621063232422e+01
1.095455360412597656e+01 8.991310119628906250e+00 1.099880313873291016e+01 9.514711380004882812e+00 1.061609649658203125e+01 1.044211578369140625e+01 9.678476333618164062e+00 6.058727264404296875e+00 6.019657611846923828e+00 5.964132308959960938e+00 9.244969367980957031e+00 8.923562049865722656e+00 8.433130264282226562e+00 1.271033668518066406e+01 1.131138229370117188e+01 9.994869232177734375e+00 1.042613697052001953e+01 1.826674652099609375e+01 6.783640384674072266e+00 7.488604068756103516e+00
1.015384197235107422e+01 7.392423629760742188e+00 1.081919574737548828e+01 6.977492332458496094e+00 1.102989768981933594e+01 1.105395126342773438e+01 8.134851455688476562e+00 5.841712474822998047e+00 5.279802322387695312e+00 6.111016750335693359e+00 1.051870536804199219e+01 1.298915290832519531e+01 1.016812705993652344e+01 1.155607604980468750e+01 1.047622203826904297e+01 1.472402858734130859e+01 1.339452934265136719e+01 1.405762100219726562e+01 8.527614593505859375e+00 6.150146484375000000e+00
8.135983467102050781e+00 8.775415420532226562e+00 1.203852272033691406e+01 6.385202407836914062e+00 1.123409748077392578e+01 9.027650833129882812e+00 7.175833225250244141e+00 7.381418228149414062e+00 6.644929885864257812e+00 7.830324172973632812e+00 7.006131172180175781e+00 8.748418807983398438e+00 7.480649948120117188e+00 1.598167514801025391e+01 1.820990753173828125e+01 1.063744735717773438e+01 1.019359779357910156e+01 8.307670593261718750e+00 6.867366790771484375e+00 1.049477291107177734e+01
8.957450866699218750e+00 7.750513076782226562e+00 9.740771293640136719e+00 1.166936397552490234e+01 1.037908744812011719e+01 1.155288982391357422e+01 1.212474632263183594e+01 6.205952644348144531e+00 7.645947456359863281e+00 7.532853126525878906e+00 8.667922973632812500e+00 7.528228759765625000e+00 7.985335350036621094e+00 1.016034698486328125e+01 1.161431503295898438e+01 1.679735565185546875e+01 1.021841716766357422e+01 1.872047042846679688e+01 1.143807888031005859e+01 8.431575775146484375e+00
1.092808723449707031e+01 9.872406959533691406e+00 1.144102859497070312e+01 1.251710319519042969e+01 1.408273220062255859e+01 1.322792053222656250e+01 8.290108680725097656e+00 1.057541942596435547e+01 7.723124504089355469e+00 9.233106613159179688e+00 7.577488899230957031e+00 1.311400604248046875e+01 1.121692848205566406e+01 1.281730842590332031e+01 1.990027999877929688e+01 1.304703426361083984e+01 1.250337219238281250e+01 6.716812133789062500e+00 1.428836345672607422e+01 8.978372573852539062e+00
1.160116195678710938e+01 8.059977531433105469e+00 1.472006416320800781e+01 8.407971382141113281e+00 1.673814773559570312e+01 9.967252731323242188e+00 1.169738960266113281e+01 1.570310974121093750e+01 1.034988021850585938e+01 1.027342605590820312e+01 8.603372573852539062e+00 9.167833328247070312e+00 1.251274871826171875e+01 1.274645900726318359e+01 1.150570106506347656e+01 1.491794395446777344e+01 1.430430984497070312e+01 1.099978446960449219e+01 1.152068614959716797e+01 8.466026306152343750e+00
7.827299118041992188e+00 7.966985702514648438e+00 8.352291107177734375e+00 1.028930854797363281e+01 1.196399307250976562e+01 1.329343605041503906e+01 1.185597705841064453e+01 1.127793121337890625e+01 1.048655891418457031e+01 9.019762039184570312e+00 8.804636001586914062e+00 1.465044593811035156e+01 8.513307571411132812e+00 1.527411270141601562e+01 1.382082462310791016e+01 1.392530632019042969e+01 1.571755981445312500e+01 1.009163475036621094e+01 6.300553798675537109e+00 8.602690696716308594e+00
7.032630920410156250e+00 6.182448387145996094e+00 5.497500896453857422e+00 1.039587688446044922e+01 8.288290023803710938e+00 9.650409698486328125e+00 1.173452663421630859e+01 1.264542961120605469e+01 9.962278366088867188e+00 7.399759292602539062e+00 1.132362365722656250e+01 1.269786071777343750e+01 1.389637184143066406e+01 1.075087738037109375e+01 1.137655162811279297e+01 8.783979415893554688e+00 9.291710853576660156e+00 8.749596595764160156e+00 1.112415027618408203e+01 9.494022369384765625e+00
1.005913543701171875e+01 1.225893974304199219e+01 1.225429153442382812e+01 7.982991218566894531e+00 1.696862983703613281e+01 8.134342193603515625e+00 6.891732692718505859e+00 8.546864509582519531e+00 1.097336578369140625e+01 1.400648307800292969e+01 1.255542373657226562e+01 7.277215003967285156e+00 1.531681060791015625e+01 1.335941696166992188e+01 1.660424804687500000e+01 1.562635421752929688e+01 1.133654308319091797e+01 1.099285507202148438e+01 1.195922470092773438e+01 1.168627357482910156e+01
1.005819892883300781e+01 9.083086013793945312e+00 1.185957527160644531e+01 1.032781219482421875e+01 1.103036308288574219e+01 1.902054214477539062e+01 1.329199886322021484e+01 1.235968017578125000e+01 7.972816467285156250e+00 1.498418521881103516e+01 1.462794971466064453e+01 9.842834472656250000e+00 1.845113182067871094e+01 1.301068496704101562e+01 1.711400985717773438e+01 1.406515789031982422e+01 1.124578285217285156e+01 1.417748641967773438e+01 1.284823417663574219e+01 7.620376586914062500e+00
1.176299762725830078e+01 1.059378814697265625e+01 1.234449291229248047e+01 9.888687133789062500e+00 1.319114875793457031e+01 1.141293716430664062e+01 1.057678413391113281e+01 1.715010833740234375e+01 1.569264698028564453e+01 1.276754379272460938e+01 1.374236869812011719e+01 1.572227287292480469e+01 1.408064651489257812e+01 1.360941505432128906e+01 1.111467742919921875e+01 9.446294784545898438e+00 1.043635749816894531e+01 9.817899703979492188e+00 1.359707069396972656e+01 4.692908763885498047e+00
1.044327163696289062e+01 1.225288105010986328e+01 1.403188800811767578e+01 1.271822166442871094e+01 7.185195922851562500e+00 1.252454090118408203e+01 1.025857353210449219e+01 1.200069236755371094e+01 8.016854286193847656e+00 9.421848297119140625e+00 8.519130706787109375e+00 1.138789653778076172e+01 1.044035911560058594e+01 7.447740554809570312e+00 7.687913417816162109e+00 1.784884071350097656e+01 8.292282104492187500e+00 9.399065017700195312e+00 8.940820693969726562e+00 1.449462890625000000e+01
9.753917694091796875e+00 1.457477092742919922e+01 1.074482059478759766e+01 1.603381347656250000e+01 1.890707015991210938e+01 9.489238739013671875e+00 1.488000106811523438e+01 1.154311656951904297e+01 9.826112747192382812e+00 8.854753494262695312e+00 9.955565452575683594e+00 8.167351722717285156e+00 9.805198669433593750e+00 7.699389934539794922e+00 9.973560333251953125e+00 9.471290588378906250e+00 8.250244140625000000e+00 1.405003547668457031e+01 3.888798952102661133e+00 1.018883800506591797e+01
1.026511192321777344e+01 1.245879840850830078e+01 1.220372772216796875e+01 9.386342048645019531e+00 1.204595756530761719e+01 1.035888195037841797e+01 1.046690845489501953e+01 1.083886146545410156e+01 1.023805427551269531e+01 4.167263984680175781e+00 1.345108890533447266e+01 8.983915328979492188e+00 6.216596603393554688e+00 1.201660919189453125e+01 9.217325210571289062e+00 8.566287040710449219e+00 1.009389305114746094e+01 1.180687618255615234e+01 1.012499046325683594e+01 1.136038589477539062e+01
