2019-07-25 22:45:00
1.117752075195312500e+01 9.763828277587890625e+00 1.345934009552001953e+01 1.376635742187500000e+01 1.250931358337402344e+01 1.096597003936767578e+01 7.298087120056152344e+00 1.663211441040039062e+01 1.111199569702148438e+01 1.322820091247558594e+01 7.679944992065429688e+00 1.203879451751708984e+01 1.531065368652343750e+01 9.973382949829101562e+00 1.136175918579101562e+01 1.391635131835937500e+01 7.500821113586425781e+00 6.907567024230957031e+00 1.013656616210937500e+01 1.718798446655273438e+01
7.340393543243408203e+00 1.443446350097656250e+01 8.421370506286621094e+00 8.146753311157226562e+00 9.481731414794921875e+00 1.142568969726562500e+01 8.081630706787109375e+00 6.404662132263183594e+00 1.076011848449707031e+01 1.044529914855957031e+01 9.251541137695312500e+00 1.595327568054199219e+01 8.304710388183593750e+00 9.904491424560546875e+00 1.214312744140625000e+01 8.896051406860351562e+00 9.513738632202148438e+00 1.226284122467041016e+01 1.174930381774902344e+01 9.702743530273437500e+00
7.511803627014160156e+00 6.456093788146972656e+00 1.353581523895263672e+01 1.020083713531494141e+01 1.164497756958007812e+01 1.101749992370605469e+01 7.634711265563964844e+00 6.466153144836425781e+00 8.814427375793457031e+00 1.069771480560302734e+01 1.126833343505859375e+01 9.401255607604980469e+00 1.206173229217529297e+01 1.027563858032226562e+01 1.658227920532226562e+01 1.317015743255615234e+01 1.388718605041503906e+01 9.367042541503906250e+00 1.307220649719238281e+01 1.137426757812500000e+01
1.083109664916992188e+01 1.192715835571289062e+01 9.079440116882324219e+00 7.005130767822265625e+00 9.955690383911132812e+00 6.856876373291015625e+00 1.982871055603027344e+01 1.182320308685302734e+01 9.093647956848144531e+00 1.601401901245117188e+01 1.355469131469726562e+01 2.877870082855224609e+00 1.562372398376464844e+01 1.304915046691894531e+01 9.565609931945800781e+00 1.514733982086181641e+01 1.315169143676757812e+01 7.594023704528808594e+00 8.873050689697265625e+00 1.614178657531738281e+01
1.021660518646240234e+01 5.435896873474121094e+00 1.070100879669189453e+01 8.262473106384277344e+00 1.046595191955566406e+01 1.436158752441406250e+01 9.410045623779296875e+00 6.948676109313964844e+00 1.148538589477539062e+01 1.099931430816650391e+01 9.576907157897949219e+00 1.059387302398681641e+01 1.204000663757324219e+01 1.008358097076416016e+01 1.407175827026367188e+01 6.763239860534667969e+00 1.125035095214843750e+01 8.749064445495605469e+00 1.269891166687011719e+01 1.116873741149902344e+01
1.108134651184082031e+01 8.214640617370605469e+00 1.040496540069580078e+01 1.052151870727539062e+01 8.851600646972656250e+00 1.261540603637695312e+01 9.186219215393066406e+00 6.080032348632812500e+00 1.315303802490234375e+01 6.179740428924560547e+00 4.351114749908447266e+00 5.680345535278320312e+00 1.043204879760742188e+01 1.280094909667968750e+01 1.193137264251708984e+01 1.179708671569824219e+01 1.269381713867187500e+01 1.411141586303710938e+01 8.560096740722656250e+00 1.329105567932128906e+01
1.436431598663330078e+01 9.358348846435546875e+00 1.168668937683105469e+01 1.230059623718261719e+01 6.454488277435302734e+00 1.131720066070556641e+01 4.658531665802001953e+00 7.626674652099609375e+00 5.228120803833007812e+00 7.795166015625000000e+00 7.994824886322021484e+00 8.703525543212890625e+00 8.641484260559082031e+00 6.789802074432373047e+00 1.504908752441406250e+01 5.638281822204589844e+00 1.213847351074218750e+01 1.525582790374755859e+01 1.046405696868896484e+01 9.413785934448242188e+00
9.342002868652343750e+00 1.287028408050537109e+01 1.293445587158203125e+01 1.486452674865722656e+01 1.062739562988281250e+01 6.060412406921386719e+00 9.705335617065429688e+00 6.243072032928466797e+00 4.374609947204589844e+00 6.182054996490478516e+00 9.157370567321777344e+00 6.117431640625000000e+00 9.548627853393554688e+00 1.584684371948242188e+01 1.343010139465332031e+01 1.164539146423339844e+01 1.065100765228271484e+01 9.864637374877929688e+00 7.526916027069091797e+00 9.942592620849609375e+00
6.931819915771484375e+00 8.740438461303710938e+00 1.379751396179199219e+01 8.615716934204101562e+00 1.470260810852050781e+01 1.079191780090332031e+01 9.382308006286621094e+00 5.690339088439941406e+00 4.370286941528320312e+00 5.074239253997802734e+00 7.301679611206054688e+00 7.545931339263916016e+00 1.019426155090332031e+01 1.203142356872558594e+01 1.088751220703125000e+01 1.135940933227539062e+01 7.891992568969726562e+00 1.493178939819335938e+01 1.001791286468505859e+01 1.065560722351074219e+01
1.313579845428466797e+01 1.231465435028076172e+01 1.115283870697021484e+01 5.205359458923339844e+00 1.394681358337402344e+01 1.018972587585449219e+01 1.351510810852050781e+01 5.198465347290039062e+00 4.562453269958496094e+00 1.134974670410156250e+01 7.676799774169921875e+00 9.358716964721679688e+00 1.200841522216796875e+01 7.410785675048828125e+00 1.135895538330078125e+01 1.529686260223388672e+01 1.425872611999511719e+01 1.776317596435546875e+01 1.341035842895507812e+01 7.891012191772460938e+00
1.161854743957519531e+01 6.128462791442871094e+00 1.101095581054687500e+01 9.578467369079589844e+00 1.140172958374023438e+01 1.314246654510498047e+01 1.128541374206542969e+01 9.913336753845214844e+00 9.530054092407226562e+00 5.546397209167480469e+00 9.675281524658203125e+00 1.366446781158447266e+01 1.447880077362060547e+01 1.153819084167480469e+01 1.193974876403808594e+01 1.152158164978027344e+01 1.199577140808105469e+01 1.804794311523437500e+01 1.548651218414306641e+01 1.082304859161376953e+01
9.725535392761230469e+00 8.378662109375000000e+00 1.285986137390136719e+01 7.986814975738525391e+00 8.088263511657714844e+00 9.131214141845703125e+00 8.484405517578125000e+00 7.705123424530029297e+00 6.505110740661621094e+00 1.033788776397705078e+01 1.506842327117919922e+01 1.259155654907226562e+01 7.516445636749267578e+00 9.650359153747558594e+00 1.391128349304199219e+01 1.514973640441894531e+01 1.101788616180419922e+01 1.170308017730712891e+01 1.012218856811523438e+01 1.065998840332031250e+01
7.158249378204345703e+00 7.252356529235839844e+00 1.169650650024414062e+01 1.417096424102783203e+01 1.902273559570312500e+01 7.964076042175292969e+00 1.272068023681640625e+01 1.303601455688476562e+01 9.056094169616699219e+00 1.343206024169921875e+01 1.158909320831298828e+01 1.421545410156250000e+01 1.199566650390625000e+01 1.539341163635253906e+01 1.278609180450439453e+01 1.048165512084960938e+01 1.199321460723876953e+01 6.061188697814941406e+00 1.234998321533203125e+01 9.377062797546386719e+00
6.908442497253417969e+00 1.091038513183593750e+01 1.343078613281250000e+01 9.200673103332519531e+00 1.076201248168945312e+01 1.547106170654296875e+01 9.018325805664062500e+00 9.815565109252929688e+00 1.261704635620117188e+01 8.866827964782714844e+00 1.465392398834228516e+01 1.385589790344238281e+01 1.269442558288574219e+01 1.621322822570800781e+01 1.181556701660156250e+01 1.200992202758789062e+01 1.236561203002929688e+01 1.240165328979492188e+01 1.210342693328857422e+01 1.061165809631347656e+01
1.218540191650390625e+01 8.987720489501953125e+00 1.222958564758300781e+01 6.542069435119628906e+00 7.495450973510742188e+00 1.300882148742675781e+01 1.264701461791992188e+01 1.022254562377929688e+01 9.323674201965332031e+00 1.695318984985351562e+01 6.252336502075195312e+00 1.140848350524902344e+01 9.050404548645019531e+00 1.058353805541992188e+01 1.081573009490966797e+01 1.098568534851074219e+01 1.321301841735839844e+01 1.157956504821777344e+01 1.338876247406005859e+01 8.390075683593750000e+00
9.921642303466796875e+00 1.119111442565917969e+01 1.391860961914062500e+01 9.509536743164062500e+00 1.097860527038574219e+01 1.718906974792480469e+01 8.907279968261718750e+00 1.195592308044433594e+01 1.018726539611816406e+01 1.695359802246093750e+01 1.346259880065917969e+01 1.579622650146484375e+01 1.040793800354003906e+01 1.362367820739746094e+01 1.667886543273925781e+01 1.073915100097656250e+01 1.003217506408691406e+01 1.665066528320312500e+01 1.847666549682617188e+01 1.118560218811035156e+01
1.136797714233398438e+01 6.333959579467773438e+00 1.102947902679443359e+01 1.462630748748779297e+01 1.213805389404296875e+01 1.173015785217285156e+01 1.185726737976074219e+01 1.297471809387207031e+01 1.105822753906250000e+01 7.217104911804199219e+00 1.573978519439697266e+01 1.248978996276855469e+01 1.241494178771972656e+01 1.362807559967041016e+01 1.153285026550292969e+01 9.071006774902343750e+00 8.821437835693359375e+00 1.090320205688476562e+01 1.224396514892578125e+01 1.161162567138671875e+01
1.312570667266845703e+01 8.255853652954101562e+00 1.918793487548828125e+01 1.366465377807617188e+01 1.103808784484863281e+01 1.254406452178955078e+01 9.046165466308593750e+00 1.263404083251953125e+01 1.187988853454589844e+01 9.065333366394042969e+00 1.112248420715332031e+01 1.174948883056640625e+01 1.511170482635498047e+01 7.923377990722656250e+00 1.088746070861816406e+01 1.009239864349365234e+01 1.170423126220703125e+01 1.118383026123046875e+01 1.965180206298828125e+01 1.525245571136474609e+01
1.361516857147216797e+01 1.384875488281250000e+01 1.687309646606445312e+01 1.031315803527832031e+01 1.739996719360351562e+01 6.195405006408691406e+00 6.980070590972900391e+00 8.435091018676757812e+00 7.823328018188476562e+00 1.936338806152343750e+01 1.399032402038574219e+01 1.181215381622314453e+01 9.340002059936523438e+00 9.032834053039550781e+00 1.106917953491210938e+01 8.208265304565429688e+00 5.877030372619628906e+00 6.667115211486816406e+00 9.290692329406738281e+00 1.020050048828125000e+01
1.250669288635253906e+01 1.363823318481445312e+01 1.154354953765869141e+01 1.115245628356933594e+01 9.454337120056152344e+00 1.082571220397949219e+01 1.150854682922363281e+01 1.165241050720214844e+01 9.149012565612792969e+00 1.036794662475585938e+01 9.285110473632812500e+00 4.268718719482421875e+00 9.767445564270019531e+00 8.807613372802734375e+00 8.490727424621582031e+00 1.053882980346679688e+01 9.240811347961425781e+00 1.020490360260009766e+01 1.108453273773193359e+01 8.681655883789062500e+00
