2019-07-25 23:15:00
9.742547988891601562e+00 1.069541168212890625e+01 1.182758712768554688e+01 1.254273414611816406e+01 1.012403583526611328e+01 8.567682266235351562e+00 1.177509880065917969e+01 8.653391838073730469e+00 9.929388046264648438e+00 8.727568626403808594e+00 9.877887725830078125e+00 8.200554847717285156e+00 1.511233329772949219e+01 1.488790130615234375e+01 1.624904632568359375e+01 1.467907714843750000e+01 1.157469177246093750e+01 9.322061538696289062e+00 7.412086963653564453e+00 7.355420112609863281e+00
1.057321929931640625e+01 6.742014884948730469e+00 6.261114120483398438e+00 1.246840763092041016e+01 1.272347354888916016e+01 6.314493656158447266e+00 1.105267333984375000e+01 1.195919513702392578e+01 1.067546844482421875e+01 9.813555717468261719e+00 1.446752166748046875e+01 8.080383300781250000e+00 8.026021957397460938e+00 9.112537384033203125e+00 9.475084304809570312e+00 1.122367477416992188e+01 6.728934288024902344e+00 8.805998802185058594e+00 8.048042297363281250e+00 1.410087203979492188e+01
1.401330757141113281e+01 6.283674716949462891e+00 9.897125244140625000e+00 1.173663902282714844e+01 6.524244308471679688e+00 8.179370880126953125e+00 1.168496131896972656e+01 8.581970214843750000e+00 8.808435440063476562e+00 8.255878448486328125e+00 6.576389312744140625e+00 1.341019439697265625e+01 8.363130569458007812e+00 8.879981040954589844e+00 8.827356338500976562e+00 7.793392658233642578e+00 9.756416320800781250e+00 5.469525814056396484e+00 7.654801368713378906e+00 8.570554733276367188e+00
8.177221298217773438e+00 7.597226619720458984e+00 1.075168228149414062e+01 7.769934654235839844e+00 7.847770690917968750e+00 6.137594223022460938e+00 1.048490905761718750e+01 1.439740562438964844e+01 7.715890407562255859e+00 7.170723915100097656e+00 1.087581443786621094e+01 8.311877250671386719e+00 7.835487365722656250e+00 5.302197933197021484e+00 5.820725440979003906e+00 1.324491882324218750e+01 5.648177623748779297e+00 1.075715923309326172e+01 7.777997493743896484e+00 1.289307308197021484e+01
6.773520946502685547e+00 9.571165084838867188e+00 8.681285858154296875e+00 8.231185913085937500e+00 8.509824752807617188e+00 1.244901466369628906e+01 1.055136108398437500e+01 1.053129005432128906e+01 8.738981246948242188e+00 1.516787147521972656e+01 9.148943901062011719e+00 7.210917949676513672e+00 1.195361518859863281e+01 1.047714805603027344e+01 8.549791336059570312e+00 1.106447601318359375e+01 1.195076560974121094e+01 7.850154876708984375e+00 9.188129425048828125e+00 8.368427276611328125e+00
1.103657531738281250e+01 1.698153305053710938e+01 1.077000617980957031e+01 1.212754058837890625e+01 7.328596115112304688e+00 6.655368328094482422e+00 8.594127655029296875e+00 1.033618736267089844e+01 5.628400802612304688e+00 8.387538909912109375e+00 6.997151374816894531e+00 5.431097984313964844e+00 5.836088657379150391e+00 4.795917510986328125e+00 9.544179916381835938e+00 1.245788288116455078e+01 1.218830490112304688e+01 1.249467182159423828e+01 6.161192417144775391e+00 1.147101402282714844e+01
9.207302093505859375e+00 9.537665367126464844e+00 1.095532131195068359e+01 8.071988105773925781e+00 6.250882148742675781e+00 8.061800956726074219e+00 5.771405696868896484e+00 8.766780853271484375e+00 7.507495403289794922e+00 6.066155433654785156e+00 8.166934013366699219e+00 6.125229358673095703e+00 9.214193344116210938e+00 7.949975013732910156e+00 9.729969024658203125e+00 1.099381256103515625e+01 1.165179824829101562e+01 1.769300842285156250e+01 5.635951519012451172e+00 8.191630363464355469e+00
6.705787658691406250e+00 7.910166263580322266e+00 1.094188499450683594e+01 1.208888053894042969e+01 1.126026725769042969e+01 6.447725296020507812e+00 5.853471279144287109e+00 6.985188007354736328e+00 4.474264144897460938e+00 4.099750041961669922e+00 7.599632263183593750e+00 1.256308937072753906e+01 1.232959556579589844e+01 9.985929489135742188e+00 1.118553924560546875e+01 7.172958374023437500e+00 7.219429016113281250e+00 8.770359039306640625e+00 1.393054866790771484e+01 9.327283859252929688e+00
8.831691741943359375e+00 7.527771472930908203e+00 6.360727310180664062e+00 1.448931312561035156e+01 9.794993400573730469e+00 1.318090248107910156e+01 7.641604423522949219e+00 6.636313438415527344e+00 6.019634246826171875e+00 6.052642822265625000e+00 1.059834289550781250e+01 1.042388057708740234e+01 1.153140830993652344e+01 1.708320999145507812e+01 1.106853961944580078e+01 1.053512573242187500e+01 8.010175704956054688e+00 9.721662521362304688e+00 6.693845748901367188e+00 9.156204223632812500e+00
1.116654777526855469e+01 7.521021842956542969e+00 8.051242828369140625e+00 7.771984577178955078e+00 9.369318008422851562e+00 1.168926048278808594e+01 8.363027572631835938e+00 8.678804397583007812e+00 4.435420036315917969e+00 6.322167396545410156e+00 5.035699844360351562e+00 7.303600788116455078e+00 6.228633403778076172e+00 1.149397659301757812e+01 1.213368988037109375e+01 8.803881645202636719e+00 8.458252906799316406e+00 1.153055572509765625e+01 8.190917015075683594e+00 6.664884567260742188e+00
9.740331649780273438e+00 8.708435058593750000e+00 1.089275932312011719e+01 1.018705558776855469e+01 8.550569534301757812e+00 8.655138015747070312e+00 8.445862770080566406e+00 9.123750686645507812e+00 4.527904510498046875e+00 5.268797397613525391e+00 1.010468864440917969e+01 7.963952541351318359e+00 1.247241115570068359e+01 1.388305854797363281e+01 9.621066093444824219e+00 1.244083309173583984e+01 1.085504531860351562e+01 1.335129547119140625e+01 5.531094074249267578e+00 9.916991233825683594e+00
9.046759605407714844e+00 8.012486457824707031e+00 5.059338092803955078e+00 8.739299774169921875e+00 1.072685623168945312e+01 1.413384532928466797e+01 1.322348403930664062e+01 1.173757362365722656e+01 9.639101028442382812e+00 9.624134063720703125e+00 6.889707565307617188e+00 1.234116268157958984e+01 1.529495429992675781e+01 1.159752750396728516e+01 1.675394058227539062e+01 1.315910530090332031e+01 1.223968696594238281e+01 9.482250213623046875e+00 1.071251487731933594e+01 8.685115814208984375e+00
6.497275829315185547e+00 8.981606483459472656e+00 8.540876388549804688e+00 6.748056411743164062e+00 1.093872356414794922e+01 1.098695945739746094e+01 8.104705810546875000e+00 1.319287872314453125e+01 6.157244682312011719e+00 1.334707832336425781e+01 1.092673969268798828e+01 7.922038078308105469e+00 1.709514808654785156e+01 1.107390785217285156e+01 1.666774940490722656e+01 1.187702655792236328e+01 1.361524200439453125e+01 9.992111206054687500e+00 1.089413261413574219e+01 1.458259296417236328e+01
1.073936367034912109e+01 7.050319194793701172e+00 7.554622650146484375e+00 8.765768051147460938e+00 7.258338928222656250e+00 9.340299606323242188e+00 7.053948402404785156e+00 9.825706481933593750e+00 1.372529029846191406e+01 1.116538238525390625e+01 1.216549873352050781e+01 1.935705566406250000e+01 1.426909923553466797e+01 1.014881706237792969e+01 8.856153488159179688e+00 1.023463058471679688e+01 6.806170463562011719e+00 9.498124122619628906e+00 1.244688129425048828e+01 7.041410446166992188e+00
1.400904560089111328e+01 5.880313873291015625e+00 1.051989364624023438e+01 1.105751514434814453e+01 7.447659492492675781e+00 9.428916931152343750e+00 8.723598480224609375e+00 9.483899116516113281e+00 1.702136421203613281e+01 1.301163864135742188e+01 1.159614658355712891e+01 1.011004638671875000e+01 1.443352699279785156e+01 9.198278427124023438e+00 1.290278434753417969e+01 8.110570907592773438e+00 8.096226692199707031e+00 1.353760623931884766e+01 1.077158164978027344e+01 7.298530101776123047e+00
1.246469497680664062e+01 8.262007713317871094e+00 1.575479030609130859e+01 1.258736705780029297e+01 9.637239456176757812e+00 9.876871109008789062e+00 7.032912731170654297e+00 1.278874969482421875e+01 1.162351799011230469e+01 1.078804302215576172e+01 1.135444545745849609e+01 1.373055744171142578e+01 1.061210918426513672e+01 6.634606361389160156e+00 1.143840980529785156e+01 9.721996307373046875e+00 1.047964859008789062e+01 1.367719459533691406e+01 6.858477592468261719e+00 7.957632541656494141e+00
7.206946849822998047e+00 7.727855682373046875e+00 1.141387557983398438e+01 6.919359683990478516e+00 1.595762538909912109e+01 8.449161529541015625e+00 1.280999660491943359e+01 1.107885169982910156e+01 1.519386291503906250e+01 1.667397499084472656e+01 1.061229896545410156e+01 1.437633419036865234e+01 1.202055835723876953e+01 1.793006515502929688e+01 1.396929359436035156e+01 8.624425888061523438e+00 1.026331138610839844e+01 8.027998924255371094e+00 8.461082458496093750e+00 6.918294429779052734e+00
9.748556137084960938e+00 1.000677108764648438e+01 8.458387374877929688e+00 8.773411750793457031e+00 7.802218914031982422e+00 1.103047370910644531e+01 8.466421127319335938e+00 1.111182975769042969e+01 8.553617477416992188e+00 8.748001098632812500e+00 1.481299304962158203e+01 1.250173473358154297e+01 1.057170486450195312e+01 7.126584529876708984e+00 9.168639183044433594e+00 1.044444370269775391e+01 5.889619350433349609e+00 1.025994110107421875e+01 1.115026760101318359e+01 9.132930755615234375e+00
1.198845195770263672e+01 7.690926551818847656e+00 1.156526374816894531e+01 1.356150341033935547e+01 1.004534626007080078e+01 8.764869689941406250e+00 5.386907100677490234e+00 6.511159420013427734e+00 1.229846000671386719e+01 1.222404289245605469e+01 1.207530117034912109e+01 8.780250549316406250e+00 9.098778724670410156e+00 1.011488151550292969e+01 8.658942222595214844e+00 7.423879146575927734e+00 9.736695289611816406e+00 6.833332061767578125e+00 1.009059238433837891e+01 1.132412433624267578e+01
7.537786006927490234e+00 9.590654373168945312e+00 9.645411491394042969e+00 1.329766654968261719e+01 1.000780105590820312e+01 1.160303497314453125e+01 9.917285919189453125e+00 7.398151397705078125e+00 6.580392360687255859e+00 8.617184638977050781e+00 9.626873016357421875e+00 1.297541427612304688e+01 7.850080013275146484e+00 6.081887722015380859e+00 1.022660350799560547e+01 1.127987194061279297e+01 9.854441642761230469e+00 8.497230529785156250e+00 8.002551078796386719e+00 1.209393405914306641e+01
