2019-07-25 23:30:00
9.654834747314453125e+00 7.569335937500000000e+00 1.298038196563720703e+01 6.448740959167480469e+00 1.064963150024414062e+01 1.028767871856689453e+01 5.444654464721679688e+00 6.424626350402832031e+00 1.048243141174316406e+01 1.195037555694580078e+01 6.978632926940917969e+00 5.674873352050781250e+00 4.453620910644531250e+00 1.002630805969238281e+01 1.086442184448242188e+01 8.238483428955078125e+00 7.534138679504394531e+00 5.427012443542480469e+00 7.481013774871826172e+00 1.093848133087158203e+01
7.829466819763183594e+00 1.369485092163085938e+01 7.754250049591064453e+00 6.514794349670410156e+00 1.184519863128662109e+01 7.599652767181396484e+00 6.253533840179443359e+00 9.051442146301269531e+00 1.133761215209960938e+01 7.739630699157714844e+00 1.072394561767578125e+01 6.540975570678710938e+00 9.716388702392578125e+00 6.596219539642333984e+00 8.955255508422851562e+00 5.673356533050537109e+00 5.408972740173339844e+00 5.392751693725585938e+00 8.321489334106445312e+00 5.403106689453125000e+00
5.328110694885253906e+00 1.214242744445800781e+01 8.295836448669433594e+00 1.025325775146484375e+01 1.417221641540527344e+01 6.309781074523925781e+00 1.018814659118652344e+01 7.329446792602539062e+00 5.431566238403320312e+00 5.952228546142578125e+00 1.046857547760009766e+01 5.384474754333496094e+00 6.294498920440673828e+00 5.513042449951171875e+00 3.710075855255126953e+00 8.722592353820800781e+00 1.228351211547851562e+01 1.169010543823242188e+01 7.756237030029296875e+00 7.821969032287597656e+00
1.012584114074707031e+01 9.879332542419433594e+00 1.122556304931640625e+01 9.728735923767089844e+00 7.756849288940429688e+00 7.400718688964843750e+00 7.976013183593750000e+00 6.257016181945800781e+00 7.187043190002441406e+00 7.046702384948730469e+00 1.347614097595214844e+01 8.487472534179687500e+00 4.024367332458496094e+00 6.236185550689697266e+00 1.226528358459472656e+01 1.052665138244628906e+01 1.037706470489501953e+01 5.001375198364257812e+00 8.753140449523925781e+00 7.819895267486572266e+00
4.773644447326660156e+00 6.539958953857421875e+00 5.992213249206542969e+00 9.584558486938476562e+00 7.631281375885009766e+00 6.916252136230468750e+00 1.186855411529541016e+01 7.790775299072265625e+00 6.944344997406005859e+00 1.548064041137695312e+01 7.619685649871826172e+00 5.193834304809570312e+00 9.712837219238281250e+00 4.788306236267089844e+00 7.579852581024169922e+00 9.364980697631835938e+00 8.195960044860839844e+00 1.060890007019042969e+01 8.117659568786621094e+00 8.025000572204589844e+00
7.336775779724121094e+00 1.082905578613281250e+01 1.217270278930664062e+01 1.061708831787109375e+01 6.208364009857177734e+00 8.244856834411621094e+00 8.756196022033691406e+00 9.943689346313476562e+00 8.491806030273437500e+00 1.023423767089843750e+01 6.274390220642089844e+00 7.190997123718261719e+00 5.659269332885742188e+00 7.548469543457031250e+00 4.443253517150878906e+00 5.535864353179931641e+00 5.160447120666503906e+00 7.764903068542480469e+00 7.223142147064208984e+00 5.549682617187500000e+00
1.365280246734619141e+01 6.542460441589355469e+00 8.080547332763671875e+00 1.449252223968505859e+01 1.163968944549560547e+01 9.595369338989257812e+00 5.593539714813232422e+00 6.546698570251464844e+00 4.877317428588867188e+00 6.030599117279052734e+00 7.729292869567871094e+00 9.186258316040039062e+00 6.799151420593261719e+00 8.105264663696289062e+00 5.727840423583984375e+00 7.735840797424316406e+00 7.818824768066406250e+00 1.090084934234619141e+01 8.895986557006835938e+00 7.000133514404296875e+00
7.679888725280761719e+00 6.393156051635742188e+00 5.965665340423583984e+00 7.811079978942871094e+00 7.351860046386718750e+00 4.453553676605224609e+00 6.232231140136718750e+00 5.469053268432617188e+00 5.999907493591308594e+00 9.911209106445312500e+00 7.016252517700195312e+00 8.157140731811523438e+00 1.165424823760986328e+01 7.924064636230468750e+00 6.881048202514648438e+00 6.818334579467773438e+00 9.953918457031250000e+00 7.101695060729980469e+00 1.221434783935546875e+01 8.863077163696289062e+00
6.178452491760253906e+00 8.213618278503417969e+00 1.049072265625000000e+01 6.261405467987060547e+00 8.454339027404785156e+00 1.029869556427001953e+01 6.883088111877441406e+00 7.573081016540527344e+00 6.204789161682128906e+00 2.882442235946655273e+00 1.037489986419677734e+01 5.826641559600830078e+00 1.392004489898681641e+01 5.279922962188720703e+00 4.332803726196289062e+00 8.190597534179687500e+00 6.769205093383789062e+00 7.833531379699707031e+00 5.932044029235839844e+00 8.669385910034179688e+00
9.972419738769531250e+00 5.976942539215087891e+00 9.852626800537109375e+00 1.045007228851318359e+01 7.853250980377197266e+00 5.896380901336669922e+00 1.117709732055664062e+01 9.105232238769531250e+00 5.971552848815917969e+00 8.652861595153808594e+00 8.706775665283203125e+00 7.251143455505371094e+00 8.187719345092773438e+00 6.784468650817871094e+00 3.370540618896484375e+00 9.004431724548339844e+00 1.073599720001220703e+01 5.936738491058349609e+00 6.191125869750976562e+00 9.254806518554687500e+00
1.043941211700439453e+01 7.445996761322021484e+00 8.311759948730468750e+00 8.254257202148437500e+00 8.859736442565917969e+00 1.018453407287597656e+01 1.322102928161621094e+01 9.820920944213867188e+00 6.147552490234375000e+00 8.260437011718750000e+00 5.326620101928710938e+00 7.320226669311523438e+00 6.482277393341064453e+00 6.752542495727539062e+00 9.010748863220214844e+00 7.427386283874511719e+00 8.485994338989257812e+00 8.352575302124023438e+00 6.015865802764892578e+00 1.010390663146972656e+01
8.427518844604492188e+00 9.276685714721679688e+00 8.080866813659667969e+00 9.540272712707519531e+00 9.466113090515136719e+00 1.355324554443359375e+01 6.438595771789550781e+00 8.972041130065917969e+00 9.882068634033203125e+00 1.301588439941406250e+01 6.982149124145507812e+00 8.809616088867187500e+00 7.145444869995117188e+00 1.173274612426757812e+01 9.399890899658203125e+00 8.112899780273437500e+00 6.216002464294433594e+00 9.887213706970214844e+00 1.057518863677978516e+01 8.451604843139648438e+00
1.152877616882324219e+01 6.311747550964355469e+00 9.365154266357421875e+00 7.923565864562988281e+00 7.896536827087402344e+00 9.874583244323730469e+00 1.122955513000488281e+01 4.717979431152343750e+00 1.017400360107421875e+01 1.057202529907226562e+01 9.190026283264160156e+00 1.091453552246093750e+01 8.362041473388671875e+00 8.240200996398925781e+00 5.547240257263183594e+00 7.511854171752929688e+00 6.942759513854980469e+00 5.965283393859863281e+00 1.115231037139892578e+01 9.174351692199707031e+00
7.749859333038330078e+00 1.326962280273437500e+01 1.010587406158447266e+01 1.164412689208984375e+01 1.006607246398925781e+01 8.739940643310546875e+00 8.318508148193359375e+00 1.171203994750976562e+01 1.541901206970214844e+01 9.818104743957519531e+00 8.780588150024414062e+00 9.870858192443847656e+00 1.471891689300537109e+01 7.814332008361816406e+00 9.602608680725097656e+00 1.016243553161621094e+01 9.898165702819824219e+00 6.201877117156982422e+00 6.957930564880371094e+00 1.147417354583740234e+01
9.249695777893066406e+00 1.386255836486816406e+01 9.545196533203125000e+00 8.585865020751953125e+00 1.188739204406738281e+01 9.585575103759765625e+00 8.949071884155273438e+00 9.914336204528808594e+00 1.258800697326660156e+01 8.618775367736816406e+00 1.165065193176269531e+01 1.110126781463623047e+01 1.038387680053710938e+01 7.219203948974609375e+00 1.313498115539550781e+01 8.031093597412109375e+00 1.535263824462890625e+01 1.336174392700195312e+01 1.294860935211181641e+01 4.179774761199951172e+00
7.056714057922363281e+00 7.232909202575683594e+00 7.016657829284667969e+00 1.866918945312500000e+01 1.451365280151367188e+01 1.065208435058593750e+01 1.268512344360351562e+01 1.505617141723632812e+01 1.096608638763427734e+01 8.234057426452636719e+00 1.179082107543945312e+01 8.657974243164062500e+00 9.843871116638183594e+00 8.737844467163085938e+00 1.074599075317382812e+01 1.106123924255371094e+01 1.358062267303466797e+01 1.368340873718261719e+01 1.085841178894042969e+01 1.241902542114257812e+01
9.066362380981445312e+00 8.811437606811523438e+00 9.936177253723144531e+00 9.529653549194335938e+00 1.282227516174316406e+01 1.125445270538330078e+01 1.365850734710693359e+01 9.066091537475585938e+00 1.083853530883789062e+01 1.466582012176513672e+01 1.219658279418945312e+01 1.231503677368164062e+01 1.270541286468505859e+01 1.383570384979248047e+01 1.011279010772705078e+01 1.012143707275390625e+01 8.056266784667968750e+00 5.420576095581054688e+00 1.254155540466308594e+01 9.625196456909179688e+00
9.287902832031250000e+00 1.145359230041503906e+01 1.099795055389404297e+01 7.961760997772216797e+00 8.421526908874511719e+00 9.765289306640625000e+00 7.680565357208251953e+00 5.018168449401855469e+00 9.408183097839355469e+00 1.643000793457031250e+01 1.028968048095703125e+01 9.909166336059570312e+00 1.045370769500732422e+01 1.112150764465332031e+01 9.691129684448242188e+00 1.146226310729980469e+01 9.342756271362304688e+00 5.095273494720458984e+00 1.406203079223632812e+01 1.143126964569091797e+01
9.950590133666992188e+00 9.707520484924316406e+00 6.217473030090332031e+00 1.231232357025146484e+01 7.507654190063476562e+00 7.872156143188476562e+00 7.393642902374267578e+00 1.566499328613281250e+01 1.141757202148437500e+01 8.814504623413085938e+00 1.526494407653808594e+01 8.526100158691406250e+00 6.488010883331298828e+00 1.530347919464111328e+01 9.632430076599121094e+00 6.930980205535888672e+00 1.103563499450683594e+01 8.834836959838867188e+00 7.073536872863769531e+00 6.032649993896484375e+00
1.324999237060546875e+01 8.421303749084472656e+00 7.178672790527343750e+00 1.147678184509277344e+01 8.058118820190429688e+00 1.171686649322509766e+01 5.062933921813964844e+00 9.014215469360351562e+00 8.789781570434570312e+00 7.782680511474609375e+00 7.536337375640869141e+00 9.357580184936523438e+00 9.213397026062011719e+00 1.262005519866943359e+01 9.287328720092773438e+00 1.077492713928222656e+01 5.665699958801269531e+00 7.120956897735595703e+00 6.243450164794921875e+00 4.792363166809082031e+00
