2019-07-25 23:45:00
5.998746871948242188e+00 4.429183006286621094e+00 9.844692230224609375e+00 7.101585865020751953e+00 5.669306755065917969e+00 1.110439109802246094e+01 5.117713451385498047e+00 7.861591815948486328e+00 1.009377479553222656e+01 6.175076484680175781e+00 6.922328948974609375e+00 6.669525146484375000e+00 7.588321685791015625e+00 6.348468780517578125e+00 5.929491043090820312e+00 1.205494689941406250e+01 9.282371520996093750e+00 5.490398406982421875e+00 9.844322204589843750e+00 6.174182891845703125e+00
5.108240127563476562e+00 9.123490333557128906e+00 1.093855190277099609e+01 7.769012451171875000e+00 1.228574562072753906e+01 5.214509963989257812e+00 6.302229404449462891e+00 6.204721927642822266e+00 5.243645191192626953e+00 5.784522533416748047e+00 6.698520660400390625e+00 5.734767913818359375e+00 5.914810180664062500e+00 2.685067653656005859e+00 9.612800598144531250e+00 5.546468734741210938e+00 1.118701839447021484e+01 7.032130718231201172e+00 8.594442367553710938e+00 7.589788436889648438e+00
7.409140586853027344e+00 6.680955410003662109e+00 1.244572544097900391e+01 5.781286239624023438e+00 8.275064468383789062e+00 8.092658996582031250e+00 9.177989959716796875e+00 4.016284942626953125e+00 4.861055374145507812e+00 7.252345085144042969e+00 5.089031696319580078e+00 8.631946563720703125e+00 5.574750900268554688e+00 4.056046485900878906e+00 5.370478630065917969e+00 5.648939132690429688e+00 8.969013214111328125e+00 5.849113464355468750e+00 7.320274353027343750e+00 7.870908737182617188e+00
7.278416633605957031e+00 5.457352161407470703e+00 8.103584289550781250e+00 9.720743179321289062e+00 6.227517127990722656e+00 6.081173419952392578e+00 5.540522098541259766e+00 4.312851905822753906e+00 5.180171489715576172e+00 7.909472942352294922e+00 7.629899024963378906e+00 7.411390304565429688e+00 5.057709693908691406e+00 5.613369941711425781e+00 6.533943653106689453e+00 1.070170593261718750e+01 7.256082534790039062e+00 4.096379280090332031e+00 6.740055561065673828e+00 6.796031951904296875e+00
5.034091949462890625e+00 6.492880344390869141e+00 4.940178394317626953e+00 5.448999881744384766e+00 4.357211112976074219e+00 1.281485939025878906e+01 6.202051162719726562e+00 7.383591651916503906e+00 1.293220710754394531e+01 1.017428970336914062e+01 6.752321243286132812e+00 5.660162925720214844e+00 1.149468231201171875e+01 6.821841716766357422e+00 6.357190608978271484e+00 9.980993270874023438e+00 5.269742965698242188e+00 7.641376495361328125e+00 5.545547485351562500e+00 5.402149677276611328e+00
7.218706607818603516e+00 5.649554252624511719e+00 9.494844436645507812e+00 8.825966835021972656e+00 6.667577743530273438e+00 5.583784103393554688e+00 1.038864707946777344e+01 4.974368095397949219e+00 5.360366821289062500e+00 5.439152240753173828e+00 7.103715419769287109e+00 8.228219985961914062e+00 6.284358978271484375e+00 4.934725761413574219e+00 5.126963615417480469e+00 8.515165328979492188e+00 8.653127670288085938e+00 1.034245681762695312e+01 9.414386749267578125e+00 5.767506599426269531e+00
4.610191345214843750e+00 8.059343338012695312e+00 5.386422157287597656e+00 1.028823375701904297e+01 9.876551628112792969e+00 9.389337539672851562e+00 1.045687484741210938e+01 6.197617530822753906e+00 5.161099433898925781e+00 8.536092758178710938e+00 9.551115036010742188e+00 7.455730915069580078e+00 7.445957183837890625e+00 9.253177642822265625e+00 6.680743217468261719e+00 5.914034843444824219e+00 9.123014450073242188e+00 9.456674575805664062e+00 9.823340415954589844e+00 1.151640701293945312e+01
8.565816879272460938e+00 6.688233375549316406e+00 5.970148563385009766e+00 1.125931262969970703e+01 4.987842559814453125e+00 1.084846496582031250e+01 9.988877296447753906e+00 5.908681869506835938e+00 5.181476116180419922e+00 7.305544853210449219e+00 6.688160896301269531e+00 6.581660270690917969e+00 7.207782268524169922e+00 7.491025924682617188e+00 7.641604423522949219e+00 6.657678127288818359e+00 5.031134605407714844e+00 8.245160102844238281e+00 8.001743316650390625e+00 5.975492477416992188e+00
7.578415393829345703e+00 1.086113548278808594e+01 8.296097755432128906e+00 1.063592910766601562e+01 8.980020523071289062e+00 7.683707237243652344e+00 1.168452453613281250e+01 5.712918758392333984e+00 7.185262680053710938e+00 5.983001708984375000e+00 9.589624404907226562e+00 8.665404319763183594e+00 1.154885101318359375e+01 8.914971351623535156e+00 5.045278549194335938e+00 5.484096527099609375e+00 6.951980590820312500e+00 7.239550590515136719e+00 8.908890724182128906e+00 4.979791164398193359e+00
9.496513366699218750e+00 9.155574798583984375e+00 8.009568214416503906e+00 4.684566020965576172e+00 7.330947875976562500e+00 1.045768928527832031e+01 7.734263420104980469e+00 5.863272666931152344e+00 6.587138175964355469e+00 9.332939147949218750e+00 5.750528812408447266e+00 6.083642959594726562e+00 6.777143478393554688e+00 4.761852741241455078e+00 5.855275154113769531e+00 5.609977722167968750e+00 8.905309677124023438e+00 7.935516834259033203e+00 9.903816223144531250e+00 4.064414024353027344e+00
5.507837295532226562e+00 1.025774574279785156e+01 6.884259223937988281e+00 5.765087604522705078e+00 8.773836135864257812e+00 4.725664138793945312e+00 6.843312263488769531e+00 8.075378417968750000e+00 4.912585258483886719e+00 6.340333461761474609e+00 5.468937873840332031e+00 5.615446090698242188e+00 9.713201522827148438e+00 6.697350978851318359e+00 7.779997825622558594e+00 6.837176799774169922e+00 5.066978454589843750e+00 8.634616851806640625e+00 7.671757698059082031e+00 6.538283348083496094e+00
6.535660743713378906e+00 7.583395004272460938e+00 1.002268218994140625e+01 5.799759387969970703e+00 7.480774879455566406e+00 7.893339157104492188e+00 7.894709587097167969e+00 7.273605346679687500e+00 8.856674194335937500e+00 8.268544197082519531e+00 7.789527893066406250e+00 8.278596878051757812e+00 8.877762794494628906e+00 7.480016231536865234e+00 1.089186477661132812e+01 8.707245826721191406e+00 5.225448608398437500e+00 7.914635658264160156e+00 7.920282363891601562e+00 9.202264785766601562e+00
8.903310775756835938e+00 6.686550617218017578e+00 4.633708953857421875e+00 7.884455204010009766e+00 9.264380455017089844e+00 8.605453491210937500e+00 1.100743293762207031e+01 8.373237609863281250e+00 1.208633804321289062e+01 6.039877414703369141e+00 7.601209640502929688e+00 1.140504264831542969e+01 7.717320442199707031e+00 9.883237838745117188e+00 7.700615882873535156e+00 5.306709289550781250e+00 6.963241577148437500e+00 4.656876087188720703e+00 5.852386474609375000e+00 8.329628944396972656e+00
9.344900131225585938e+00 1.271514701843261719e+01 9.987366676330566406e+00 7.244028091430664062e+00 8.225720405578613281e+00 1.016335487365722656e+01 8.529582023620605469e+00 1.107724952697753906e+01 1.276049137115478516e+01 9.653456687927246094e+00 9.099227905273437500e+00 8.043027877807617188e+00 8.646177291870117188e+00 6.509078979492187500e+00 5.629365921020507812e+00 9.670157432556152344e+00 9.804426193237304688e+00 5.640493392944335938e+00 7.286911010742187500e+00 7.761308193206787109e+00
9.082778930664062500e+00 7.091335773468017578e+00 7.485075473785400391e+00 1.037311172485351562e+01 2.908535480499267578e+00 6.879383087158203125e+00 9.126619338989257812e+00 5.415423393249511719e+00 7.082742691040039062e+00 6.771070480346679688e+00 1.095512962341308594e+01 9.111310958862304688e+00 1.046159744262695312e+01 7.777595520019531250e+00 9.580120086669921875e+00 8.772178649902343750e+00 5.340713500976562500e+00 9.878651618957519531e+00 1.168652534484863281e+01 8.360864639282226562e+00
7.340553283691406250e+00 7.262578010559082031e+00 1.120741081237792969e+01 8.380388259887695312e+00 6.853747367858886719e+00 8.137621879577636719e+00 6.957786560058593750e+00 8.849243164062500000e+00 8.481687545776367188e+00 9.579793930053710938e+00 9.187788009643554688e+00 7.544904708862304688e+00 8.997424125671386719e+00 9.336240768432617188e+00 7.650951862335205078e+00 1.242366218566894531e+01 9.038026809692382812e+00 8.083183288574218750e+00 6.243972778320312500e+00 7.739948272705078125e+00
5.692592620849609375e+00 7.273885726928710938e+00 7.345257759094238281e+00 4.835473537445068359e+00 4.943005561828613281e+00 6.987542152404785156e+00 7.786359786987304688e+00 7.521062850952148438e+00 7.333176612854003906e+00 9.557634353637695312e+00 1.093870162963867188e+01 1.049291896820068359e+01 1.197417068481445312e+01 1.055371856689453125e+01 1.015685272216796875e+01 7.228367805480957031e+00 9.064575195312500000e+00 4.441660881042480469e+00 8.173473358154296875e+00 6.485134124755859375e+00
9.085357666015625000e+00 5.789543151855468750e+00 7.944061279296875000e+00 7.393597602844238281e+00 7.380761623382568359e+00 7.145274639129638672e+00 7.641732215881347656e+00 8.099568367004394531e+00 6.705752372741699219e+00 5.225634574890136719e+00 8.097863197326660156e+00 5.846882820129394531e+00 7.761209964752197266e+00 9.590452194213867188e+00 9.928690910339355469e+00 6.807369709014892578e+00 7.364981651306152344e+00 9.492959022521972656e+00 1.188661956787109375e+01 1.028134346008300781e+01
9.881420135498046875e+00 8.307577133178710938e+00 6.043798446655273438e+00 8.311835289001464844e+00 8.705313682556152344e+00 7.673241615295410156e+00 5.244675636291503906e+00 7.159578323364257812e+00 6.878047466278076172e+00 7.583396911621093750e+00 9.524966239929199219e+00 6.006010055541992188e+00 7.133531570434570312e+00 8.206602096557617188e+00 8.162990570068359375e+00 6.573643684387207031e+00 7.273138523101806641e+00 9.831029891967773438e+00 8.853683471679687500e+00 7.857703208923339844e+00
7.807616233825683594e+00 7.960965633392333984e+00 5.012485504150390625e+00 8.697837829589843750e+00 1.120536041259765625e+01 8.227045059204101562e+00 8.231027603149414062e+00 8.799278259277343750e+00 7.477399826049804688e+00 1.011966514587402344e+01 5.703879356384277344e+00 8.472824096679687500e+00 7.685650348663330078e+00 7.346441268920898438e+00 9.359790802001953125e+00 8.731701850891113281e+00 6.928170204162597656e+00 1.178556060791015625e+01 5.858903884887695312e+00 4.970390796661376953e+00
