2018-07-24 02:30:00
3.094942867755889893e-01 3.000410199165344238e-01 4.324690699577331543e-01 3.425463140010833740e-01 7.917426824569702148e-01 4.098854660987854004e-01 5.876113176345825195e-01 3.736942112445831299e-01 5.182076692581176758e-01 5.893121957778930664e-01 6.724530458450317383e-01 4.588383734226226807e-01 7.011278271675109863e-01 5.435998439788818359e-01 5.531332492828369141e-01 6.124426126480102539e-01 5.921674966812133789e-01 4.729619622230529785e-01 5.687119364738464355e-01 8.044031858444213867e-01
4.570270776748657227e-01 5.328282117843627930e-01 1.920693814754486084e-01 2.509748339653015137e-01 4.415934681892395020e-01 3.661769032478332520e-01 5.778544545173645020e-01 3.445063233375549316e-01 3.349453210830688477e-01 4.022753238677978516e-01 4.947156608104705811e-01 8.825370073318481445e-01 6.577697992324829102e-01 8.492702245712280273e-01 7.053691148757934570e-01 1.065353870391845703e+00 4.936930239200592041e-01 1.038563370704650879e+00 8.494729399681091309e-01 8.889566063880920410e-01
4.859356284141540527e-01 3.416051864624023438e-01 3.079316616058349609e-01 3.183607757091522217e-01 5.876030921936035156e-01 6.615248918533325195e-01 4.918748140335083008e-01 2.320458889007568359e-01 6.272927522659301758e-01 4.590042233467102051e-01 6.339024305343627930e-01 6.356391906738281250e-01 9.592882394790649414e-01 5.212581157684326172e-01 6.639214158058166504e-01 9.442169666290283203e-01 9.631810784339904785e-01 6.108839511871337891e-01 6.190494298934936523e-01 8.670867085456848145e-01
2.931520938873291016e-01 2.092030942440032959e-01 1.097481921315193176e-01 3.733668923377990723e-01 3.543061017990112305e-01 4.295125007629394531e-01 3.520772159099578857e-01 3.031640648841857910e-01 3.446699976921081543e-01 4.970203936100006104e-01 1.147422790527343750e+00 6.563277244567871094e-01 7.536150813102722168e-01 6.287419795989990234e-01 6.481139659881591797e-01 8.797175288200378418e-01 1.132665157318115234e+00 8.885096311569213867e-01 7.919284105300903320e-01 9.067867398262023926e-01
4.648556411266326904e-01 3.759237527847290039e-01 4.822262823581695557e-01 3.009689748287200928e-01 1.612489372491836548e-01 5.752967596054077148e-01 4.480423331260681152e-01 3.809252977371215820e-01 3.999575972557067871e-01 7.885869741439819336e-01 5.425585508346557617e-01 6.796844005584716797e-01 5.574103593826293945e-01 6.954921483993530273e-01 5.733218789100646973e-01 7.109054327011108398e-01 1.218441009521484375e+00 9.541136622428894043e-01 5.128991007804870605e-01 9.398058056831359863e-01
3.010046780109405518e-01 2.766871452331542969e-01 5.319830179214477539e-01 4.399106502532958984e-01 8.494790792465209961e-01 6.939290761947631836e-01 5.211315751075744629e-01 6.677182316780090332e-01 6.259531974792480469e-01 2.800482213497161865e-01 3.332335352897644043e-01 6.491612195968627930e-01 4.337993860244750977e-01 7.634034752845764160e-01 9.159036874771118164e-01 8.788002729415893555e-01 1.325327634811401367e+00 7.806991934776306152e-01 1.191347122192382812e+00 7.942308187484741211e-01
4.932734370231628418e-01 3.213998377323150635e-01 1.362184733152389526e-01 4.298200607299804688e-01 5.682823061943054199e-01 4.559072852134704590e-01 2.261718213558197021e-01 3.037862479686737061e-01 3.377959132194519043e-01 2.860888242721557617e-01 3.558509349822998047e-01 4.131779670715332031e-01 4.894359409809112549e-01 6.564514040946960449e-01 5.332207679748535156e-01 1.099874496459960938e+00 1.034178256988525391e+00 8.536381721496582031e-01 4.719598293304443359e-01 1.067590951919555664e+00
2.572342753410339355e-01 3.930045962333679199e-01 2.809211015701293945e-01 5.091240406036376953e-01 4.458901286125183105e-01 2.555909752845764160e-01 4.648831784725189209e-01 3.541100025177001953e-01 3.764596581459045410e-01 3.977282047271728516e-01 5.822421908378601074e-01 4.176698923110961914e-01 5.186913013458251953e-01 6.218999028205871582e-01 3.626996874809265137e-01 8.332602977752685547e-01 1.155212044715881348e+00 1.161616086959838867e+00 3.783231973648071289e-01 7.449079751968383789e-01
3.142258524894714355e-01 9.099978208541870117e-02 2.516335844993591309e-01 3.203070759773254395e-01 3.438056409358978271e-01 1.734061688184738159e-01 3.759923577308654785e-01 5.121542215347290039e-01 3.482007980346679688e-01 3.653396070003509521e-01 2.645979523658752441e-01 5.042493343353271484e-01 6.008803844451904297e-01 4.743745028972625732e-01 9.446322321891784668e-01 9.054541587829589844e-01 7.610427141189575195e-01 8.239449262619018555e-01 5.160580873489379883e-01 6.043519377708435059e-01
5.213142037391662598e-01 1.303138434886932373e-01 4.272908866405487061e-01 2.765260040760040283e-01 3.988041281700134277e-01 4.848304092884063721e-01 6.672641038894653320e-01 4.420785009860992432e-01 2.972547113895416260e-01 6.231582164764404297e-01 6.829224824905395508e-01 6.275255680084228516e-01 4.479305744171142578e-01 7.327202558517456055e-01 5.446566939353942871e-01 5.932838916778564453e-01 8.156688213348388672e-01 9.276577234268188477e-01 8.095177412033081055e-01 8.137543201446533203e-01
3.380885720252990723e-01 4.680406451225280762e-01 2.870754301548004150e-01 3.245183825492858887e-01 3.949563205242156982e-01 6.710364818572998047e-01 2.240848988294601440e-01 4.611280560493469238e-01 5.483152270317077637e-01 6.127508282661437988e-01 4.009724855422973633e-01 7.585830688476562500e-01 4.021521210670471191e-01 5.332924127578735352e-01 4.928820729255676270e-01 6.596431136131286621e-01 9.017311334609985352e-01 7.687911987304687500e-01 1.020615100860595703e+00 8.737930059432983398e-01
6.750006228685379028e-02 2.646019458770751953e-01 5.210841298103332520e-01 3.814421296119689941e-01 4.399389624595642090e-01 1.361123323440551758e-01 4.870229363441467285e-01 6.312781572341918945e-01 3.764392733573913574e-01 7.281152009963989258e-01 3.664640188217163086e-01 5.327405333518981934e-01 4.998195767402648926e-01 5.285580754280090332e-01 5.975621342658996582e-01 4.871032834053039551e-01 4.748885929584503174e-01 5.709365010261535645e-01 4.604493379592895508e-01 7.392127513885498047e-01
4.250522255897521973e-01 3.122397661209106445e-01 3.094347715377807617e-01 1.713183522224426270e-01 4.117875695228576660e-01 3.162016272544860840e-01 5.916107892990112305e-01 4.177963733673095703e-01 3.386646509170532227e-01 3.580279350280761719e-01 3.021678924560546875e-01 5.087629556655883789e-01 4.898810982704162598e-01 2.027413994073867798e-01 5.072414278984069824e-01 5.530754923820495605e-01 4.672977924346923828e-01 7.680306434631347656e-01 3.595297038555145264e-01 8.970358371734619141e-01
3.944192528724670410e-01 3.458474278450012207e-01 3.113105893135070801e-01 5.344104766845703125e-01 3.455227315425872803e-01 4.366337358951568604e-01 4.658334553241729736e-01 3.415644466876983643e-01 3.549438714981079102e-01 3.142374753952026367e-01 5.303233861923217773e-01 3.841420412063598633e-01 4.005050361156463623e-01 2.655028402805328369e-01 5.702617168426513672e-01 2.083174586296081543e-01 5.111997127532958984e-01 4.225374460220336914e-01 5.382567048072814941e-01 5.769094824790954590e-01
3.242886662483215332e-01 3.959422707557678223e-01 4.583982527256011963e-01 8.067436218261718750e-01 5.905900001525878906e-01 7.358491420745849609e-01 4.565508067607879639e-01 6.322163343429565430e-01 3.452749252319335938e-01 6.418230533599853516e-01 3.377578854560852051e-01 4.619325399398803711e-01 3.399328589439392090e-01 4.928212165832519531e-01 3.400703668594360352e-01 3.111520111560821533e-01 4.860129356384277344e-01 4.803770482540130615e-01 4.228136241436004639e-01 5.115547180175781250e-01
4.199708700180053711e-01 5.100876688957214355e-01 5.712809562683105469e-01 7.683443427085876465e-01 7.050869464874267578e-01 6.871525645256042480e-01 6.278238296508789062e-01 5.757352113723754883e-01 5.618104934692382812e-01 2.643628120422363281e-01 4.418255090713500977e-01 5.695985555648803711e-01 3.455806970596313477e-01 2.655422389507293701e-01 3.312730789184570312e-01 2.937269508838653564e-01 4.580064415931701660e-01 5.983805060386657715e-01 7.206461429595947266e-01 3.893173336982727051e-01
5.650643110275268555e-01 3.555902242660522461e-01 5.319607853889465332e-01 4.533847570419311523e-01 6.983161568641662598e-01 4.956042170524597168e-01 4.744149446487426758e-01 6.736654639244079590e-01 5.180385112762451172e-01 6.287023425102233887e-01 5.460480451583862305e-01 7.543450593948364258e-01 4.960172772407531738e-01 2.617823481559753418e-01 3.353771567344665527e-01 4.119938611984252930e-01 5.478655099868774414e-01 3.056247830390930176e-01 6.680641174316406250e-01 2.985164523124694824e-01
3.991070389747619629e-01 8.040703535079956055e-01 4.380815923213958740e-01 4.341439306735992432e-01 4.904704988002777100e-01 6.350344419479370117e-01 4.738654196262359619e-01 7.157127261161804199e-01 3.547621965408325195e-01 5.256549119949340820e-01 4.420388638973236084e-01 5.106688141822814941e-01 1.451884806156158447e-01 5.663948655128479004e-01 2.351810932159423828e-01 7.048079967498779297e-01 3.021619319915771484e-01 1.253537833690643311e-01 4.312933981418609619e-01 4.446071982383728027e-01
4.749891757965087891e-01 4.315621256828308105e-01 7.251703739166259766e-01 2.926143705844879150e-01 4.900794625282287598e-01 7.561659216880798340e-01 5.515893101692199707e-01 3.954344391822814941e-01 5.235497355461120605e-01 3.223298490047454834e-01 6.626821160316467285e-01 4.515327513217926025e-01 3.075775504112243652e-01 2.798784375190734863e-01 3.949691653251647949e-01 4.261762201786041260e-01 3.205931186676025391e-01 3.960814476013183594e-01 2.646445333957672119e-01 2.922933995723724365e-01
5.214910507202148438e-01 5.148085355758666992e-01 7.558195590972900391e-01 4.665081501007080078e-01 5.740633010864257812e-01 5.812497138977050781e-01 3.914760053157806396e-01 3.308943510055541992e-01 3.299688994884490967e-01 5.850636959075927734e-01 8.145263195037841797e-01 7.234692573547363281e-01 2.191080451011657715e-01 5.515219569206237793e-01 3.945114910602569580e-01 4.479154348373413086e-01 4.487005472183227539e-01 4.734491109848022461e-01 5.197441577911376953e-01 4.205759167671203613e-01
