2018-07-24 02:45:00
7.078467607498168945e-01 3.062588870525360107e-01 6.616007685661315918e-01 3.866804242134094238e-01 4.415030479431152344e-01 3.124336898326873779e-01 2.684861123561859131e-01 3.644670248031616211e-01 5.089066624641418457e-01 4.030014872550964355e-01 3.066156506538391113e-01 5.221318006515502930e-01 2.659372985363006592e-01 5.622087121009826660e-01 9.308857917785644531e-01 5.297961831092834473e-01 2.920687496662139893e-01 9.101040363311767578e-01 5.374348163604736328e-01 7.986094355583190918e-01
5.143455266952514648e-01 3.681838512420654297e-01 4.324374198913574219e-01 4.977732896804809570e-01 6.357086300849914551e-01 2.386856377124786377e-01 4.224822223186492920e-01 1.599253118038177490e-01 3.551610112190246582e-01 4.535704851150512695e-01 3.691187500953674316e-01 4.990981221199035645e-01 3.070892691612243652e-01 5.454449653625488281e-01 8.567767143249511719e-01 8.940199017524719238e-01 5.339256525039672852e-01 8.278060555458068848e-01 5.218460559844970703e-01 6.147370934486389160e-01
6.782566308975219727e-01 5.412020087242126465e-01 2.821809053421020508e-01 5.131186842918395996e-01 2.403328418731689453e-01 4.419199824333190918e-01 5.223160982131958008e-01 2.766054868698120117e-01 3.310147523880004883e-01 3.124726414680480957e-01 4.525032043457031250e-01 5.404402613639831543e-01 3.825623393058776855e-01 5.715574026107788086e-01 7.051689028739929199e-01 7.379235625267028809e-01 5.191816091537475586e-01 4.960446059703826904e-01 7.071872949600219727e-01 5.107303857803344727e-01
5.226489901542663574e-01 1.841693222522735596e-01 4.752822220325469971e-01 4.899201989173889160e-01 2.062564194202423096e-01 2.174416631460189819e-01 2.825322747230529785e-01 1.608724147081375122e-01 3.289445638656616211e-01 6.536511182785034180e-01 5.863808989524841309e-01 3.834728598594665527e-01 6.634432673454284668e-01 5.861932039260864258e-01 5.304433703422546387e-01 8.026279211044311523e-01 1.141021847724914551e+00 8.217162489891052246e-01 9.594975709915161133e-01 8.963060379028320312e-01
4.021422863006591797e-01 2.783312797546386719e-01 2.209035307168960571e-01 3.222808837890625000e-01 2.475873231887817383e-01 4.760840237140655518e-01 1.881430447101593018e-01 4.608672261238098145e-01 5.224566459655761719e-01 2.312228679656982422e-01 3.788743615150451660e-01 3.013440668582916260e-01 4.213867187500000000e-01 5.199298858642578125e-01 4.034021496772766113e-01 4.358091354370117188e-01 8.771090507507324219e-01 7.735612392425537109e-01 9.053628444671630859e-01 9.874771833419799805e-01
3.071611523628234863e-01 3.759348094463348389e-01 7.171621322631835938e-01 3.707774579524993896e-01 8.092116117477416992e-01 5.016043186187744141e-01 3.842687904834747314e-01 4.625255167484283447e-01 1.371979415416717529e-01 3.361815810203552246e-01 1.971791684627532959e-01 4.475236833095550537e-01 3.211195170879364014e-01 8.250473141670227051e-01 5.315392017364501953e-01 7.574043273925781250e-01 7.399837374687194824e-01 9.360088109970092773e-01 6.480412483215332031e-01 5.778303146362304688e-01
2.733246684074401855e-01 3.037831783294677734e-01 4.371802210807800293e-01 2.701847553253173828e-01 2.616873979568481445e-01 5.209564790129661560e-02 3.558179736137390137e-01 3.399542570114135742e-01 3.363102972507476807e-01 3.191385567188262939e-01 3.463453948497772217e-01 2.815203964710235596e-01 5.749632716178894043e-01 3.793084919452667236e-01 4.964865148067474365e-01 4.681581258773803711e-01 9.496217370033264160e-01 1.301409959793090820e+00 1.016614198684692383e+00 5.086631178855895996e-01
4.751864969730377197e-01 3.297898173332214355e-01 4.239882826805114746e-01 2.449425160884857178e-01 1.509323567152023315e-01 3.915344476699829102e-01 3.679146468639373779e-01 3.825016021728515625e-01 2.529739737510681152e-01 2.572671771049499512e-01 4.960763454437255859e-01 4.809191226959228516e-01 4.861994683742523193e-01 7.148421406745910645e-01 6.102086305618286133e-01 6.442966461181640625e-01 8.672807216644287109e-01 9.501842260360717773e-01 6.924232244491577148e-01 4.866468012332916260e-01
2.718774676322937012e-01 3.679790496826171875e-01 -9.424854069948196411e-04 3.749423921108245850e-01 3.249727487564086914e-01 5.579371452331542969e-01 4.655145406723022461e-01 3.156453371047973633e-01 4.055407047271728516e-01 3.094992637634277344e-01 2.919049859046936035e-01 4.489085078239440918e-01 7.200351953506469727e-01 6.466534137725830078e-01 7.145479917526245117e-01 5.022659301757812500e-01 5.289843678474426270e-01 5.315953493118286133e-01 5.741519927978515625e-01 3.614956736564636230e-01
6.562551259994506836e-01 2.711498141288757324e-01 2.612339854240417480e-01 2.130591571331024170e-01 2.454314976930618286e-01 2.105038464069366455e-01 3.444332480430603027e-01 4.870509207248687744e-01 1.529103964567184448e-01 8.084223866462707520e-01 4.403361082077026367e-01 3.780670166015625000e-01 2.029630243778228760e-01 5.551652312278747559e-01 6.080325245857238770e-01 7.049990892410278320e-01 3.246917724609375000e-01 5.049254894256591797e-01 6.472287178039550781e-01 5.224148035049438477e-01
2.076471745967864990e-01 2.113865464925765991e-01 4.766324162483215332e-01 3.597492575645446777e-01 4.494510889053344727e-01 6.365887522697448730e-01 3.207528889179229736e-01 1.676581948995590210e-01 5.358286499977111816e-01 4.602055251598358154e-01 6.467847824096679688e-01 5.948412418365478516e-01 3.195391893386840820e-01 2.168772220611572266e-01 4.435671567916870117e-01 5.110920667648315430e-01 6.903790235519409180e-01 4.008204638957977295e-01 5.447626113891601562e-01 2.907029092311859131e-01
4.874183833599090576e-01 5.900663733482360840e-01 1.875260174274444580e-01 4.635526537895202637e-01 3.537290394306182861e-01 3.820151090621948242e-01 5.566443204879760742e-01 4.196231961250305176e-01 4.846552014350891113e-01 4.195384383201599121e-01 5.824821591377258301e-01 1.365633457899093628e-01 3.398684859275817871e-01 4.759673476219177246e-01 3.410759866237640381e-01 2.217086553573608398e-01 3.790802359580993652e-01 4.707425534725189209e-01 3.386505842208862305e-01 4.194049835205078125e-01
2.520124316215515137e-01 5.051892995834350586e-01 1.883527040481567383e-01 4.961081147193908691e-01 4.170795679092407227e-01 2.943085134029388428e-01 3.236420154571533203e-01 4.817005097866058350e-01 4.088703989982604980e-01 6.141483783721923828e-01 5.020117163658142090e-01 4.758439064025878906e-01 3.095895349979400635e-01 3.767404556274414062e-01 2.166894376277923584e-01 4.073576331138610840e-01 3.342009186744689941e-01 4.882787764072418213e-01 2.940294146537780762e-01 3.304267525672912598e-01
2.882365584373474121e-01 2.894995212554931641e-01 2.128002196550369263e-01 3.743015229701995850e-01 5.703414678573608398e-01 3.184859156608581543e-01 4.130210876464843750e-01 3.963525891304016113e-01 4.684948325157165527e-01 4.743081629276275635e-01 4.625762701034545898e-01 2.940772771835327148e-01 4.707706868648529053e-01 3.894668817520141602e-01 4.556504189968109131e-01 3.596236705780029297e-01 3.462125360965728760e-01 4.520513415336608887e-01 2.662252783775329590e-01 1.910088062286376953e-01
4.459129273891448975e-01 4.634968936443328857e-01 3.062596321105957031e-01 3.573051095008850098e-01 3.103563785552978516e-01 2.143032401800155640e-01 7.117838859558105469e-01 2.785741090774536133e-01 2.944732308387756348e-01 2.791577279567718506e-01 5.162568092346191406e-01 2.095531299710273743e-02 2.135406434535980225e-01 5.149989724159240723e-01 3.303201794624328613e-01 3.713966608047485352e-01 5.823886990547180176e-01 2.848449051380157471e-01 2.687765955924987793e-01 2.026664018630981445e-01
2.777228653430938721e-01 4.801911711692810059e-01 7.386829853057861328e-01 2.983894944190979004e-01 8.153803944587707520e-01 5.247731804847717285e-01 7.284291386604309082e-01 5.133717656135559082e-01 5.931663513183593750e-01 5.320004820823669434e-01 3.800076842308044434e-01 5.453951358795166016e-01 4.491345286369323730e-01 2.595046162605285645e-01 3.305764198303222656e-01 3.369416892528533936e-01 3.838249444961547852e-01 3.671126961708068848e-01 3.032634854316711426e-01 4.262979924678802490e-01
4.243114888668060303e-01 2.547535002231597900e-01 6.639814972877502441e-01 3.212666213512420654e-01 4.757005572319030762e-01 5.718820095062255859e-01 5.594305992126464844e-01 6.262789368629455566e-01 3.251936733722686768e-01 6.126632690429687500e-01 4.366696774959564209e-01 5.312824249267578125e-01 4.712004065513610840e-01 4.224503040313720703e-01 3.511250019073486328e-01 2.835056185722351074e-01 3.203155994415283203e-01 1.444793194532394409e-01 3.008682429790496826e-01 3.607630729675292969e-01
2.216066122055053711e-01 6.467067599296569824e-01 6.136816143989562988e-01 5.214670896530151367e-01 6.699709296226501465e-01 4.876248538494110107e-01 6.645649671554565430e-01 5.547193288803100586e-01 5.090746879577636719e-01 4.460189342498779297e-01 5.437669754028320312e-01 2.678407430648803711e-01 5.021061897277832031e-01 3.585119843482971191e-01 2.623490691184997559e-01 3.091862797737121582e-01 2.784908711910247803e-01 3.944438099861145020e-01 4.436328411102294922e-01 1.320423781871795654e-01
3.121501803398132324e-01 4.419099390506744385e-01 4.364585876464843750e-01 2.543944716453552246e-01 6.171651482582092285e-01 4.854588210582733154e-01 4.527308940887451172e-01 6.173436641693115234e-01 6.943517327308654785e-01 8.205703496932983398e-01 4.455423355102539062e-01 5.370444059371948242e-01 3.812660574913024902e-01 2.618022263050079346e-01 5.391308069229125977e-01 2.683584094047546387e-01 3.044680356979370117e-01 3.967621028423309326e-01 3.618241250514984131e-01 3.895648717880249023e-01
4.655869007110595703e-01 3.013699352741241455e-01 5.474161505699157715e-01 4.839217066764831543e-01 3.316778838634490967e-01 3.907667398452758789e-01 5.748055577278137207e-01 8.769699335098266602e-01 2.775389850139617920e-01 4.842136502265930176e-01 4.799740910530090332e-01 4.673558175563812256e-01 6.770625114440917969e-01 3.584699034690856934e-01 2.793825268745422363e-01 3.632911145687103271e-01 3.392066955566406250e-01 3.297457396984100342e-01 3.618530035018920898e-01 3.734270930290222168e-01
