2018-07-24 03:15:00
5.387003421783447266e-01 6.580944657325744629e-01 1.009356826543807983e-01 4.315988421440124512e-01 2.394807189702987671e-01 4.654556512832641602e-01 4.607678055763244629e-01 6.158496141433715820e-01 2.718634903430938721e-01 4.886083602905273438e-01 4.647146761417388916e-01 5.289956331253051758e-01 4.588977992534637451e-01 5.841212272644042969e-01 9.567262530326843262e-01 7.960190176963806152e-01 9.812816381454467773e-01 8.366634845733642578e-01 7.282108664512634277e-01 9.116529226303100586e-01
6.952292323112487793e-01 8.417026400566101074e-01 4.339978098869323730e-01 3.753147125244140625e-01 3.464676141738891602e-01 3.114783167839050293e-01 3.145742714405059814e-01 3.763226866722106934e-01 6.442843675613403320e-01 5.713205337524414062e-01 5.154281258583068848e-01 6.684058904647827148e-01 6.904641389846801758e-01 7.656211853027343750e-01 7.118301391601562500e-01 1.151658177375793457e+00 9.962742328643798828e-01 6.884592771530151367e-01 8.085564374923706055e-01 4.351798892021179199e-01
3.465437293052673340e-01 5.536856651306152344e-01 4.524039030075073242e-01 3.052680790424346924e-01 4.287511110305786133e-01 6.545059680938720703e-01 4.987813234329223633e-01 5.501762628555297852e-01 5.581036806106567383e-01 3.434876799583435059e-01 6.542197465896606445e-01 1.067313313484191895e+00 5.332388281822204590e-01 9.701725244522094727e-01 9.992135167121887207e-01 8.966088294982910156e-01 7.547856569290161133e-01 6.571743488311767578e-01 6.695619821548461914e-01 7.744581699371337891e-01
4.725573062896728516e-01 3.103510737419128418e-01 3.735496401786804199e-01 2.549776434898376465e-01 5.482232570648193359e-01 3.577913343906402588e-01 4.443071782588958740e-01 3.348619639873504639e-01 4.322983026504516602e-01 9.008784294128417969e-01 6.676028966903686523e-01 3.290506601333618164e-01 6.452392339706420898e-01 8.455520272254943848e-01 4.915364086627960205e-01 7.937885522842407227e-01 1.491077184677124023e+00 1.023510694503784180e+00 7.452235221862792969e-01 4.587159156799316406e-01
5.425356030464172363e-01 4.982715547084808350e-01 5.772645473480224609e-01 2.224579751491546631e-01 3.770689070224761963e-01 5.222263932228088379e-01 4.033479988574981689e-01 5.523105859756469727e-01 5.866629481315612793e-01 5.356702208518981934e-01 3.795354962348937988e-01 9.087073802947998047e-01 3.863076269626617432e-01 8.725082874298095703e-01 1.013802409172058105e+00 8.052946329116821289e-01 1.188691258430480957e+00 7.991729974746704102e-01 1.132888555526733398e+00 9.099394083023071289e-01
2.241454422473907471e-01 3.621693551540374756e-01 3.695708811283111572e-01 2.767148911952972412e-01 3.990419507026672363e-01 7.425354719161987305e-01 2.203612327575683594e-01 2.190895974636077881e-01 4.151584506034851074e-01 2.858246564865112305e-01 5.578854084014892578e-01 5.185223817825317383e-01 4.022695422172546387e-01 7.692859768867492676e-01 5.567096471786499023e-01 1.155420303344726562e+00 9.827650785446166992e-01 1.013804197311401367e+00 6.396403908729553223e-01 9.071040153503417969e-01
2.775009274482727051e-01 1.038987487554550171e-01 3.202415704727172852e-01 4.857669472694396973e-01 2.084262073040008545e-01 5.893318653106689453e-01 4.647464156150817871e-01 4.031197726726531982e-01 4.209615290164947510e-01 5.853805541992187500e-01 1.737508475780487061e-01 7.852066159248352051e-01 4.156668782234191895e-01 5.890892148017883301e-01 8.251410722732543945e-01 1.076756477355957031e+00 1.282052278518676758e+00 1.320093035697937012e+00 5.803666114807128906e-01 8.038249015808105469e-01
3.793962895870208740e-01 4.484591186046600342e-01 3.902798891067504883e-01 3.963287472724914551e-01 2.959208488464355469e-01 3.169511258602142334e-01 2.184411287307739258e-01 4.925489723682403564e-01 4.280189275741577148e-01 3.691052198410034180e-01 3.890950381755828857e-01 2.998205721378326416e-01 5.437122583389282227e-01 4.277051687240600586e-01 8.113192319869995117e-01 5.804206132888793945e-01 9.618263244628906250e-01 6.235882639884948730e-01 8.460333347320556641e-01 4.530164003372192383e-01
2.170338332653045654e-01 1.628378927707672119e-01 2.396809458732604980e-01 4.795296788215637207e-01 3.884281516075134277e-01 2.997911572456359863e-01 3.887813687324523926e-01 3.619902729988098145e-01 2.582708299160003662e-01 5.024160742759704590e-01 1.584899127483367920e-01 2.775046527385711670e-01 6.913409233093261719e-01 7.333383560180664062e-01 5.429694652557373047e-01 6.364927291870117188e-01 8.568034172058105469e-01 8.192108273506164551e-01 5.533094406127929688e-01 5.453314781188964844e-01
5.567275285720825195e-01 3.016600906848907471e-01 3.525810539722442627e-01 2.826663851737976074e-01 3.158592283725738525e-01 3.833144307136535645e-01 3.355515599250793457e-01 2.852464318275451660e-01 4.752658009529113770e-01 5.255690217018127441e-01 3.237955570220947266e-01 7.684187889099121094e-01 5.410324335098266602e-01 3.675020337104797363e-01 5.217680931091308594e-01 7.158797979354858398e-01 3.654249012470245361e-01 7.006915807723999023e-01 6.100300550460815430e-01 5.428432822227478027e-01
4.289079010486602783e-01 4.996573030948638916e-01 2.901969552040100098e-01 3.540458083152770996e-01 3.321438431739807129e-01 3.040483593940734863e-01 2.716991901397705078e-01 3.898946642875671387e-01 5.592132806777954102e-01 5.432038307189941406e-01 6.693569421768188477e-01 4.328182935714721680e-01 5.986964702606201172e-01 4.863023459911346436e-01 5.555782318115234375e-01 5.002905130386352539e-01 7.052865624427795410e-01 7.238683700561523438e-01 7.517619729042053223e-01 3.054389357566833496e-01
3.776343762874603271e-01 9.648589789867401123e-02 6.102871894836425781e-01 1.948859989643096924e-01 3.685840666294097900e-01 2.934814095497131348e-01 1.553418785333633423e-01 3.706198334693908691e-01 2.522028088569641113e-01 5.230553150177001953e-01 4.577142596244812012e-01 1.229745298624038696e-01 2.905867695808410645e-01 2.747899889945983887e-01 2.741385400295257568e-01 4.611378312110900879e-01 7.142612934112548828e-01 5.321013927459716797e-01 4.750815033912658691e-01 5.244898796081542969e-01
3.605628907680511475e-01 2.748468518257141113e-01 2.933959364891052246e-01 3.305172622203826904e-01 4.773284792900085449e-01 4.631000459194183350e-01 4.083150029182434082e-01 4.828163981437683105e-01 3.681594729423522949e-01 3.060008287429809570e-01 5.326362848281860352e-01 4.225028753280639648e-01 4.407849907875061035e-01 6.770366430282592773e-01 2.679235935211181641e-01 3.355296552181243896e-01 5.085847377777099609e-01 4.222997426986694336e-01 7.184240818023681641e-01 7.688190937042236328e-01
3.102244436740875244e-01 3.398472070693969727e-01 3.099483251571655273e-01 4.505693912506103516e-01 4.456135630607604980e-01 2.857359349727630615e-01 2.697846293449401855e-01 5.176850557327270508e-01 2.962375283241271973e-01 3.810520768165588379e-01 2.650959193706512451e-01 2.557907700538635254e-01 4.062084257602691650e-01 3.445833027362823486e-01 6.313229203224182129e-01 1.902516633272171021e-01 3.086132109165191650e-01 4.996764659881591797e-01 3.923108279705047607e-01 5.688256025314331055e-01
3.542978167533874512e-01 2.316684722900390625e-01 3.177670240402221680e-01 4.997398853302001953e-01 2.850019335746765137e-01 4.969817996025085449e-01 4.294813871383666992e-01 4.351605176925659180e-01 2.573387920856475830e-01 3.891554772853851318e-01 4.893564879894256592e-01 3.152069449424743652e-01 4.927808046340942383e-01 3.787434101104736328e-01 4.553327262401580811e-01 3.357482552528381348e-01 4.556763172149658203e-01 3.531723618507385254e-01 3.406890034675598145e-01 3.421688079833984375e-01
4.818828105926513672e-01 6.655912399291992188e-01 3.795006275177001953e-01 3.153038918972015381e-01 3.599604964256286621e-01 3.766891956329345703e-01 6.791698932647705078e-01 5.510772466659545898e-01 7.653176784515380859e-01 2.763485610485076904e-01 2.748988866806030273e-01 3.962267339229583740e-01 3.245177268981933594e-01 3.056568503379821777e-01 4.214751720428466797e-01 9.679768234491348267e-02 5.190163850784301758e-01 3.701345622539520264e-01 5.177612304687500000e-01 7.493302822113037109e-01
3.176284432411193848e-01 3.786738812923431396e-01 4.816311597824096680e-01 5.585691928863525391e-01 1.050046443939208984e+00 3.656086325645446777e-01 6.703861355781555176e-01 6.623810529708862305e-01 5.015441179275512695e-01 5.310087203979492188e-01 2.534589767456054688e-01 3.085733950138092041e-01 3.695675134658813477e-01 4.540512263774871826e-01 2.338286340236663818e-01 3.720976114273071289e-01 4.395295083522796631e-01 2.214525640010833740e-01 4.311384558677673340e-01 2.588124275207519531e-01
4.790227115154266357e-01 4.402402639389038086e-01 3.540935814380645752e-01 2.949782013893127441e-01 4.328623116016387939e-01 4.071819186210632324e-01 5.964950323104858398e-01 4.534379243850708008e-01 6.742204427719116211e-01 3.631010949611663818e-01 6.071121096611022949e-01 3.355803787708282471e-01 5.200574994087219238e-01 4.659345746040344238e-01 1.779321730136871338e-01 7.496415078639984131e-02 3.647269010543823242e-01 1.699429899454116821e-01 2.886013984680175781e-01 3.097902238368988037e-01
4.560084044933319092e-01 3.783607482910156250e-01 7.162977457046508789e-01 3.922733068466186523e-01 5.293700098991394043e-01 4.012098908424377441e-01 9.682390838861465454e-02 4.702706634998321533e-01 5.174853801727294922e-01 8.119234442710876465e-01 8.689481019973754883e-01 5.823236703872680664e-01 5.543372631072998047e-01 3.731299042701721191e-01 3.140948414802551270e-01 2.473979294300079346e-01 2.807143628597259521e-01 4.744642376899719238e-01 2.997372150421142578e-01 1.916952580213546753e-01
3.027422130107879639e-01 4.100117683410644531e-01 2.175170481204986572e-01 4.112141728401184082e-01 3.410325944423675537e-01 4.518431127071380615e-01 6.397243738174438477e-01 4.786808192729949951e-01 6.241635084152221680e-01 4.003625214099884033e-01 3.126471936702728271e-01 3.145950734615325928e-01 3.301931917667388916e-01 6.447761058807373047e-01 2.459046244621276855e-01 3.349517881870269775e-01 5.252429842948913574e-01 3.094866275787353516e-01 3.007374405860900879e-01 3.260067403316497803e-01
