2018-07-24 04:00:00
4.747257530689239502e-01 4.455338120460510254e-01 7.198695540428161621e-01 4.228119552135467529e-01 3.877530694007873535e-01 3.197893798351287842e-01 4.735783934593200684e-01 4.906103909015655518e-01 8.641672134399414062e-01 4.225796759128570557e-01 7.156550288200378418e-01 7.350894808769226074e-01 1.037419199943542480e+00 1.333151102066040039e+00 1.105431795120239258e+00 4.045285582542419434e-01 6.881279945373535156e-01 1.145603418350219727e+00 8.029289245605468750e-01 1.055497288703918457e+00
4.971001744270324707e-01 6.103858947753906250e-01 2.156278491020202637e-01 2.832713127136230469e-01 6.780799031257629395e-01 4.080615043640136719e-01 3.173436522483825684e-01 5.901713967323303223e-01 5.069125294685363770e-01 7.755256891250610352e-01 9.555207490921020508e-01 8.110023140907287598e-01 5.628532171249389648e-01 8.779000639915466309e-01 1.204009056091308594e+00 9.532957077026367188e-01 1.012947082519531250e+00 9.799636602401733398e-01 9.348824024200439453e-01 1.145236253738403320e+00
3.711117804050445557e-01 6.373463869094848633e-01 2.915185093879699707e-01 3.386652469635009766e-01 8.509440422058105469e-01 2.783629596233367920e-01 8.220611214637756348e-01 6.470178365707397461e-01 5.841571092605590820e-01 8.448486328125000000e-01 6.689852476119995117e-01 6.944671869277954102e-01 9.464210867881774902e-01 8.538249731063842773e-01 1.102467536926269531e+00 1.633867025375366211e+00 8.219241499900817871e-01 9.452997446060180664e-01 8.573206663131713867e-01 9.469733834266662598e-01
2.757981419563293457e-01 7.803562283515930176e-01 6.605291366577148438e-01 4.146615564823150635e-01 5.375488400459289551e-01 5.442947149276733398e-01 4.896916449069976807e-01 5.371727943420410156e-01 6.185268163681030273e-01 8.768818378448486328e-01 7.696475982666015625e-01 6.327170133590698242e-01 1.250592470169067383e+00 8.449491262435913086e-01 1.192153930664062500e+00 7.522519826889038086e-01 7.400207519531250000e-01 1.010872840881347656e+00 9.555808901786804199e-01 1.409779310226440430e+00
5.473195910453796387e-01 2.968856096267700195e-01 4.280272722244262695e-01 5.431216955184936523e-01 4.438182115554809570e-01 5.633692145347595215e-01 3.282501697540283203e-01 3.849124312400817871e-01 9.669052362442016602e-01 5.795716047286987305e-01 9.613581895828247070e-01 9.060328602790832520e-01 5.380735397338867188e-01 6.568315029144287109e-01 1.010490298271179199e+00 1.247597217559814453e+00 4.929687380790710449e-01 9.927898645401000977e-01 5.849210619926452637e-01 8.444632291793823242e-01
3.900228142738342285e-01 3.531764149665832520e-01 2.510329484939575195e-01 2.727513909339904785e-01 2.566389143466949463e-01 2.862289845943450928e-01 3.605081439018249512e-01 6.444398164749145508e-01 8.136835694313049316e-01 3.677301704883575439e-01 1.173217296600341797e+00 9.886786341667175293e-01 8.062418699264526367e-01 1.392194747924804688e+00 1.224012970924377441e+00 8.184031248092651367e-01 1.371719956398010254e+00 6.246485710144042969e-01 7.074207067489624023e-01 1.492059707641601562e+00
3.592536449432373047e-01 2.686899900436401367e-01 4.781100451946258545e-01 2.842881083488464355e-01 2.846264243125915527e-01 8.618700504302978516e-01 2.803018093109130859e-01 7.215671539306640625e-01 4.088805317878723145e-01 5.413368940353393555e-01 4.786499142646789551e-01 4.959302544593811035e-01 9.119315743446350098e-01 1.128910064697265625e+00 7.599603533744812012e-01 7.448023557662963867e-01 6.506381630897521973e-01 1.203389167785644531e+00 9.366828203201293945e-01 1.199206590652465820e+00
3.452632427215576172e-01 3.971287012100219727e-01 2.323539853096008301e-01 4.993025064468383789e-01 3.302341699600219727e-01 3.136383593082427979e-01 5.437017679214477539e-01 6.551042199134826660e-01 3.459341228008270264e-01 9.744777679443359375e-01 6.927245855331420898e-01 5.120638608932495117e-01 6.970288753509521484e-01 8.756474256515502930e-01 8.276336193084716797e-01 1.067018151283264160e+00 1.153051972389221191e+00 6.048698425292968750e-01 8.473734259605407715e-01 7.940065860748291016e-01
3.799496889114379883e-01 2.372460365295410156e-01 3.755492866039276123e-01 3.546265959739685059e-01 5.746313333511352539e-01 6.014001369476318359e-01 4.680531322956085205e-01 6.834977865219116211e-01 4.318371713161468506e-01 6.484737396240234375e-01 6.344265937805175781e-01 6.085893511772155762e-01 7.460132837295532227e-01 9.230902194976806641e-01 1.066863775253295898e+00 1.196249008178710938e+00 4.945883154869079590e-01 1.124284029006958008e+00 8.273705244064331055e-01 9.637959599494934082e-01
7.275190949440002441e-02 2.837223708629608154e-01 4.688653647899627686e-01 4.239908456802368164e-01 3.024057149887084961e-01 3.601301908493041992e-01 2.190167903900146484e-01 4.062444269657135010e-01 2.768173515796661377e-01 3.843321204185485840e-01 7.191335558891296387e-01 5.051371455192565918e-01 5.096573829650878906e-01 8.111612796783447266e-01 6.161714196205139160e-01 9.340001344680786133e-01 1.160784363746643066e+00 1.499320149421691895e+00 6.327978372573852539e-01 6.493732929229736328e-01
4.554028511047363281e-01 3.620153367519378662e-01 6.193734407424926758e-01 2.483384311199188232e-01 5.495072603225708008e-01 3.760520219802856445e-01 3.386138677597045898e-01 4.174518585205078125e-01 4.543631076812744141e-01 3.807734251022338867e-01 8.421919345855712891e-01 6.972157955169677734e-01 5.690976381301879883e-01 6.668392419815063477e-01 5.810521841049194336e-01 4.518811702728271484e-01 9.966095685958862305e-01 8.216533660888671875e-01 1.114834070205688477e+00 7.070496678352355957e-01
5.182949304580688477e-01 2.995441854000091553e-01 3.810977935791015625e-01 1.707808375358581543e-01 4.130661189556121826e-01 2.821610867977142334e-01 3.604423999786376953e-01 6.593343019485473633e-01 2.586180567741394043e-01 3.186498880386352539e-01 6.200475692749023438e-01 4.042270779609680176e-01 4.556636214256286621e-01 3.581040501594543457e-01 6.208289265632629395e-01 8.204659223556518555e-01 7.917577028274536133e-01 5.962144136428833008e-01 1.047313690185546875e+00 9.333496093750000000e-01
1.486412733793258667e-01 5.187761783599853516e-01 5.387037396430969238e-01 3.775290846824645996e-01 2.897225618362426758e-01 4.656847715377807617e-01 5.022482872009277344e-01 3.251792490482330322e-01 3.688611388206481934e-01 4.261452555656433105e-01 3.218962550163269043e-01 4.365616738796234131e-01 4.138924777507781982e-01 4.961207807064056396e-01 3.454342484474182129e-01 5.700960755348205566e-01 8.871750831604003906e-01 8.047292232513427734e-01 4.318115413188934326e-01 5.770381689071655273e-01
4.261995553970336914e-01 3.806276917457580566e-01 5.083234310150146484e-01 4.957983493804931641e-01 4.359167814254760742e-01 4.441523551940917969e-01 4.206084609031677246e-01 2.826468944549560547e-01 6.544871330261230469e-01 4.962134063243865967e-01 6.214886903762817383e-01 5.123887062072753906e-01 5.341446995735168457e-01 5.121682882308959961e-01 2.960273623466491699e-01 4.447828531265258789e-01 4.087404012680053711e-01 5.157219767570495605e-01 3.818202018737792969e-01 7.804726362228393555e-01
4.511192142963409424e-01 7.468354701995849609e-01 4.196956157684326172e-01 2.244278788566589355e-01 7.353287935256958008e-01 5.192670226097106934e-01 2.687028944492340088e-01 4.025713205337524414e-01 6.181243658065795898e-01 3.364956974983215332e-01 6.770007610321044922e-01 5.049091577529907227e-01 4.909805357456207275e-01 3.884583115577697754e-01 4.098677635192871094e-01 5.247150659561157227e-01 6.569990515708923340e-01 7.337356209754943848e-01 5.680732131004333496e-01 5.794596076011657715e-01
4.082055091857910156e-01 3.793869018554687500e-01 5.600314140319824219e-01 6.037272214889526367e-01 6.012226343154907227e-01 6.616009473800659180e-01 6.558847427368164062e-01 3.638764619827270508e-01 3.891033530235290527e-01 2.869700491428375244e-01 3.974879384040832520e-01 7.168825268745422363e-01 4.100869894027709961e-01 5.691818594932556152e-01 5.526357889175415039e-01 5.141270160675048828e-01 7.308813333511352539e-01 3.465494513511657715e-01 4.730785489082336426e-01 5.890780091285705566e-01
5.222629308700561523e-01 7.338775396347045898e-01 4.818642735481262207e-01 8.008100986480712891e-01 6.742154359817504883e-01 5.077648162841796875e-01 5.995261073112487793e-01 5.397127866744995117e-01 4.299511909484863281e-01 8.543156981468200684e-01 4.327725172042846680e-01 4.059318900108337402e-01 4.553008079528808594e-01 3.803684711456298828e-01 5.614663362503051758e-01 3.753645718097686768e-01 5.336418747901916504e-01 2.889738082885742188e-01 7.489318847656250000e-01 4.544684290885925293e-01
7.567043304443359375e-01 4.177112877368927002e-01 6.415339708328247070e-01 5.946748852729797363e-01 6.864826679229736328e-01 3.176209330558776855e-01 5.607500076293945312e-01 5.421658754348754883e-01 5.661921501159667969e-01 5.692428350448608398e-01 5.301696062088012695e-01 3.331649005413055420e-01 4.773457050323486328e-01 5.707811117172241211e-01 2.476978302001953125e-01 3.052881956100463867e-01 3.385489583015441895e-01 2.779440879821777344e-01 5.784235596656799316e-01 8.048355579376220703e-01
7.690185308456420898e-01 3.733908236026763916e-01 7.219405174255371094e-01 6.257259249687194824e-01 6.674767732620239258e-01 5.730113387107849121e-01 4.967668354511260986e-01 5.552066564559936523e-01 4.646591246128082275e-01 6.367506980895996094e-01 3.296386599540710449e-01 6.496331095695495605e-01 6.292335987091064453e-01 2.458564341068267822e-01 4.830350279808044434e-01 3.537814021110534668e-01 4.866934716701507568e-01 3.388999104499816895e-01 5.087742805480957031e-01 2.602676153182983398e-01
3.518506288528442383e-01 4.252173602581024170e-01 7.581471204757690430e-01 3.548671603202819824e-01 6.146858334541320801e-01 4.209874868392944336e-01 5.235707163810729980e-01 3.127631247043609619e-01 6.012322306632995605e-01 5.884740352630615234e-01 8.312661051750183105e-01 7.757658958435058594e-01 5.485500097274780273e-01 3.874037861824035645e-01 3.287431597709655762e-01 5.428875088691711426e-01 3.515643477439880371e-01 3.773587942123413086e-01 7.902364134788513184e-01 7.900337576866149902e-01
