2018-07-24 04:30:00
7.593026161193847656e-01 5.239520072937011719e-01 6.372271776199340820e-01 4.857156276702880859e-01 3.099307715892791748e-01 5.095230340957641602e-01 5.084767341613769531e-01 5.262300372123718262e-01 4.380158185958862305e-01 1.026879325509071350e-01 7.270104885101318359e-01 7.680304050445556641e-01 6.323000192642211914e-01 1.239559412002563477e+00 3.544807136058807373e-01 8.385975956916809082e-01 8.394819498062133789e-01 6.086559891700744629e-01 6.808804273605346680e-01 1.079527616500854492e+00
7.139568328857421875e-01 5.594643354415893555e-01 7.486724853515625000e-01 6.460636854171752930e-01 7.275679707527160645e-01 5.791882276535034180e-01 2.613410055637359619e-01 4.747714102268218994e-01 7.356152534484863281e-01 6.959550976753234863e-01 4.256582856178283691e-01 8.421843051910400391e-01 8.799111843109130859e-01 8.147140741348266602e-01 1.091470241546630859e+00 5.908095836639404297e-01 7.202261090278625488e-01 8.251824975013732910e-01 8.148175477981567383e-01 1.189349174499511719e+00
7.906758785247802734e-01 4.903705120086669922e-01 6.601713299751281738e-01 5.690613389015197754e-01 3.462193608283996582e-01 3.744382858276367188e-01 6.572645902633666992e-01 4.186220169067382812e-01 5.025825500488281250e-01 6.623093485832214355e-01 3.057547807693481445e-01 8.651031255722045898e-01 7.611439824104309082e-01 9.089185595512390137e-01 6.653734445571899414e-01 1.355577707290649414e+00 8.506335616111755371e-01 1.269993066787719727e+00 7.116793394088745117e-01 1.102468609809875488e+00
5.087729096412658691e-01 8.614540100097656250e-01 3.956238627433776855e-01 3.410059213638305664e-01 5.105747580528259277e-01 5.051080584526062012e-01 3.976106047630310059e-01 5.598387718200683594e-01 6.912177801132202148e-01 5.416336059570312500e-01 3.658983111381530762e-01 5.431398153305053711e-01 5.987845659255981445e-01 1.212647199630737305e+00 9.389007091522216797e-01 1.222566843032836914e+00 1.183651685714721680e+00 9.295614957809448242e-01 6.973115205764770508e-01 1.469322323799133301e+00
5.455444455146789551e-01 4.790387749671936035e-01 5.090705156326293945e-01 5.746466517448425293e-01 4.221943020820617676e-01 5.427176356315612793e-01 4.865481257438659668e-01 4.192961752414703369e-01 5.120901465415954590e-01 5.836430788040161133e-01 7.144916057586669922e-01 6.507325172424316406e-01 6.238221526145935059e-01 1.093168020248413086e+00 6.245980262756347656e-01 9.027219414710998535e-01 1.367411136627197266e+00 8.130897283554077148e-01 7.078219056129455566e-01 1.282941460609436035e+00
3.422625064849853516e-01 5.086116790771484375e-01 3.029873967170715332e-01 5.943334102630615234e-01 5.173646211624145508e-01 3.333584070205688477e-01 4.255903363227844238e-01 5.729628801345825195e-01 2.211948037147521973e-01 4.413949251174926758e-01 6.857413053512573242e-01 5.003299117088317871e-01 7.903503179550170898e-01 1.305955171585083008e+00 1.109506607055664062e+00 8.430198431015014648e-01 1.105668544769287109e+00 1.172782182693481445e+00 8.838118314743041992e-01 8.050311207771301270e-01
6.025168895721435547e-01 4.842468202114105225e-01 4.910092055797576904e-01 3.985636830329895020e-01 5.117490291595458984e-01 8.153313398361206055e-01 4.277074635028839111e-01 2.472179234027862549e-01 6.790162324905395508e-01 8.409502506256103516e-01 4.574746787548065186e-01 4.692013263702392578e-01 4.337288737297058105e-01 3.644243776798248291e-01 5.093129873275756836e-01 9.531854987144470215e-01 7.003275156021118164e-01 1.216791272163391113e+00 9.899220466613769531e-01 8.596777915954589844e-01
3.035930991172790527e-01 3.940544724464416504e-01 2.976924479007720947e-01 6.746895909309387207e-01 2.417849600315093994e-01 3.165609240531921387e-01 4.180358052253723145e-01 5.771495699882507324e-01 4.155048727989196777e-01 4.327999949455261230e-01 3.022047579288482666e-01 6.907005310058593750e-01 9.377954006195068359e-01 1.139050126075744629e+00 5.257203578948974609e-01 9.826970100402832031e-01 8.590726852416992188e-01 8.742611408233642578e-01 4.514183402061462402e-01 9.978356361389160156e-01
3.560756742954254150e-01 1.636335551738739014e-01 4.973954856395721436e-01 6.132897138595581055e-01 4.982278048992156982e-01 3.634332418441772461e-01 3.882777094841003418e-01 3.574426770210266113e-01 7.054460048675537109e-01 6.235258579254150391e-01 5.289386510848999023e-01 6.902418732643127441e-01 8.618435859680175781e-01 8.630979657173156738e-01 8.032256960868835449e-01 4.917979836463928223e-01 5.844575762748718262e-01 8.863528966903686523e-01 7.702357172966003418e-01 7.736276388168334961e-01
5.771027803421020508e-01 4.154514670372009277e-01 2.712805867195129395e-01 4.549820125102996826e-01 3.836278617382049561e-01 3.551156222820281982e-01 3.036855757236480713e-01 5.390966534614562988e-01 5.974479913711547852e-01 1.056108236312866211e+00 6.049441695213317871e-01 8.384678363800048828e-01 6.163911223411560059e-01 9.693802595138549805e-01 5.587390661239624023e-01 6.171384453773498535e-01 9.144658446311950684e-01 7.294871807098388672e-01 8.873642086982727051e-01 1.145711660385131836e+00
3.698940277099609375e-01 2.856644690036773682e-01 2.592747509479522705e-01 4.635089933872222900e-01 4.335393905639648438e-01 3.883067369461059570e-01 5.175154209136962891e-01 4.781907498836517334e-01 8.197596669197082520e-01 8.340064883232116699e-01 7.817363142967224121e-01 6.979056596755981445e-01 4.401576519012451172e-01 4.533042907714843750e-01 6.869545578956604004e-01 6.675302982330322266e-01 8.313412666320800781e-01 9.892952442169189453e-01 7.995502948760986328e-01 5.680763125419616699e-01
2.517814338207244873e-01 3.939414918422698975e-01 2.728031277656555176e-01 4.200244545936584473e-01 5.335735678672790527e-01 2.635232806205749512e-01 5.344513058662414551e-01 3.913166522979736328e-01 3.286701142787933350e-01 4.123035669326782227e-01 3.942838311195373535e-01 3.642143011093139648e-01 3.578864336013793945e-01 6.263439059257507324e-01 3.256983757019042969e-01 4.403901696205139160e-01 7.216059565544128418e-01 5.685234069824218750e-01 2.425487637519836426e-01 7.372354269027709961e-01
2.709728181362152100e-01 4.630141258239746094e-01 2.946518659591674805e-01 5.745187997817993164e-01 4.698482751846313477e-01 4.411834776401519775e-01 5.534046888351440430e-01 4.010711312294006348e-01 3.596382439136505127e-01 6.927165389060974121e-01 5.447291135787963867e-01 5.804238915443420410e-01 4.613964259624481201e-01 5.648438930511474609e-01 5.379400849342346191e-01 4.139960408210754395e-01 4.847097396850585938e-01 6.010111570358276367e-01 3.817431926727294922e-01 5.824308991432189941e-01
2.892791330814361572e-01 5.455096960067749023e-01 3.045365214347839355e-01 3.482141792774200439e-01 4.025550484657287598e-01 4.781734943389892578e-01 4.438676834106445312e-01 3.443605303764343262e-01 4.881076812744140625e-01 4.838973283767700195e-01 5.871719121932983398e-01 3.390698432922363281e-01 4.500882029533386230e-01 4.554463326930999756e-01 4.382514357566833496e-01 2.966709733009338379e-01 3.628614544868469238e-01 2.796689271926879883e-01 5.483416914939880371e-01 5.695338249206542969e-01
6.328268647193908691e-01 5.438172221183776855e-01 5.189311504364013672e-01 9.338363260030746460e-02 6.090809106826782227e-01 4.066850841045379639e-01 4.529365897178649902e-01 4.671331048011779785e-01 6.531699895858764648e-01 6.736413240432739258e-01 5.416671037673950195e-01 3.964122533798217773e-01 3.509759902954101562e-01 2.307564318180084229e-01 1.857959181070327759e-01 4.914026260375976562e-01 2.884502410888671875e-01 2.715221047401428223e-01 4.896718263626098633e-01 4.725503623485565186e-01
5.818880796432495117e-01 6.834412813186645508e-01 7.623709440231323242e-01 4.538646042346954346e-01 7.991945743560791016e-01 6.721864938735961914e-01 7.976154088973999023e-01 8.703393936157226562e-01 5.963279008865356445e-01 7.540454864501953125e-01 4.232243895530700684e-01 4.395357072353363037e-01 3.139212727546691895e-01 3.684820532798767090e-01 3.369520306587219238e-01 2.987406551837921143e-01 3.771992027759552002e-01 3.762608170509338379e-01 7.288216948509216309e-01 3.619175851345062256e-01
1.979372501373291016e-01 4.451107978820800781e-01 5.919995307922363281e-01 7.485305666923522949e-01 5.253760814666748047e-01 6.519042849540710449e-01 7.423225045204162598e-01 5.928992629051208496e-01 6.297359466552734375e-01 7.063649892807006836e-01 5.714867115020751953e-01 6.507886648178100586e-01 4.771025776863098145e-01 6.832050681114196777e-01 4.312928318977355957e-01 6.487514972686767578e-01 5.164708495140075684e-01 3.725328147411346436e-01 5.791640281677246094e-01 5.344680547714233398e-01
6.417843699455261230e-01 6.227037310600280762e-01 6.692631244659423828e-01 6.902100443840026855e-01 5.770791769027709961e-01 4.327360987663269043e-01 5.638049840927124023e-01 5.284998416900634766e-01 8.048662543296813965e-01 5.960587859153747559e-01 5.245186090469360352e-01 3.098631501197814941e-01 6.212734580039978027e-01 6.454007625579833984e-01 2.528440952301025391e-01 6.194798350334167480e-01 3.760133981704711914e-01 1.263828277587890625e-01 7.370759248733520508e-01 6.130874752998352051e-01
4.047957658767700195e-01 7.232968807220458984e-01 7.657771110534667969e-01 4.612784683704376221e-01 3.042590618133544922e-01 7.096858024597167969e-01 3.795408606529235840e-01 8.063980937004089355e-01 4.465661048889160156e-01 4.722133576869964600e-01 5.111730098724365234e-01 9.748367071151733398e-01 5.984128713607788086e-01 2.862704396247863770e-01 3.966456353664398193e-01 3.234563767910003662e-01 7.061346769332885742e-01 2.644585371017456055e-01 3.598092496395111084e-01 4.795485138893127441e-01
5.724308490753173828e-01 6.656922101974487305e-01 7.760457992553710938e-01 6.836594343185424805e-01 5.593169331550598145e-01 5.162279009819030762e-01 4.707132577896118164e-01 6.422010064125061035e-01 5.802517533302307129e-01 4.792969822883605957e-01 1.004482865333557129e+00 5.663442611694335938e-01 6.527060270309448242e-01 3.846716880798339844e-01 4.290134906768798828e-01 1.420808434486389160e-01 5.103091001510620117e-01 4.760997891426086426e-01 5.014763474464416504e-01 4.470843672752380371e-01
