2018-07-24 05:15:00
5.654470920562744141e-01 6.722555756568908691e-01 5.847037434577941895e-01 4.556672573089599609e-01 3.037148714065551758e-01 3.088454604148864746e-01 5.630424022674560547e-01 6.526927947998046875e-01 5.738257765769958496e-01 5.784584283828735352e-01 5.888961553573608398e-01 8.447467088699340820e-01 6.696665287017822266e-01 7.141480445861816406e-01 1.521905303001403809e+00 8.266205787658691406e-01 1.059244275093078613e+00 1.305808544158935547e+00 7.535277605056762695e-01 1.455832004547119141e+00
5.605692863464355469e-01 6.902041435241699219e-01 8.001152873039245605e-01 2.134390175342559814e-01 5.673258304595947266e-01 3.351930379867553711e-01 5.004018545150756836e-01 3.297964632511138916e-01 6.790324449539184570e-01 6.353911757469177246e-01 8.410508632659912109e-01 1.343448519706726074e+00 8.127915263175964355e-01 9.790311455726623535e-01 1.602869272232055664e+00 1.390219092369079590e+00 9.754604697227478027e-01 8.953315019607543945e-01 4.370454549789428711e-01 1.554124116897583008e+00
6.579279899597167969e-01 2.648864388465881348e-01 5.133078694343566895e-01 3.446374535560607910e-01 3.712914288043975830e-01 7.199927568435668945e-01 4.479445815086364746e-01 6.747710704803466797e-01 7.869079113006591797e-01 4.011367559432983398e-01 7.557782530784606934e-01 8.712071180343627930e-01 8.673363924026489258e-01 1.148127317428588867e+00 5.816078186035156250e-01 8.820324540138244629e-01 1.008338928222656250e+00 1.461281776428222656e+00 1.302849769592285156e+00 1.319760322570800781e+00
2.624939382076263428e-01 5.952034592628479004e-01 3.697542846202850342e-01 3.218511044979095459e-01 5.843478441238403320e-01 4.144631028175354004e-01 3.847306072711944580e-01 4.163348674774169922e-01 6.693674325942993164e-01 5.731414556503295898e-01 6.060928106307983398e-01 7.069237232208251953e-01 1.186201095581054688e+00 4.311164915561676025e-01 1.496785759925842285e+00 9.436507225036621094e-01 1.256506443023681641e+00 1.133794069290161133e+00 1.231368660926818848e+00 7.931674122810363770e-01
5.407431125640869141e-01 5.452404022216796875e-01 4.874140620231628418e-01 4.785428047180175781e-01 3.259086608886718750e-01 4.622763097286224365e-01 2.154691219329833984e-01 4.767297506332397461e-01 6.083788871765136719e-01 1.269030213356018066e+00 8.229407072067260742e-01 9.631748199462890625e-01 1.105890989303588867e+00 1.417438626289367676e+00 8.049526214599609375e-01 1.143547534942626953e+00 1.373098134994506836e+00 9.763485193252563477e-01 7.796026468276977539e-01 7.365377545356750488e-01
5.306728482246398926e-01 2.290585786104202271e-01 4.420029520988464355e-01 5.838545560836791992e-01 1.993677318096160889e-01 3.579539060592651367e-01 2.514066100120544434e-01 2.318012416362762451e-01 5.151019096374511719e-01 6.595864295959472656e-01 5.164042711257934570e-01 1.037376523017883301e+00 7.872054576873779297e-01 5.901769399642944336e-01 1.512175321578979492e+00 1.115432977676391602e+00 2.288898229598999023e+00 1.199242711067199707e+00 1.202136754989624023e+00 8.548820614814758301e-01
5.696147680282592773e-01 3.180366158485412598e-01 5.092757940292358398e-01 3.585010766983032227e-01 1.998469084501266479e-01 6.139086484909057617e-01 5.599009394645690918e-01 4.601801335811614990e-01 5.503702163696289062e-01 5.185101032257080078e-01 5.712131261825561523e-01 9.298195838928222656e-01 4.398526549339294434e-01 9.512795805931091309e-01 8.878457546234130859e-01 1.196938991546630859e+00 1.321562051773071289e+00 8.227533102035522461e-01 1.095428466796875000e+00 7.148624658584594727e-01
4.142069816589355469e-01 3.550375103950500488e-01 3.467864990234375000e-01 4.680176973342895508e-01 2.932481765747070312e-01 3.369816541671752930e-01 3.912634849548339844e-01 3.118809759616851807e-01 4.465295672416687012e-01 5.007504224777221680e-01 7.978569865226745605e-01 3.270955085754394531e-01 8.921531438827514648e-01 4.494299292564392090e-01 1.021793246269226074e+00 1.032931089401245117e+00 7.212232947349548340e-01 1.116113901138305664e+00 1.234435319900512695e+00 9.822474718093872070e-01
3.201061487197875977e-01 2.519102096557617188e-01 3.632650971412658691e-01 3.877276778221130371e-01 4.665315747261047363e-01 2.994599044322967529e-01 2.158259004354476929e-01 4.723285734653472900e-01 4.882790744304656982e-01 2.656016945838928223e-01 5.488234758377075195e-01 4.873706698417663574e-01 5.971897840499877930e-01 1.112619161605834961e+00 9.892112016677856445e-01 1.287286877632141113e+00 1.270758628845214844e+00 1.115168333053588867e+00 9.752957820892333984e-01 1.074438333511352539e+00
4.882905185222625732e-01 4.064618349075317383e-01 4.960843920707702637e-01 4.241072833538055420e-01 5.120371580123901367e-01 2.117917984724044800e-01 3.185630738735198975e-01 3.886919617652893066e-01 5.129417181015014648e-01 9.604830145835876465e-01 5.591448545455932617e-01 5.437234640121459961e-01 7.711027860641479492e-01 1.098645687103271484e+00 8.997009992599487305e-01 1.131972312927246094e+00 1.145748138427734375e+00 1.044440507888793945e+00 1.184775114059448242e+00 1.190556287765502930e+00
2.654472887516021729e-01 4.043339490890502930e-01 4.170484244823455811e-01 3.462768793106079102e-01 2.711101770401000977e-01 5.710346698760986328e-01 1.459509879350662231e-01 5.194031596183776855e-01 5.859742760658264160e-01 5.112634301185607910e-01 5.450866818428039551e-01 1.237366676330566406e+00 7.046925425529479980e-01 5.772190093994140625e-01 9.586297273635864258e-01 8.764594793319702148e-01 1.013530015945434570e+00 4.167738854885101318e-01 8.089495301246643066e-01 1.198060631752014160e+00
1.427765935659408569e-01 3.094962835311889648e-01 1.804894506931304932e-01 5.238423347473144531e-01 6.520051956176757812e-01 3.070567548274993896e-01 2.568422257900238037e-01 7.532115578651428223e-01 4.603195786476135254e-01 4.881920814514160156e-01 4.272646605968475342e-01 5.086665749549865723e-01 4.499097168445587158e-01 7.467833161354064941e-01 5.641534328460693359e-01 5.245394110679626465e-01 1.134452223777770996e+00 5.046256780624389648e-01 7.020841836929321289e-01 1.420670509338378906e+00
5.609353780746459961e-01 4.214038848876953125e-01 4.107122719287872314e-01 3.915241956710815430e-01 4.855863451957702637e-01 5.835669636726379395e-01 4.188892841339111328e-01 6.379069685935974121e-01 4.863392114639282227e-01 6.845283508300781250e-01 5.517666339874267578e-01 8.176639676094055176e-01 5.435317754745483398e-01 5.350759625434875488e-01 5.135372281074523926e-01 5.691104531288146973e-01 7.877651453018188477e-01 5.352352261543273926e-01 6.071394085884094238e-01 1.182449817657470703e+00
5.891319513320922852e-01 1.726384162902832031e-01 7.472432255744934082e-01 2.084258794784545898e-01 7.438412308692932129e-01 5.242102146148681641e-01 5.265688896179199219e-01 5.625894069671630859e-01 7.802292108535766602e-01 5.871942043304443359e-01 6.016409993171691895e-01 7.186183929443359375e-01 4.956932365894317627e-01 4.733521938323974609e-01 4.814613163471221924e-01 3.804367184638977051e-01 6.157480478286743164e-01 5.678439140319824219e-01 4.933793842792510986e-01 8.941137790679931641e-01
5.183377265930175781e-01 5.001443624496459961e-01 5.778670310974121094e-01 5.357077121734619141e-01 4.865310788154602051e-01 4.568908810615539551e-01 7.015345096588134766e-01 2.439065128564834595e-01 4.545934498310089111e-01 7.006886601448059082e-01 6.434195041656494141e-01 7.291833162307739258e-01 5.309067964553833008e-01 4.042895436286926270e-01 3.301003575325012207e-01 7.583500146865844727e-01 3.626406192779541016e-01 3.821102678775787354e-01 9.293526411056518555e-01 6.823337674140930176e-01
1.970929950475692749e-01 9.432145357131958008e-01 3.945109844207763672e-01 6.085338592529296875e-01 7.309610843658447266e-01 7.008979320526123047e-01 1.002516269683837891e+00 6.524950265884399414e-01 6.663967370986938477e-01 2.977890074253082275e-01 4.352976679801940918e-01 3.547204434871673584e-01 5.071667432785034180e-01 2.289019674062728882e-01 3.164330124855041504e-01 4.602366685867309570e-01 4.260707199573516846e-01 4.994717836380004883e-01 6.133233904838562012e-01 6.575702428817749023e-01
5.905611515045166016e-01 5.715163946151733398e-01 4.987799823284149170e-01 8.711583614349365234e-01 9.866551160812377930e-01 6.658607721328735352e-01 8.786976337432861328e-01 9.288420081138610840e-01 7.633935213088989258e-01 7.652724385261535645e-01 5.489699840545654297e-01 6.516088247299194336e-01 4.948847889900207520e-01 3.401972055435180664e-01 4.643242657184600830e-01 4.077969193458557129e-01 6.685321331024169922e-01 4.475784301757812500e-01 6.682830452919006348e-01 5.723744630813598633e-01
6.325870752334594727e-01 7.534524202346801758e-01 8.530535697937011719e-01 9.519557952880859375e-01 5.909895896911621094e-01 6.551587581634521484e-01 6.724603176116943359e-01 5.953636169433593750e-01 7.361900806427001953e-01 1.054358243942260742e+00 5.168371796607971191e-01 7.735834121704101562e-01 6.761475801467895508e-01 4.479073882102966309e-01 4.241992235183715820e-01 4.179767966270446777e-01 3.807652294635772705e-01 3.310263156890869141e-01 6.700527667999267578e-01 2.289925217628479004e-01
4.632323086261749268e-01 5.341296792030334473e-01 4.040357768535614014e-01 4.288445115089416504e-01 5.627460479736328125e-01 5.096936821937561035e-01 8.471527099609375000e-01 7.691749334335327148e-01 5.126614570617675781e-01 3.924986720085144043e-01 2.510608732700347900e-01 7.524098157882690430e-01 5.870734453201293945e-01 4.838193655014038086e-01 4.808587133884429932e-01 5.636192560195922852e-01 2.911869585514068604e-01 3.128335773944854736e-01 4.315542578697204590e-01 5.231476426124572754e-01
5.520283579826354980e-01 6.894730329513549805e-01 4.661075174808502197e-01 8.075799942016601562e-01 8.842773437500000000e-01 5.748056769371032715e-01 7.896320223808288574e-01 8.953032493591308594e-01 8.861700296401977539e-01 6.568294763565063477e-01 8.134657144546508789e-01 7.658082842826843262e-01 4.524624049663543701e-01 2.381449937820434570e-01 5.580304265022277832e-01 2.927156388759613037e-01 4.332219362258911133e-01 6.373728513717651367e-01 3.981782495975494385e-01 6.307539343833923340e-01
