2018-07-24 05:45:00
7.599971294403076172e-01 5.837810635566711426e-01 5.741592645645141602e-01 2.426044344902038574e-01 3.403351902961730957e-01 3.104020357131958008e-01 7.322618961334228516e-01 6.864439249038696289e-01 7.348705530166625977e-01 7.159378528594970703e-01 5.714319348335266113e-01 5.517361164093017578e-01 1.087143898010253906e+00 1.344781160354614258e+00 6.974881887435913086e-01 9.130127429962158203e-01 9.755877256393432617e-01 1.703475475311279297e+00 8.880465030670166016e-01 1.240954160690307617e+00
6.355618834495544434e-01 3.185542821884155273e-01 5.333968400955200195e-01 3.741940557956695557e-01 7.546070218086242676e-01 5.568389892578125000e-01 4.642283022403717041e-01 4.668826162815093994e-01 5.639060735702514648e-01 6.442947983741760254e-01 6.436741352081298828e-01 6.965548396110534668e-01 1.074756264686584473e+00 8.364540338516235352e-01 1.131040573120117188e+00 1.921869039535522461e+00 1.188503980636596680e+00 1.181228160858154297e+00 9.366589784622192383e-01 1.313265800476074219e+00
2.807475328445434570e-01 3.820992112159729004e-01 4.203657507896423340e-01 3.213638961315155029e-01 4.903695583343505859e-01 4.299879074096679688e-01 5.555990934371948242e-01 5.936611890792846680e-01 7.124920487403869629e-01 8.482787013053894043e-01 7.055287361145019531e-01 3.680321276187896729e-01 8.868073821067810059e-01 1.107910275459289551e+00 6.325703859329223633e-01 1.969286203384399414e+00 9.114323258399963379e-01 1.069983243942260742e+00 1.732214093208312988e+00 1.447218894958496094e+00
3.313050866127014160e-01 2.532588243484497070e-01 5.950380563735961914e-01 4.825440943241119385e-01 3.242499828338623047e-01 4.064396023750305176e-01 2.947322130203247070e-01 5.813266038894653320e-01 8.086371421813964844e-01 5.755949020385742188e-01 7.169700264930725098e-01 1.093970060348510742e+00 7.192381620407104492e-01 7.943871021270751953e-01 8.703234195709228516e-01 2.344632625579833984e+00 2.022551536560058594e+00 7.177799940109252930e-01 1.113043308258056641e+00 1.431280136108398438e+00
3.906737267971038818e-01 3.566232621669769287e-01 3.042734861373901367e-01 3.694649338722229004e-01 2.864791452884674072e-01 4.480243921279907227e-01 3.135700225830078125e-01 5.795440077781677246e-01 2.745582759380340576e-01 6.643562316894531250e-01 7.486333847045898438e-01 7.651257514953613281e-01 1.012274384498596191e+00 1.225600242614746094e+00 1.139747738838195801e+00 9.681818485260009766e-01 2.126046895980834961e+00 1.120673894882202148e+00 1.391644477844238281e+00 1.432798266410827637e+00
2.986763119697570801e-01 4.753271639347076416e-01 2.671921849250793457e-01 3.662338256835937500e-01 3.458044528961181641e-01 3.209628462791442871e-01 4.033197760581970215e-01 7.930394411087036133e-01 4.943473339080810547e-01 4.066601395606994629e-01 8.636264801025390625e-01 6.709015369415283203e-01 1.069758772850036621e+00 9.143518209457397461e-01 1.462034225463867188e+00 1.122811198234558105e+00 6.804401874542236328e-01 1.182884931564331055e+00 1.239235877990722656e+00 1.564961552619934082e+00
6.451538801193237305e-01 4.623506069183349609e-01 3.297826647758483887e-01 3.779186308383941650e-01 5.692509412765502930e-01 3.746590316295623779e-01 4.023675918579101562e-01 4.963458180427551270e-01 3.683012425899505615e-01 4.865590631961822510e-01 3.675509691238403320e-01 5.148844718933105469e-01 7.439393401145935059e-01 8.000718951225280762e-01 8.672450780868530273e-01 1.123496294021606445e+00 1.351725578308105469e+00 1.248402237892150879e+00 7.033287882804870605e-01 1.188077211380004883e+00
5.207377672195434570e-01 1.747509241104125977e-01 1.945055574178695679e-01 4.083153605461120605e-01 3.063761293888092041e-01 3.170620203018188477e-01 3.227230906486511230e-01 4.263171553611755371e-01 2.058206498622894287e-01 3.373131752014160156e-01 4.395564198493957520e-01 7.831775546073913574e-01 8.814088106155395508e-01 1.194440722465515137e+00 9.623409509658813477e-01 1.630655527114868164e+00 1.286425113677978516e+00 1.154736757278442383e+00 8.503850102424621582e-01 1.088418006896972656e+00
5.023803710937500000e-01 3.540653288364410400e-01 3.140850663185119629e-01 2.321319580078125000e-01 4.442993998527526855e-01 3.340255022048950195e-01 2.985762953758239746e-01 5.069132447242736816e-01 4.055182933807373047e-01 3.416783213615417480e-01 4.129877090454101562e-01 5.355405211448669434e-01 8.238920569419860840e-01 1.361011266708374023e+00 7.435461282730102539e-01 1.330835580825805664e+00 1.359782695770263672e+00 2.722812652587890625e+00 1.396942496299743652e+00 1.233377695083618164e+00
3.619120717048645020e-01 3.248523473739624023e-01 3.642539978027343750e-01 3.244445323944091797e-01 2.936106920242309570e-01 2.421337515115737915e-01 3.494119346141815186e-01 6.448487043380737305e-01 5.304236412048339844e-01 4.069711267948150635e-01 3.762756884098052979e-01 5.592077970504760742e-01 5.186982750892639160e-01 1.001847624778747559e+00 8.199535608291625977e-01 1.788775444030761719e+00 6.551593542098999023e-01 1.010236740112304688e+00 9.387914538383483887e-01 1.017155408859252930e+00
1.605474501848220825e-01 5.332503318786621094e-01 2.016774863004684448e-01 4.405396580696105957e-01 3.965539336204528809e-01 4.525384306907653809e-01 2.949675619602203369e-01 4.795350134372711182e-01 5.028111338615417480e-01 5.193868279457092285e-01 6.348811388015747070e-01 9.851872920989990234e-01 6.238024234771728516e-01 8.223214149475097656e-01 8.580360412597656250e-01 1.000017642974853516e+00 8.598510026931762695e-01 1.526942968368530273e+00 1.213241696357727051e+00 8.197804689407348633e-01
2.149764001369476318e-01 3.515045046806335449e-01 3.736299574375152588e-01 6.310431957244873047e-01 4.746372997760772705e-01 3.497092723846435547e-01 4.555131196975708008e-01 4.984406232833862305e-01 3.789172172546386719e-01 1.226265430450439453e-01 4.968689382076263428e-01 6.883375048637390137e-01 3.647553920745849609e-01 3.291200995445251465e-01 5.560008287429809570e-01 5.610697269439697266e-01 1.034917116165161133e+00 9.566933512687683105e-01 1.600264072418212891e+00 1.344271540641784668e+00
1.537394970655441284e-01 5.823277235031127930e-01 1.964754462242126465e-01 2.259735316038131714e-01 5.339761972427368164e-01 5.774243474006652832e-01 3.818378448486328125e-01 3.237304985523223877e-01 3.544325828552246094e-01 2.927367687225341797e-01 2.834090888500213623e-01 4.398905038833618164e-01 4.653159379959106445e-01 4.124186635017395020e-01 5.356139540672302246e-01 6.379806995391845703e-01 7.044952511787414551e-01 8.594298362731933594e-01 9.270488619804382324e-01 9.659368991851806641e-01
6.255934238433837891e-01 2.928796410560607910e-01 6.820330023765563965e-01 3.410161137580871582e-01 7.658635377883911133e-01 5.830997228622436523e-01 2.943294346332550049e-01 4.541735053062438965e-01 4.018125832080841064e-01 5.434687733650207520e-01 8.310354948043823242e-01 4.557716250419616699e-01 3.983377814292907715e-01 5.784312486648559570e-01 2.209355235099792480e-01 4.511144757270812988e-01 5.196096897125244141e-01 5.101252198219299316e-01 6.205792427062988281e-01 8.621914386749267578e-01
4.131615161895751953e-01 6.888734102249145508e-01 5.595180392265319824e-01 2.302077412605285645e-01 4.545327723026275635e-01 4.393668770790100098e-01 2.260488420724868774e-01 3.546151518821716309e-01 7.067676186561584473e-01 3.784425258636474609e-01 3.881547451019287109e-01 4.265703856945037842e-01 6.110360622406005859e-01 3.207794129848480225e-01 6.261554956436157227e-01 5.009299516677856445e-01 4.847117960453033447e-01 6.240406036376953125e-01 3.216623067855834961e-01 7.979809641838073730e-01
3.468001186847686768e-01 7.291873693466186523e-01 3.935298323631286621e-01 5.881385803222656250e-01 6.774898767471313477e-01 4.689872264862060547e-01 6.545425653457641602e-01 3.674423694610595703e-01 5.065093040466308594e-01 3.483297228813171387e-01 1.665500700473785400e-01 3.061222434043884277e-01 2.929468452930450439e-01 4.018269181251525879e-01 3.483609557151794434e-01 2.865724563598632812e-01 1.824075579643249512e-01 3.634607791900634766e-01 7.337616682052612305e-01 7.939544916152954102e-01
6.078402996063232422e-01 5.519634485244750977e-01 7.963255643844604492e-01 9.082947969436645508e-01 4.044882655143737793e-01 5.229776501655578613e-01 6.412469744682312012e-01 2.996462583541870117e-01 4.709179699420928955e-01 5.997492671012878418e-01 3.143605589866638184e-01 3.841703236103057861e-01 4.062543213367462158e-01 4.877056479454040527e-01 3.461224436759948730e-01 2.711194157600402832e-01 4.397342801094055176e-01 3.660435974597930908e-01 7.920665740966796875e-01 4.309386610984802246e-01
7.239789962768554688e-01 6.009616851806640625e-01 9.650828838348388672e-01 6.313383579254150391e-01 5.535596609115600586e-01 4.207755327224731445e-01 4.771549105644226074e-01 3.218041062355041504e-01 5.593389272689819336e-01 5.615141391754150391e-01 3.920733332633972168e-01 4.425828456878662109e-01 1.779240220785140991e-01 3.574122190475463867e-01 3.936857879161834717e-01 4.321398138999938965e-01 3.375551998615264893e-01 6.629435420036315918e-01 4.493125379085540771e-01 8.565383553504943848e-01
5.035284161567687988e-01 6.684184670448303223e-01 7.994686365127563477e-01 5.111745595932006836e-01 4.325280189514160156e-01 1.013782501220703125e+00 8.760563135147094727e-01 5.284763574600219727e-01 4.644941985607147217e-01 8.170384764671325684e-01 4.668709039688110352e-01 1.124262511730194092e-01 3.950119018554687500e-01 5.645254254341125488e-01 4.379115998744964600e-01 2.709650099277496338e-01 2.671860158443450928e-01 4.609194993972778320e-01 7.007490396499633789e-01 2.550445795059204102e-01
7.716829776763916016e-01 4.932509660720825195e-01 5.945171713829040527e-01 5.419276356697082520e-01 6.634851098060607910e-01 3.992955684661865234e-01 5.781168937683105469e-01 5.313259363174438477e-01 6.627047061920166016e-01 4.776316881179809570e-01 4.724763631820678711e-01 8.671004772186279297e-01 5.706368684768676758e-01 6.921993494033813477e-01 4.083303213119506836e-01 3.852975368499755859e-01 4.281225204467773438e-01 4.182419180870056152e-01 4.544481337070465088e-01 3.896999955177307129e-01
