2018-07-24 08:15:00
4.171630144119262695e-01 2.896578907966613770e-01 5.463420748710632324e-01 4.999682903289794922e-01 3.448796868324279785e-01 2.926162183284759521e-01 2.502092421054840088e-01 3.762628436088562012e-01 7.326687574386596680e-01 6.060248613357543945e-01 4.332854449748992920e-01 6.109307408332824707e-01 4.058024287223815918e-01 6.647109389305114746e-01 6.205488443374633789e-01 3.794388175010681152e-01 8.969037532806396484e-01 3.847745656967163086e-01 6.150876879692077637e-01 5.749931335449218750e-01
4.752575457096099854e-01 5.759091973304748535e-01 3.864309787750244141e-01 5.083421468734741211e-01 6.242910623550415039e-01 1.095891296863555908e-01 4.067501127719879150e-01 1.782585680484771729e-01 4.072390496730804443e-01 3.199134469032287598e-01 3.839747905731201172e-01 2.970163524150848389e-01 9.238288402557373047e-01 4.815978109836578369e-01 5.325658321380615234e-01 4.336110949516296387e-01 4.563109278678894043e-01 4.205850958824157715e-01 5.253363847732543945e-01 6.430213451385498047e-01
6.523166894912719727e-01 3.827747702598571777e-01 4.177022576332092285e-01 5.009096264839172363e-01 4.059923291206359863e-01 3.394921422004699707e-01 3.388089537620544434e-01 3.100611567497253418e-01 3.622230887413024902e-01 3.860885798931121826e-01 5.695988535881042480e-01 4.075609743595123291e-01 4.528332948684692383e-01 3.040329217910766602e-01 4.999091923236846924e-01 6.854685544967651367e-01 7.369791865348815918e-01 2.698531150817871094e-01 5.417240262031555176e-01 4.208974838256835938e-01
2.897539138793945312e-01 5.230022072792053223e-01 4.993768930435180664e-01 3.474340438842773438e-01 4.038054943084716797e-01 4.408790469169616699e-01 3.586192727088928223e-01 3.401429057121276855e-01 3.490827381610870361e-01 2.810003757476806641e-01 4.916254580020904541e-01 4.801691174507141113e-01 5.321947336196899414e-01 7.012903690338134766e-01 7.225807905197143555e-01 6.677923202514648438e-01 3.560264408588409424e-01 2.988839745521545410e-01 3.526746332645416260e-01 5.686413049697875977e-01
4.663775563240051270e-01 5.450079441070556641e-01 2.839644551277160645e-01 5.403076410293579102e-01 5.291489362716674805e-01 6.317821741104125977e-01 5.105873346328735352e-01 3.110898137092590332e-01 9.418199658393859863e-01 6.528838872909545898e-01 2.107540667057037354e-01 3.175622522830963135e-01 4.706561267375946045e-01 4.690278172492980957e-01 4.287313818931579590e-01 4.551582634449005127e-01 6.945040225982666016e-01 1.017340660095214844e+00 6.865828037261962891e-01 7.727953195571899414e-01
3.328410983085632324e-01 5.453519821166992188e-01 3.009317517280578613e-01 1.624301671981811523e-01 5.516237020492553711e-01 5.735153555870056152e-01 2.927279174327850342e-01 3.513195812702178955e-01 2.501695752143859863e-01 1.458618342876434326e-01 2.909012436866760254e-01 4.679906964302062988e-01 3.680824637413024902e-01 6.076738834381103516e-01 6.382613182067871094e-01 8.057274818420410156e-01 7.539228200912475586e-01 8.389818668365478516e-01 4.021804928779602051e-01 8.868638277053833008e-01
6.649261116981506348e-01 5.725005269050598145e-01 2.307191044092178345e-01 4.510437846183776855e-01 3.641700148582458496e-01 2.494145333766937256e-01 2.613251805305480957e-01 2.392615228891372681e-01 3.428701758384704590e-01 4.521185159683227539e-01 2.148486822843551636e-01 2.799082398414611816e-01 1.608693599700927734e-01 8.746873736381530762e-01 5.227992534637451172e-01 8.996322154998779297e-01 5.109974741935729980e-01 8.840886950492858887e-01 3.380749225616455078e-01 3.132505714893341064e-01
2.400136590003967285e-01 3.943228125572204590e-01 3.721872568130493164e-01 2.799265682697296143e-01 1.353314369916915894e-01 2.572125792503356934e-01 2.698874771595001221e-01 3.723525404930114746e-01 3.317870497703552246e-01 4.156071543693542480e-01 2.173817753791809082e-01 3.255216181278228760e-01 5.648714303970336914e-01 3.276414871215820312e-01 4.072534143924713135e-01 8.302289843559265137e-01 7.144766449928283691e-01 4.797930717468261719e-01 5.949516296386718750e-01 6.052582859992980957e-01
3.134409785270690918e-01 5.089229345321655273e-01 3.097574710845947266e-01 4.967308640480041504e-01 2.491828352212905884e-01 2.037537395954132080e-01 3.400544226169586182e-01 5.357009172439575195e-01 4.836826324462890625e-01 2.080548107624053955e-01 4.126675724983215332e-01 3.825133442878723145e-01 3.717817068099975586e-01 6.232826709747314453e-01 6.637415289878845215e-01 9.175278544425964355e-01 5.415081381797790527e-01 1.077452421188354492e+00 6.418640017509460449e-01 2.825736701488494873e-01
4.008331894874572754e-01 3.335645198822021484e-01 3.731296062469482422e-01 4.303303360939025879e-01 2.244203835725784302e-01 4.554712176322937012e-01 4.989793598651885986e-01 2.732962965965270996e-01 3.959522247314453125e-01 3.708733320236206055e-01 3.588456809520721436e-01 1.658706963062286377e-01 6.679486036300659180e-01 4.224388897418975830e-01 4.788954555988311768e-01 5.070737600326538086e-01 6.983041763305664062e-01 6.064407229423522949e-01 8.618175387382507324e-01 4.827605783939361572e-01
4.860635399818420410e-01 1.927739679813385010e-01 2.303654551506042480e-01 5.356556773185729980e-01 5.514069795608520508e-01 4.099287390708923340e-01 3.318660259246826172e-01 2.466914951801300049e-01 4.626712203025817871e-01 6.789590716361999512e-01 5.761340856552124023e-01 5.319091081619262695e-01 4.070243835449218750e-01 5.448981523513793945e-01 2.152150273323059082e-01 2.179856896400451660e-01 5.934849381446838379e-01 7.243884205818176270e-01 6.250954866409301758e-01 6.042146682739257812e-01
4.874399900436401367e-01 1.783196032047271729e-01 3.295003473758697510e-01 2.833667695522308350e-01 3.699392974376678467e-01 2.627117037773132324e-01 2.887749671936035156e-01 4.757074713706970215e-01 3.895950913429260254e-01 5.903388261795043945e-01 4.302004575729370117e-01 2.248160690069198608e-01 2.118707597255706787e-01 4.391008615493774414e-01 3.919334113597869873e-01 4.755416512489318848e-01 2.856857180595397949e-01 3.759257793426513672e-01 5.518860816955566406e-01 4.973602294921875000e-01
2.745907902717590332e-01 5.736063718795776367e-01 1.632888466119766235e-01 2.476379126310348511e-01 3.194347023963928223e-01 3.440571129322052002e-01 4.571812748908996582e-01 3.496125936508178711e-01 5.255663990974426270e-01 6.617859005928039551e-01 5.867409706115722656e-01 3.854675889015197754e-01 4.728977382183074951e-01 3.889806866645812988e-01 4.372763931751251221e-01 2.881700098514556885e-01 4.281056523323059082e-01 4.485703110694885254e-01 3.861895203590393066e-01 6.047805547714233398e-01
2.838628292083740234e-01 4.047638773918151855e-01 3.591015934944152832e-01 3.893234133720397949e-01 4.072486162185668945e-01 2.677807211875915527e-01 2.738173007965087891e-01 6.500075459480285645e-01 5.521692633628845215e-01 4.683355391025543213e-01 4.379656910896301270e-01 3.924510180950164795e-01 2.843671143054962158e-01 4.431326389312744141e-01 4.765565097332000732e-01 9.283559024333953857e-02 4.936110377311706543e-01 4.373581409454345703e-01 4.926078319549560547e-01 5.079119205474853516e-01
3.329991996288299561e-01 2.184340953826904297e-01 6.040858030319213867e-01 2.727990448474884033e-01 4.125255048274993896e-01 2.953763902187347412e-01 6.273635625839233398e-01 5.117973089218139648e-01 5.530440211296081543e-01 4.437536895275115967e-01 2.630060315132141113e-01 3.896561264991760254e-01 5.108540654182434082e-01 1.775500178337097168e-01 2.871696352958679199e-01 2.348411679267883301e-01 3.861938118934631348e-01 2.204732298851013184e-01 4.256464838981628418e-01 3.290563225746154785e-01
2.783861160278320312e-01 5.730933547019958496e-01 4.366117715835571289e-01 4.098922014236450195e-01 6.783069372177124023e-01 4.185196161270141602e-01 5.961117744445800781e-01 2.451941668987274170e-01 5.795773267745971680e-01 4.044490754604339600e-01 4.637227654457092285e-01 4.706442356109619141e-01 1.580111980438232422e-01 2.750222682952880859e-01 4.123986959457397461e-01 4.750319123268127441e-01 4.820620715618133545e-01 2.530303299427032471e-01 6.005479097366333008e-01 2.860574126243591309e-01
1.333370506763458252e-01 4.453015327453613281e-01 5.340762734413146973e-01 3.564426898956298828e-01 7.008070945739746094e-01 4.736470580101013184e-01 5.803029537200927734e-01 3.663530349731445312e-01 5.680716633796691895e-01 2.618992030620574951e-01 7.163333892822265625e-01 2.998549342155456543e-01 3.469167351722717285e-01 2.581784725189208984e-01 3.574972152709960938e-01 6.557608842849731445e-01 3.410212993621826172e-01 3.094828426837921143e-01 5.779546499252319336e-01 5.509623289108276367e-01
2.136796861886978149e-01 2.674858272075653076e-01 5.076415538787841797e-01 3.160719871520996094e-01 3.141900300979614258e-01 2.987827658653259277e-01 2.621767818927764893e-01 3.990885019302368164e-01 3.098929524421691895e-01 2.878587841987609863e-01 4.382783770561218262e-01 3.439833819866180420e-01 2.701032459735870361e-01 5.799945592880249023e-01 3.257696628570556641e-01 5.008105635643005371e-01 7.292709350585937500e-01 3.734669983386993408e-01 4.444035887718200684e-01 4.282144308090209961e-01
3.621250987052917480e-01 3.233972489833831787e-01 6.345257163047790527e-01 3.992747366428375244e-01 4.062939286231994629e-01 4.870882630348205566e-01 5.797216892242431641e-01 3.200011849403381348e-01 5.353453159332275391e-01 8.698051571846008301e-01 8.459985256195068359e-01 3.901930451393127441e-01 3.307125270366668701e-01 3.488937616348266602e-01 5.082270503044128418e-01 4.647237658500671387e-01 2.891456484794616699e-01 4.203792810440063477e-01 3.674564361572265625e-01 3.224081397056579590e-01
4.964189231395721436e-01 1.023942008614540100e-01 4.228678941726684570e-01 3.205562531948089600e-01 3.789406418800354004e-01 5.966242551803588867e-01 2.352593839168548584e-01 4.433276057243347168e-01 1.407900154590606689e-01 4.316264092922210693e-01 2.757301032543182373e-01 6.415233612060546875e-01 5.316039323806762695e-01 3.135287761688232422e-01 4.556210637092590332e-01 3.266174197196960449e-01 3.615065813064575195e-01 4.830027818679809570e-01 3.992372155189514160e-01 4.091479182243347168e-01
