2018-07-24 08:30:00
6.050709486007690430e-01 4.352535009384155273e-01 8.392844200134277344e-01 3.861753344535827637e-01 1.893742829561233521e-01 3.842653632164001465e-01 5.200281739234924316e-01 2.343048751354217529e-01 4.698566198348999023e-01 5.136168599128723145e-01 6.316187381744384766e-01 2.910386323928833008e-01 4.159738123416900635e-01 6.440746784210205078e-01 8.775775432586669922e-01 5.567343235015869141e-01 4.116889238357543945e-01 7.273142337799072266e-01 4.892119765281677246e-01 7.482028007507324219e-01
2.805250287055969238e-01 4.567726254463195801e-01 5.124949216842651367e-01 2.269341200590133667e-01 5.550091862678527832e-01 2.189341038465499878e-01 3.231871724128723145e-01 2.369951605796813965e-01 1.712907254695892334e-01 3.306357860565185547e-01 4.220764636993408203e-01 2.573471069335937500e-01 4.352383613586425781e-01 5.672262907028198242e-01 5.164154171943664551e-01 1.110483407974243164e+00 6.827531456947326660e-01 4.986170530319213867e-01 3.777919113636016846e-01 1.068178772926330566e+00
2.843329310417175293e-01 3.687092065811157227e-01 4.517365992069244385e-01 4.798114299774169922e-01 5.296192169189453125e-01 6.947158575057983398e-01 5.439647436141967773e-01 3.203380107879638672e-01 2.841653227806091309e-01 3.887421190738677979e-01 4.962716698646545410e-01 4.700686931610107422e-01 4.432246088981628418e-01 5.445243716239929199e-01 7.429976463317871094e-01 7.198402285575866699e-01 2.630790472030639648e-01 4.787315726280212402e-01 6.205617189407348633e-01 1.055395960807800293e+00
4.427802562713623047e-01 2.288128137588500977e-01 4.340985715389251709e-01 4.358835220336914062e-01 2.736409902572631836e-01 1.491403579711914062e-01 3.531149625778198242e-01 2.492952197790145874e-01 2.487161457538604736e-01 8.481992483139038086e-01 2.953628599643707275e-01 3.419211208820343018e-01 3.265450000762939453e-01 5.685957670211791992e-01 3.449348509311676025e-01 1.106399536132812500e+00 5.469013452529907227e-01 1.179596662521362305e+00 9.622262120246887207e-01 7.412823438644409180e-01
4.366462826728820801e-01 4.947876334190368652e-01 4.281045794486999512e-01 3.001533150672912598e-01 2.158921211957931519e-01 3.052691817283630371e-01 4.496901929378509521e-01 5.077724456787109375e-01 8.430091142654418945e-01 1.458587646484375000e-01 3.631143569946289062e-01 5.161853432655334473e-01 5.035360455513000488e-01 5.030359029769897461e-01 3.652674853801727295e-01 9.900194406509399414e-01 1.372614502906799316e+00 5.989788174629211426e-01 7.343152165412902832e-01 9.923530817031860352e-01
3.718847334384918213e-01 3.642227649688720703e-01 4.523340463638305664e-01 1.022298783063888550e-01 3.687180280685424805e-01 2.869430184364318848e-01 3.835963904857635498e-01 6.338295936584472656e-01 3.430671393871307373e-01 2.718581259250640869e-01 1.964896321296691895e-01 6.279680132865905762e-01 3.318787217140197754e-01 6.329718828201293945e-01 7.594661712646484375e-01 5.523741245269775391e-01 1.169958114624023438e+00 5.549218654632568359e-01 7.364239692687988281e-01 9.837824106216430664e-01
4.080893397331237793e-01 5.765438079833984375e-01 5.284984707832336426e-01 1.870233565568923950e-01 2.937732338905334473e-01 7.137907147407531738e-01 4.917352795600891113e-01 3.574149012565612793e-01 4.314740300178527832e-01 3.454739153385162354e-01 2.678889632225036621e-01 3.173693418502807617e-01 6.160317063331604004e-01 2.590247690677642822e-01 4.739083647727966309e-01 7.950717210769653320e-01 1.153259992599487305e+00 1.190796017646789551e+00 3.846847414970397949e-01 8.358768224716186523e-01
4.567869305610656738e-01 4.261499643325805664e-01 1.788848042488098145e-01 3.461537361145019531e-01 5.409924313426017761e-02 1.312597990036010742e-01 2.013934105634689331e-01 4.688898324966430664e-01 3.639366030693054199e-01 2.374942302703857422e-01 3.343479633331298828e-01 2.640187442302703857e-01 4.741205573081970215e-01 4.066821932792663574e-01 7.195388078689575195e-01 3.711889088153839111e-01 6.858055591583251953e-01 7.135498523712158203e-01 6.201517581939697266e-01 7.008877992630004883e-01
2.284330725669860840e-01 3.081677258014678955e-01 3.149520754814147949e-01 3.983939290046691895e-01 4.454813897609710693e-01 3.685602545738220215e-01 2.314980924129486084e-01 3.168230950832366943e-01 3.366681337356567383e-01 4.887636303901672363e-01 1.951688230037689209e-01 3.887052834033966064e-01 5.518916249275207520e-01 5.847296714782714844e-01 5.306636095046997070e-01 5.561885833740234375e-01 5.917516946792602539e-01 5.189647674560546875e-01 8.355765342712402344e-01 6.128675341606140137e-01
3.482016921043395996e-01 4.202536642551422119e-01 2.664644420146942139e-01 3.131667673587799072e-01 3.368911445140838623e-01 3.910951614379882812e-01 3.188100755214691162e-01 2.514720261096954346e-01 3.746252655982971191e-01 3.681631684303283691e-01 2.593013644218444824e-01 1.568718403577804565e-01 3.397090137004852295e-01 2.271322011947631836e-01 5.223823189735412598e-01 3.300042748451232910e-01 2.952449023723602295e-01 7.846797704696655273e-01 8.534694910049438477e-01 2.429785877466201782e-01
4.600746631622314453e-01 2.500106096267700195e-01 4.555587470531463623e-01 1.949263215065002441e-01 1.861582994461059570e-01 4.490389823913574219e-01 8.207932859659194946e-02 2.091555297374725342e-01 4.831206202507019043e-01 2.238289415836334229e-01 3.521626293659210205e-01 6.672881543636322021e-02 2.521836459636688232e-01 2.247825413942337036e-01 3.777908086776733398e-01 2.776638567447662354e-01 2.642571032047271729e-01 5.289589166641235352e-01 3.741496503353118896e-01 3.352464437484741211e-01
2.808401882648468018e-01 4.391807317733764648e-01 2.586480975151062012e-01 3.080182969570159912e-01 4.673202037811279297e-01 1.863431036472320557e-01 3.185749650001525879e-01 3.248178362846374512e-01 4.183911681175231934e-01 5.003416538238525391e-01 4.853484928607940674e-01 2.701380550861358643e-01 3.623478412628173828e-01 1.900379210710525513e-01 6.231478452682495117e-01 2.986331582069396973e-01 2.419717907905578613e-01 4.237194359302520752e-01 3.158927559852600098e-01 7.428928017616271973e-01
3.221811950206756592e-01 2.214869409799575806e-01 6.326103806495666504e-01 3.016564846038818359e-01 3.416790962219238281e-01 2.686207294464111328e-01 2.966304421424865723e-01 3.606452345848083496e-01 2.760715782642364502e-01 5.907396078109741211e-01 2.540453076362609863e-01 4.568247795104980469e-01 2.324014157056808472e-01 4.262638688087463379e-01 3.281228840351104736e-01 2.649939656257629395e-01 2.605321407318115234e-01 1.893972158432006836e-01 3.858593106269836426e-01 3.211565315723419189e-01
8.531647920608520508e-02 2.489120215177536011e-01 4.856650233268737793e-01 3.632836341857910156e-01 2.547875046730041504e-01 3.357103466987609863e-01 2.483746260404586792e-01 4.569481015205383301e-01 2.672806680202484131e-01 4.596561789512634277e-01 2.278943359851837158e-01 3.271672129631042480e-01 3.247249722480773926e-01 4.414210021495819092e-01 2.475849390029907227e-01 8.383918553590774536e-02 2.173898816108703613e-01 1.246718093752861023e-01 3.409804105758666992e-01 3.242657482624053955e-01
2.288701534271240234e-01 3.006278872489929199e-01 3.516745567321777344e-01 1.606381982564926147e-01 4.171721339225769043e-01 4.313135743141174316e-01 2.781559824943542480e-01 3.299182057380676270e-01 6.338537335395812988e-01 4.987651109695434570e-01 5.920713543891906738e-01 2.967987358570098877e-01 5.285426378250122070e-01 2.376562803983688354e-01 2.533337175846099854e-01 5.200987458229064941e-01 2.732738256454467773e-01 3.540997505187988281e-01 3.594007194042205811e-01 2.582255601882934570e-01
1.183824539184570312e-01 4.188783168792724609e-01 2.331989258527755737e-01 8.496280908584594727e-01 5.426973104476928711e-01 3.042013049125671387e-01 6.699043512344360352e-01 4.684809446334838867e-01 5.297755599021911621e-01 3.217072486877441406e-01 3.787282109260559082e-01 3.447957932949066162e-01 2.772272229194641113e-01 3.440511822700500488e-01 3.104130029678344727e-01 8.748628199100494385e-02 2.938634157180786133e-01 3.335310220718383789e-01 2.589997947216033936e-01 3.624201416969299316e-01
2.108847796916961670e-01 3.771591782569885254e-01 2.422196865081787109e-01 5.605123043060302734e-01 6.603697538375854492e-01 6.715983152389526367e-01 1.893405765295028687e-01 2.926767468452453613e-01 6.171975135803222656e-01 2.797135114669799805e-01 6.156603097915649414e-01 3.840737938880920410e-01 5.629155635833740234e-01 1.587731540203094482e-01 3.828356862068176270e-01 3.231652379035949707e-01 2.354490160942077637e-01 2.499262094497680664e-01 1.427196860313415527e-01 1.555637121200561523e-01
4.908151030540466309e-01 3.545452058315277100e-01 5.517520308494567871e-01 5.864107012748718262e-01 3.745701611042022705e-01 2.839099168777465820e-01 4.022667407989501953e-01 5.606433153152465820e-01 2.649435400962829590e-01 4.263131022453308105e-01 3.095846176147460938e-01 3.423559665679931641e-01 2.248879969120025635e-01 2.768014371395111084e-01 2.278095483779907227e-01 4.021923542022705078e-01 7.712004333734512329e-02 1.890415847301483154e-01 2.054761499166488647e-01 1.631931811571121216e-01
3.872890472412109375e-01 3.576481938362121582e-01 6.533663272857666016e-01 5.916699171066284180e-01 5.098971128463745117e-01 3.920605182647705078e-01 4.990430772304534912e-01 4.135442674160003662e-01 5.355873107910156250e-01 5.068414807319641113e-01 2.712451517581939697e-01 3.010896444320678711e-01 3.765547275543212891e-01 4.226937890052795410e-01 1.887862980365753174e-01 5.419862270355224609e-01 1.639093458652496338e-01 2.119602859020233154e-01 2.206259667873382568e-01 3.299598693847656250e-01
2.611251771450042725e-01 2.053851783275604248e-01 5.650593638420104980e-01 1.283758878707885742e-01 4.762902259826660156e-01 3.139940202236175537e-01 5.091736316680908203e-01 4.511549174785614014e-01 3.732947707176208496e-01 4.248026013374328613e-01 6.031700968742370605e-01 4.029937386512756348e-01 2.409291267395019531e-01 3.737525641918182373e-01 1.301339864730834961e-01 5.909107327461242676e-01 2.993801832199096680e-01 7.540950179100036621e-02 2.398960739374160767e-01 4.110218286514282227e-01
