2018-07-24 08:45:00
6.958748102188110352e-01 4.573159515857696533e-01 7.806698679924011230e-01 4.672760367393493652e-01 2.642122209072113037e-01 2.569648325443267822e-01 3.316261768341064453e-01 4.197084605693817139e-01 4.404941499233245850e-01 4.699291586875915527e-01 3.556635379791259766e-01 4.626653194427490234e-01 3.896431326866149902e-01 4.024120569229125977e-01 3.981665372848510742e-01 2.880135774612426758e-01 2.853049039840698242e-01 4.000750482082366943e-01 3.424614965915679932e-01 5.545942783355712891e-01
2.097142785787582397e-01 8.746911883354187012e-01 2.985806465148925781e-01 2.050187140703201294e-01 3.765916228294372559e-01 4.960001111030578613e-01 4.339746534824371338e-01 4.266183674335479736e-01 4.538633823394775391e-01 4.291251301765441895e-01 4.231745004653930664e-01 3.340160846710205078e-01 5.350131988525390625e-01 3.424265980720520020e-01 6.368821263313293457e-01 5.347542762756347656e-01 2.812120914459228516e-01 5.911778807640075684e-01 4.482603669166564941e-01 5.348356962203979492e-01
5.797401666641235352e-01 7.002390027046203613e-01 4.723162651062011719e-01 4.602960646152496338e-01 2.425647974014282227e-01 2.403064072132110596e-01 8.392851352691650391e-01 2.240172624588012695e-01 4.462481141090393066e-01 3.398393392562866211e-01 3.563451766967773438e-01 4.900158941745758057e-01 2.817351222038269043e-01 5.206671953201293945e-01 5.356166958808898926e-01 6.006456613540649414e-01 2.842720746994018555e-01 6.726462244987487793e-01 4.026916027069091797e-01 3.804238736629486084e-01
2.286283522844314575e-01 4.213377535343170166e-01 5.852041244506835938e-01 3.674345016479492188e-01 3.697842955589294434e-01 3.130077123641967773e-01 3.443813920021057129e-01 3.784361481666564941e-01 3.601998686790466309e-01 6.388767957687377930e-01 2.069965898990631104e-01 1.282706856727600098e-01 5.061160326004028320e-01 5.459721088409423828e-01 5.904829502105712891e-01 6.960488557815551758e-01 5.811056494712829590e-01 7.092841863632202148e-01 3.065672814846038818e-01 5.295842289924621582e-01
3.007342517375946045e-01 4.063037037849426270e-01 4.999181032180786133e-01 3.645163178443908691e-01 3.905358910560607910e-01 6.132550239562988281e-01 2.223227024078369141e-01 4.107812047004699707e-01 6.665827035903930664e-01 5.793861150741577148e-01 3.781342506408691406e-01 4.183582067489624023e-01 2.796773612499237061e-01 4.610028564929962158e-01 7.110531926155090332e-01 4.847057461738586426e-01 8.780028223991394043e-01 7.771487236022949219e-01 5.783050060272216797e-01 4.807809293270111084e-01
3.499652445316314697e-01 3.071670532226562500e-01 4.053155183792114258e-01 4.108606874942779541e-01 1.223099678754806519e-01 2.648552954196929932e-01 1.821288168430328369e-01 4.963389039039611816e-01 5.032472014427185059e-01 2.083985656499862671e-01 2.658877372741699219e-01 6.238434314727783203e-01 4.235139489173889160e-01 5.607444047927856445e-01 5.798722505569458008e-01 5.347153544425964355e-01 6.918486356735229492e-01 4.480196535587310791e-01 5.095217227935791016e-01 2.760116159915924072e-01
4.413100183010101318e-01 2.241455763578414917e-01 4.550011157989501953e-01 1.541759371757507324e-01 7.396180629730224609e-01 4.297545254230499268e-01 4.454770684242248535e-01 2.899504899978637695e-01 2.352950572967529297e-01 3.180056810379028320e-01 4.240780472755432129e-01 2.107678055763244629e-01 2.998737096786499023e-01 4.023424685001373291e-01 4.404862821102142334e-01 6.079163551330566406e-01 7.874280810356140137e-01 8.262456059455871582e-01 5.655436515808105469e-01 2.570993006229400635e-01
4.224166274070739746e-01 2.991576492786407471e-01 2.791135907173156738e-01 4.842401444911956787e-01 3.425480723381042480e-01 3.131424486637115479e-01 5.043982267379760742e-01 3.426051735877990723e-01 3.618925511837005615e-01 4.635402560234069824e-01 3.926301598548889160e-01 2.674852013587951660e-01 3.966557979583740234e-01 8.030747175216674805e-01 4.346151947975158691e-01 4.863027632236480713e-01 5.452440381050109863e-01 8.551875948905944824e-01 5.046246051788330078e-01 5.425043702125549316e-01
3.003108203411102295e-01 2.704839706420898438e-01 3.290421962738037109e-01 5.800149440765380859e-01 2.621188163757324219e-01 1.227404698729515076e-01 3.003535270690917969e-01 3.664444088935852051e-01 4.349773526191711426e-01 4.424496293067932129e-01 3.751660883426666260e-01 5.659614801406860352e-01 5.602281093597412109e-01 3.970311880111694336e-01 7.132249474525451660e-01 5.257240533828735352e-01 6.573290228843688965e-01 7.478989958763122559e-01 6.571534276008605957e-01 1.584155708551406860e-01
5.655298233032226562e-01 4.327133297920227051e-01 3.801767230033874512e-01 2.865085303783416748e-01 4.509737491607666016e-01 4.897230267524719238e-01 3.290090560913085938e-01 4.601617455482482910e-01 3.427487015724182129e-01 1.011411547660827637e+00 3.691934943199157715e-01 2.520700693130493164e-01 2.438846975564956665e-01 1.809184849262237549e-01 3.898123204708099365e-01 5.790216922760009766e-01 5.806427001953125000e-01 5.036896467208862305e-01 4.701930880546569824e-01 2.880650758743286133e-01
2.749331593513488770e-01 4.065110087394714355e-01 4.293651580810546875e-01 4.367733001708984375e-01 3.223121762275695801e-01 2.139036208391189575e-01 2.787181437015533447e-01 4.937436878681182861e-01 4.396020770072937012e-01 5.930445194244384766e-01 3.079752326011657715e-01 3.636429905891418457e-01 1.677508652210235596e-01 3.187832236289978027e-01 4.520340561866760254e-01 3.403435051441192627e-01 3.284166455268859863e-01 5.195099711418151855e-01 4.270535111427307129e-01 3.875231146812438965e-01
3.360961079597473145e-01 1.901875287294387817e-01 4.133401513099670410e-01 3.001073002815246582e-01 2.566938698291778564e-01 4.379955530166625977e-01 3.565374910831451416e-01 3.673218488693237305e-01 4.229226112365722656e-01 2.881831824779510498e-01 3.244152069091796875e-01 2.957800626754760742e-01 2.549840807914733887e-01 1.453385353088378906e-01 4.519256651401519775e-01 6.393438577651977539e-01 4.072462618350982666e-01 4.356525540351867676e-01 3.311327099800109863e-01 4.517668485641479492e-01
5.029363036155700684e-01 5.245974659919738770e-01 3.851812481880187988e-01 3.174315989017486572e-01 4.668155908584594727e-01 5.308823585510253906e-01 3.227530121803283691e-01 2.093199640512466431e-01 3.695166707038879395e-01 4.357582330703735352e-01 4.583523273468017578e-01 3.402829766273498535e-01 4.174913167953491211e-01 2.213131785392761230e-01 2.566610574722290039e-01 4.005835056304931641e-01 3.253927826881408691e-01 3.460983633995056152e-01 3.320055007934570312e-01 3.140091598033905029e-01
3.009010255336761475e-01 5.979554653167724609e-01 3.927618563175201416e-01 5.630359649658203125e-01 3.352775275707244873e-01 2.633205056190490723e-01 4.691433310508728027e-01 3.953034281730651855e-01 5.047624111175537109e-01 6.262428760528564453e-01 3.891854584217071533e-01 3.015015721321105957e-01 2.339977473020553589e-01 4.666279852390289307e-01 2.965958416461944580e-01 1.729374527931213379e-01 4.319971799850463867e-01 4.834037721157073975e-01 3.483908772468566895e-01 4.944313466548919678e-01
4.322658777236938477e-01 3.235609233379364014e-01 3.056409358978271484e-01 4.763564467430114746e-01 4.645048081874847412e-01 5.432648658752441406e-01 5.603368282318115234e-01 1.957852095365524292e-01 3.719889819622039795e-01 5.019314289093017578e-01 4.609030783176422119e-01 4.585562646389007568e-01 6.073831915855407715e-01 3.816390633583068848e-01 1.005678102374076843e-01 5.636245012283325195e-01 2.055231034755706787e-01 2.626645565032958984e-01 3.355556130409240723e-01 2.354073971509933472e-01
3.009373843669891357e-01 3.278630971908569336e-01 2.600578665733337402e-01 4.305907189846038818e-01 4.497212469577789307e-01 5.402771234512329102e-01 4.688811898231506348e-01 4.349916279315948486e-01 3.212819695472717285e-01 3.792009949684143066e-01 4.821336269378662109e-01 2.885932922363281250e-01 3.126045465469360352e-01 3.731668889522552490e-01 4.004458189010620117e-01 3.612421452999114990e-01 4.850287735462188721e-01 2.524031400680541992e-01 5.145304203033447266e-01 3.108018934726715088e-01
3.694964051246643066e-01 4.266197085380554199e-01 4.527212977409362793e-01 4.229590296745300293e-01 8.829452991485595703e-01 6.797244548797607422e-01 2.820784747600555420e-01 4.349033236503601074e-01 6.374290585517883301e-01 5.500097274780273438e-01 4.025354683399200439e-01 3.791074752807617188e-01 1.547686159610748291e-01 2.052657902240753174e-01 4.369823634624481201e-01 2.761504352092742920e-01 3.100811243057250977e-01 2.453014254570007324e-01 5.390458106994628906e-01 1.579435765743255615e-01
4.016284048557281494e-01 5.041083097457885742e-01 3.724107146263122559e-01 3.901840746402740479e-01 4.343241751194000244e-01 2.948004603385925293e-01 1.929508149623870850e-01 3.629489541053771973e-01 4.833278357982635498e-01 3.671206235885620117e-01 1.816904246807098389e-01 2.677343189716339111e-01 4.238213002681732178e-01 1.856603324413299561e-01 1.135401129722595215e-01 3.245985507965087891e-01 5.116587877273559570e-01 2.643838524818420410e-01 6.078362464904785156e-01 5.166026949882507324e-01
3.958284854888916016e-01 5.681695342063903809e-01 5.949666500091552734e-01 3.802944421768188477e-01 3.318554162979125977e-01 3.344078361988067627e-01 5.476820468902587891e-01 5.520408749580383301e-01 1.091998815536499023e-01 4.905607104301452637e-01 6.112241744995117188e-01 5.802199840545654297e-01 3.259149789810180664e-01 6.078029870986938477e-01 2.140211164951324463e-01 5.582336187362670898e-01 3.166408538818359375e-01 3.632160723209381104e-01 3.703969717025756836e-01 4.985896646976470947e-01
3.005937337875366211e-01 3.793776035308837891e-01 6.550273299217224121e-01 5.257616639137268066e-01 3.958553373813629150e-01 1.095208339393138885e-02 1.828871667385101318e-01 3.673385977745056152e-01 2.994257807731628418e-01 3.997366726398468018e-01 5.618010759353637695e-01 6.089503169059753418e-01 3.147902786731719971e-01 2.842236757278442383e-01 2.953624427318572998e-01 4.251796007156372070e-01 5.148996114730834961e-01 3.575033545494079590e-01 3.902042508125305176e-01 3.980556130409240723e-01
