2018-07-24 09:15:00
3.727092444896697998e-01 4.251182079315185547e-01 6.816664338111877441e-01 2.239840775728225708e-01 3.798003792762756348e-01 5.178974866867065430e-01 3.109851181507110596e-01 2.676258981227874756e-01 2.551472485065460205e-01 1.015748977661132812e-01 2.388375699520111084e-01 4.890841245651245117e-01 2.735945880413055420e-01 3.182486891746520996e-01 3.069778084754943848e-01 3.809199333190917969e-01 2.387374639511108398e-01 1.999818682670593262e-01 2.674567401409149170e-01 3.528087735176086426e-01
3.635990023612976074e-01 3.753650188446044922e-01 3.898708820343017578e-01 3.337581157684326172e-01 2.850241065025329590e-01 3.820490539073944092e-01 4.000460207462310791e-01 2.129842042922973633e-01 1.802556067705154419e-01 2.103185653686523438e-01 1.946319937705993652e-01 2.965893745422363281e-01 2.374256104230880737e-01 3.319134116172790527e-01 3.007952868938446045e-01 1.334481686353683472e-01 3.992131352424621582e-01 6.977770328521728516e-01 4.967567622661590576e-01 2.192274034023284912e-01
4.074525833129882812e-01 4.261278808116912842e-01 4.291856884956359863e-01 4.082152843475341797e-01 3.840663135051727295e-01 6.504783630371093750e-01 6.851791143417358398e-01 3.353409469127655029e-01 1.775690317153930664e-01 2.389262616634368896e-01 1.596075594425201416e-01 4.615983963012695312e-01 1.941105425357818604e-01 1.719240099191665649e-01 2.895936965942382812e-01 4.041600823402404785e-01 3.177993297576904297e-01 2.675395011901855469e-01 5.268589258193969727e-01 2.136823832988739014e-01
2.498708963394165039e-01 1.982329487800598145e-01 3.808216154575347900e-01 2.160214036703109741e-01 2.529645860195159912e-01 1.731331646442413330e-01 4.661282896995544434e-02 1.905110180377960205e-01 1.269658356904983521e-01 1.785441935062408447e-01 3.025491237640380859e-01 2.573059797286987305e-01 2.599115073680877686e-01 3.226414024829864502e-01 -8.510965853929519653e-03 6.602275967597961426e-01 6.699278354644775391e-01 3.647413551807403564e-01 2.161510586738586426e-01 3.444483876228332520e-01
3.545163869857788086e-01 1.302638351917266846e-01 4.564230442047119141e-01 1.642875969409942627e-01 2.883269190788269043e-01 2.292663156986236572e-01 3.120379745960235596e-01 2.115443050861358643e-01 4.152330756187438965e-01 4.414334297180175781e-01 2.337383031845092773e-01 1.568258404731750488e-01 4.077007174491882324e-01 1.917622387409210205e-01 1.556175351142883301e-01 5.327591896057128906e-01 4.677144885063171387e-01 3.440076112747192383e-01 4.264670014381408691e-01 3.967050313949584961e-01
2.975240051746368408e-01 2.884175181388854980e-01 5.494493246078491211e-01 3.298296928405761719e-01 5.578278303146362305e-01 3.177401125431060791e-01 4.789906740188598633e-01 1.589469611644744873e-01 6.579896807670593262e-02 2.473694682121276855e-01 2.401626259088516235e-01 2.698204219341278076e-01 1.472372412681579590e-01 3.772211968898773193e-01 4.952690005302429199e-01 6.766794919967651367e-01 4.379160106182098389e-01 3.878988623619079590e-01 2.979138195514678955e-01 2.513485252857208252e-01
2.789253890514373779e-01 4.201779961585998535e-01 1.369377374649047852e-01 3.355150818824768066e-01 4.473230540752410889e-01 4.314179718494415283e-01 2.049864828586578369e-01 3.054898977279663086e-01 1.866435706615447998e-01 4.250296950340270996e-01 1.450326144695281982e-01 3.072111904621124268e-01 3.664970993995666504e-01 2.455986142158508301e-01 3.058411478996276855e-01 5.212619900703430176e-01 7.098244428634643555e-01 5.847406387329101562e-01 5.730630159378051758e-01 2.130927443504333496e-01
2.348741739988327026e-01 4.538973569869995117e-01 1.753668040037155151e-01 1.261852085590362549e-01 1.611159443855285645e-01 2.182226330041885376e-01 2.088277041912078857e-01 3.018296360969543457e-01 2.110258638858795166e-01 4.161858558654785156e-01 3.375586569309234619e-01 2.395459860563278198e-01 5.428745746612548828e-01 3.974162936210632324e-01 2.542178630828857422e-01 3.959994316101074219e-01 3.612417578697204590e-01 4.179167747497558594e-01 1.901932358741760254e-01 4.069868922233581543e-01
1.223817169666290283e-01 4.371503293514251709e-01 3.846701383590698242e-01 3.062133789062500000e-01 3.849828541278839111e-01 2.508519589900970459e-01 2.983097434043884277e-01 3.373173475265502930e-01 3.274937868118286133e-01 2.084981799125671387e-01 4.252147376537322998e-01 3.238604962825775146e-01 4.427160024642944336e-01 2.613489329814910889e-01 9.716263413429260254e-02 4.413687586784362793e-01 2.552144527435302734e-01 2.962536215782165527e-01 2.661271691322326660e-01 1.417465209960937500e-01
3.068413734436035156e-01 1.428448855876922607e-01 4.740001261234283447e-01 2.660546004772186279e-01 2.573084831237792969e-01 3.093681037425994873e-01 3.520407974720001221e-01 4.004270434379577637e-01 3.255490064620971680e-01 2.514196336269378662e-01 2.656112611293792725e-01 2.226249873638153076e-01 3.094589710235595703e-01 2.711535990238189697e-01 2.251925319433212280e-01 2.948192954063415527e-01 4.586771726608276367e-01 7.050096988677978516e-01 1.205962151288986206e-01 2.900878190994262695e-01
4.988961815834045410e-01 5.110981464385986328e-01 3.686808347702026367e-01 1.539881378412246704e-01 1.469369083642959595e-01 3.993124961853027344e-01 5.067108869552612305e-01 3.589646816253662109e-01 4.301604926586151123e-01 5.411572456359863281e-01 1.775741577148437500e-01 2.937898933887481689e-01 2.411098927259445190e-01 3.476150929927825928e-01 2.040147483348846436e-01 2.865402400493621826e-01 2.661778926849365234e-01 2.594953775405883789e-01 3.549146056175231934e-01 4.118897020816802979e-01
3.532724976539611816e-01 2.708205282688140869e-01 2.457371056079864502e-01 2.522166371345520020e-01 2.623017132282257080e-01 1.659587323665618896e-01 3.702538609504699707e-01 1.399319320917129517e-01 1.394951194524765015e-01 2.358282506465911865e-01 4.486424028873443604e-01 3.834925293922424316e-01 4.550900757312774658e-01 3.283222913742065430e-01 3.340713679790496826e-01 3.240635097026824951e-01 1.002858579158782959e-01 4.102865159511566162e-01 2.400004267692565918e-01 2.638396322727203369e-01
2.888471782207489014e-01 3.724988996982574463e-01 1.681238412857055664e-01 5.941501855850219727e-01 2.626416087150573730e-01 3.531783819198608398e-01 4.411489963531494141e-01 2.730805873870849609e-01 3.288426399230957031e-01 3.213048279285430908e-01 2.087125480175018311e-01 1.728066802024841309e-01 3.613990843296051025e-01 3.453134596347808838e-01 2.761694192886352539e-01 1.538202017545700073e-01 1.123812645673751831e-01 2.906172871589660645e-01 4.273707866668701172e-01 2.587603926658630371e-01
3.694762587547302246e-01 4.573481976985931396e-01 6.363656520843505859e-01 2.414415627717971802e-01 3.074446320533752441e-01 2.486047297716140747e-01 3.457649350166320801e-01 3.645679056644439697e-01 3.955669403076171875e-01 4.786184430122375488e-01 2.645772993564605713e-01 3.359405994415283203e-01 1.025077104568481445e-01 4.020990133285522461e-01 7.433585822582244873e-03 3.870624303817749023e-01 2.581073641777038574e-01 3.957666456699371338e-01 2.341694235801696777e-01 2.385103851556777954e-01
3.989359140396118164e-01 3.608380556106567383e-01 1.618749201297760010e-01 3.284133076667785645e-01 3.979166746139526367e-01 3.937685489654541016e-01 4.585334062576293945e-01 4.104227423667907715e-01 2.394372522830963135e-01 3.083086311817169189e-01 1.874880641698837280e-01 3.386315703392028809e-01 1.887803673744201660e-01 3.287103176116943359e-01 4.595375061035156250e-01 3.773882985115051270e-01 1.984060406684875488e-01 3.471586704254150391e-01 3.326634764671325684e-01 4.190860390663146973e-01
3.863811492919921875e-01 2.445458173751831055e-01 2.615717351436614990e-01 2.855566442012786865e-01 3.259160816669464111e-01 1.998586654663085938e-01 4.393577575683593750e-01 3.326520919799804688e-01 4.302250146865844727e-01 3.234680294990539551e-01 2.343088388442993164e-01 2.851907014846801758e-01 3.230939507484436035e-01 3.923122286796569824e-01 2.263646423816680908e-01 2.682519555091857910e-01 1.842829734086990356e-01 5.147469043731689453e-01 2.498325705528259277e-01 2.184868454933166504e-01
2.433768510818481445e-01 3.000862300395965576e-01 2.849586009979248047e-01 3.987688124179840088e-01 3.465325236320495605e-01 1.480786949396133423e-01 3.039811849594116211e-01 4.331030845642089844e-01 1.815318316221237183e-01 2.836347222328186035e-01 2.489851415157318115e-01 1.432590931653976440e-01 3.562873005867004395e-01 1.764294356107711792e-01 2.924671173095703125e-01 4.084821939468383789e-01 2.043319046497344971e-01 1.917594969272613525e-01 3.056309223175048828e-01 2.811039984226226807e-01
4.273353517055511475e-01 4.689122438430786133e-01 1.759714782238006592e-01 8.415655791759490967e-02 3.214312195777893066e-01 2.692756652832031250e-01 2.998878061771392822e-01 2.379020154476165771e-01 2.221810817718505859e-01 2.391637861728668213e-01 2.151983827352523804e-01 1.806518733501434326e-01 1.631952077150344849e-01 2.165135741233825684e-01 2.186416685581207275e-01 1.705433726310729980e-01 3.033407330513000488e-01 2.768595218658447266e-01 2.435186505317687988e-01 2.400543242692947388e-01
4.908692836761474609e-01 3.880335092544555664e-01 2.318461686372756958e-01 1.445011794567108154e-01 2.661354839801788330e-01 2.000475525856018066e-01 2.950524687767028809e-01 1.769109815359115601e-01 2.641112506389617920e-01 1.708452701568603516e-01 3.741140365600585938e-01 4.691219627857208252e-01 8.632104098796844482e-02 4.874036610126495361e-01 2.737742848694324493e-02 1.270467936992645264e-01 1.616093814373016357e-01 3.526646494865417480e-01 1.344698369503021240e-01 2.430835366249084473e-01
2.397588193416595459e-01 2.722612321376800537e-01 3.069748282432556152e-01 2.689666152000427246e-01 4.698490500450134277e-01 3.164844512939453125e-01 3.286698460578918457e-01 3.309046328067779541e-01 2.674062252044677734e-01 3.242624998092651367e-01 3.488144874572753906e-01 2.773684263229370117e-01 3.420822620391845703e-01 3.111563622951507568e-01 3.217054307460784912e-01 3.412434756755828857e-01 2.737715840339660645e-01 3.142258226871490479e-01 3.276037275791168213e-01 3.758082091808319092e-01
