2018-07-24 09:30:00
5.361953377723693848e-01 3.082018196582794189e-01 4.437075257301330566e-01 1.969359368085861206e-01 4.065504968166351318e-01 4.494969546794891357e-01 3.401400744915008545e-01 3.075363934040069580e-01 4.450911283493041992e-01 5.082139968872070312e-01 2.273113280534744263e-01 4.946363270282745361e-01 2.062893360853195190e-01 3.830324411392211914e-01 3.409441709518432617e-01 2.177554368972778320e-01 3.260658681392669678e-01 3.222449421882629395e-01 9.057274460792541504e-02 4.343602657318115234e-01
1.812195777893066406e-01 8.237882852554321289e-01 3.552659451961517334e-01 3.083741366863250732e-01 3.283507823944091797e-01 3.194538354873657227e-01 4.435059726238250732e-01 2.193577587604522705e-01 3.707288503646850586e-01 3.453907966613769531e-01 2.202710211277008057e-01 2.162270396947860718e-01 3.819896876811981201e-01 2.452757060527801514e-01 2.375548928976058960e-01 5.165238976478576660e-01 6.854727268218994141e-01 3.819742202758789062e-01 2.073708772659301758e-01 3.686364889144897461e-01
2.733633220195770264e-01 3.991681337356567383e-01 3.059138059616088867e-01 3.090828955173492432e-01 3.748775720596313477e-01 1.715440154075622559e-01 5.083042383193969727e-01 1.423571109771728516e-01 2.961318492889404297e-01 2.871592640876770020e-01 1.045385599136352539e-01 4.797445535659790039e-01 3.188470005989074707e-01 3.576274514198303223e-01 2.698764503002166748e-01 3.457808792591094971e-01 2.301115393638610840e-01 3.161363303661346436e-01 3.977969288825988770e-01 4.802320301532745361e-01
4.317790269851684570e-01 4.157999157905578613e-01 3.797944188117980957e-01 2.873024344444274902e-01 4.356201887130737305e-01 4.271901547908782959e-01 4.056311249732971191e-01 4.131703376770019531e-01 3.066612482070922852e-01 3.682014644145965576e-01 6.694167852401733398e-01 4.811891913414001465e-01 5.619846582412719727e-01 2.222287803888320923e-01 5.289080142974853516e-01 3.468786478042602539e-01 2.403375953435897827e-01 3.369770348072052002e-01 1.676440238952636719e-01 4.027591645717620850e-01
3.398400545120239258e-01 3.771688342094421387e-01 2.956393361091613770e-01 3.913342356681823730e-01 2.826847434043884277e-01 5.251043438911437988e-01 5.797174572944641113e-01 3.492322564125061035e-01 7.868727445602416992e-01 6.796554327011108398e-01 4.432928562164306641e-01 5.008115172386169434e-01 4.810126498341560364e-02 2.968491911888122559e-01 7.472187876701354980e-01 2.799231708049774170e-01 4.003484845161437988e-01 1.635307222604751587e-01 6.566703319549560547e-01 3.366830050945281982e-01
2.770147025585174561e-01 1.889712959527969360e-01 4.694174826145172119e-01 6.223478317260742188e-01 5.886152982711791992e-01 2.928232550621032715e-01 3.762931823730468750e-01 3.847593441605567932e-02 2.845070660114288330e-01 3.342972993850708008e-01 4.438394308090209961e-01 4.022194445133209229e-01 2.546588182449340820e-01 2.845706939697265625e-01 2.218172252178192139e-01 4.724831879138946533e-01 4.132633209228515625e-01 1.641792654991149902e-01 2.690605819225311279e-01 3.173019289970397949e-01
2.022760808467864990e-01 5.349440574645996094e-01 3.538802266120910645e-01 3.084232807159423828e-01 4.413979649543762207e-01 2.042877674102783203e-01 2.034757733345031738e-01 3.230859339237213135e-01 3.211330771446228027e-01 3.914144635200500488e-01 2.841127514839172363e-01 2.935748696327209473e-01 2.631398737430572510e-01 5.167440772056579590e-01 3.759517669677734375e-01 3.964970111846923828e-01 7.236291766166687012e-01 2.229182869195938110e-01 5.278977155685424805e-01 2.114435732364654541e-01
3.178065121173858643e-01 2.426733970642089844e-01 3.462471365928649902e-01 6.917708516120910645e-01 3.092641234397888184e-01 2.400439679622650146e-01 2.764809727668762207e-01 4.275837540626525879e-01 2.730648517608642578e-01 2.880230247974395752e-01 4.187081158161163330e-01 2.777997255325317383e-01 1.953898966312408447e-01 6.392889022827148438e-01 2.227707058191299438e-01 4.789786338806152344e-01 3.382817506790161133e-01 2.248023152351379395e-01 5.239845514297485352e-01 2.169088274240493774e-01
2.471707314252853394e-01 3.177450001239776611e-01 2.995068430900573730e-01 1.893616616725921631e-01 4.021299481391906738e-01 2.536335587501525879e-01 2.410510182380676270e-01 4.073564112186431885e-01 3.810558915138244629e-01 3.114810287952423096e-01 1.909495592117309570e-01 4.288733005523681641e-01 7.874616384506225586e-01 2.390606105327606201e-01 3.920053243637084961e-01 4.153858423233032227e-01 2.948522865772247314e-01 1.823323220014572144e-01 5.361399650573730469e-01 4.435465335845947266e-01
3.949647545814514160e-01 3.985544741153717041e-01 4.275373220443725586e-01 4.970462024211883545e-01 3.698909580707550049e-01 2.441862225532531738e-01 5.912811756134033203e-01 7.007405757904052734e-01 2.808205485343933105e-01 3.113103806972503662e-01 3.397397100925445557e-01 2.901087701320648193e-01 3.027339875698089600e-01 2.894561588764190674e-01 2.947740554809570312e-01 5.646851062774658203e-01 3.907584547996520996e-01 4.154131710529327393e-01 4.720632731914520264e-01 3.299173712730407715e-01
2.865188717842102051e-01 3.225155174732208252e-01 4.353671371936798096e-01 3.946009874343872070e-01 1.993928849697113037e-01 3.411445617675781250e-01 4.448339343070983887e-01 3.117705583572387695e-01 3.487108349800109863e-01 4.425264596939086914e-01 5.391994714736938477e-01 2.637233436107635498e-01 2.240254282951354980e-01 3.652604818344116211e-01 2.218133509159088135e-01 3.295040130615234375e-01 2.392354160547256470e-01 6.898093223571777344e-01 4.616644084453582764e-01 3.361629843711853027e-01
4.673769772052764893e-01 2.037060707807540894e-01 3.018303811550140381e-01 2.989944815635681152e-01 4.876798987388610840e-01 3.269761800765991211e-01 3.925623595714569092e-01 1.540419459342956543e-01 2.993727922439575195e-01 3.927915692329406738e-01 9.716770797967910767e-02 4.747236967086791992e-01 3.310443162918090820e-01 3.665635585784912109e-01 3.874089121818542480e-01 2.477127462625503540e-01 3.686473965644836426e-01 3.556169271469116211e-01 1.566830873489379883e-01 3.143237233161926270e-01
3.245566189289093018e-01 3.185424506664276123e-01 2.403112053871154785e-01 4.632411301136016846e-01 2.954072058200836182e-01 2.098339945077896118e-01 2.045154571533203125e-01 3.383224308490753174e-01 2.416494339704513550e-01 2.730252742767333984e-01 3.329679369926452637e-01 2.807455062866210938e-01 4.376898407936096191e-01 3.494339287281036377e-01 1.827719658613204956e-01 4.631720185279846191e-01 2.886061668395996094e-01 1.260693669319152832e-01 3.161747753620147705e-01 3.632324337959289551e-01
2.436145395040512085e-01 2.126903235912322998e-01 3.523908257484436035e-01 4.229558706283569336e-01 2.934994101524353027e-01 4.111592173576354980e-01 1.644281148910522461e-01 3.161327242851257324e-01 2.894856333732604980e-01 2.469392567873001099e-01 5.124568939208984375e-01 3.973772227764129639e-01 3.789728283882141113e-01 4.880139231681823730e-01 2.642758488655090332e-01 2.602490484714508057e-01 4.428749382495880127e-01 4.064961075782775879e-01 3.426485359668731689e-01 2.965799570083618164e-01
3.448724746704101562e-01 2.307880371809005737e-01 3.402725458145141602e-01 5.887104272842407227e-01 1.992050409317016602e-01 3.853859007358551025e-01 2.170267999172210693e-01 3.489449620246887207e-01 3.592244386672973633e-01 5.209144353866577148e-01 3.522431254386901855e-01 3.436866998672485352e-01 4.124938845634460449e-01 3.255084156990051270e-01 2.267627716064453125e-01 4.879521727561950684e-01 2.104857563972473145e-01 4.559244811534881592e-01 2.672067284584045410e-01 2.865012884140014648e-01
4.553684592247009277e-01 3.732300996780395508e-01 1.786043643951416016e-01 3.863099217414855957e-01 2.276019155979156494e-01 3.275802731513977051e-01 4.514605104923248291e-01 5.007619261741638184e-01 2.874339818954467773e-01 1.733662784099578857e-01 1.849792897701263428e-01 4.377690255641937256e-01 3.401524722576141357e-01 2.940813601016998291e-01 2.853529453277587891e-01 3.344009518623352051e-01 3.880042433738708496e-01 2.466487884521484375e-01 4.082823395729064941e-01 2.927212715148925781e-01
2.553938329219818115e-01 5.032647848129272461e-01 2.407942712306976318e-01 2.635910511016845703e-01 2.036604732275009155e-01 2.707747220993041992e-01 4.469184279441833496e-01 3.086930513381958008e-01 3.488118648529052734e-01 5.120755434036254883e-01 4.105649590492248535e-01 4.209199547767639160e-01 5.284088850021362305e-01 2.721719443798065186e-01 2.546169161796569824e-01 4.345763325691223145e-01 2.313665896654129028e-01 2.543687224388122559e-01 5.943477153778076172e-01 2.784699201583862305e-01
1.228318959474563599e-01 3.384467065334320068e-01 2.908379733562469482e-01 2.019195854663848877e-01 4.118453264236450195e-01 3.893547952175140381e-01 2.650223374366760254e-01 2.097167819738388062e-01 3.431073725223541260e-01 3.527030944824218750e-01 4.302196502685546875e-01 2.332515269517898560e-01 1.866136789321899414e-01 2.943477630615234375e-01 2.483780980110168457e-01 4.213918745517730713e-01 8.928872644901275635e-02 5.294812321662902832e-01 5.263848304748535156e-01 3.976510167121887207e-01
3.083405196666717529e-01 4.222450554370880127e-01 6.230022907257080078e-01 2.507605552673339844e-01 5.049426555633544922e-01 3.753913640975952148e-01 3.191555738449096680e-01 2.074940949678421021e-01 3.371403217315673828e-01 3.792904317378997803e-01 4.317689836025238037e-01 3.402785360813140869e-01 2.774568796157836914e-01 4.367091357707977295e-01 3.051838874816894531e-01 3.100126683712005615e-01 4.567051529884338379e-01 3.623288273811340332e-01 2.273135930299758911e-01 2.849555611610412598e-01
3.386716246604919434e-01 2.181386053562164307e-01 2.178527861833572388e-01 2.954099774360656738e-01 2.951987087726593018e-01 2.874007225036621094e-01 2.783757448196411133e-01 2.401444613933563232e-01 5.707000494003295898e-01 4.683269560337066650e-01 4.516157805919647217e-01 9.637143015861511230e-01 5.015774965286254883e-01 1.802557110786437988e-01 4.791851639747619629e-01 5.116724967956542969e-01 1.869301497936248779e-01 4.188877642154693604e-01 2.900758981704711914e-01 2.181892544031143188e-01
