2018-07-24 09:45:00
3.956043124198913574e-01 3.613237142562866211e-01 4.515649080276489258e-01 5.979296565055847168e-01 4.797619581222534180e-01 3.497506678104400635e-01 3.017550706863403320e-01 3.627724349498748779e-01 1.875432133674621582e-01 2.017899453639984131e-01 2.298938184976577759e-01 3.141921758651733398e-01 4.431220293045043945e-01 5.076013207435607910e-01 3.192808628082275391e-01 4.497250318527221680e-01 3.405117392539978027e-01 3.927451372146606445e-01 3.012431561946868896e-01 3.064042925834655762e-01
3.824538588523864746e-01 5.706940889358520508e-01 3.658058047294616699e-01 5.512744188308715820e-01 5.992163419723510742e-01 5.004686117172241211e-01 2.998241186141967773e-01 3.463863432407379150e-01 2.429868429899215698e-01 4.020061194896697998e-01 1.550040245056152344e-01 2.402334958314895630e-01 2.822018265724182129e-01 1.278991401195526123e-01 2.312122881412506104e-01 4.548741579055786133e-01 2.622749507427215576e-01 8.962019532918930054e-02 2.911812663078308105e-01 4.287683367729187012e-01
3.145804405212402344e-01 4.245121777057647705e-01 4.351725578308105469e-01 4.421672821044921875e-01 6.722086668014526367e-01 5.854946374893188477e-01 2.948003411293029785e-01 3.434355854988098145e-01 2.940033674240112305e-01 2.827602028846740723e-01 3.195911943912506104e-01 3.842759728431701660e-01 2.672484815120697021e-01 2.680334746837615967e-01 2.297572940587997437e-01 4.040578007698059082e-01 4.621607661247253418e-01 4.297193288803100586e-01 2.803106307983398438e-01 3.345633149147033691e-01
2.647283077239990234e-01 1.356638371944427490e-01 4.595035910606384277e-01 2.856358289718627930e-01 2.721783518791198730e-01 3.433479964733123779e-01 3.003174066543579102e-01 2.297356575727462769e-01 2.599043250083923340e-01 5.455908179283142090e-01 5.296767950057983398e-01 3.647339940071105957e-01 2.906496524810791016e-01 3.765368461608886719e-01 3.981417417526245117e-01 4.475807845592498779e-01 6.158800721168518066e-01 2.772867083549499512e-01 2.367401421070098877e-01 5.255189538002014160e-01
2.759075760841369629e-01 2.598841786384582520e-01 2.887859940528869629e-01 2.909297645092010498e-01 3.387711048126220703e-01 3.962456881999969482e-01 4.849869012832641602e-01 1.232912465929985046e-01 5.411766767501831055e-01 5.917711257934570312e-01 2.659986317157745361e-01 1.156187951564788818e-01 6.695680618286132812e-01 4.304065108299255371e-01 5.047996640205383301e-01 3.393772840499877930e-01 5.637183189392089844e-01 3.139532804489135742e-01 7.183609604835510254e-01 3.583917617797851562e-01
3.627425432205200195e-01 3.298059701919555664e-01 3.390983045101165771e-01 3.132258653640747070e-01 2.185798734426498413e-01 4.238978326320648193e-01 3.989377021789550781e-01 4.795372784137725830e-01 3.971070945262908936e-01 1.595473587512969971e-01 2.154831588268280029e-01 2.734813392162322998e-01 2.894674539566040039e-01 4.582903385162353516e-01 5.142887234687805176e-01 2.602405846118927002e-01 5.828059315681457520e-01 5.671507120132446289e-01 2.498557120561599731e-01 4.130874872207641602e-01
4.723332524299621582e-01 1.577719449996948242e-01 3.575065732002258301e-01 2.442134320735931396e-01 4.032158553600311279e-01 3.438519835472106934e-01 2.618918716907501221e-01 1.682945638895034790e-01 2.944925129413604736e-01 3.709537982940673828e-01 2.636307477951049805e-01 2.488052248954772949e-01 1.397182047367095947e-01 3.863214552402496338e-01 3.217822611331939697e-01 4.844068288803100586e-01 4.181099534034729004e-01 6.665541529655456543e-01 3.898848295211791992e-01 5.051974058151245117e-01
3.900914192199707031e-01 1.808566153049468994e-01 1.225598156452178955e-01 4.622493982315063477e-01 2.513320446014404297e-01 1.525818407535552979e-01 3.566216230392456055e-01 4.868046045303344727e-01 2.760680019855499268e-01 4.310915470123291016e-01 2.336382120847702026e-01 3.868501186370849609e-01 4.082656502723693848e-01 5.127552151679992676e-01 4.708280563354492188e-01 5.306916832923889160e-01 3.840125203132629395e-01 4.249053597450256348e-01 6.229033470153808594e-01 5.251398086547851562e-01
7.072934508323669434e-02 2.674257457256317139e-01 1.373644620180130005e-01 3.738171979784965515e-02 4.158088266849517822e-01 2.797947525978088379e-01 3.206393122673034668e-01 3.844430446624755859e-01 1.443811506032943726e-01 4.020912051200866699e-01 3.757724761962890625e-01 4.199989438056945801e-01 5.911751389503479004e-01 2.291025817394256592e-01 4.350207746028900146e-01 3.717232346534729004e-01 3.337790369987487793e-01 3.123227357864379883e-01 4.569034874439239502e-01 7.273600101470947266e-01
4.130325317382812500e-01 5.133442878723144531e-01 4.077638685703277588e-01 4.650998115539550781e-01 5.006705522537231445e-01 2.427583038806915283e-01 2.588905990123748779e-01 5.178411006927490234e-01 2.895362377166748047e-01 4.117978811264038086e-01 3.021250665187835693e-01 2.086299061775207520e-01 3.876397609710693359e-01 1.685196459293365479e-01 3.523397445678710938e-01 3.754621744155883789e-01 2.594338655471801758e-01 4.940947890281677246e-01 3.039439618587493896e-01 3.112165331840515137e-01
4.399028718471527100e-01 2.854269146919250488e-01 2.391247451305389404e-01 3.595774173736572266e-01 3.653752803802490234e-01 2.792224586009979248e-01 2.017438858747482300e-01 1.975528597831726074e-01 2.290746718645095825e-01 5.307204127311706543e-01 2.169051766395568848e-01 3.319352865219116211e-01 2.183214724063873291e-01 4.022588729858398438e-01 2.336174845695495605e-01 3.393611907958984375e-01 2.202318608760833740e-01 4.922770261764526367e-01 3.798449635505676270e-01 1.994935721158981323e-01
3.411095142364501953e-01 1.705814152956008911e-01 3.854282796382904053e-01 5.787203311920166016e-01 2.303211838006973267e-01 1.886848211288452148e-01 3.737744688987731934e-01 3.936244249343872070e-01 3.716197311878204346e-01 3.752554953098297119e-01 2.435913085937500000e-01 3.810572326183319092e-01 2.444894164800643921e-01 3.602536022663116455e-01 1.474586278200149536e-01 3.127887248992919922e-01 2.517023682594299316e-01 1.355784833431243896e-01 3.836108148097991943e-01 3.173083662986755371e-01
3.829433321952819824e-01 4.757864475250244141e-01 2.883515954017639160e-01 2.650303244590759277e-01 3.650162220001220703e-01 4.126298427581787109e-01 4.033105075359344482e-01 4.525998830795288086e-01 2.204401046037673950e-01 2.625915408134460449e-01 4.478726387023925781e-01 3.583223223686218262e-01 2.687011361122131348e-01 3.302348852157592773e-01 3.903766572475433350e-01 2.363074421882629395e-01 1.312064826488494873e-01 3.876656889915466309e-01 3.963634371757507324e-01 3.257163465023040771e-01
2.440523803234100342e-01 1.658709943294525146e-01 4.642215967178344727e-01 4.196390509605407715e-01 5.340055227279663086e-01 2.176172435283660889e-01 4.339761137962341309e-01 2.957620620727539062e-01 1.596377491950988770e-01 3.425497114658355713e-01 4.159919619560241699e-01 3.986060619354248047e-01 2.244004756212234497e-01 3.941235542297363281e-01 2.440738528966903687e-01 2.512915730476379395e-01 3.417938351631164551e-01 2.542302906513214111e-01 2.170212715864181519e-01 3.217918872833251953e-01
4.145826101303100586e-01 1.059820801019668579e-01 4.682884514331817627e-01 2.491774559020996094e-01 3.887536525726318359e-01 5.041571259498596191e-01 2.583968639373779297e-01 3.389608860015869141e-01 3.065338134765625000e-01 4.436095356941223145e-01 3.077043294906616211e-01 1.873299777507781982e-01 3.215733170509338379e-01 4.794119000434875488e-01 5.271337032318115234e-01 2.706004977226257324e-01 3.196702301502227783e-01 3.877389132976531982e-01 1.641834676265716553e-01 3.424142003059387207e-01
2.847547829151153564e-01 4.864113330841064453e-01 4.063448309898376465e-01 3.484550416469573975e-01 3.060192763805389404e-01 2.950199246406555176e-01 5.303175449371337891e-01 4.110069870948791504e-01 4.066948294639587402e-01 2.560405135154724121e-01 3.076715171337127686e-01 4.088980555534362793e-01 3.562444746494293213e-01 3.350759744644165039e-01 2.828063368797302246e-01 2.294602096080780029e-01 3.434718251228332520e-01 3.035206794738769531e-01 4.461983442306518555e-01 9.105761051177978516e-01
2.965264022350311279e-01 4.077926278114318848e-01 3.070518970489501953e-01 5.610998868942260742e-01 4.339554309844970703e-01 2.620297074317932129e-01 3.514561057090759277e-01 3.937542736530303955e-01 3.508273959159851074e-01 4.550268054008483887e-01 3.540610373020172119e-01 4.024688303470611572e-01 5.488405227661132812e-01 3.249677717685699463e-01 1.617073416709899902e-01 2.721500396728515625e-01 4.477650821208953857e-01 3.223518133163452148e-01 3.395221233367919922e-01 1.627251207828521729e-01
4.274082481861114502e-01 1.963111460208892822e-01 4.004478752613067627e-01 2.768671810626983643e-01 1.051478236913681030e-01 3.378963768482208252e-01 2.751052975654602051e-01 4.535723924636840820e-01 2.481654286384582520e-01 2.184543758630752563e-01 3.616894483566284180e-01 2.538665533065795898e-01 2.636073231697082520e-01 2.746454775333404541e-01 4.338538050651550293e-01 4.825158119201660156e-01 3.177887499332427979e-01 3.043674528598785400e-01 2.692277431488037109e-01 2.803253233432769775e-01
3.995624482631683350e-01 3.222288191318511963e-01 2.881045043468475342e-01 3.627154231071472168e-01 2.210473716259002686e-01 2.521662116050720215e-01 3.454845547676086426e-01 4.431867003440856934e-01 3.382871747016906738e-01 2.779248952865600586e-01 5.155789852142333984e-01 3.159168064594268799e-01 2.383071482181549072e-01 4.694641232490539551e-01 1.417562067508697510e-01 1.554525345563888550e-01 4.766547977924346924e-01 5.297017097473144531e-01 3.189671933650970459e-01 2.466866075992584229e-01
3.079876899719238281e-01 3.146928548812866211e-01 4.403763413429260254e-01 2.978056669235229492e-01 6.141957044601440430e-01 4.049583077430725098e-01 2.652125358581542969e-01 1.330842375755310059e-01 4.552974700927734375e-01 2.149067223072052002e-01 2.346056401729583740e-01 1.884146481752395630e-01 4.007492065429687500e-01 3.554994463920593262e-01 3.730142712593078613e-01 2.487847208976745605e-01 3.678077459335327148e-01 3.959411978721618652e-01 2.303770780563354492e-01 2.529627978801727295e-01
