2018-07-24 10:30:00
3.794891238212585449e-01 3.215243816375732422e-01 4.325973093509674072e-01 4.992959499359130859e-01 1.292079985141754150e-01 2.186336219310760498e-01 2.034428566694259644e-01 1.350776255130767822e-01 4.527447819709777832e-01 4.357273876667022705e-01 1.868475377559661865e-01 2.543768286705017090e-01 2.692356705665588379e-01 3.853974938392639160e-01 4.017564356327056885e-01 4.637450575828552246e-01 4.418197274208068848e-01 1.908985972404479980e-01 2.479411214590072632e-01 1.450886726379394531e-01
3.087419569492340088e-01 3.904817104339599609e-01 2.316529005765914917e-01 3.279718756675720215e-01 4.402502775192260742e-01 3.359404504299163818e-01 4.242274165153503418e-01 2.910563349723815918e-01 1.384679377079010010e-01 3.577223420143127441e-01 2.784060835838317871e-01 2.358416467905044556e-01 2.414365708827972412e-01 1.696261763572692871e-01 3.828963935375213623e-01 2.183815389871597290e-01 3.791806399822235107e-01 4.331974983215332031e-01 4.202224612236022949e-01 2.037798613309860229e-01
2.059470117092132568e-01 3.524863719940185547e-01 4.999887347221374512e-01 1.851592063903808594e-01 6.292165517807006836e-01 4.103266894817352295e-01 3.096941113471984863e-01 2.421573549509048462e-01 3.685075044631958008e-01 3.603557348251342773e-01 3.371307253837585449e-01 5.667960643768310547e-01 2.642094790935516357e-01 9.658034145832061768e-02 1.861153841018676758e-01 2.939936816692352295e-01 4.445157647132873535e-01 2.533569931983947754e-01 4.893450438976287842e-01 2.702929973602294922e-01
2.603949308395385742e-01 2.774278521537780762e-01 4.238727688789367676e-01 3.448646962642669678e-01 4.180225133895874023e-01 3.632791638374328613e-01 3.029281497001647949e-01 3.974483013153076172e-01 2.765003442764282227e-01 2.227953970432281494e-01 1.188597083091735840e-01 1.926898360252380371e-01 2.732456326484680176e-01 3.465521931648254395e-01 4.360073804855346680e-01 3.134603202342987061e-01 2.802083492279052734e-01 2.123579680919647217e-01 2.520737051963806152e-01 3.127128481864929199e-01
4.390570521354675293e-01 2.289503514766693115e-01 3.546294867992401123e-01 2.757338285446166992e-01 2.564841210842132568e-01 5.873461365699768066e-01 2.712846994400024414e-01 4.743357300758361816e-01 5.860247015953063965e-01 2.137998342514038086e-01 2.259286046028137207e-01 2.726377248764038086e-01 5.372182130813598633e-01 2.773945927619934082e-01 2.074996829032897949e-01 4.691179990768432617e-01 2.002042829990386963e-01 2.363229691982269287e-01 2.247935533523559570e-01 3.407211303710937500e-01
2.046190202236175537e-01 6.429210901260375977e-01 2.177197486162185669e-01 2.029392123222351074e-01 4.611706733703613281e-01 1.653753370046615601e-01 3.172117173671722412e-01 6.662122011184692383e-01 2.746539711952209473e-01 3.373500704765319824e-01 3.068008720874786377e-01 2.195805758237838745e-01 5.213296413421630859e-01 3.156105279922485352e-01 1.850397884845733643e-01 3.398536741733551025e-01 3.061555027961730957e-01 2.351752519607543945e-01 2.822710275650024414e-01 9.751854091882705688e-02
5.548703670501708984e-01 3.566662073135375977e-01 4.222586750984191895e-01 3.637286722660064697e-01 2.313303053379058838e-01 7.213770151138305664e-01 1.888432651758193970e-01 2.242027670145034790e-01 2.885849475860595703e-01 2.879430353641510010e-01 2.459432780742645264e-01 4.400125145912170410e-01 6.138617992401123047e-01 3.948335051536560059e-01 4.839989244937896729e-01 1.933877170085906982e-01 4.382949471473693848e-01 2.655034065246582031e-01 5.421102046966552734e-01 1.996207684278488159e-01
2.839071750640869141e-01 2.227848321199417114e-01 2.857273519039154053e-01 4.044223129749298096e-01 3.264856636524200439e-01 2.478758543729782104e-01 2.722684144973754883e-01 3.011169433593750000e-01 9.474927186965942383e-02 2.668484151363372803e-01 3.073678016662597656e-01 4.700089097023010254e-01 4.807116389274597168e-01 6.445122361183166504e-01 4.183391034603118896e-01 2.569406628608703613e-01 3.275250196456909180e-01 4.002807438373565674e-01 5.028571486473083496e-01 3.369279205799102783e-01
2.530992031097412109e-01 3.203788399696350098e-01 2.142540812492370605e-01 4.178984165191650391e-01 1.997050344944000244e-01 4.161840379238128662e-01 3.057835698127746582e-01 5.659061670303344727e-01 2.216650247573852539e-01 3.440496623516082764e-01 2.085054963827133179e-01 1.330222487449645996e-01 5.564574599266052246e-01 3.775937557220458984e-01 2.649313211441040039e-01 2.408000826835632324e-01 3.218922615051269531e-01 3.987829089164733887e-01 2.821592688560485840e-01 2.799834311008453369e-01
4.540212750434875488e-01 3.301145136356353760e-01 4.060275554656982422e-01 3.069062829017639160e-01 2.885479032993316650e-01 4.970778524875640869e-01 1.432664692401885986e-01 2.784670889377593994e-01 3.242056965827941895e-01 3.667703866958618164e-01 2.388925552368164062e-01 4.760672450065612793e-01 2.021897584199905396e-01 2.673666477203369141e-01 4.011065959930419922e-01 2.804563641548156738e-01 3.177456557750701904e-01 2.581630647182464600e-01 1.589053571224212646e-01 2.103242874145507812e-01
5.620985478162765503e-02 3.738260865211486816e-01 1.709469556808471680e-01 4.193627536296844482e-01 2.977663874626159668e-01 3.790646195411682129e-01 3.675193488597869873e-01 3.881725072860717773e-01 2.776947319507598877e-01 1.897959411144256592e-01 4.832320809364318848e-01 4.352348744869232178e-01 4.018018245697021484e-01 3.297990858554840088e-01 3.048754334449768066e-01 2.306988537311553955e-01 3.389924466609954834e-01 4.758557081222534180e-01 2.545381188392639160e-01 1.851426064968109131e-01
2.512222528457641602e-01 4.601988196372985840e-01 2.306344211101531982e-01 2.394775748252868652e-01 3.717842698097229004e-01 4.823115170001983643e-01 2.096176743507385254e-01 2.954847216606140137e-01 4.697177112102508545e-01 3.426271080970764160e-01 3.190577924251556396e-01 5.276916623115539551e-01 2.390609085559844971e-01 3.239032030105590820e-01 3.264432549476623535e-01 3.368272185325622559e-01 2.818160653114318848e-01 2.992816865444183350e-01 5.339710712432861328e-01 2.453210800886154175e-01
4.036403298377990723e-01 3.848164975643157959e-01 2.005967795848846436e-01 3.110933303833007812e-01 4.659789204597473145e-01 2.980231046676635742e-01 4.534280896186828613e-01 2.834225893020629883e-01 3.057451844215393066e-01 3.714252114295959473e-01 2.929915785789489746e-01 3.404790163040161133e-01 4.853088259696960449e-01 1.033174470067024231e-01 5.192688703536987305e-01 3.629765808582305908e-01 1.984977722167968750e-01 3.654820322990417480e-01 4.043481051921844482e-01 4.224066436290740967e-01
2.257397174835205078e-01 1.996429711580276489e-01 3.682950735092163086e-01 1.085164546966552734e-01 4.295828044414520264e-01 3.004454076290130615e-01 4.583146274089813232e-01 3.515115678310394287e-01 3.935236036777496338e-01 3.876483440399169922e-01 2.144770622253417969e-01 3.733679056167602539e-01 2.891112565994262695e-01 2.388072758913040161e-01 4.461388587951660156e-01 3.646316528320312500e-01 3.415940403938293457e-01 3.158069849014282227e-01 1.401720046997070312e-01 1.554440855979919434e-01
2.670415639877319336e-01 4.283480644226074219e-01 3.985392153263092041e-01 2.758794426918029785e-01 3.786313533782958984e-01 4.473963975906372070e-01 3.454005122184753418e-01 2.396373152732849121e-01 2.438504993915557861e-01 3.246412575244903564e-01 2.535405158996582031e-01 2.171515375375747681e-01 2.916670739650726318e-01 3.049730062484741211e-01 5.902485847473144531e-01 4.878515005111694336e-01 3.479136228561401367e-01 3.157042264938354492e-01 3.946339786052703857e-01 4.366018176078796387e-01
3.728680014610290527e-01 5.138380527496337891e-01 3.713606595993041992e-01 2.445099353790283203e-01 2.737618088722229004e-01 3.791431188583374023e-01 5.262751579284667969e-01 4.568325877189636230e-01 2.633359432220458984e-01 4.016734957695007324e-01 1.402363926172256470e-01 3.082534372806549072e-01 1.285580992698669434e-01 1.189179122447967529e-01 5.710552334785461426e-01 2.643456459045410156e-01 3.809121251106262207e-01 4.722110033035278320e-01 1.537612527608871460e-01 6.494709253311157227e-01
5.200818777084350586e-01 4.544385671615600586e-01 2.042291313409805298e-01 3.985750377178192139e-01 5.401276350021362305e-01 4.208050370216369629e-01 4.706114530563354492e-01 2.982736825942993164e-01 4.300493896007537842e-01 3.641395866870880127e-01 4.845811724662780762e-01 3.617692589759826660e-01 3.196017146110534668e-01 4.218958616256713867e-01 4.422837197780609131e-01 3.880002498626708984e-01 2.992470264434814453e-01 2.248688340187072754e-01 3.679530024528503418e-01 2.793980836868286133e-01
2.505744099617004395e-01 4.089443683624267578e-01 2.864617407321929932e-01 3.241824507713317871e-01 1.753758639097213745e-01 2.366889417171478271e-01 4.684783220291137695e-01 3.651427626609802246e-01 2.568761706352233887e-01 3.538955450057983398e-01 3.818209171295166016e-01 2.657621204853057861e-01 3.901046216487884521e-01 4.949549734592437744e-01 2.769950032234191895e-01 4.731841087341308594e-01 2.978063225746154785e-01 2.575175762176513672e-01 2.608485817909240723e-01 3.909606337547302246e-01
6.618145108222961426e-02 4.737003743648529053e-01 3.542858958244323730e-01 1.602800190448760986e-01 2.026281058788299561e-01 2.658137083053588867e-01 2.086018323898315430e-01 4.321563243865966797e-01 2.580605447292327881e-01 2.067326009273529053e-01 4.834576845169067383e-01 3.515891730785369873e-01 3.985862731933593750e-01 2.393066138029098511e-01 3.656276166439056396e-01 2.170436978340148926e-01 2.056291103363037109e-01 1.814778745174407959e-01 2.521797418594360352e-01 2.721290886402130127e-01
3.189489841461181641e-01 2.533312141895294189e-01 3.843139410018920898e-01 3.461142182350158691e-01 6.268107295036315918e-01 2.939945757389068604e-01 2.097528725862503052e-01 4.065464138984680176e-01 2.766260802745819092e-01 1.699900478124618530e-01 4.951317906379699707e-01 2.937793433666229248e-01 1.321632862091064453e-01 2.083446681499481201e-01 5.212213993072509766e-01 4.783062040805816650e-01 3.017922341823577881e-01 1.996603310108184814e-01 2.280298173427581787e-01 2.902877330780029297e-01
