2018-07-24 11:45:00
5.730607509613037109e-01 2.126457691192626953e-01 5.016927719116210938e-01 2.128049433231353760e-01 6.270346045494079590e-01 4.735943675041198730e-01 4.054407775402069092e-01 3.327389061450958252e-01 5.686556696891784668e-01 2.963955998420715332e-01 5.516505241394042969e-01 4.625660777091979980e-01 1.492401659488677979e-01 4.580086469650268555e-01 5.306173563003540039e-01 5.014409422874450684e-01 3.671608567237854004e-01 5.505574941635131836e-01 2.460239827632904053e-01 3.176278769969940186e-01
2.519880533218383789e-01 7.461207509040832520e-01 4.458230733871459961e-01 2.991448938846588135e-01 4.510769248008728027e-01 3.637315034866333008e-01 3.729795217514038086e-01 1.914526224136352539e-01 2.286523431539535522e-01 3.006900548934936523e-01 2.104272991418838501e-01 3.144028782844543457e-01 2.316104471683502197e-01 3.229516744613647461e-01 5.391860604286193848e-01 2.689647376537322998e-01 3.056997060775756836e-01 7.276237607002258301e-01 3.155283033847808838e-01 2.802967429161071777e-01
5.132937431335449219e-01 5.281581282615661621e-01 3.029041886329650879e-01 1.686042100191116333e-01 3.287132382392883301e-01 3.305406570434570312e-01 5.901848673820495605e-01 5.077844858169555664e-01 4.793079197406768799e-01 3.856591284275054932e-01 3.959690630435943604e-01 3.010349273681640625e-01 3.889873027801513672e-01 3.391920328140258789e-01 4.380476176738739014e-01 3.971185982227325439e-01 5.851893424987792969e-01 3.563689589500427246e-01 4.657029509544372559e-01 2.612932920455932617e-01
2.603522837162017822e-01 4.183242321014404297e-01 7.241891622543334961e-01 2.708269655704498291e-01 3.417881727218627930e-01 2.635729014873504639e-01 4.243851602077484131e-01 5.144922733306884766e-01 3.963337242603302002e-01 2.682005763053894043e-01 6.371235251426696777e-01 5.590901970863342285e-01 3.103426396846771240e-01 3.073752224445343018e-01 2.109067142009735107e-01 2.328879237174987793e-01 4.079049825668334961e-01 3.735040724277496338e-01 1.985334157943725586e-01 4.633846879005432129e-01
3.443396091461181641e-01 2.496573328971862793e-01 4.142601490020751953e-01 4.114351868629455566e-01 2.739565968513488770e-01 4.394928514957427979e-01 4.887343049049377441e-01 2.876431345939636230e-01 4.319885373115539551e-01 1.156786233186721802e-01 2.351187914609909058e-01 5.824866294860839844e-01 5.349045395851135254e-01 3.545256853103637695e-01 5.154865980148315430e-01 4.905865192413330078e-01 4.303258657455444336e-01 4.184487462043762207e-01 2.714236974716186523e-01 3.217133283615112305e-01
3.659910559654235840e-01 3.433511555194854736e-01 4.933172464370727539e-01 5.846461057662963867e-01 3.595326840877532959e-01 5.566297769546508789e-01 1.699269413948059082e-01 4.217994511127471924e-01 3.562686443328857422e-01 3.919776976108551025e-01 4.067196547985076904e-01 1.919829696416854858e-01 4.457321166992187500e-01 4.314769804477691650e-01 2.687205374240875244e-01 2.775064110755920410e-01 4.515660703182220459e-01 4.513112008571624756e-01 2.178553938865661621e-01 4.932155013084411621e-01
1.523070335388183594e-01 4.440910220146179199e-01 4.695472419261932373e-01 6.180088520050048828e-01 8.248660564422607422e-01 3.860806822776794434e-01 4.316544234752655029e-01 3.270514309406280518e-01 2.117877900600433350e-01 3.630293309688568115e-01 5.247334241867065430e-01 3.337356746196746826e-01 5.023214817047119141e-01 4.371758103370666504e-01 2.153165489435195923e-01 4.036728739738464355e-01 4.436306357383728027e-01 3.912499248981475830e-01 2.737264931201934814e-01 3.290296792984008789e-01
5.600596666336059570e-01 3.547794222831726074e-01 1.084463149309158325e-01 4.707362651824951172e-01 5.359128713607788086e-01 1.726768910884857178e-01 3.121510148048400879e-01 3.704342842102050781e-01 2.166993916034698486e-01 4.257169067859649658e-01 4.022575914859771729e-01 5.167663097381591797e-01 3.583857417106628418e-01 3.214703500270843506e-01 5.188146829605102539e-01 3.428171277046203613e-01 2.400059103965759277e-01 3.188018202781677246e-01 2.669834494590759277e-01 3.319640159606933594e-01
9.015011787414550781e-02 2.772568464279174805e-01 4.201804399490356445e-01 3.610212802886962891e-01 2.702571153640747070e-01 2.843888998031616211e-01 4.595911204814910889e-01 3.740711212158203125e-01 5.106307864189147949e-01 3.005005419254302979e-01 3.023561537265777588e-01 1.899995952844619751e-01 4.716360569000244141e-01 2.625003457069396973e-01 4.586562514305114746e-01 2.192057371139526367e-01 4.167286157608032227e-01 4.708763659000396729e-01 2.979332506656646729e-01 4.353631734848022461e-01
1.810419559478759766e-01 3.369589447975158691e-01 4.637322425842285156e-01 3.446830511093139648e-01 3.217133879661560059e-01 3.082110881805419922e-01 4.259073734283447266e-01 6.524155735969543457e-01 3.622846305370330811e-01 6.338591575622558594e-01 2.701163589954376221e-01 3.557144999504089355e-01 2.527780532836914062e-01 1.403344869613647461e-01 2.787255644798278809e-01 3.355737030506134033e-01 5.106664896011352539e-01 4.741849303245544434e-01 3.515301942825317383e-01 2.412727177143096924e-01
2.788626551628112793e-01 3.659723103046417236e-01 4.659968614578247070e-01 2.754283845424652100e-01 2.565434575080871582e-01 4.227484464645385742e-01 3.073094785213470459e-01 3.268915116786956787e-01 1.047029271721839905e-01 4.805599749088287354e-01 3.640655577182769775e-01 5.073415040969848633e-01 2.898788452148437500e-01 3.301480412483215332e-01 2.233911156654357910e-01 2.842668294906616211e-01 4.801355898380279541e-01 5.315705537796020508e-01 3.263064622879028320e-01 1.862587481737136841e-01
2.173532396554946899e-01 7.512411475181579590e-02 2.011640369892120361e-01 2.511749267578125000e-01 4.225741624832153320e-01 2.298322021961212158e-01 3.843917846679687500e-01 5.466824173927307129e-01 3.290089368820190430e-01 3.624305129051208496e-01 5.104175806045532227e-01 2.755010426044464111e-01 4.121322333812713623e-01 3.735338449478149414e-01 2.734948098659515381e-01 5.356419086456298828e-01 3.107613623142242432e-01 3.568441867828369141e-01 1.634399294853210449e-01 3.928413391113281250e-01
1.983467638492584229e-01 4.631672501564025879e-01 3.010042905807495117e-01 5.335846543312072754e-01 3.589650392532348633e-01 3.616500496864318848e-01 3.720535635948181152e-01 3.853695392608642578e-01 1.139300018548965454e-01 2.577188014984130859e-01 2.307731956243515015e-01 2.212649434804916382e-01 4.054791927337646484e-01 2.393774688243865967e-01 5.458858609199523926e-01 3.124952614307403564e-01 3.627837300300598145e-01 3.514412045478820801e-01 3.732473254203796387e-01 3.747854232788085938e-01
1.083199679851531982e-01 4.236700534820556641e-01 4.208897948265075684e-01 2.027651816606521606e-01 4.505653381347656250e-01 2.449119091033935547e-01 3.456515073776245117e-01 2.329162061214447021e-01 3.509876132011413574e-01 2.759717032313346863e-02 6.594451665878295898e-01 2.781407833099365234e-01 1.168019995093345642e-01 2.239192426204681396e-01 1.970067173242568970e-01 2.983957529067993164e-01 1.716240346431732178e-01 2.929107546806335449e-01 3.476088345050811768e-01 3.200042843818664551e-01
2.815560698509216309e-01 3.078566193580627441e-01 2.312591075897216797e-01 3.416699767112731934e-01 2.671883106231689453e-01 4.684804081916809082e-01 1.812345981597900391e-01 2.268329262733459473e-01 3.752650618553161621e-01 3.208932876586914062e-01 6.101002693176269531e-01 2.480244040489196777e-01 2.712972164154052734e-01 2.804553508758544922e-01 3.355952799320220947e-01 2.004834413528442383e-01 4.358974695205688477e-01 2.004281878471374512e-01 2.022331357002258301e-01 3.348276615142822266e-01
2.275877892971038818e-01 3.006493449211120605e-01 4.240667819976806641e-01 2.474796473979949951e-01 2.570496499538421631e-01 3.969068527221679688e-01 2.531365156173706055e-01 3.369612693786621094e-01 3.253456354141235352e-01 2.809359431266784668e-01 6.225765943527221680e-01 2.244938611984252930e-01 5.215606093406677246e-01 5.472295880317687988e-01 5.203036069869995117e-01 3.523402214050292969e-01 3.281428813934326172e-01 3.822835981845855713e-01 3.872915506362915039e-01 2.308285832405090332e-01
4.416701197624206543e-01 6.793492436408996582e-01 4.264149665832519531e-01 2.957185506820678711e-01 4.538680315017700195e-01 3.331387341022491455e-01 6.241559982299804688e-01 4.390553236007690430e-01 2.650703191757202148e-01 2.386856526136398315e-01 2.535378634929656982e-01 3.328583836555480957e-01 3.321982026100158691e-01 3.664920330047607422e-01 3.777485191822052002e-01 4.848096668720245361e-01 3.800254464149475098e-01 2.584662139415740967e-01 3.861285448074340820e-01 2.627220153808593750e-01
1.575141400098800659e-01 4.109371900558471680e-01 2.730074524879455566e-01 5.230741500854492188e-01 3.681732416152954102e-01 4.017162322998046875e-01 1.783552467823028564e-01 3.383802175521850586e-01 4.544919431209564209e-01 1.967458277940750122e-01 2.616619467735290527e-01 3.772597014904022217e-01 3.705573976039886475e-01 3.710789978504180908e-01 3.978399634361267090e-01 1.011506915092468262e-01 2.514612674713134766e-01 2.779671549797058105e-01 2.795832753181457520e-01 2.588057219982147217e-01
2.816145420074462891e-01 3.561218678951263428e-01 3.473204374313354492e-01 2.353824377059936523e-01 3.445679545402526855e-01 1.699012219905853271e-01 2.914830446243286133e-01 3.519558906555175781e-01 4.286578595638275146e-01 3.550239801406860352e-01 4.201311469078063965e-01 4.982998967170715332e-01 2.457835376262664795e-01 2.822436690330505371e-01 2.346269041299819946e-01 7.089538574218750000e-01 4.037369489669799805e-01 4.535413086414337158e-01 1.512464582920074463e-01 1.912866383790969849e-01
4.178967177867889404e-01 2.098176479339599609e-01 6.308612227439880371e-01 3.759551644325256348e-01 2.276662439107894897e-01 3.042919039726257324e-01 1.874503791332244873e-01 1.781672984361648560e-01 4.134109914302825928e-01 4.108977019786834717e-01 3.135246038436889648e-01 3.720128536224365234e-01 5.148031115531921387e-01 2.487827688455581665e-01 4.525846242904663086e-01 4.515979588031768799e-01 4.985329508781433105e-01 4.762219786643981934e-01 3.475419580936431885e-01 3.677666187286376953e-01
