2018-07-24 01:15:00
5.272368192672729492e-01 3.660198152065277100e-01 3.899023830890655518e-01 4.207719564437866211e-01 1.569636017084121704e-01 2.868622243404388428e-01 5.079325437545776367e-01 4.952823817729949951e-01 4.681829810142517090e-01 4.765419363975524902e-01 5.158623456954956055e-01 8.780596256256103516e-01 7.302694320678710938e-01 4.428929090499877930e-01 1.363745093345642090e+00 7.534587383270263672e-01 1.023589134216308594e+00 8.838357925415039062e-01 8.283864855766296387e-01 9.308259487152099609e-01
1.591878235340118408e-01 6.015574932098388672e-01 4.854491353034973145e-01 5.117381811141967773e-01 6.152065396308898926e-01 1.692807078361511230e-01 4.524307847023010254e-01 3.189421296119689941e-01 8.795579671859741211e-01 4.151649475097656250e-01 8.021563291549682617e-01 8.612270355224609375e-01 5.784034729003906250e-01 1.045566082000732422e+00 1.163044214248657227e+00 1.204817533493041992e+00 1.083175301551818848e+00 3.838273286819458008e-01 1.072760105133056641e+00 8.320499062538146973e-01
4.160135686397552490e-01 4.539901018142700195e-01 4.383799433708190918e-01 3.748122155666351318e-01 7.555240392684936523e-01 5.321409702301025391e-01 1.356310993432998657e-01 5.590819120407104492e-01 3.889509141445159912e-01 5.764793157577514648e-01 8.517532944679260254e-01 8.166168332099914551e-01 5.286909937858581543e-01 9.235917329788208008e-01 7.140277028083801270e-01 1.830950260162353516e+00 6.506162285804748535e-01 1.353825211524963379e+00 1.066482067108154297e+00 1.205515861511230469e+00
4.008878171443939209e-01 6.008318662643432617e-01 6.302741765975952148e-01 3.493627905845642090e-01 5.400384664535522461e-01 2.403021156787872314e-01 2.653315663337707520e-01 4.017015695571899414e-01 5.504531860351562500e-01 6.443991065025329590e-01 8.349051475524902344e-01 2.033807039260864258e-01 7.817799448966979980e-01 5.916407704353332520e-01 9.754761457443237305e-01 1.501205444335937500e+00 1.168802142143249512e+00 9.680014252662658691e-01 6.710907816886901855e-01 6.659224033355712891e-01
4.283179938793182373e-01 5.818477869033813477e-01 5.940536856651306152e-01 2.975224256515502930e-01 4.089166522026062012e-01 6.750960350036621094e-01 1.776914000511169434e-01 3.296144306659698486e-01 2.541665434837341309e-01 7.029721736907958984e-01 2.851122021675109863e-01 7.362111806869506836e-01 1.798436045646667480e-01 1.100551962852478027e+00 8.585954308509826660e-01 1.329639196395874023e+00 1.248606920242309570e+00 8.925600647926330566e-01 6.471334695816040039e-01 6.648009419441223145e-01
5.541378855705261230e-01 2.455224990844726562e-01 2.861189246177673340e-01 4.689943790435791016e-01 3.595973253250122070e-01 3.610280156135559082e-01 4.395054578781127930e-01 1.271798461675643921e-01 2.775526046752929688e-01 5.508335828781127930e-01 6.139284372329711914e-01 6.592919826507568359e-01 6.676544547080993652e-01 1.237697839736938477e+00 7.264561653137207031e-01 5.375789403915405273e-01 1.310050964355468750e+00 1.224017858505249023e+00 9.544944763183593750e-01 1.291212081909179688e+00
3.028768897056579590e-01 3.638219237327575684e-01 5.601021051406860352e-01 6.621328741312026978e-02 7.316300272941589355e-01 4.779381453990936279e-01 3.932570219039916992e-01 4.761676192283630371e-01 5.765874385833740234e-01 5.373385548591613770e-01 1.604872643947601318e-01 8.446711301803588867e-01 4.505776464939117432e-01 5.347744822502136230e-01 1.009076118469238281e+00 7.192424535751342773e-01 1.997545123100280762e+00 1.066010475158691406e+00 1.087304711341857910e+00 9.019300341606140137e-01
5.745594501495361328e-01 4.735511541366577148e-01 4.969674944877624512e-01 4.912137389183044434e-01 4.326238930225372314e-01 1.944370418787002563e-01 1.915797442197799683e-01 6.755740046501159668e-01 3.691474795341491699e-01 3.497930169105529785e-01 3.697829544544219971e-01 3.663057088851928711e-01 6.267945766448974609e-01 6.500347852706909180e-01 1.031482100486755371e+00 9.600309729576110840e-01 9.814646840095520020e-01 9.890167713165283203e-01 1.160324096679687500e+00 1.258039832115173340e+00
2.187698930501937866e-01 1.339545845985412598e-01 4.757352769374847412e-01 2.488829195499420166e-01 1.034386754035949707e-01 5.508694648742675781e-01 4.151418805122375488e-01 5.022106170654296875e-01 4.274693727493286133e-01 4.809121787548065186e-01 3.481375575065612793e-01 3.273985385894775391e-01 5.385704040527343750e-01 9.014794826507568359e-01 8.769947290420532227e-01 6.793769598007202148e-01 1.050073862075805664e+00 1.630178928375244141e+00 1.470062494277954102e+00 1.135506749153137207e+00
2.770735621452331543e-01 3.256716728210449219e-01 4.383600950241088867e-01 2.458349466323852539e-01 2.097712904214859009e-01 4.977719485759735107e-01 2.508336901664733887e-01 5.820801854133605957e-01 5.010669231414794922e-01 6.702024936676025391e-01 5.768095254898071289e-01 8.197845816612243652e-01 5.274323225021362305e-01 7.830583453178405762e-01 1.155372500419616699e+00 6.096838116645812988e-01 8.423153162002563477e-01 1.428219318389892578e+00 1.229681730270385742e+00 1.012103676795959473e+00
3.571181893348693848e-01 3.345851898193359375e-01 4.773404598236083984e-01 2.906040549278259277e-01 3.671329319477081299e-01 3.355728387832641602e-01 4.485886096954345703e-01 1.913264095783233643e-01 6.878497600555419922e-01 5.399292707443237305e-01 5.249464511871337891e-01 6.592879295349121094e-01 7.690936326980590820e-01 6.071386933326721191e-01 5.126529932022094727e-01 8.357495069503784180e-01 6.404663920402526855e-01 4.256361126899719238e-01 9.426116943359375000e-01 7.318750619888305664e-01
3.133755624294281006e-01 3.057816922664642334e-01 5.598139762878417969e-01 3.560567498207092285e-01 3.433640897274017334e-01 4.395882785320281982e-01 4.985260963439941406e-01 4.646568298339843750e-01 3.679372072219848633e-01 3.171111941337585449e-01 6.549010276794433594e-01 5.158349275588989258e-01 4.808743596076965332e-01 5.244256258010864258e-01 5.476344823837280273e-01 8.346270322799682617e-01 9.784942865371704102e-01 8.499341011047363281e-01 9.152074456214904785e-01 1.116655111312866211e+00
4.507460594177246094e-01 3.785230517387390137e-01 4.574886560440063477e-01 5.043361186981201172e-01 4.505846500396728516e-01 5.654050707817077637e-01 4.234075248241424561e-01 4.302356541156768799e-01 2.463933527469635010e-01 3.684414923191070557e-01 4.069468975067138672e-01 3.356065154075622559e-01 1.646287739276885986e-01 5.398309230804443359e-01 5.201727747917175293e-01 5.726280808448791504e-01 8.247181773185729980e-01 6.065533161163330078e-01 7.595180273056030273e-01 9.660772085189819336e-01
2.814911007881164551e-01 5.203894972801208496e-01 1.929333060979843140e-01 4.323260486125946045e-01 2.142339199781417847e-01 3.418489098548889160e-01 4.866577386856079102e-01 3.949000835418701172e-01 2.939743399620056152e-01 3.512461781501770020e-01 3.771340847015380859e-01 4.918735027313232422e-01 4.330133199691772461e-01 2.145575881004333496e-01 3.472667634487152100e-01 5.615795850753784180e-01 4.256589114665985107e-01 7.006769180297851562e-01 4.673473834991455078e-01 4.585891067981719971e-01
4.976410865783691406e-01 5.364497303962707520e-01 6.785362958908081055e-01 5.764849185943603516e-01 3.506780564785003662e-01 2.372546494007110596e-01 5.534599423408508301e-01 5.657596588134765625e-01 3.453124165534973145e-01 3.509944677352905273e-01 5.012285709381103516e-01 4.112167656421661377e-01 3.739419579505920410e-01 2.478682398796081543e-01 1.565810143947601318e-01 2.665070891380310059e-01 3.573530018329620361e-01 3.982400298118591309e-01 5.768160223960876465e-01 4.468071460723876953e-01
1.752617061138153076e-01 6.423914432525634766e-01 2.302211672067642212e-01 6.147727966308593750e-01 4.497987031936645508e-01 5.008293390274047852e-01 7.186815738677978516e-01 6.048533320426940918e-01 4.822741448879241943e-01 2.778489589691162109e-01 2.257094979286193848e-01 4.008667171001434326e-01 2.082740664482116699e-01 4.215524792671203613e-01 4.810518920421600342e-01 3.311230242252349854e-01 4.403353333473205566e-01 3.940079808235168457e-01 6.054435372352600098e-01 8.180993199348449707e-01
7.153559923171997070e-01 4.782304167747497559e-01 7.409048080444335938e-01 6.441998481750488281e-01 2.571580410003662109e-01 3.942159414291381836e-01 8.289198875427246094e-01 5.043144226074218750e-01 5.296911597251892090e-01 5.674715042114257812e-01 7.283673286437988281e-01 2.522818446159362793e-01 5.355488061904907227e-01 4.852901399135589600e-01 1.427329778671264648e-01 1.422626972198486328e-01 2.670108377933502197e-01 3.792296648025512695e-01 8.189091682434082031e-01 6.150377392768859863e-01
5.075349807739257812e-01 4.761673808097839355e-01 2.878796458244323730e-01 4.584686160087585449e-01 3.428462147712707520e-01 5.750786066055297852e-01 7.949525117874145508e-01 5.282745361328125000e-01 4.777645766735076904e-01 5.596380233764648438e-01 3.178545236587524414e-01 4.135390222072601318e-01 3.805226981639862061e-01 4.659067988395690918e-01 3.615091443061828613e-01 5.383182764053344727e-01 1.845037788152694702e-01 3.438200950622558594e-01 5.327125191688537598e-01 7.034890651702880859e-01
5.283858180046081543e-01 4.020123481750488281e-01 9.974768757820129395e-01 3.825431168079376221e-01 5.430256128311157227e-01 3.944492936134338379e-01 6.056939363479614258e-01 6.651192307472229004e-01 3.630949556827545166e-01 5.423406362533569336e-01 6.188271045684814453e-01 6.249783039093017578e-01 4.410937428474426270e-01 3.598115742206573486e-01 2.214305847883224487e-01 4.786578416824340820e-01 3.429222702980041504e-01 3.311181068420410156e-01 3.401066362857818604e-01 6.213284134864807129e-01
5.174021124839782715e-01 4.971895813941955566e-01 4.973655939102172852e-01 4.379213154315948486e-01 7.165609002113342285e-01 2.825555205345153809e-01 9.391126632690429688e-01 7.221912145614624023e-01 6.522407531738281250e-01 5.634051561355590820e-01 2.496352642774581909e-01 2.631674706935882568e-01 6.905800104141235352e-01 3.969151377677917480e-01 3.509118556976318359e-01 3.204934298992156982e-01 5.217694640159606934e-01 4.305246174335479736e-01 5.954112410545349121e-01 6.665987968444824219e-01
