2018-07-24 13:00:00
2.186004668474197388e-01 4.163435101509094238e-01 8.228832483291625977e-01 4.163983464241027832e-01 4.652335345745086670e-01 3.221616744995117188e-01 2.095823884010314941e-01 5.068523287773132324e-01 6.042064428329467773e-01 2.998319268226623535e-01 3.533270955085754395e-01 1.535269767045974731e-01 5.173240900039672852e-01 4.744842052459716797e-01 6.329761147499084473e-01 7.888991832733154297e-01 2.893700003623962402e-01 2.830835282802581787e-01 2.097186893224716187e-01 4.133740365505218506e-01
3.983120620250701904e-01 1.665930449962615967e-01 5.232560634613037109e-01 5.803101658821105957e-01 5.856864452362060547e-01 3.304927647113800049e-01 5.379068851470947266e-01 3.500727117061614990e-01 4.295086860656738281e-01 4.429953694343566895e-01 5.640426278114318848e-01 2.984509468078613281e-01 5.114348530769348145e-01 4.080936014652252197e-01 5.344168543815612793e-01 5.105677843093872070e-01 3.752698600292205811e-01 5.010207891464233398e-01 2.245104610919952393e-01 3.702504038810729980e-01
3.231289982795715332e-01 6.804342269897460938e-01 5.068067312240600586e-01 5.438011884689331055e-01 8.351032733917236328e-01 5.156209468841552734e-01 6.700766682624816895e-01 4.619796574115753174e-01 4.401536583900451660e-01 3.715517520904541016e-01 4.672626256942749023e-01 2.937816381454467773e-01 2.683721780776977539e-01 4.236572384834289551e-01 1.707207113504409790e-01 6.831136345863342285e-01 5.397586822509765625e-01 4.424901604652404785e-01 6.369081735610961914e-01 2.434107661247253418e-01
4.732121229171752930e-01 4.204924702644348145e-01 5.732437968254089355e-01 6.757386922836303711e-01 5.307681560516357422e-01 5.231013894081115723e-01 5.384223461151123047e-01 2.848740220069885254e-01 2.380951642990112305e-01 4.510202705860137939e-01 4.774350523948669434e-01 2.370750457048416138e-01 4.244306385517120361e-01 3.548200428485870361e-01 5.194724798202514648e-01 3.282530307769775391e-01 5.230511426925659180e-01 4.130290150642395020e-01 4.152214229106903076e-01 2.299123108386993408e-01
3.242515921592712402e-01 5.483841896057128906e-01 5.741329193115234375e-01 9.360601902008056641e-01 7.895963788032531738e-01 5.865416526794433594e-01 2.909125685691833496e-01 5.609232187271118164e-01 3.408626616001129150e-01 7.970529794692993164e-01 3.726246953010559082e-01 3.273668289184570312e-01 3.934319615364074707e-01 3.054810166358947754e-01 1.643325239419937134e-01 6.184835433959960938e-01 4.316319227218627930e-01 2.218352854251861572e-01 2.574458420276641846e-01 3.707492947578430176e-01
4.701505899429321289e-01 3.161723017692565918e-01 4.602701663970947266e-01 1.245161533355712891e+00 6.192555427551269531e-01 5.813128948211669922e-01 4.430292546749114990e-01 6.626507043838500977e-01 3.413367867469787598e-01 3.161141574382781982e-01 2.725462019443511963e-01 2.606675624847412109e-01 3.237034082412719727e-01 6.651728153228759766e-01 4.289550483226776123e-01 4.862459003925323486e-01 5.277432203292846680e-01 4.473857879638671875e-01 5.038868188858032227e-01 6.214205026626586914e-01
6.136216521263122559e-01 7.052479386329650879e-01 8.588629364967346191e-01 4.986698031425476074e-01 1.122463226318359375e+00 6.692501902580261230e-01 5.522484183311462402e-01 2.831920087337493896e-01 3.107386231422424316e-01 4.376999437808990479e-01 2.105977535247802734e-01 5.692015886306762695e-01 4.698580503463745117e-01 3.485048115253448486e-01 6.962683200836181641e-01 3.401962816715240479e-01 4.800988435745239258e-01 5.283594131469726562e-01 2.149226814508438110e-01 5.496760606765747070e-01
6.231900453567504883e-01 4.857756197452545166e-01 7.638393640518188477e-01 1.052730083465576172e+00 5.718058347702026367e-01 7.872146368026733398e-01 2.113737761974334717e-01 4.580707550048828125e-01 3.884888291358947754e-01 3.051207661628723145e-01 3.853487372398376465e-01 1.954329609870910645e-01 5.816735029220581055e-01 4.895957708358764648e-01 2.936260104179382324e-01 1.948552280664443970e-01 2.885190844535827637e-01 3.103754520416259766e-01 6.841809749603271484e-01 2.002045810222625732e-01
4.527111053466796875e-01 7.622655034065246582e-01 7.845678925514221191e-01 7.164744734764099121e-01 6.306626796722412109e-01 5.608634352684020996e-01 3.395867347717285156e-01 3.535808324813842773e-01 2.411893606185913086e-01 3.390329778194427490e-01 2.900943160057067871e-01 2.222769558429718018e-01 5.407551527023315430e-01 3.794319033622741699e-01 2.410519123077392578e-01 4.839795827865600586e-01 3.129174709320068359e-01 3.149574398994445801e-01 4.910522997379302979e-01 2.526417374610900879e-01
5.697023868560791016e-01 5.428270101547241211e-01 5.016930103302001953e-01 6.488035321235656738e-01 6.348545551300048828e-01 8.289163708686828613e-01 3.743659853935241699e-01 4.841724336147308350e-01 6.744557619094848633e-01 3.327552378177642822e-01 4.091308116912841797e-01 3.982411026954650879e-01 4.087961316108703613e-01 4.970269203186035156e-01 2.402676343917846680e-01 4.762223064899444580e-01 5.781688094139099121e-01 3.432645797729492188e-01 2.832025289535522461e-01 3.078314661979675293e-01
4.558797478675842285e-01 6.425317525863647461e-01 7.866719961166381836e-01 7.548851966857910156e-01 5.649127960205078125e-01 4.592018127441406250e-01 3.735843896865844727e-01 4.346109628677368164e-01 2.916687130928039551e-01 6.702671051025390625e-01 4.674841761589050293e-01 2.719474434852600098e-01 3.658015727996826172e-01 4.734653532505035400e-01 2.491337060928344727e-01 3.527257442474365234e-01 4.901279807090759277e-01 7.504865527153015137e-01 6.969184279441833496e-01 2.780049741268157959e-01
4.407294690608978271e-01 2.443623691797256470e-01 5.468231439590454102e-01 7.603484392166137695e-01 7.381712794303894043e-01 4.074409008026123047e-01 6.030866503715515137e-01 3.727921545505523682e-01 2.704067826271057129e-01 3.057253360748291016e-01 5.762467384338378906e-01 2.537179887294769287e-01 1.354555487632751465e-01 3.923197984695434570e-01 3.433479368686676025e-01 3.757460713386535645e-01 3.415387272834777832e-01 2.206934243440628052e-01 5.400222539901733398e-01 6.542363166809082031e-01
3.030140399932861328e-01 3.265932202339172363e-01 4.713737368583679199e-01 3.353695571422576904e-01 4.329892992973327637e-01 4.262631833553314209e-01 2.343544512987136841e-01 5.783258676528930664e-01 4.175397753715515137e-01 4.937363266944885254e-01 2.996826469898223877e-01 2.917362451553344727e-01 2.719780802726745605e-01 2.407307326793670654e-01 2.021733075380325317e-01 1.645822525024414062e-01 4.033589959144592285e-01 3.666598796844482422e-01 2.919509410858154297e-01 4.765642285346984863e-01
2.687851190567016602e-01 2.001818418502807617e-01 7.308610081672668457e-01 4.763574600219726562e-01 1.361006796360015869e-01 2.581194639205932617e-01 4.314277172088623047e-01 3.965285420417785645e-01 4.370038211345672607e-01 2.546182572841644287e-01 3.445933163166046143e-01 2.989127337932586670e-01 2.067866325378417969e-01 4.769784212112426758e-01 3.389059901237487793e-01 3.116010427474975586e-01 3.191698789596557617e-01 4.491903781890869141e-01 2.271398305892944336e-01 2.339140325784683228e-01
3.740409612655639648e-01 3.674220442771911621e-01 5.638529062271118164e-01 1.909711807966232300e-01 2.726158499717712402e-01 2.987017035484313965e-01 3.760696649551391602e-01 6.616057753562927246e-01 4.046503603458404541e-01 3.979032337665557861e-01 2.971964478492736816e-01 1.905311346054077148e-01 3.445701599121093750e-01 2.025966644287109375e-01 4.605414867401123047e-01 3.222524821758270264e-01 3.641435205936431885e-01 4.902789294719696045e-01 5.011094212532043457e-01 4.164026975631713867e-01
5.589751005172729492e-01 3.780577182769775391e-01 2.245448380708694458e-01 3.865217566490173340e-01 8.521047830581665039e-01 7.621755599975585938e-01 6.987978219985961914e-01 2.709915637969970703e-01 3.461560010910034180e-01 2.448271512985229492e-01 3.148468136787414551e-01 4.499447345733642578e-01 5.191485881805419922e-01 2.930216863751411438e-02 3.087879121303558350e-01 4.244753718376159668e-01 8.488553762435913086e-02 5.529006719589233398e-01 6.140260696411132812e-01 6.635791063308715820e-01
4.311222434043884277e-01 3.805444836616516113e-01 3.169539570808410645e-01 4.769053459167480469e-01 4.245065748691558838e-01 2.738941907882690430e-01 2.504859268665313721e-01 1.794883608818054199e-01 3.972239792346954346e-01 4.128246903419494629e-01 3.945186734199523926e-01 2.269244790077209473e-01 4.181492924690246582e-01 5.594507455825805664e-01 4.425528049468994141e-01 4.336286783218383789e-01 3.230591416358947754e-01 2.901680767536163330e-01 5.306324362754821777e-01 4.501373767852783203e-01
6.736656427383422852e-01 6.017285585403442383e-01 4.180500805377960205e-01 3.338261842727661133e-01 4.311374425888061523e-01 4.813629090785980225e-01 3.972246646881103516e-01 3.036585450172424316e-01 2.847064733505249023e-01 4.289197325706481934e-01 2.575677037239074707e-01 3.409959673881530762e-01 3.501564562320709229e-01 2.912806868553161621e-01 2.783177196979522705e-01 5.060536265373229980e-01 4.200598895549774170e-01 3.128049969673156738e-01 2.880160808563232422e-01 4.050500094890594482e-01
2.641043663024902344e-01 3.973028957843780518e-01 3.933548927307128906e-01 2.325764149427413940e-01 4.174931645393371582e-01 1.506298184394836426e-01 5.644233226776123047e-01 3.307676911354064941e-01 3.245673179626464844e-01 4.104982614517211914e-01 4.141547083854675293e-01 5.813097953796386719e-01 6.174532175064086914e-01 3.953183591365814209e-01 2.004335373640060425e-01 3.557872474193572998e-01 5.636669397354125977e-01 4.425249695777893066e-01 2.898272871971130371e-01 5.360479950904846191e-01
1.889442205429077148e-01 3.503548502922058105e-01 6.601216793060302734e-01 5.655773878097534180e-01 1.304532587528228760e-01 3.334976732730865479e-01 3.231176137924194336e-01 3.258861005306243896e-01 4.164375662803649902e-01 3.049738407135009766e-01 6.322287917137145996e-01 4.562385976314544678e-01 4.519406557083129883e-01 2.726224660873413086e-01 5.019901990890502930e-01 4.269256591796875000e-01 4.715118110179901123e-01 3.416590988636016846e-01 1.670064181089401245e-01 2.124257236719131470e-01
