2018-07-24 13:15:00
1.172044724225997925e-01 1.687051951885223389e-01 2.814188897609710693e-01 3.620670139789581299e-01 3.189738392829895020e-01 4.044504165649414062e-01 1.832416206598281860e-01 1.512772589921951294e-01 2.032208144664764404e-01 8.459591120481491089e-02 1.288009881973266602e-01 3.513107895851135254e-01 3.361861705780029297e-01 1.941558122634887695e-01 1.344779580831527710e-01 2.925187945365905762e-01 3.150126039981842041e-01 3.007969856262207031e-01 9.844923019409179688e-02 2.142613381147384644e-01
3.779655396938323975e-01 3.636837303638458252e-01 3.226227760314941406e-01 1.682773828506469727e-01 5.970520973205566406e-01 3.750778436660766602e-01 3.019192814826965332e-01 1.730670630931854248e-01 1.594512164592742920e-01 2.670633494853973389e-01 1.872597932815551758e-01 1.658506691455841064e-01 1.669360250234603882e-01 1.543217897415161133e-01 1.710028946399688721e-01 8.325745165348052979e-02 3.786095380783081055e-01 3.994415700435638428e-01 1.454816758632659912e-01 1.231781244277954102e-01
3.618782758712768555e-01 3.176810145378112793e-01 3.143134713172912598e-01 4.196166694164276123e-01 4.709658324718475342e-01 3.288792371749877930e-01 2.591561973094940186e-01 2.566914260387420654e-01 1.837338209152221680e-01 9.590615332126617432e-02 3.577519655227661133e-01 1.756190955638885498e-01 2.265891432762145996e-01 3.969687819480895996e-01 3.123869895935058594e-01 1.511973738670349121e-01 3.200739622116088867e-01 1.636671721935272217e-01 2.190421819686889648e-01 3.491281569004058838e-01
2.616981565952301025e-01 2.636510133743286133e-01 2.576954662799835205e-01 5.725376605987548828e-01 1.773100644350051880e-01 1.933897882699966431e-01 1.048152074217796326e-01 3.136269748210906982e-01 1.315785646438598633e-01 4.960386455059051514e-01 2.827747762203216553e-01 2.947710156440734863e-01 1.285403966903686523e-01 2.233920544385910034e-01 1.725079268217086792e-01 1.085536032915115356e-01 1.531006246805191040e-01 2.312958538532257080e-01 1.906241774559020996e-01 2.041678130626678467e-01
3.556237816810607910e-01 1.219811439514160156e-01 3.462796807289123535e-01 4.816973581910133362e-02 1.046124696731567383e-01 5.307428240776062012e-01 1.501332372426986694e-01 4.270999878644943237e-02 4.915672540664672852e-01 2.133370339870452881e-01 2.317209988832473755e-01 3.144140839576721191e-01 6.333881616592407227e-01 1.479554325342178345e-01 2.759428322315216064e-01 2.631445527076721191e-01 2.069397270679473877e-01 2.697562873363494873e-01 2.576012611389160156e-01 1.239045262336730957e-01
8.541658520698547363e-02 5.044654607772827148e-01 1.783252954483032227e-01 2.580259442329406738e-01 3.670859932899475098e-01 6.851613521575927734e-01 3.981385529041290283e-01 1.041128635406494141e-01 1.844657957553863525e-01 1.777934730052947998e-01 2.361923307180404663e-01 2.177420556545257568e-01 1.571187973022460938e-01 1.710002720355987549e-01 1.601335406303405762e-01 1.535921543836593628e-01 1.741539835929870605e-01 1.798627227544784546e-01 4.359027147293090820e-01 1.778537780046463013e-02
1.000141128897666931e-01 1.481252163648605347e-01 2.703010737895965576e-01 1.510956168174743652e+00 6.356580257415771484e-01 4.630415141582489014e-01 2.728944420814514160e-01 1.621851027011871338e-01 4.841156303882598877e-01 3.642126321792602539e-01 1.817388087511062622e-01 4.013023376464843750e-01 2.455436736345291138e-01 2.895884811878204346e-01 2.749521732330322266e-01 3.305194377899169922e-01 4.516945779323577881e-02 1.885302364826202393e-01 1.860023736953735352e-01 4.579050540924072266e-01
5.136778354644775391e-01 3.090522289276123047e-01 2.242551594972610474e-01 2.182284742593765259e-01 4.134421348571777344e-01 4.271135851740837097e-02 3.780176639556884766e-01 1.636704206466674805e-01 4.404087662696838379e-01 3.292055726051330566e-01 3.884489238262176514e-01 2.631549239158630371e-01 5.413980484008789062e-01 4.734424352645874023e-01 3.757224082946777344e-01 8.604016900062561035e-02 2.361299693584442139e-01 2.061657458543777466e-01 3.208770155906677246e-01 3.987362384796142578e-01
2.502556145191192627e-01 2.947498261928558350e-01 5.660176873207092285e-01 2.114308774471282959e-01 2.415951192378997803e-01 3.041984438896179199e-01 4.545482993125915527e-01 2.479701489210128784e-01 3.223586976528167725e-01 3.040364384651184082e-01 2.824282050132751465e-01 2.358962148427963257e-01 3.428631126880645752e-01 1.808420419692993164e-01 2.224306464195251465e-01 1.771912872791290283e-01 1.264940351247787476e-01 2.186845839023590088e-01 3.048399090766906738e-01 3.414326608180999756e-01
4.710085988044738770e-01 3.212711215019226074e-01 3.053644299507141113e-01 4.902750551700592041e-01 2.108523547649383545e-01 4.733487069606781006e-01 1.873877644538879395e-01 2.646626830101013184e-01 1.889199018478393555e-01 3.050992488861083984e-01 1.273347735404968262e-01 1.978361606597900391e-01 1.237887293100357056e-01 2.298230528831481934e-01 2.002636194229125977e-01 3.836209774017333984e-01 1.205601170659065247e-01 1.552077084779739380e-01 2.408890724182128906e-01 4.024187922477722168e-01
1.343590617179870605e-01 1.690303385257720947e-01 1.412594616413116455e-01 2.622497081756591797e-01 2.789451777935028076e-01 3.223529458045959473e-01 2.884343862533569336e-01 6.019611954689025879e-01 2.530792653560638428e-01 3.622611165046691895e-01 1.767626851797103882e-01 2.205122411251068115e-01 2.106257677078247070e-01 2.328801751136779785e-01 2.015262246131896973e-01 8.646611124277114868e-02 7.358434796333312988e-02 7.015825808048248291e-02 1.161726266145706177e-01 1.866645663976669312e-01
3.954342007637023926e-01 2.399667501449584961e-01 3.371095657348632812e-01 3.153674006462097168e-01 2.542359828948974609e-01 3.999904394149780273e-01 2.298263460397720337e-01 1.836678087711334229e-01 4.208257794380187988e-01 2.604890167713165283e-01 4.052202105522155762e-01 3.004188537597656250e-01 2.276616096496582031e-01 3.929811716079711914e-01 2.449996173381805420e-01 3.965753912925720215e-01 1.897355020046234131e-01 2.624914050102233887e-01 3.410293757915496826e-01 1.445487886667251587e-01
2.711343467235565186e-01 2.393565773963928223e-01 5.428197383880615234e-01 4.029048681259155273e-01 3.489852547645568848e-01 3.630435466766357422e-01 2.590654790401458740e-01 1.635992228984832764e-01 3.764626383781433105e-01 2.114716172218322754e-01 3.250552415847778320e-01 3.227086961269378662e-01 2.430828958749771118e-01 4.897876977920532227e-01 3.903162181377410889e-01 3.186362385749816895e-01 1.440674364566802979e-01 3.381733596324920654e-01 1.724317073822021484e-01 1.833303868770599365e-01
2.445916235446929932e-01 5.537878274917602539e-01 4.552504420280456543e-01 3.788671493530273438e-01 2.478636205196380615e-01 2.769914269447326660e-01 1.800623238086700439e-01 2.571058869361877441e-01 1.671133637428283691e-01 2.231191396713256836e-01 1.908076107501983643e-01 2.772274613380432129e-01 4.421853125095367432e-01 2.824482023715972900e-01 2.879500389099121094e-01 3.365862965583801270e-01 2.473019361495971680e-01 2.207745611667633057e-01 3.783944249153137207e-01 1.443505883216857910e-01
2.789396047592163086e-01 2.914923429489135742e-01 3.467919230461120605e-01 3.197966814041137695e-01 3.594930171966552734e-01 5.897935479879379272e-02 9.532394260168075562e-02 2.359099388122558594e-01 2.102624177932739258e-01 4.178990721702575684e-01 2.813789248466491699e-01 1.836179792881011963e-01 4.207043647766113281e-01 2.277487218379974365e-01 2.161878794431686401e-01 3.492715358734130859e-01 1.554832309484481812e-01 3.758984804153442383e-01 1.810881346464157104e-01 1.637503653764724731e-01
1.757836639881134033e-01 3.271636068820953369e-01 2.223736345767974854e-01 1.865117251873016357e-01 2.361967861652374268e-01 3.104341328144073486e-01 3.015337586402893066e-01 1.058182418346405029e-01 2.717578113079071045e-01 1.908330321311950684e-01 6.293058991432189941e-01 4.376490414142608643e-01 2.501940131187438965e-01 2.173371911048889160e-01 3.496621251106262207e-01 2.820223569869995117e-01 1.444806307554244995e-01 2.988053560256958008e-01 1.287183910608291626e-01 4.924474954605102539e-01
1.528792083263397217e-01 3.761516213417053223e-01 3.327135145664215088e-01 3.234060406684875488e-01 1.525783389806747437e-01 2.087251245975494385e-01 4.162059426307678223e-01 3.936010301113128662e-01 3.107125759124755859e-01 1.417918801307678223e-01 2.919698953628540039e-01 1.941668391227722168e-01 3.137245476245880127e-01 4.143334031105041504e-01 3.209612965583801270e-01 3.012525141239166260e-01 3.239325582981109619e-01 2.105138599872589111e-01 1.754266917705535889e-01 3.206564188003540039e-01
1.628861427307128906e-01 1.595612764358520508e-01 1.519754827022552490e-01 1.604978144168853760e-01 1.584292352199554443e-01 2.269643396139144897e-01 2.432942688465118408e-01 2.975884377956390381e-01 3.237185478210449219e-01 3.741609156131744385e-01 2.195476293563842773e-01 2.591375261545181274e-02 2.142322361469268799e-01 1.911451667547225952e-01 3.344902396202087402e-01 2.336148917675018311e-01 4.174317121505737305e-01 1.248841285705566406e-01 1.890659630298614502e-01 6.475491821765899658e-02
2.351552248001098633e-01 3.727366924285888672e-01 2.297316640615463257e-01 3.417544066905975342e-01 9.981058537960052490e-02 2.259514778852462769e-01 2.930868864059448242e-01 2.793704569339752197e-01 3.697795271873474121e-01 3.688031435012817383e-01 2.538497447967529297e-01 3.843585848808288574e-01 3.616872429847717285e-01 2.610598802566528320e-01 2.537297010421752930e-01 2.956790328025817871e-01 3.102710247039794922e-01 1.704834103584289551e-01 2.661776542663574219e-01 2.140107750892639160e-01
2.681056559085845947e-01 1.476578414440155029e-01 1.504596471786499023e-01 3.227346539497375488e-01 1.910324990749359131e-01 4.673623144626617432e-01 2.569168210029602051e-01 1.418198049068450928e-01 2.884547710418701172e-01 5.372036695480346680e-01 5.479701757431030273e-01 3.423548936843872070e-01 2.371002584695816040e-01 3.612009286880493164e-01 3.398104906082153320e-01 3.295876383781433105e-01 1.439793854951858521e-01 2.855731546878814697e-01 1.810742914676666260e-01 1.698421835899353027e-01
