2018-07-24 13:30:00
3.714614808559417725e-01 2.569985389709472656e-01 6.321895718574523926e-01 4.981576204299926758e-01 3.394294381141662598e-01 1.399113088846206665e-01 2.753562927246093750e-01 1.569019854068756104e-01 5.537243485450744629e-01 2.729464769363403320e-01 2.457047998905181885e-01 2.280488908290863037e-01 2.118258476257324219e-01 4.653642475605010986e-01 3.320381641387939453e-01 4.980372190475463867e-01 2.220524996519088745e-01 3.998123407363891602e-01 3.235720992088317871e-01 2.111246883869171143e-01
2.153888195753097534e-01 3.197234869003295898e-01 4.643743634223937988e-01 6.556201577186584473e-01 5.406048297882080078e-01 3.086891174316406250e-01 1.729020178318023682e-01 2.180025279521942139e-01 1.248087435960769653e-01 3.152465224266052246e-01 2.349134981632232666e-01 2.523720860481262207e-01 2.464555501937866211e-01 2.698485553264617920e-01 2.836115360260009766e-01 4.346946179866790771e-01 2.714425325393676758e-01 3.650335669517517090e-01 3.073967993259429932e-01 2.135160267353057861e-01
1.009984239935874939e-01 2.447189241647720337e-01 2.552774846553802490e-01 1.188015639781951904e-01 2.195715010166168213e-01 3.888079524040222168e-01 3.933002054691314697e-01 3.338567316532135010e-01 1.628559529781341553e-01 1.212920993566513062e-01 8.785259723663330078e-01 4.418597519397735596e-01 2.659642100334167480e-01 2.272082269191741943e-01 3.605597019195556641e-01 4.463268220424652100e-01 3.331279456615447998e-01 3.370866179466247559e-01 4.512651562690734863e-01 5.700155496597290039e-01
4.609059393405914307e-01 4.600882232189178467e-01 3.261402845382690430e-01 4.702922999858856201e-01 2.461141645908355713e-01 1.479826122522354126e-01 1.458477377891540527e-01 1.939489543437957764e-01 9.518176317214965820e-02 2.745867371559143066e-01 4.506863653659820557e-01 4.583135843276977539e-01 2.175852358341217041e-01 3.670338988304138184e-01 5.860985517501831055e-01 3.500384688377380371e-01 4.895277321338653564e-01 3.876710534095764160e-01 2.975720167160034180e-01 2.473110258579254150e-01
2.526209652423858643e-01 1.633818149566650391e-01 3.660907745361328125e-01 2.667316794395446777e-01 2.648763060569763184e-01 4.359205663204193115e-01 5.440476536750793457e-01 2.506280541419982910e-01 2.709801793098449707e-01 4.843389987945556641e-01 3.365252614021301270e-01 1.788567155599594116e-01 3.239550888538360596e-01 1.779301464557647705e-01 5.591130852699279785e-01 2.384935319423675537e-01 3.791805505752563477e-01 4.957138895988464355e-01 5.261581540107727051e-01 3.701772391796112061e-01
9.861613810062408447e-02 1.961432993412017822e-01 7.009688019752502441e-01 3.937433958053588867e-01 3.965530693531036377e-01 3.387914896011352539e-01 2.193676531314849854e-01 1.448008418083190918e-01 2.479261755943298340e-01 1.764357835054397583e-01 3.693776130676269531e-01 1.248143464326858521e-01 3.310533165931701660e-01 3.306881487369537354e-01 3.174689412117004395e-01 6.678667068481445312e-01 7.766255140304565430e-01 4.882097542285919189e-01 3.401050865650177002e-01 5.838681459426879883e-01
2.419387102127075195e-01 2.657913565635681152e-01 3.629640936851501465e-01 4.496162235736846924e-01 5.359040498733520508e-01 -4.998216032981872559e-02 5.059693455696105957e-01 1.870304048061370850e-01 1.804824769496917725e-01 2.093220353126525879e-01 2.326471805572509766e-01 2.301524579524993896e-01 2.419039756059646606e-01 3.275695443153381348e-01 2.440079748630523682e-01 6.445161104202270508e-01 5.159578919410705566e-01 6.579429507255554199e-01 4.951392412185668945e-01 5.257764458656311035e-01
5.974993705749511719e-01 2.580496370792388916e-01 1.720136106014251709e-01 2.041429877281188965e-01 7.378754019737243652e-02 2.345896959304809570e-01 3.082521855831146240e-01 4.224408864974975586e-01 3.390786945819854736e-01 3.711084723472595215e-01 1.789571344852447510e-01 4.060924351215362549e-01 4.684126675128936768e-01 4.111680686473846436e-01 3.676651120185852051e-01 6.052670478820800781e-01 5.721282958984375000e-01 5.330685377120971680e-01 3.589664101600646973e-01 3.469982445240020752e-01
2.416387796401977539e-01 1.601744443178176880e-01 2.967003881931304932e-01 2.485446780920028687e-01 1.412994563579559326e-01 3.962843418121337891e-01 2.730966210365295410e-01 2.416266500949859619e-01 4.737232327461242676e-01 3.474476337432861328e-01 3.831229209899902344e-01 3.429456949234008789e-01 3.835702538490295410e-01 2.462175041437149048e-01 3.421905934810638428e-01 3.775128722190856934e-01 8.397454023361206055e-01 3.025037050247192383e-01 3.023923039436340332e-01 3.994923233985900879e-01
3.671576678752899170e-01 2.890225648880004883e-01 2.272588014602661133e-01 2.767929732799530029e-01 3.166053295135498047e-01 2.221745848655700684e-01 1.934280693531036377e-01 2.896653413772583008e-01 3.380981683731079102e-01 7.965426445007324219e-01 2.259347140789031982e-01 2.258845418691635132e-01 4.631700515747070312e-01 2.683001458644866943e-01 2.525847554206848145e-01 4.983709156513214111e-01 5.238614082336425781e-01 5.685800313949584961e-01 4.165616333484649658e-01 5.572766661643981934e-01
3.077217638492584229e-01 1.036976203322410583e-01 3.012175559997558594e-01 3.202906250953674316e-01 2.149065434932708740e-01 4.198391735553741455e-01 2.936666011810302734e-01 3.559357225894927979e-01 2.489654719829559326e-01 2.824660837650299072e-01 2.689025402069091797e-01 2.202012091875076294e-01 2.575686872005462646e-01 2.663172483444213867e-01 2.634330391883850098e-01 3.926658034324645996e-01 2.740809023380279541e-01 6.836930513381958008e-01 2.111357599496841431e-01 2.351337671279907227e-01
3.115591108798980713e-01 3.198691308498382568e-01 2.136816084384918213e-01 2.289619445800781250e-01 1.504628062248229980e-01 3.532863855361938477e-01 3.691005706787109375e-01 2.776830196380615234e-01 4.510590434074401855e-01 1.832160651683807373e-01 3.591647744178771973e-01 5.938386321067810059e-01 3.423634469509124756e-01 2.697170078754425049e-01 1.678309440612792969e-01 2.498156279325485229e-01 2.406488507986068726e-01 3.265417218208312988e-01 2.988276779651641846e-01 2.560476064682006836e-01
3.856822252273559570e-01 1.806393861770629883e-01 3.177913427352905273e-01 5.420615077018737793e-01 3.086382448673248291e-01 3.161194920539855957e-01 4.314975738525390625e-01 2.324681282043457031e-01 4.856796264648437500e-01 2.810467779636383057e-01 4.999786317348480225e-01 3.406141996383666992e-01 3.766435682773590088e-01 1.200909167528152466e-01 3.198556303977966309e-01 3.501691818237304688e-01 2.417792826890945435e-01 3.961752951145172119e-01 1.966963708400726318e-01 4.137570261955261230e-01
2.712579369544982910e-01 4.421713948249816895e-01 2.873257398605346680e-01 1.598367393016815186e-01 2.594600915908813477e-01 2.387990355491638184e-01 5.597040653228759766e-01 1.572617739439010620e-01 2.619005739688873291e-01 5.987450480461120605e-01 1.833523511886596680e-01 3.869723677635192871e-01 5.567223429679870605e-01 3.363739848136901855e-01 2.437094300985336304e-01 4.425526857376098633e-01 3.061655163764953613e-01 1.169222816824913025e-01 2.527213692665100098e-01 1.919793933629989624e-01
3.088895082473754883e-01 3.656454086303710938e-01 2.472672164440155029e-01 1.035174578428268433e-01 3.698522448539733887e-01 3.062233030796051025e-01 2.206047177314758301e-01 3.429601192474365234e-01 3.025421798229217529e-01 5.335705876350402832e-01 3.878859281539916992e-01 2.277815639972686768e-01 1.410030722618103027e-01 3.060996532440185547e-01 3.327968120574951172e-01 5.740519762039184570e-01 4.475172758102416992e-01 2.034482061862945557e-01 2.685969173908233643e-01 2.634658813476562500e-01
2.488934546709060669e-01 3.157140314579010010e-01 1.684820055961608887e-01 2.527073323726654053e-01 1.898639500141143799e-01 3.433325290679931641e-01 2.850766777992248535e-01 3.799839913845062256e-01 2.306096702814102173e-01 4.300825297832489014e-01 4.673622250556945801e-01 3.416470587253570557e-01 4.225907325744628906e-01 3.312875628471374512e-01 1.487955600023269653e-01 4.286086857318878174e-01 3.894264101982116699e-01 3.161087036132812500e-01 4.072543382644653320e-01 6.457335352897644043e-01
3.029540479183197021e-01 3.383177816867828369e-01 3.674967288970947266e-01 3.422328829765319824e-01 3.017047047615051270e-01 1.810141503810882568e-01 2.420379817485809326e-01 2.271368503570556641e-01 3.080283999443054199e-01 2.058711796998977661e-01 5.992290973663330078e-01 4.178805351257324219e-01 4.265737533569335938e-01 4.350064992904663086e-01 2.887072265148162842e-01 2.724247872829437256e-01 2.309853434562683105e-01 3.152748942375183105e-01 2.822676897048950195e-01 1.698583662509918213e-01
3.260977268218994141e-01 2.689211070537567139e-01 3.566880822181701660e-01 9.065200388431549072e-02 4.997859299182891846e-01 2.250486612319946289e-01 2.875899076461791992e-01 2.430869042873382568e-01 3.502838313579559326e-01 2.287922352552413940e-01 4.147729873657226562e-01 3.547559380531311035e-01 3.535962402820587158e-01 2.688396275043487549e-01 3.316071331501007080e-01 2.629635930061340332e-01 1.501886397600173950e-01 3.145113587379455566e-01 4.257544577121734619e-01 3.077655732631683350e-01
2.686593234539031982e-01 3.425817191600799561e-01 2.184098064899444580e-01 2.156515717506408691e-01 2.799537777900695801e-01 2.258461415767669678e-01 2.867570221424102783e-01 3.734190464019775391e-01 2.175580561161041260e-01 3.805082440376281738e-01 2.166041433811187744e-01 4.895203709602355957e-01 2.544794976711273193e-01 2.766413092613220215e-01 3.650602698326110840e-01 3.814371228218078613e-01 2.340850830078125000e-01 4.024656116962432861e-01 3.154203295707702637e-01 3.125252425670623779e-01
3.464620709419250488e-01 4.168061316013336182e-01 3.447560369968414307e-01 3.281268477439880371e-01 2.612659931182861328e-01 2.975201606750488281e-01 2.055501043796539307e-01 2.224572598934173584e-01 3.050087690353393555e-01 3.265116214752197266e-01 3.072726130485534668e-01 1.869319975376129150e-01 5.227231383323669434e-01 3.313414156436920166e-01 2.510250210762023926e-01 2.757435142993927002e-01 3.810856640338897705e-01 3.018035888671875000e-01 1.618786603212356567e-01 4.490075111389160156e-01
