2018-07-24 16:15:00
3.389962315559387207e-01 2.998350858688354492e-01 5.143141746520996094e-01 5.369273424148559570e-01 4.959084391593933105e-01 2.716081142425537109e-01 4.170894026756286621e-01 3.059195280075073242e-01 4.715561866760253906e-01 6.397256851196289062e-01 4.259512722492218018e-01 3.352948427200317383e-01 2.977842390537261963e-01 6.782280802726745605e-01 5.699094533920288086e-01 5.577797889709472656e-01 5.630422830581665039e-01 8.805872201919555664e-01 5.521738529205322266e-01 8.259813189506530762e-01
4.252384305000305176e-01 2.994704842567443848e-01 3.060402274131774902e-01 4.572527408599853516e-01 5.709485411643981934e-01 2.927593588829040527e-01 4.320881962776184082e-01 2.613466978073120117e-01 4.803596735000610352e-01 4.147719442844390869e-01 3.291028738021850586e-01 5.312367677688598633e-01 6.082556843757629395e-01 6.097840070724487305e-01 8.010544776916503906e-01 8.734193444252014160e-01 1.069519519805908203e+00 4.513209760189056396e-01 3.771511614322662354e-01 6.851334571838378906e-01
2.956594824790954590e-01 6.058615446090698242e-01 4.382337033748626709e-01 6.160482168197631836e-01 9.525652527809143066e-01 3.011386990547180176e-01 5.319176316261291504e-01 3.719740509986877441e-01 2.232164144515991211e-01 3.525554835796356201e-01 2.427399158477783203e-01 3.211390972137451172e-01 8.221249580383300781e-01 4.607066214084625244e-01 3.165633082389831543e-01 5.619207620620727539e-01 6.006777286529541016e-01 1.022312164306640625e+00 5.316877961158752441e-01 5.716720819473266602e-01
4.540460705757141113e-01 3.314404487609863281e-01 3.605866432189941406e-01 4.436223506927490234e-01 2.478308379650115967e-01 1.701968014240264893e-01 1.873415708541870117e-01 2.156760096549987793e-01 2.008219063282012939e-01 3.612661957740783691e-01 3.897117376327514648e-01 3.024800419807434082e-01 7.237243652343750000e-01 6.718273758888244629e-01 7.393093705177307129e-01 8.436076641082763672e-01 8.179939985275268555e-01 4.636119008064270020e-01 5.188429355621337891e-01 7.697241902351379395e-01
2.979350984096527100e-01 3.999707102775573730e-01 3.786830604076385498e-01 3.538928031921386719e-01 3.717398345470428467e-01 3.786274194717407227e-01 2.915554642677307129e-01 3.378684520721435547e-01 3.008288145065307617e-01 6.820654869079589844e-01 3.420395553112030029e-01 3.438136577606201172e-01 4.734986126422882080e-01 6.427812576293945312e-01 8.498834371566772461e-01 6.857542991638183594e-01 7.238933444023132324e-01 1.347759604454040527e+00 7.502086162567138672e-01 7.695527076721191406e-01
4.203889667987823486e-01 4.895278513431549072e-01 3.826255798339843750e-01 3.852618336677551270e-01 4.920108914375305176e-01 8.962512016296386719e-01 2.807043790817260742e-01 6.676120758056640625e-01 6.327810287475585938e-01 4.421649277210235596e-01 5.195065736770629883e-01 3.954565525054931641e-01 4.110252261161804199e-01 6.919665336608886719e-01 7.673236131668090820e-01 7.673693895339965820e-01 9.424453973770141602e-01 6.455386877059936523e-01 5.739906430244445801e-01 8.451340794563293457e-01
5.070208311080932617e-01 2.622392773628234863e-01 6.004283428192138672e-01 3.701696097850799561e-01 4.020977020263671875e-01 3.484350442886352539e-01 3.786638975143432617e-01 4.303412139415740967e-01 5.111547112464904785e-01 3.372421562671661377e-01 4.574391245841979980e-01 3.879334926605224609e-01 4.260251522064208984e-01 4.155874848365783691e-01 7.291693687438964844e-01 1.044263124465942383e+00 1.192398071289062500e+00 5.762591361999511719e-01 6.837054491043090820e-01 1.340483427047729492e+00
4.727020859718322754e-01 3.055858612060546875e-01 2.205026596784591675e-01 3.474081158638000488e-01 4.086998105049133301e-01 3.422293663024902344e-01 4.927944540977478027e-01 1.950305551290512085e-01 5.054690837860107422e-01 2.345578819513320923e-01 2.214521169662475586e-01 5.397495031356811523e-01 7.769811153411865234e-01 1.138562783598899841e-01 5.396423935890197754e-01 7.282847166061401367e-01 8.480359315872192383e-01 7.464478015899658203e-01 7.107300758361816406e-01 5.456914901733398438e-01
2.245129644870758057e-01 4.945347607135772705e-01 3.575488328933715820e-01 4.094133973121643066e-01 2.797411680221557617e-01 3.720046281814575195e-01 3.750379383563995361e-01 4.907176494598388672e-01 3.493103086948394775e-01 4.444064795970916748e-01 3.856129050254821777e-01 3.324835598468780518e-01 7.875530123710632324e-01 5.305031538009643555e-01 7.166348099708557129e-01 1.069020986557006836e+00 4.981567263603210449e-01 4.554434418678283691e-01 5.787718892097473145e-01 4.417627453804016113e-01
3.411717712879180908e-01 5.277877449989318848e-01 3.531884551048278809e-01 5.832171440124511719e-01 5.477237701416015625e-01 5.857625007629394531e-01 7.097142934799194336e-01 4.876877963542938232e-01 2.992121577262878418e-01 2.788855433464050293e-01 2.876152992248535156e-01 4.668739438056945801e-01 4.833386540412902832e-01 5.108141899108886719e-01 5.246244668960571289e-01 6.238487958908081055e-01 6.616414189338684082e-01 9.759044647216796875e-01 5.458714962005615234e-01 3.440199196338653564e-01
3.943220376968383789e-01 3.425254225730895996e-01 3.626181781291961670e-01 3.297255635261535645e-01 2.614191770553588867e-01 4.168296158313751221e-01 3.759375214576721191e-01 4.348980486392974854e-01 4.976269602775573730e-01 5.284067392349243164e-01 7.001752257347106934e-01 3.375509679317474365e-01 3.519592881202697754e-01 3.664421737194061279e-01 5.691505670547485352e-01 3.770707249641418457e-01 5.695898532867431641e-01 6.940069794654846191e-01 9.386317729949951172e-01 4.724354743957519531e-01
5.543176531791687012e-01 3.121931552886962891e-01 5.113112926483154297e-01 4.736554324626922607e-01 2.598167061805725098e-01 3.704715371131896973e-01 3.300863504409790039e-01 4.902340173721313477e-01 4.352984428405761719e-01 4.573646187782287598e-01 1.435250341892242432e-01 1.842680573463439941e-01 5.136002898216247559e-01 2.086897045373916626e-01 3.356721103191375732e-01 4.047930240631103516e-01 3.942987322807312012e-01 2.563691437244415283e-01 2.452912330627441406e-01 3.543969392776489258e-01
2.929250895977020264e-01 3.102254569530487061e-01 5.244225859642028809e-01 4.708561897277832031e-01 1.753891110420227051e-01 2.428603768348693848e-01 2.888970077037811279e-01 4.305992722511291504e-01 4.282853603363037109e-01 4.320452511310577393e-01 4.855945408344268799e-01 5.294468402862548828e-01 4.264894127845764160e-01 3.659562468528747559e-01 6.620682477951049805e-01 4.300454258918762207e-01 3.397205471992492676e-01 1.821832656860351562e-01 2.029706686735153198e-01 6.026282310485839844e-01
2.751891016960144043e-01 5.977540016174316406e-01 2.811302542686462402e-01 5.062480568885803223e-01 3.707023859024047852e-01 8.048467338085174561e-02 3.711218237876892090e-01 2.397903949022293091e-01 2.638001739978790283e-01 1.463326662778854370e-01 5.144298672676086426e-01 5.390337705612182617e-01 3.121749758720397949e-01 2.693915963172912598e-01 3.616676330566406250e-01 2.143740653991699219e-01 3.625279664993286133e-01 2.678246498107910156e-01 8.042919635772705078e-02 3.746026754379272461e-01
3.784731924533843994e-01 3.107269406318664551e-01 4.394012391567230225e-01 4.720842242240905762e-01 3.557619452476501465e-01 2.809295952320098877e-01 8.397809267044067383e-01 1.749318987131118774e-01 4.837242364883422852e-01 5.899752974510192871e-01 2.714179754257202148e-01 3.872717022895812988e-01 4.703631997108459473e-01 3.171042501926422119e-01 3.653001785278320312e-01 3.727337419986724854e-01 2.792783379554748535e-01 3.546388149261474609e-01 4.461513757705688477e-01 4.523186385631561279e-01
4.407622218132019043e-01 2.263669818639755249e-01 6.812748908996582031e-01 3.822940886020660400e-01 4.810255169868469238e-01 6.431575417518615723e-01 7.057298421859741211e-01 2.705888152122497559e-01 3.728177249431610107e-01 3.092175126075744629e-01 2.037495076656341553e-01 5.294862389564514160e-01 3.857558965682983398e-01 2.746622562408447266e-01 3.057464063167572021e-01 2.609958350658416748e-01 1.849281191825866699e-01 3.997269272804260254e-01 3.189367353916168213e-01 6.590484976768493652e-01
4.543088972568511963e-01 3.267823457717895508e-01 4.329056739807128906e-01 4.067670106887817383e-01 5.031736493110656738e-01 7.186765074729919434e-01 7.533436417579650879e-01 6.792368888854980469e-01 7.058385014533996582e-01 4.544086456298828125e-01 4.495953619480133057e-01 5.282014012336730957e-01 5.492894649505615234e-01 3.218642473220825195e-01 5.003240704536437988e-01 3.577183187007904053e-01 1.896685361862182617e-01 1.677898168563842773e-01 3.053915500640869141e-01 4.387801885604858398e-01
3.655333220958709717e-01 3.946901559829711914e-01 6.610671877861022949e-01 2.790359854698181152e-01 4.938468039035797119e-01 3.611176908016204834e-01 4.058322310447692871e-01 6.744787096977233887e-01 4.958583116531372070e-01 5.713003873825073242e-01 3.203956484794616699e-01 3.444962501525878906e-01 2.889595627784729004e-01 3.652967512607574463e-01 2.293320000171661377e-01 2.791485190391540527e-01 2.991494834423065186e-01 7.847232371568679810e-02 3.919975757598876953e-01 4.770003855228424072e-01
2.928157150745391846e-01 3.891181647777557373e-01 8.688962459564208984e-01 4.979099035263061523e-01 3.620128333568572998e-01 5.333306193351745605e-01 3.787754774093627930e-01 6.611233949661254883e-01 5.387564897537231445e-01 6.175909638404846191e-01 4.133518040180206299e-01 3.104838728904724121e-01 3.553143739700317383e-01 2.428463101387023926e-01 2.170040607452392578e-01 3.762928843498229980e-01 2.430537939071655273e-01 2.948935627937316895e-01 1.501265317201614380e-01 2.180365175008773804e-01
4.868128299713134766e-01 4.922142028808593750e-01 4.038515090942382812e-01 4.372936189174652100e-01 3.914336562156677246e-01 4.254115521907806396e-01 2.912524640560150146e-01 4.648687541484832764e-01 5.776711702346801758e-01 2.786611914634704590e-01 1.619120538234710693e-01 6.677641868591308594e-01 3.658053874969482422e-01 2.909336388111114502e-01 3.759754300117492676e-01 2.755239307880401611e-01 3.922140002250671387e-01 2.930287718772888184e-01 3.077233731746673584e-01 5.283133983612060547e-01
