2018-07-24 17:30:00
4.199704229831695557e-01 2.583805322647094727e-01 4.501459300518035889e-01 4.223769307136535645e-01 1.752058565616607666e-01 1.583966165781021118e-01 3.804788589477539062e-01 4.248467683792114258e-01 4.748352468013763428e-01 5.940800905227661133e-01 3.973858952522277832e-01 3.557754158973693848e-01 4.118183851242065430e-01 3.070232570171356201e-01 4.945371747016906738e-01 4.957159757614135742e-01 3.615305945277214050e-02 3.352339267730712891e-01 3.917194902896881104e-01 2.207417637109756470e-01
3.858872056007385254e-01 3.453270792961120605e-01 2.447378039360046387e-01 3.937779963016510010e-01 7.505339384078979492e-01 2.694977521896362305e-01 2.821265459060668945e-01 3.871846795082092285e-01 3.416751623153686523e-01 2.842628955841064453e-01 2.881610989570617676e-01 3.459454178810119629e-01 4.203900098800659180e-01 3.257541656494140625e-01 3.825520277023315430e-01 3.651484847068786621e-01 4.208368957042694092e-01 3.214031755924224854e-01 2.740338444709777832e-01 3.736193776130676270e-01
6.718211174011230469e-01 3.924374580383300781e-01 3.283099532127380371e-01 5.662692785263061523e-01 6.051783561706542969e-01 5.656434893608093262e-01 1.260270923376083374e-01 2.358216941356658936e-01 2.466513514518737793e-01 4.313211143016815186e-01 5.881693363189697266e-01 3.480382561683654785e-01 3.601443469524383545e-01 3.139894902706146240e-01 3.660276830196380615e-01 3.575247526168823242e-01 8.056681156158447266e-01 3.916938900947570801e-01 5.479342341423034668e-01 3.943988084793090820e-01
4.330527782440185547e-01 4.564809203147888184e-01 5.797742605209350586e-01 5.300245285034179688e-01 4.389414191246032715e-01 3.540640771389007568e-01 3.943152427673339844e-01 2.669496238231658936e-01 3.693812787532806396e-01 2.603308856487274170e-01 6.808432340621948242e-01 2.792041301727294922e-01 4.379022121429443359e-01 2.735664844512939453e-01 3.068256676197052002e-01 4.201723337173461914e-01 3.029841482639312744e-01 4.518069028854370117e-01 2.948908805847167969e-01 2.199073135852813721e-01
3.785436153411865234e-01 3.357567787170410156e-01 5.009285211563110352e-01 4.016154110431671143e-01 2.424085289239883423e-01 3.995546698570251465e-01 3.371908366680145264e-01 4.441487193107604980e-01 5.212404727935791016e-01 3.891002833843231201e-01 2.566457092761993408e-01 5.206799507141113281e-01 3.473564684391021729e-01 3.133581578731536865e-01 3.784800767898559570e-01 2.372417598962783813e-01 4.115706086158752441e-01 4.672130048274993896e-01 4.973285496234893799e-01 5.078079700469970703e-01
4.492385983467102051e-01 3.973977565765380859e-01 3.499330878257751465e-01 3.742084205150604248e-01 5.857776403427124023e-01 5.090791583061218262e-01 3.499005734920501709e-01 3.057269454002380371e-01 1.684813946485519409e-01 2.557132244110107422e-01 4.306176304817199707e-01 4.839735031127929688e-01 4.052442610263824463e-01 2.930079698562622070e-01 2.997422814369201660e-01 4.975310564041137695e-01 4.455357789993286133e-01 1.296100020408630371e-01 1.699655950069427490e-01 4.024956822395324707e-01
2.392995506525039673e-01 1.923682689666748047e-01 2.604969143867492676e-01 4.088460505008697510e-01 3.742432594299316406e-01 4.503525495529174805e-01 2.283578515052795410e-01 3.961823582649230957e-01 3.298400044441223145e-01 3.688448667526245117e-01 3.537682294845581055e-01 4.719676375389099121e-01 2.799211442470550537e-01 2.559664845466613770e-01 3.869374096393585205e-01 5.498283505439758301e-01 3.936234116554260254e-01 3.463692963123321533e-01 1.888957917690277100e-01 3.438403606414794922e-01
1.778020858764648438e-01 4.686495959758758545e-01 2.455249279737472534e-01 2.813119888305664062e-01 4.605278670787811279e-01 3.200909197330474854e-01 2.639431655406951904e-01 6.357525587081909180e-01 2.651950716972351074e-01 2.313072234392166138e-01 6.855461597442626953e-01 4.432073235511779785e-01 3.409664928913116455e-01 3.109759688377380371e-01 3.929645717144012451e-01 2.769384384155273438e-01 3.170174658298492432e-01 2.853620648384094238e-01 2.163601070642471313e-01 3.747862577438354492e-01
3.137772977352142334e-01 3.081672191619873047e-01 9.272437691688537598e-01 4.753252267837524414e-01 5.535207986831665039e-01 4.261121451854705811e-01 3.666522502899169922e-01 3.612983822822570801e-01 2.636072635650634766e-01 3.670203685760498047e-01 2.680242955684661865e-01 3.563351035118103027e-01 3.106547594070434570e-01 2.613453269004821777e-01 5.088158845901489258e-01 4.060605168342590332e-01 3.206671476364135742e-01 6.394420862197875977e-01 4.090424776077270508e-01 4.002249240875244141e-01
2.455756515264511108e-01 5.570082664489746094e-01 3.199467658996582031e-01 5.026088953018188477e-01 2.383485138416290283e-01 1.978327631950378418e-01 3.440364301204681396e-01 4.476065337657928467e-01 3.845257759094238281e-01 3.175850510597229004e-01 2.281745970249176025e-01 2.196811139583587646e-01 2.279882282018661499e-01 2.875483036041259766e-01 2.684487998485565186e-01 3.447492420673370361e-01 3.462417125701904297e-01 5.862240195274353027e-01 2.319071292877197266e-01 3.618556261062622070e-01
2.319803237915039062e-01 4.209626615047454834e-01 3.525848388671875000e-01 3.038981556892395020e-01 3.004160821437835693e-01 3.343991041183471680e-01 3.835807144641876221e-01 3.430228233337402344e-01 2.195028662681579590e-01 2.868263125419616699e-01 4.371851086616516113e-01 2.314589023590087891e-01 2.848108112812042236e-01 5.200697183609008789e-01 2.409489601850509644e-01 3.727956116199493408e-01 3.098795711994171143e-01 5.818960070610046387e-01 3.533958494663238525e-01 4.138401150703430176e-01
5.003900527954101562e-01 3.035681545734405518e-01 2.168528139591217041e-01 5.946464538574218750e-01 3.702320456504821777e-01 3.658320307731628418e-01 3.228577375411987305e-01 3.692948222160339355e-01 3.325233459472656250e-01 3.295130729675292969e-01 1.599878072738647461e-01 4.154208004474639893e-01 6.366164982318878174e-02 2.560123205184936523e-01 4.392897486686706543e-01 5.774562358856201172e-01 1.843341737985610962e-01 3.468043804168701172e-01 3.900371789932250977e-01 1.990213841199874878e-01
3.330873548984527588e-01 4.149782657623291016e-01 3.133340477943420410e-01 2.943068146705627441e-01 3.270652592182159424e-01 2.614302635192871094e-01 2.899240851402282715e-01 2.184820473194122314e-01 3.497577905654907227e-01 3.489790856838226318e-01 2.970406413078308105e-01 4.095323085784912109e-01 4.185232222080230713e-01 1.448051482439041138e-01 1.906834095716476440e-01 2.640291154384613037e-01 4.499645233154296875e-01 2.993057966232299805e-01 2.842496633529663086e-01 2.892445325851440430e-01
3.413319289684295654e-01 2.089818418025970459e-01 2.548829019069671631e-01 3.750022053718566895e-01 4.774158596992492676e-01 4.500452876091003418e-01 4.513579905033111572e-01 3.904683589935302734e-01 2.785374522209167480e-01 3.398640751838684082e-01 6.139019727706909180e-01 1.460202336311340332e-01 3.070491552352905273e-01 4.660758078098297119e-01 2.501979172229766846e-01 1.382480561733245850e-01 3.230517804622650146e-01 3.698478341102600098e-01 1.801479160785675049e-01 2.835301756858825684e-01
2.319951057434082031e-01 1.773599684238433838e-01 2.934510707855224609e-01 2.129723280668258667e-01 2.067098766565322876e-01 2.527350187301635742e-01 4.056682884693145752e-01 2.485754191875457764e-01 5.630830526351928711e-01 4.133523106575012207e-01 4.187117815017700195e-01 4.051103591918945312e-01 1.911487877368927002e-01 1.798356026411056519e-01 3.614710569381713867e-01 3.614312112331390381e-01 2.513371109962463379e-01 3.244073390960693359e-01 2.860625386238098145e-01 3.288366794586181641e-01
3.341091573238372803e-01 3.945939838886260986e-01 1.997104883193969727e-01 3.765157759189605713e-01 3.750676512718200684e-01 2.092113345861434937e-01 5.920101404190063477e-01 5.375877618789672852e-01 2.273245304822921753e-01 3.896245658397674561e-01 3.157978653907775879e-01 2.310696244239807129e-01 4.196111559867858887e-01 1.878272593021392822e-01 4.893833994865417480e-01 4.073832333087921143e-01 2.152815759181976318e-01 4.503305256366729736e-01 4.928812980651855469e-01 6.131112575531005859e-01
4.121731221675872803e-01 3.203122615814208984e-01 3.363761305809020996e-01 2.071244418621063232e-01 4.137591123580932617e-01 2.981505692005157471e-01 3.723655343055725098e-01 3.086629211902618408e-01 4.107839763164520264e-01 5.282112956047058105e-01 3.591715395450592041e-01 2.513376474380493164e-01 3.281543552875518799e-01 3.773388862609863281e-01 3.023853302001953125e-01 3.650404512882232666e-01 3.435417413711547852e-01 2.861118912696838379e-01 6.258434653282165527e-01 6.816926002502441406e-01
2.942617237567901611e-01 2.883561253547668457e-01 2.186233699321746826e-01 3.416820466518402100e-01 2.090589702129364014e-01 4.094305932521820068e-01 2.044268250465393066e-01 3.580213487148284912e-01 2.924589514732360840e-01 2.440978437662124634e-01 3.184969127178192139e-01 2.520028948783874512e-01 2.356538623571395874e-01 4.334557056427001953e-01 6.850645542144775391e-01 3.529129624366760254e-01 3.132175207138061523e-01 4.885092973709106445e-01 3.991808295249938965e-01 2.630273103713989258e-01
2.984648942947387695e-01 4.174756407737731934e-01 3.619908690452575684e-01 3.869212269783020020e-01 3.076471686363220215e-01 4.635586738586425781e-01 2.757429778575897217e-01 4.877477884292602539e-01 2.089074701070785522e-01 5.112360119819641113e-01 4.011639654636383057e-01 4.120986759662628174e-01 3.466628789901733398e-01 4.019424319267272949e-01 2.510048449039459229e-01 3.867518007755279541e-01 2.293865382671356201e-01 4.683524668216705322e-01 2.585663497447967529e-01 4.679137766361236572e-01
3.003263175487518311e-01 1.516205668449401855e-01 1.783677041530609131e-01 2.691587209701538086e-01 4.271745979785919189e-01 3.805508911609649658e-01 3.150784969329833984e-01 3.148609399795532227e-01 3.152127563953399658e-01 4.868820309638977051e-01 5.616622567176818848e-01 7.064745426177978516e-01 3.827841281890869141e-01 3.621701002120971680e-01 2.619944512844085693e-01 2.632786333560943604e-01 3.016275167465209961e-01 4.371037483215332031e-01 3.736038506031036377e-01 2.545685172080993652e-01
