2018-07-24 19:00:00
8.765891790390014648e-01 6.884460449218750000e-01 8.388696908950805664e-01 5.846717357635498047e-01 5.195407867431640625e-01 4.129575490951538086e-01 6.870105266571044922e-01 7.534002065658569336e-01 7.661638259887695312e-01 8.049092292785644531e-01 4.657133221626281738e-01 5.850936770439147949e-01 4.004952311515808105e-01 5.835533142089843750e-01 6.973526477813720703e-01 9.970414042472839355e-01 3.798204958438873291e-01 5.468050241470336914e-01 9.520804286003112793e-01 9.005436897277832031e-01
8.530563712120056152e-01 6.028441190719604492e-01 4.140845537185668945e-01 5.518637895584106445e-01 6.029480099678039551e-01 3.845189213752746582e-01 7.190942764282226562e-01 1.046923041343688965e+00 5.727099180221557617e-01 5.087707638740539551e-01 7.646041512489318848e-01 7.002781033515930176e-01 8.449755907058715820e-01 5.161905288696289062e-01 6.436250209808349609e-01 5.322176218032836914e-01 7.939105033874511719e-01 6.265382170677185059e-01 6.917161941528320312e-01 8.070880174636840820e-01
7.117531299591064453e-01 5.194524526596069336e-01 5.945421457290649414e-01 6.829806566238403320e-01 1.236364245414733887e+00 7.811387777328491211e-01 6.406639218330383301e-01 8.022075295448303223e-01 6.984699964523315430e-01 7.907618284225463867e-01 6.679559350013732910e-01 9.834208488464355469e-01 6.091887950897216797e-01 6.495805978775024414e-01 5.907968282699584961e-01 1.060050725936889648e+00 3.407726883888244629e-01 6.551779508590698242e-01 5.199983119964599609e-01 8.269848227500915527e-01
5.230838656425476074e-01 4.606512188911437988e-01 5.129422545433044434e-01 5.351353883743286133e-01 6.025635004043579102e-01 6.182860732078552246e-01 9.070577025413513184e-01 1.154214024543762207e+00 9.086421728134155273e-01 1.038571119308471680e+00 1.277990102767944336e+00 7.651765346527099609e-01 8.318199515342712402e-01 1.098751902580261230e+00 5.675195455551147461e-01 7.278956174850463867e-01 1.266540765762329102e+00 7.943997383117675781e-01 6.214692592620849609e-01 9.276373982429504395e-01
5.640075206756591797e-01 4.757612943649291992e-01 6.453423500061035156e-01 3.325268626213073730e-01 6.903410553932189941e-01 1.053981304168701172e+00 9.460291266441345215e-01 1.168315887451171875e+00 1.218327045440673828e+00 9.486556053161621094e-01 6.799905896186828613e-01 8.932372331619262695e-01 9.724373221397399902e-01 8.177052736282348633e-01 6.416007876396179199e-01 5.877407789230346680e-01 4.123073220252990723e-01 9.026027917861938477e-01 5.041840076446533203e-01 5.706921815872192383e-01
3.658825159072875977e-01 2.550950050354003906e-01 4.539331495761871338e-01 1.657923758029937744e-01 7.503087520599365234e-01 1.305350303649902344e+00 9.900140762329101562e-01 4.826514720916748047e-01 1.137943744659423828e+00 1.312909841537475586e+00 1.283386468887329102e+00 9.256024360656738281e-01 6.638082861900329590e-01 7.337388992309570312e-01 7.565486431121826172e-01 6.235291957855224609e-01 1.101443529129028320e+00 7.070492506027221680e-01 6.961574554443359375e-01 9.243479967117309570e-01
7.089047431945800781e-01 4.232611954212188721e-01 3.271090984344482422e-01 3.356248438358306885e-01 4.556552171707153320e-01 7.644215226173400879e-01 7.135121822357177734e-01 1.466308593750000000e+00 5.068223476409912109e-01 8.064848780632019043e-01 9.807089567184448242e-01 8.439540863037109375e-01 7.177700996398925781e-01 9.360790848731994629e-01 5.316774845123291016e-01 5.376797914505004883e-01 6.132662296295166016e-01 8.470484018325805664e-01 7.233607172966003418e-01 6.983234882354736328e-01
2.688829302787780762e-01 2.822490632534027100e-01 4.377275109291076660e-01 2.726448774337768555e-01 5.484420061111450195e-01 6.494933366775512695e-01 9.662076234817504883e-01 9.542389512062072754e-01 9.070947766304016113e-01 8.722407221794128418e-01 5.531302690505981445e-01 7.019267082214355469e-01 4.360518455505371094e-01 3.152712583541870117e-01 5.308200120925903320e-01 7.061141729354858398e-01 5.962320566177368164e-01 9.714032411575317383e-01 4.773606657981872559e-01 6.477898359298706055e-01
3.934831023216247559e-01 4.641973376274108887e-01 3.483896255493164062e-01 3.317566514015197754e-01 3.628551661968231201e-01 3.552363812923431396e-01 7.326719164848327637e-01 7.731553912162780762e-01 1.174792766571044922e+00 6.586334705352783203e-01 6.025711894035339355e-01 5.904942154884338379e-01 7.371388673782348633e-01 6.416671276092529297e-01 8.658922910690307617e-01 5.593764781951904297e-01 8.364964723587036133e-01 8.652026653289794922e-01 4.201225638389587402e-01 3.523124456405639648e-01
9.822718501091003418e-01 3.130674362182617188e-01 3.230569362640380859e-01 1.266715973615646362e-01 4.360878467559814453e-01 2.548673450946807861e-01 3.848381340503692627e-01 6.923465728759765625e-01 9.619513750076293945e-01 1.937634050846099854e-01 7.831329703330993652e-01 5.842924118041992188e-01 8.858995437622070312e-01 6.347939968109130859e-01 2.059526592493057251e-01 8.619761466979980469e-01 9.761664271354675293e-01 5.552202463150024414e-01 6.872985959053039551e-01 5.626589655876159668e-01
3.444560170173645020e-01 3.298931717872619629e-01 1.432395428419113159e-01 1.398140043020248413e-01 4.366837739944458008e-01 3.389230966567993164e-01 4.182463586330413818e-01 2.854554653167724609e-01 4.828384518623352051e-01 6.304783225059509277e-01 6.478333473205566406e-01 4.467546641826629639e-01 6.683666706085205078e-01 2.981503009796142578e-01 7.004671692848205566e-01 5.351121425628662109e-01 8.051926493644714355e-01 5.670356750488281250e-01 5.045738220214843750e-01 3.605230450630187988e-01
3.956138193607330322e-01 4.001122713088989258e-01 3.767191767692565918e-01 3.917348980903625488e-01 2.451585829257965088e-01 5.379970669746398926e-01 5.205956101417541504e-01 3.763926029205322266e-01 4.931003451347351074e-01 7.006057500839233398e-01 5.911974906921386719e-01 4.864174723625183105e-01 2.865538001060485840e-01 3.262101113796234131e-01 3.533299267292022705e-01 5.088760256767272949e-01 8.334498405456542969e-01 2.109563350677490234e-01 6.246086359024047852e-01 5.309975147247314453e-01
4.877144694328308105e-01 3.695936203002929688e-01 2.118856310844421387e-01 3.743371367454528809e-01 6.041337847709655762e-01 5.632441043853759766e-01 5.579069852828979492e-01 2.673298716545104980e-01 6.653900146484375000e-01 5.139765739440917969e-01 4.137439131736755371e-01 7.035005688667297363e-01 2.089361697435379028e-01 5.739750862121582031e-01 1.685549616813659668e-01 4.911862015724182129e-01 5.362182259559631348e-01 5.192536115646362305e-01 7.116961479187011719e-01 9.833939075469970703e-01
3.231739103794097900e-01 4.733924865722656250e-01 2.407349944114685059e-01 6.304610967636108398e-01 5.708621740341186523e-01 3.944722414016723633e-01 7.054158449172973633e-01 6.259240508079528809e-01 3.780125677585601807e-01 3.902497887611389160e-01 5.294693708419799805e-01 3.232375383377075195e-01 4.246943593025207520e-01 3.299458920955657959e-01 2.530033588409423828e-01 4.111586213111877441e-01 4.344236850738525391e-01 4.530945420265197754e-01 4.466965794563293457e-01 7.878364324569702148e-01
7.392072677612304688e-01 8.260662555694580078e-01 4.456250667572021484e-01 3.048972785472869873e-01 3.802507221698760986e-01 6.242167949676513672e-01 4.792692363262176514e-01 3.298663794994354248e-01 7.029457092285156250e-01 5.947943329811096191e-01 5.461084246635437012e-01 4.121157526969909668e-01 3.653967976570129395e-01 3.522132635116577148e-01 3.660390973091125488e-01 3.830947279930114746e-01 7.637978792190551758e-01 5.680777430534362793e-01 6.112635731697082520e-01 6.129589080810546875e-01
7.021254301071166992e-01 6.678773760795593262e-01 7.918068766593933105e-01 3.876278698444366455e-01 6.754673719406127930e-01 4.969471991062164307e-01 8.444036841392517090e-01 4.319522082805633545e-01 6.249978542327880859e-01 5.937327742576599121e-01 5.448333621025085449e-01 5.756537914276123047e-01 6.385499835014343262e-01 2.850958406925201416e-01 4.707042872905731201e-01 3.470171689987182617e-01 6.438036561012268066e-01 1.026125431060791016e+00 4.603993594646453857e-01 7.895545959472656250e-01
4.219537973403930664e-01 7.375676631927490234e-01 3.681156635284423828e-01 5.878693461418151855e-01 4.868421554565429688e-01 2.679665088653564453e-01 6.751461029052734375e-01 6.837855577468872070e-01 2.567747831344604492e-01 5.183500647544860840e-01 7.216141819953918457e-01 3.918158710002899170e-01 2.839744091033935547e-01 7.636034488677978516e-01 3.623635470867156982e-01 3.127782940864562988e-01 5.719934701919555664e-01 3.594681620597839355e-01 9.910663366317749023e-01 8.510524034500122070e-01
1.001550436019897461e+00 6.511197686195373535e-01 8.420339822769165039e-01 7.683447599411010742e-01 3.313605189323425293e-01 4.211788773536682129e-01 7.359909415245056152e-01 5.618363618850708008e-01 4.227493405342102051e-01 4.775210320949554443e-01 6.237732172012329102e-01 5.416601300239562988e-01 5.785639882087707520e-01 3.906712830066680908e-01 7.220056056976318359e-01 7.200200557708740234e-01 5.790883302688598633e-01 6.370601654052734375e-01 5.982367992401123047e-01 6.410309672355651855e-01
6.145193576812744141e-01 6.316885948181152344e-01 6.154355406761169434e-01 6.117842793464660645e-01 3.323799371719360352e-01 5.147614479064941406e-01 7.309194207191467285e-01 5.340971350669860840e-01 3.535994589328765869e-01 8.261981010437011719e-01 6.625815629959106445e-01 4.402034878730773926e-01 2.909258306026458740e-01 4.727863669395446777e-01 5.333000421524047852e-01 5.351657867431640625e-01 6.385427117347717285e-01 8.070471286773681641e-01 5.236275196075439453e-01 3.792975842952728271e-01
2.546786963939666748e-01 5.916903018951416016e-01 4.340067803859710693e-01 6.197974681854248047e-01 4.464104175567626953e-01 6.941170692443847656e-01 5.606373548507690430e-01 3.965563774108886719e-01 3.754052519798278809e-01 4.611790776252746582e-01 8.553252220153808594e-01 7.882632613182067871e-01 1.180451154708862305e+00 4.822956323623657227e-01 3.173061013221740723e-01 7.400420308113098145e-01 5.842472314834594727e-01 7.527850270271301270e-01 7.556130886077880859e-01 3.147464692592620850e-01
