2018-07-24 19:15:00
5.675228834152221680e-01 9.189233183860778809e-01 8.709686994552612305e-01 4.866504669189453125e-01 4.800211489200592041e-01 4.703595042228698730e-01 9.144964218139648438e-01 1.062697291374206543e+00 8.727428913116455078e-01 8.315217494964599609e-01 6.314693093299865723e-01 1.158149123191833496e+00 8.093717694282531738e-01 1.052170157432556152e+00 8.544174432754516602e-01 8.091322183609008789e-01 5.727224349975585938e-01 1.024799585342407227e+00 7.221133708953857422e-01 1.053964495658874512e+00
7.392528057098388672e-01 9.601836204528808594e-01 4.818305671215057373e-01 1.229355335235595703e+00 1.056372404098510742e+00 7.028089761734008789e-01 1.037033677101135254e+00 7.635485529899597168e-01 1.463367462158203125e+00 7.025319933891296387e-01 1.130669593811035156e+00 1.224748969078063965e+00 1.023676156997680664e+00 7.780293226242065430e-01 8.493453860282897949e-01 9.881691932678222656e-01 8.011914491653442383e-01 9.393382072448730469e-01 8.122065067291259766e-01 1.107493281364440918e+00
6.990050673484802246e-01 6.787066459655761719e-01 6.616032123565673828e-01 1.130377769470214844e+00 1.007921218872070312e+00 7.795037627220153809e-01 5.900964736938476562e-01 1.034793376922607422e+00 1.104739189147949219e+00 1.031468391418457031e+00 9.762542247772216797e-01 1.462325811386108398e+00 6.851791143417358398e-01 7.101594805717468262e-01 4.910206198692321777e-01 8.916214704513549805e-01 4.111995100975036621e-01 9.930666685104370117e-01 5.764884352684020996e-01 4.784113466739654541e-01
6.270022392272949219e-01 7.491972446441650391e-01 8.329544067382812500e-01 4.850280284881591797e-01 9.587144851684570312e-01 1.112592458724975586e+00 1.113870501518249512e+00 1.260718345642089844e+00 1.660185933113098145e+00 1.480225086212158203e+00 1.113064885139465332e+00 1.155991435050964355e+00 8.133079409599304199e-01 9.149981737136840820e-01 1.025738835334777832e+00 1.102160692214965820e+00 1.505116701126098633e+00 1.000509023666381836e+00 7.061109542846679688e-01 9.399126768112182617e-01
6.875271201133728027e-01 8.153095245361328125e-01 4.854075312614440918e-01 7.704809904098510742e-01 1.035101771354675293e+00 6.317645907402038574e-01 7.982854247093200684e-01 1.422936916351318359e+00 1.280589699745178223e+00 1.005850791931152344e+00 1.830716609954833984e+00 9.782811999320983887e-01 4.885628819465637207e-01 8.695096969604492188e-01 1.034714698791503906e+00 8.285680413246154785e-01 1.285477399826049805e+00 1.289514422416687012e+00 8.654999732971191406e-01 1.353898167610168457e+00
1.109125852584838867e+00 4.817133843898773193e-01 3.656544983386993408e-01 5.082480311393737793e-01 3.121076822280883789e-01 7.710747718811035156e-01 1.204416751861572266e+00 7.991981506347656250e-01 1.623324871063232422e+00 1.625570297241210938e+00 1.337455391883850098e+00 1.426615953445434570e+00 6.686633825302124023e-01 8.118067979812622070e-01 9.873721599578857422e-01 7.125991582870483398e-01 1.397354722023010254e+00 8.176431655883789062e-01 6.894302368164062500e-01 7.331565618515014648e-01
7.042459845542907715e-01 3.240067958831787109e-01 3.669381737709045410e-01 1.079657316207885742e+00 8.678264617919921875e-01 1.154496312141418457e+00 1.634932041168212891e+00 1.245915174484252930e+00 2.381256341934204102e+00 1.887019634246826172e+00 1.956136822700500488e+00 1.166656732559204102e+00 8.461343050003051758e-01 1.154729843139648438e+00 7.103187441825866699e-01 7.178536653518676758e-01 1.403598904609680176e+00 1.804588437080383301e+00 9.917294979095458984e-01 8.291319608688354492e-01
5.964863300323486328e-01 3.952778577804565430e-01 5.822243690490722656e-01 3.984173536300659180e-01 6.006097793579101562e-01 6.917963027954101562e-01 1.350196957588195801e+00 1.700778961181640625e+00 1.371995568275451660e+00 1.037528038024902344e+00 1.281788825988769531e+00 5.668217539787292480e-01 9.007301926612854004e-01 5.159666538238525391e-01 1.096575975418090820e+00 8.582692742347717285e-01 9.341470003128051758e-01 9.862727522850036621e-01 8.941230177879333496e-01 9.200954437255859375e-01
5.643937587738037109e-01 6.626333594322204590e-01 6.703248023986816406e-01 6.357444524765014648e-01 7.172329425811767578e-01 5.458465814590454102e-01 1.516476869583129883e+00 1.395604133605957031e+00 8.486916422843933105e-01 8.979596495628356934e-01 9.392227530479431152e-01 9.747880697250366211e-01 4.101929366588592529e-01 1.053810477256774902e+00 1.172890424728393555e+00 7.590670585632324219e-01 7.719861865043640137e-01 1.046018242835998535e+00 9.537618756294250488e-01 1.003356218338012695e+00
7.352018356323242188e-01 5.579820871353149414e-01 4.562458097934722900e-01 4.271878600120544434e-01 7.651388645172119141e-01 5.508751273155212402e-01 5.449414253234863281e-01 2.937374114990234375e-01 9.087493419647216797e-01 7.410339117050170898e-01 7.889097929000854492e-01 9.136622548103332520e-01 1.079202413558959961e+00 6.786851286888122559e-01 5.334802865982055664e-01 8.009361624717712402e-01 8.571918010711669922e-01 9.945331215858459473e-01 9.308228492736816406e-01 1.125876545906066895e+00
7.565621733665466309e-01 6.461090445518493652e-01 3.646020889282226562e-01 4.755815267562866211e-01 2.819941639900207520e-01 3.200252056121826172e-01 7.192890644073486328e-01 1.045404553413391113e+00 8.567044734954833984e-01 7.497330904006958008e-01 9.562146067619323730e-01 7.219042778015136719e-01 7.454681396484375000e-01 8.469496965408325195e-01 4.908656775951385498e-01 4.480443000793457031e-01 7.041836380958557129e-01 8.266511559486389160e-01 1.478921175003051758e+00 8.738898634910583496e-01
7.096479535102844238e-01 5.734052062034606934e-01 4.447797834873199463e-01 5.239592790603637695e-01 6.122082471847534180e-01 4.416091740131378174e-01 5.213794708251953125e-01 6.790996789932250977e-01 5.928608179092407227e-01 6.580691337585449219e-01 6.275033950805664062e-01 6.133872270584106445e-01 3.185482323169708252e-01 3.475859463214874268e-01 5.194343924522399902e-01 4.350365102291107178e-01 7.595242261886596680e-01 5.671234726905822754e-01 6.223587989807128906e-01 8.411673307418823242e-01
8.139292001724243164e-01 5.571923255920410156e-01 4.606438577175140381e-01 2.247231751680374146e-01 6.409219503402709961e-01 3.742983341217041016e-01 4.869666695594787598e-01 4.523426294326782227e-01 5.729418992996215820e-01 6.344782114028930664e-01 6.015570759773254395e-01 3.595091700553894043e-01 3.126129508018493652e-01 4.274383187294006348e-01 4.172348082065582275e-01 7.528567314147949219e-01 5.883761644363403320e-01 8.143662810325622559e-01 7.809154391288757324e-01 6.291660070419311523e-01
4.918454289436340332e-01 1.015491366386413574e+00 5.430151224136352539e-01 8.492131233215332031e-01 9.385761022567749023e-01 5.544013977050781250e-01 5.620440244674682617e-01 5.720326304435729980e-01 4.437258839607238770e-01 5.433241128921508789e-01 5.281769633293151855e-01 2.550717294216156006e-01 4.579470157623291016e-01 4.140863716602325439e-01 4.711940288543701172e-01 7.244779467582702637e-01 7.519962787628173828e-01 6.414417028427124023e-01 5.918210148811340332e-01 1.008812904357910156e+00
5.761014819145202637e-01 9.804006218910217285e-01 9.339993000030517578e-01 5.669363737106323242e-01 5.700328350067138672e-01 8.180381059646606445e-01 6.851782202720642090e-01 5.687181949615478516e-01 5.741838216781616211e-01 7.849485874176025391e-01 5.206572413444519043e-01 4.004381895065307617e-01 5.174542665481567383e-01 4.076685011386871338e-01 2.340501099824905396e-01 5.872206687927246094e-01 6.044055819511413574e-01 6.606254577636718750e-01 9.648072719573974609e-01 1.091353416442871094e+00
6.386727094650268555e-01 7.158643007278442383e-01 1.446145176887512207e+00 9.493640661239624023e-01 1.164978265762329102e+00 7.565208673477172852e-01 6.901301145553588867e-01 5.179108381271362305e-01 5.214006900787353516e-01 7.229814529418945312e-01 2.760971784591674805e-01 6.876293420791625977e-01 3.743952810764312744e-01 4.794879853725433350e-01 5.147230029106140137e-01 5.600962638854980469e-01 6.815620660781860352e-01 4.066546857357025146e-01 1.271484613418579102e+00 7.928745150566101074e-01
8.322497010231018066e-01 8.064336776733398438e-01 6.671739816665649414e-01 1.032437562942504883e+00 9.964297413825988770e-01 5.960143208503723145e-01 8.917469978332519531e-01 6.917808055877685547e-01 3.033700287342071533e-01 8.735053539276123047e-01 8.173454999923706055e-01 7.117412686347961426e-01 9.031170606613159180e-01 6.527954339981079102e-01 6.569503545761108398e-01 3.978432416915893555e-01 3.707768321037292480e-01 9.960883855819702148e-01 6.931022405624389648e-01 7.927697896957397461e-01
7.791278362274169922e-01 6.532924175262451172e-01 1.121395945549011230e+00 1.011538028717041016e+00 7.437369823455810547e-01 6.836198568344116211e-01 5.749277472496032715e-01 7.454338073730468750e-01 8.774449825286865234e-01 6.090247631072998047e-01 9.273702502250671387e-01 5.956631898880004883e-01 4.844256043434143066e-01 6.538838148117065430e-01 7.745372056961059570e-01 7.985372543334960938e-01 9.863147735595703125e-01 6.470636129379272461e-01 1.096290111541748047e+00 5.837613940238952637e-01
7.012976408004760742e-01 8.032764196395874023e-01 8.056498765945434570e-01 8.433540463447570801e-01 5.982566475868225098e-01 7.566745281219482422e-01 1.132896184921264648e+00 8.577291369438171387e-01 8.137401342391967773e-01 7.986730933189392090e-01 8.235044479370117188e-01 9.300827980041503906e-01 8.136219978332519531e-01 5.915240645408630371e-01 8.241122961044311523e-01 5.998552441596984863e-01 7.098153829574584961e-01 1.100108623504638672e+00 9.069053530693054199e-01 8.826484084129333496e-01
3.764883279800415039e-01 8.364914655685424805e-01 1.009648323059082031e+00 6.411486268043518066e-01 1.160870194435119629e+00 8.039507269859313965e-01 9.587414264678955078e-01 8.588075637817382812e-01 7.328200340270996094e-01 8.168120384216308594e-01 1.194207668304443359e+00 8.394167423248291016e-01 1.422842741012573242e+00 5.310878157615661621e-01 1.194528818130493164e+00 8.027738332748413086e-01 7.335784435272216797e-01 7.774916291236877441e-01 9.067736864089965820e-01 5.275913476943969727e-01
