2018-07-24 19:30:00
6.067556738853454590e-01 9.055646657943725586e-01 6.734052300453186035e-01 6.829367876052856445e-01 6.756705641746520996e-01 1.008210897445678711e+00 8.451597690582275391e-01 5.273545980453491211e-01 9.750521183013916016e-01 1.367505073547363281e+00 8.709284067153930664e-01 8.900549411773681641e-01 7.029148340225219727e-01 1.162847161293029785e+00 1.189551591873168945e+00 8.298491239547729492e-01 1.154405236244201660e+00 9.164761304855346680e-01 1.214485526084899902e+00 1.424276113510131836e+00
6.281139254570007324e-01 6.743696331977844238e-01 6.015895009040832520e-01 9.397431015968322754e-01 6.776016950607299805e-01 7.289521694183349609e-01 9.346681833267211914e-01 1.083068490028381348e+00 6.815282106399536133e-01 8.807530403137207031e-01 8.667157292366027832e-01 1.219743728637695312e+00 1.066906094551086426e+00 9.639935493469238281e-01 1.445367813110351562e+00 5.524212718009948730e-01 1.692326068878173828e+00 1.000502228736877441e+00 1.068000674247741699e+00 9.273102283477783203e-01
5.331303477287292480e-01 8.199115395545959473e-01 4.718536734580993652e-01 5.370366573333740234e-01 4.889051616191864014e-01 1.060341596603393555e+00 1.028217673301696777e+00 1.155316472053527832e+00 7.666564583778381348e-01 7.199824452400207520e-01 7.317183613777160645e-01 1.058699131011962891e+00 1.060559034347534180e+00 1.243673086166381836e+00 8.091192245483398438e-01 1.740994215011596680e+00 1.025820612907409668e+00 9.569395184516906738e-01 9.349363446235656738e-01 1.230329155921936035e+00
4.298365414142608643e-01 4.569489955902099609e-01 6.521140336990356445e-01 3.514911532402038574e-01 1.172180294990539551e+00 6.388936042785644531e-01 8.591853976249694824e-01 1.124677896499633789e+00 1.174528121948242188e+00 6.389075517654418945e-01 1.131788969039916992e+00 1.313889980316162109e+00 1.474053025245666504e+00 1.680216073989868164e+00 1.612017750740051270e+00 1.702100515365600586e+00 1.144246339797973633e+00 1.185743212699890137e+00 1.649718999862670898e+00 1.904977083206176758e+00
4.052996635437011719e-01 6.463544368743896484e-01 5.594793558120727539e-01 8.710154294967651367e-01 9.195204973220825195e-01 8.578295111656188965e-01 4.905438423156738281e-01 9.392356276512145996e-01 8.031293153762817383e-01 8.008745908737182617e-01 1.230239629745483398e+00 1.274800896644592285e+00 1.243984818458557129e+00 1.337151527404785156e+00 1.128891825675964355e+00 1.346952199935913086e+00 1.708981752395629883e+00 1.320665359497070312e+00 1.216420173645019531e+00 7.793329954147338867e-01
5.528200864791870117e-01 4.113061428070068359e-01 6.011785268783569336e-01 6.771119236946105957e-01 7.593442201614379883e-01 4.951820075511932373e-01 7.280850410461425781e-01 7.748960256576538086e-01 7.901678085327148438e-01 8.565685749053955078e-01 1.153116226196289062e+00 1.245724916458129883e+00 8.307312726974487305e-01 1.251001358032226562e+00 1.688389778137207031e+00 1.472569704055786133e+00 1.717209577560424805e+00 1.064878225326538086e+00 1.249820113182067871e+00 1.116411924362182617e+00
3.083119988441467285e-01 5.519925355911254883e-01 2.720540761947631836e-01 4.155812859535217285e-01 5.710840225219726562e-01 6.823621392250061035e-01 6.107052564620971680e-01 7.862118482589721680e-01 7.874373793601989746e-01 1.125870108604431152e+00 8.925851583480834961e-01 1.463511586189270020e+00 1.084454655647277832e+00 1.272866249084472656e+00 7.898984551429748535e-01 1.369177818298339844e+00 2.319725751876831055e+00 1.642738342285156250e+00 1.651138901710510254e+00 1.044629216194152832e+00
4.136028885841369629e-01 6.812500953674316406e-01 4.734199047088623047e-01 6.035012006759643555e-01 6.806193590164184570e-01 3.849391341209411621e-01 5.632288455963134766e-01 1.053971529006958008e+00 7.638345360755920410e-01 8.587791919708251953e-01 1.343736648559570312e+00 1.037842750549316406e+00 9.894261360168457031e-01 9.764273166656494141e-01 1.407966852188110352e+00 1.178028464317321777e+00 1.492588996887207031e+00 1.628479242324829102e+00 9.100146293640136719e-01 9.674423336982727051e-01
3.561812639236450195e-01 4.584041833877563477e-01 8.021150231361389160e-01 4.058281481266021729e-01 8.970440626144409180e-01 3.324860930442810059e-01 6.102598905563354492e-01 7.204941511154174805e-01 8.218308687210083008e-01 4.626725912094116211e-01 7.226454019546508789e-01 7.948134541511535645e-01 4.644916057586669922e-01 8.513091206550598145e-01 6.406596899032592773e-01 9.318373203277587891e-01 8.771417140960693359e-01 9.390150904655456543e-01 1.433228015899658203e+00 9.981050491333007812e-01
2.855504751205444336e-01 3.252641558647155762e-01 4.721312522888183594e-01 2.829873859882354736e-01 3.121608495712280273e-01 4.935161173343658447e-01 7.800874114036560059e-01 6.790557503700256348e-01 8.985295295715332031e-01 9.810298681259155273e-01 9.775965213775634766e-01 9.912230372428894043e-01 1.128205299377441406e+00 1.184355258941650391e+00 1.140967369079589844e+00 1.314866662025451660e+00 8.167512416839599609e-01 1.533494114875793457e+00 9.934104681015014648e-01 1.154312849044799805e+00
2.495607435703277588e-01 3.774489164352416992e-01 2.740104198455810547e-01 4.732137918472290039e-01 6.531990170478820801e-01 5.768954753875732422e-01 4.996041059494018555e-01 7.225834131240844727e-01 1.238491058349609375e+00 5.150163769721984863e-01 4.883177578449249268e-01 5.706287622451782227e-01 8.851337432861328125e-01 7.815874218940734863e-01 5.960422158241271973e-01 9.947127699851989746e-01 4.157675504684448242e-01 7.624995112419128418e-01 9.385595321655273438e-01 7.893404960632324219e-01
4.108303189277648926e-01 3.338439464569091797e-01 4.545199573040008545e-01 1.823996156454086304e-01 5.392509698867797852e-01 5.214962959289550781e-01 7.094429731369018555e-01 6.295050382614135742e-01 4.719366729259490967e-01 7.779400944709777832e-01 7.180650830268859863e-01 8.689772486686706543e-01 3.581949174404144287e-01 6.361344456672668457e-01 6.230330467224121094e-01 9.734648466110229492e-01 8.090744018554687500e-01 6.930141448974609375e-01 7.992075085639953613e-01 1.303523659706115723e+00
2.715657949447631836e-01 4.153146743774414062e-01 3.654901981353759766e-01 3.793482184410095215e-01 4.596101641654968262e-01 4.341769814491271973e-01 5.855249166488647461e-01 4.456074237823486328e-01 3.811580836772918701e-01 3.635876774787902832e-01 5.732980966567993164e-01 6.149036884307861328e-01 4.448133111000061035e-01 4.948779940605163574e-01 3.164469003677368164e-01 3.901628255844116211e-01 5.877873897552490234e-01 7.457303404808044434e-01 7.211142778396606445e-01 7.476921081542968750e-01
3.622044920921325684e-01 5.569081306457519531e-01 3.879421651363372803e-01 4.663089811801910400e-01 4.817688763141632080e-01 5.111087560653686523e-01 5.700315833091735840e-01 4.881723523139953613e-01 5.092633962631225586e-01 5.883876085281372070e-01 6.981006860733032227e-01 5.382737517356872559e-01 5.429071187973022461e-01 5.153482556343078613e-01 4.889591336250305176e-01 4.347425401210784912e-01 6.209588050842285156e-01 3.848177790641784668e-01 4.574792385101318359e-01 8.581041097640991211e-01
7.004333138465881348e-01 5.941078662872314453e-01 3.566820025444030762e-01 5.342153906822204590e-01 4.111224114894866943e-01 3.454720079898834229e-01 6.477693319320678711e-01 5.888636708259582520e-01 3.718180060386657715e-01 9.530979990959167480e-01 3.380076289176940918e-01 4.826964437961578369e-01 6.305344104766845703e-01 3.121301829814910889e-01 3.681690692901611328e-01 3.643248081207275391e-01 4.999272227287292480e-01 5.711544752120971680e-01 3.808171749114990234e-01 4.371668696403503418e-01
7.390091419219970703e-01 4.575680792331695557e-01 6.977753639221191406e-01 7.436788678169250488e-01 5.724567174911499023e-01 4.809312820434570312e-01 7.349953055381774902e-01 6.157250404357910156e-01 7.639539241790771484e-01 6.351901292800903320e-01 5.097842812538146973e-01 3.712772428989410400e-01 2.693430781364440918e-01 2.858394384384155273e-01 4.125224351882934570e-01 4.030001163482666016e-01 4.485365748405456543e-01 3.535689115524291992e-01 6.215754747390747070e-01 1.114857554435729980e+00
5.999029874801635742e-01 5.394902229309082031e-01 6.533958911895751953e-01 1.024944543838500977e+00 1.011045217514038086e+00 9.818304777145385742e-01 1.217514514923095703e+00 6.973336338996887207e-01 3.996495604515075684e-01 8.654473423957824707e-01 8.086453676223754883e-01 7.116920351982116699e-01 7.089058160781860352e-01 5.828790664672851562e-01 1.504156291484832764e-01 4.831692874431610107e-01 5.473583936691284180e-01 5.787972211837768555e-01 7.481124997138977051e-01 5.077059268951416016e-01
9.689694046974182129e-01 4.248513579368591309e-01 6.923454999923706055e-01 7.364826798439025879e-01 8.517237305641174316e-01 7.039662599563598633e-01 7.050274610519409180e-01 1.115958809852600098e+00 7.132315635681152344e-01 5.550194978713989258e-01 5.669422149658203125e-01 6.940020322799682617e-01 4.163327813148498535e-01 4.808482229709625244e-01 3.645861744880676270e-01 3.391060233116149902e-01 3.041054010391235352e-01 5.389620661735534668e-01 6.013730764389038086e-01 5.499247908592224121e-01
8.212789297103881836e-01 7.880443334579467773e-01 5.405762791633605957e-01 5.866194367408752441e-01 1.077157020568847656e+00 1.156372427940368652e+00 7.264392375946044922e-01 6.591832637786865234e-01 8.383426666259765625e-01 7.356479167938232422e-01 2.458200901746749878e-01 4.429429471492767334e-01 6.043962836265563965e-01 3.625394105911254883e-01 4.352392256259918213e-01 4.507340490818023682e-01 4.878218472003936768e-01 7.277691364288330078e-01 6.885656118392944336e-01 6.957161426544189453e-01
7.576226592063903809e-01 5.430065393447875977e-01 1.036820411682128906e+00 1.052680969238281250e+00 9.596596956253051758e-01 4.039437174797058105e-01 6.909979581832885742e-01 5.727156996726989746e-01 1.193356513977050781e+00 1.132925510406494141e+00 5.076076984405517578e-01 9.019917845726013184e-01 9.318186640739440918e-01 6.190767288208007812e-01 2.402027845382690430e-01 4.132918715476989746e-01 6.121830940246582031e-01 7.227299809455871582e-01 8.137373924255371094e-01 4.136874675750732422e-01
