2018-07-24 19:45:00
8.049888610839843750e-01 6.603755950927734375e-01 1.006445169448852539e+00 6.398707628250122070e-01 1.686220914125442505e-01 4.827261567115783691e-01 2.345034182071685791e-01 5.716750621795654297e-01 7.113428115844726562e-01 9.243036508560180664e-01 8.646492958068847656e-01 6.192262172698974609e-01 6.186318397521972656e-01 8.692864179611206055e-01 3.954804539680480957e-01 5.694923996925354004e-01 1.001965999603271484e+00 9.138461351394653320e-01 8.344677090644836426e-01 8.233189582824707031e-01
8.938623666763305664e-01 7.731919288635253906e-01 4.278752803802490234e-01 5.350290536880493164e-01 8.128964900970458984e-01 4.134630262851715088e-01 6.607379913330078125e-01 6.203166842460632324e-01 4.805715382099151611e-01 8.977767825126647949e-01 7.921818494796752930e-01 9.412980079650878906e-01 8.380284309387207031e-01 7.876480817794799805e-01 1.327416896820068359e+00 9.437166452407836914e-01 8.664921522140502930e-01 6.185821294784545898e-01 8.200507760047912598e-01 1.085793495178222656e+00
6.057446002960205078e-01 8.315643668174743652e-01 8.504205942153930664e-01 5.469680428504943848e-01 3.538702130317687988e-01 3.010644316673278809e-01 4.100864231586456299e-01 4.694072902202606201e-01 7.713011503219604492e-01 6.766771674156188965e-01 8.062969446182250977e-01 8.775808811187744141e-01 7.483347654342651367e-01 1.080977797508239746e+00 8.960350751876831055e-01 9.596092104911804199e-01 1.163082003593444824e+00 9.624112844467163086e-01 1.415974617004394531e+00 1.184941768646240234e+00
7.754101753234863281e-01 9.392066001892089844e-01 5.369039177894592285e-01 5.617648363113403320e-01 5.906050205230712891e-01 7.960044741630554199e-01 5.986691713333129883e-01 9.377552270889282227e-01 8.047746419906616211e-01 5.302445888519287109e-01 6.682708263397216797e-01 5.340797305107116699e-01 8.953894972801208496e-01 1.103421688079833984e+00 7.891898155212402344e-01 1.450889825820922852e+00 1.420449495315551758e+00 8.049916625022888184e-01 8.116488456726074219e-01 9.796764254570007324e-01
8.002628684043884277e-01 7.910104990005493164e-01 3.041879534721374512e-01 4.775517880916595459e-01 5.538517832756042480e-01 5.033098459243774414e-01 5.028798580169677734e-01 4.845720231533050537e-01 8.454974293708801270e-01 5.209237337112426758e-01 4.243093729019165039e-01 8.773162364959716797e-01 8.998707532882690430e-01 8.911783695220947266e-01 8.368645906448364258e-01 1.047543048858642578e+00 9.020296335220336914e-01 8.808773756027221680e-01 1.083194255828857422e+00 1.126366615295410156e+00
5.499995946884155273e-01 5.184579491615295410e-01 6.562250852584838867e-01 5.158150196075439453e-01 8.272441625595092773e-01 3.009820580482482910e-01 5.690157413482666016e-01 8.744852542877197266e-01 4.623451232910156250e-01 5.896979570388793945e-01 7.055506110191345215e-01 6.753560304641723633e-01 6.594613790512084961e-01 1.022320985794067383e+00 6.090419292449951172e-01 1.125130176544189453e+00 1.153732419013977051e+00 1.392488241195678711e+00 1.187586665153503418e+00 6.986893415451049805e-01
3.952142596244812012e-01 5.514848828315734863e-01 8.750087618827819824e-01 4.972785115242004395e-01 8.722211122512817383e-01 2.591178119182586670e-01 3.669975399971008301e-01 6.325350403785705566e-01 6.065909862518310547e-01 6.409891843795776367e-01 5.480910539627075195e-01 5.408371686935424805e-01 6.293965578079223633e-01 7.557916641235351562e-01 8.355196714401245117e-01 9.136730432510375977e-01 1.812641859054565430e+00 2.126542806625366211e+00 9.118273258209228516e-01 9.912526607513427734e-01
5.509239435195922852e-01 6.613224744796752930e-01 2.154297828674316406e-01 3.130911588668823242e-01 8.001151680946350098e-01 2.434914559125900269e-01 4.378824234008789062e-01 4.697047173976898193e-01 3.346182703971862793e-01 3.357686400413513184e-01 4.189990460872650146e-01 6.568152904510498047e-01 3.501203656196594238e-01 4.043768048286437988e-01 9.133025407791137695e-01 1.176132440567016602e+00 9.355139732360839844e-01 1.114204883575439453e+00 6.982820630073547363e-01 1.152371048927307129e+00
5.064946413040161133e-01 3.063730001449584961e-01 6.279906034469604492e-01 4.877753555774688721e-01 5.331370830535888672e-01 2.514471411705017090e-01 1.075235903263092041e-01 5.972746610641479492e-01 4.722110927104949951e-01 3.699524402618408203e-01 5.331578850746154785e-01 4.681662619113922119e-01 4.792887270450592041e-01 6.803692579269409180e-01 1.147788763046264648e+00 7.226543426513671875e-01 8.551116585731506348e-01 1.200642228126525879e+00 8.313877582550048828e-01 7.917336225509643555e-01
3.283836841583251953e-01 5.140343904495239258e-01 4.777930676937103271e-01 2.928245067596435547e-01 3.611931800842285156e-01 4.245847761631011963e-01 2.833991050720214844e-01 5.299838781356811523e-01 4.645460844039916992e-01 5.265592336654663086e-01 7.946813106536865234e-01 7.655144929885864258e-01 4.457111954689025879e-01 8.933624029159545898e-01 5.767256617546081543e-01 5.481649637222290039e-01 4.840228259563446045e-01 1.221335768699645996e+00 5.772853493690490723e-01 9.205422401428222656e-01
3.403893113136291504e-01 5.221382975578308105e-01 4.792194068431854248e-01 3.677900731563568115e-01 5.278715491294860840e-01 5.254112482070922852e-01 6.617935895919799805e-01 4.353497624397277832e-01 8.585669994354248047e-01 5.467448830604553223e-01 4.486272037029266357e-01 3.816752433776855469e-01 7.093379497528076172e-01 7.623463869094848633e-01 5.378958582878112793e-01 8.409461975097656250e-01 9.817395806312561035e-01 5.825046896934509277e-01 1.023948073387145996e+00 6.935972571372985840e-01
2.319009602069854736e-01 5.788485407829284668e-01 4.091890454292297363e-01 5.555514097213745117e-01 4.347004890441894531e-01 6.423608660697937012e-01 2.774993479251861572e-01 5.851145982742309570e-01 4.501428604125976562e-01 2.806976139545440674e-01 6.984927654266357422e-01 3.671706616878509521e-01 3.225159049034118652e-01 6.760003566741943359e-01 3.530640006065368652e-01 5.669327378273010254e-01 6.609545946121215820e-01 4.158930778503417969e-01 7.363063097000122070e-01 6.652340888977050781e-01
7.508328557014465332e-01 3.317497074604034424e-01 4.317251443862915039e-01 4.799692034721374512e-01 5.790398120880126953e-01 4.135938584804534912e-01 5.110561847686767578e-01 6.813831329345703125e-01 3.746141195297241211e-01 4.469164609909057617e-01 2.453560531139373779e-01 5.091528892517089844e-01 4.060745239257812500e-01 4.969497621059417725e-01 3.044246435165405273e-01 4.642548561096191406e-01 5.523806214332580566e-01 6.310393810272216797e-01 4.194735288619995117e-01 8.770092725753784180e-01
4.829339683055877686e-01 2.051743566989898682e-01 2.132844626903533936e-01 5.431947708129882812e-01 3.400924205780029297e-01 5.899014472961425781e-01 5.144450664520263672e-01 4.388701617717742920e-01 7.305078506469726562e-01 6.625326871871948242e-01 3.385103344917297363e-01 3.179364800453186035e-01 4.913002848625183105e-01 3.469491004943847656e-01 4.743573069572448730e-01 4.459385275840759277e-01 5.044498443603515625e-01 5.482551455497741699e-01 4.775026738643646240e-01 3.983605504035949707e-01
3.214524388313293457e-01 5.458852052688598633e-01 5.835998654365539551e-01 8.155970573425292969e-01 4.331130981445312500e-01 4.542647004127502441e-01 3.530774116516113281e-01 3.889708518981933594e-01 6.613075137138366699e-01 7.848725318908691406e-01 5.700080394744873047e-01 7.156625986099243164e-01 1.976410150527954102e-01 2.971230447292327881e-01 4.771138131618499756e-01 4.189280569553375244e-01 3.579981029033660889e-01 3.752822279930114746e-01 3.702800273895263672e-01 5.592417716979980469e-01
3.964874446392059326e-01 6.993342638015747070e-01 6.142928600311279297e-01 8.968854546546936035e-01 7.917187213897705078e-01 9.981415271759033203e-01 8.959921598434448242e-01 5.572487115859985352e-01 4.728674888610839844e-01 4.227288365364074707e-01 4.620952606201171875e-01 3.853841423988342285e-01 4.090387821197509766e-01 4.385204911231994629e-01 2.928527593612670898e-01 3.980954885482788086e-01 3.106727600097656250e-01 4.629503786563873291e-01 3.543890714645385742e-01 6.082296967506408691e-01
7.582715749740600586e-01 7.162792682647705078e-01 4.942818880081176758e-01 7.484446167945861816e-01 5.617349743843078613e-01 5.765275955200195312e-01 9.356305599212646484e-01 5.043643116950988770e-01 4.540277719497680664e-01 8.151664733886718750e-01 5.661393404006958008e-01 3.236888349056243896e-01 5.617532730102539062e-01 2.329721003770828247e-01 3.480876386165618896e-01 3.079014420509338379e-01 3.250350356101989746e-01 4.915691912174224854e-01 8.243914246559143066e-01 5.705865621566772461e-01
4.484423398971557617e-01 6.270657777786254883e-01 6.465977430343627930e-01 7.904039621353149414e-01 8.482482433319091797e-01 6.670647859573364258e-01 6.002217531204223633e-01 8.491914272308349609e-01 4.478867053985595703e-01 6.728150248527526855e-01 4.270534217357635498e-01 4.763030111789703369e-01 3.660752177238464355e-01 4.896547794342041016e-01 2.863505482673645020e-01 3.666206598281860352e-01 4.211800694465637207e-01 4.847989082336425781e-01 2.634645700454711914e-01 4.498730301856994629e-01
6.846141815185546875e-01 7.257429361343383789e-01 8.425652384757995605e-01 6.567948460578918457e-01 5.689059495925903320e-01 6.487576961517333984e-01 5.375732779502868652e-01 9.287393093109130859e-01 9.954516291618347168e-01 1.201461553573608398e+00 4.091095924377441406e-01 6.963575482368469238e-01 2.808102965354919434e-01 2.834093868732452393e-01 2.647575736045837402e-01 5.045253634452819824e-01 5.238060355186462402e-01 3.760905861854553223e-01 4.098707437515258789e-01 6.541508436203002930e-01
4.659063518047332764e-01 5.674908161163330078e-01 7.227775454521179199e-01 5.644685029983520508e-01 6.651822328567504883e-01 7.030359506607055664e-01 8.630821704864501953e-01 8.047835826873779297e-01 9.849408864974975586e-01 4.844413399696350098e-01 6.176229715347290039e-01 6.799204349517822266e-01 4.909806549549102783e-01 3.240931928157806396e-01 4.213995337486267090e-01 5.890258550643920898e-01 3.105065226554870605e-01 4.006988406181335449e-01 3.414385318756103516e-01 6.112756729125976562e-01
