2018-07-24 20:00:00
1.079627037048339844e+00 9.288076162338256836e-01 7.753362655639648438e-01 6.234478354454040527e-01 5.606702566146850586e-01 4.725344777107238770e-01 9.808959364891052246e-01 7.275509834289550781e-01 1.112648487091064453e+00 6.278470754623413086e-01 8.261145353317260742e-01 1.235649585723876953e+00 1.138090491294860840e+00 8.692767620086669922e-01 1.333368301391601562e+00 6.613254547119140625e-01 1.332101106643676758e+00 1.022145986557006836e+00 9.011349678039550781e-01 1.075287222862243652e+00
9.070538282394409180e-01 8.395136594772338867e-01 1.040676355361938477e+00 9.924469590187072754e-01 8.016241788864135742e-01 8.098042011260986328e-01 1.323478221893310547e+00 8.097950220108032227e-01 1.263016939163208008e+00 1.443273544311523438e+00 9.954981803894042969e-01 1.257763266563415527e+00 1.062056779861450195e+00 1.316128730773925781e+00 9.251502752304077148e-01 9.294723272323608398e-01 1.165893793106079102e+00 8.098801970481872559e-01 8.711515665054321289e-01 1.144650936126708984e+00
3.796811997890472412e-01 5.435433387756347656e-01 5.839427709579467773e-01 9.323292970657348633e-01 1.440054893493652344e+00 9.195827245712280273e-01 1.177091598510742188e+00 1.635091662406921387e+00 1.122701406478881836e+00 1.192490339279174805e+00 7.481421828269958496e-01 1.228692770004272461e+00 1.115252256393432617e+00 1.014191389083862305e+00 1.050955057144165039e+00 1.444925665855407715e+00 7.759763002395629883e-01 6.291055083274841309e-01 9.286822080612182617e-01 6.961230039596557617e-01
6.852836012840270996e-01 8.045035600662231445e-01 9.996072053909301758e-01 1.191240429878234863e+00 1.080232620239257812e+00 9.311521053314208984e-01 1.693993806838989258e+00 1.119531512260437012e+00 1.553786516189575195e+00 1.636762142181396484e+00 6.830129027366638184e-01 9.296972155570983887e-01 9.042239189147949219e-01 1.287196159362792969e+00 1.304184913635253906e+00 1.041118860244750977e+00 1.348984718322753906e+00 1.334668397903442383e+00 1.210683226585388184e+00 6.808067560195922852e-01
5.669341087341308594e-01 7.026367187500000000e-01 1.055437803268432617e+00 7.937574386596679688e-01 5.013759136199951172e-01 1.056326389312744141e+00 1.091786623001098633e+00 1.372736454010009766e+00 1.494595289230346680e+00 8.406630158424377441e-01 1.123969435691833496e+00 8.776145577430725098e-01 1.242024779319763184e+00 1.047535538673400879e+00 9.806518554687500000e-01 1.108860254287719727e+00 1.319644212722778320e+00 1.074876904487609863e+00 1.099844932556152344e+00 9.079430103302001953e-01
8.012161254882812500e-01 6.088166832923889160e-01 7.270523309707641602e-01 4.976120591163635254e-01 1.181250572204589844e+00 1.271713614463806152e+00 1.018643856048583984e+00 1.041621923446655273e+00 9.439725875854492188e-01 1.187058329582214355e+00 1.138689517974853516e+00 1.157304286956787109e+00 1.525870323181152344e+00 1.580309271812438965e+00 8.908569216728210449e-01 1.139894962310791016e+00 1.524249196052551270e+00 1.139155387878417969e+00 8.933253288269042969e-01 9.784073233604431152e-01
5.018253922462463379e-01 9.456391334533691406e-01 1.006318926811218262e+00 3.317210078239440918e-01 1.092698931694030762e+00 1.190900564193725586e+00 1.367635369300842285e+00 1.471259355545043945e+00 1.261722326278686523e+00 1.501669406890869141e+00 9.830796122550964355e-01 9.796817302703857422e-01 1.098021030426025391e+00 1.191521406173706055e+00 1.363098621368408203e+00 8.481926321983337402e-01 1.468708515167236328e+00 1.362583875656127930e+00 1.194349646568298340e+00 8.281419873237609863e-01
4.816290140151977539e-01 5.768582224845886230e-01 6.621667146682739258e-01 9.964034557342529297e-01 8.887086510658264160e-01 6.737097501754760742e-01 1.015557408332824707e+00 1.151706933975219727e+00 1.540819525718688965e+00 8.826348185539245605e-01 9.781908988952636719e-01 1.223609924316406250e+00 1.410830140113830566e+00 8.154516220092773438e-01 1.301890492439270020e+00 1.385021448135375977e+00 1.529288649559020996e+00 1.762295961380004883e+00 1.559499502182006836e+00 1.109399676322937012e+00
5.986449122428894043e-01 2.444909512996673584e-01 6.394175291061401367e-01 9.690818786621093750e-01 6.219438314437866211e-01 7.531967163085937500e-01 9.049282670021057129e-01 1.007743358612060547e+00 1.074461221694946289e+00 7.674517631530761719e-01 1.227770566940307617e+00 7.803416252136230469e-01 1.157511472702026367e+00 8.035808205604553223e-01 1.320626258850097656e+00 6.507560014724731445e-01 1.174757957458496094e+00 9.661550521850585938e-01 9.914096593856811523e-01 7.932748794555664062e-01
5.218964815139770508e-01 8.024321794509887695e-01 3.072514533996582031e-01 5.906723737716674805e-01 5.329952239990234375e-01 5.503047108650207520e-01 6.128697395324707031e-01 5.644184350967407227e-01 1.156435251235961914e+00 7.204965353012084961e-01 1.082582712173461914e+00 9.751777052879333496e-01 1.024752140045166016e+00 1.330144643783569336e+00 9.105236530303955078e-01 7.631123065948486328e-01 1.015256643295288086e+00 1.989556550979614258e+00 1.091901779174804688e+00 1.136757493019104004e+00
6.257263422012329102e-01 7.852385044097900391e-01 7.564153671264648438e-01 3.869853019714355469e-01 4.716333746910095215e-01 9.516607522964477539e-01 5.464735627174377441e-01 1.082259058952331543e+00 1.057757496833801270e+00 5.933036804199218750e-01 9.317075014114379883e-01 1.091334581375122070e+00 5.160096287727355957e-01 1.106145143508911133e+00 1.173451423645019531e+00 8.573066592216491699e-01 1.104443550109863281e+00 8.714376091957092285e-01 1.148891687393188477e+00 9.479889869689941406e-01
8.032959699630737305e-01 5.450186133384704590e-01 3.379348516464233398e-01 6.701747179031372070e-01 6.284410953521728516e-01 9.545726776123046875e-01 7.530267834663391113e-01 8.790559768676757812e-01 7.347857952117919922e-01 7.249003648757934570e-01 6.925281286239624023e-01 8.490096330642700195e-01 6.354563236236572266e-01 7.964690923690795898e-01 9.146566390991210938e-01 7.186110019683837891e-01 7.718900442123413086e-01 1.104623079299926758e+00 1.198793649673461914e+00 9.514726400375366211e-01
1.122181057929992676e+00 5.449974536895751953e-01 7.760609388351440430e-01 1.067209243774414062e+00 9.005653262138366699e-01 6.280837059020996094e-01 6.457920670509338379e-01 6.038609743118286133e-01 4.687604010105133057e-01 5.905761718750000000e-01 6.182210445404052734e-01 6.859993338584899902e-01 8.477810621261596680e-01 6.628246307373046875e-01 6.101090908050537109e-01 8.944780826568603516e-01 1.182029843330383301e+00 9.182602167129516602e-01 1.059751152992248535e+00 1.480415582656860352e+00
5.938627719879150391e-01 1.017458915710449219e+00 7.279672622680664062e-01 8.720242977142333984e-01 6.631556153297424316e-01 8.409264087677001953e-01 7.851479053497314453e-01 4.513784646987915039e-01 5.101342201232910156e-01 1.111587285995483398e+00 5.886828303337097168e-01 7.036467194557189941e-01 5.302452445030212402e-01 5.500164628028869629e-01 6.154244542121887207e-01 5.471311807632446289e-01 6.018099784851074219e-01 9.588301181793212891e-01 8.651629686355590820e-01 8.096836209297180176e-01
1.127859950065612793e+00 1.157944679260253906e+00 9.578542709350585938e-01 1.149456620216369629e+00 1.091030120849609375e+00 5.333107709884643555e-01 7.709454298019409180e-01 7.972516417503356934e-01 5.800744295120239258e-01 8.638369441032409668e-01 7.151984572410583496e-01 6.774855852127075195e-01 5.451655983924865723e-01 5.258127450942993164e-01 7.314074039459228516e-01 7.579586505889892578e-01 4.160326719284057617e-01 1.069606781005859375e+00 9.227664470672607422e-01 7.247420549392700195e-01
1.039643287658691406e+00 6.203565001487731934e-01 1.471234083175659180e+00 8.840817213058471680e-01 1.085303544998168945e+00 4.904080927371978760e-01 9.419957995414733887e-01 7.912702560424804688e-01 7.334371209144592285e-01 8.292800188064575195e-01 2.927776277065277100e-01 5.668147802352905273e-01 8.955497741699218750e-01 9.565392732620239258e-01 9.042636752128601074e-01 1.205526590347290039e+00 6.944811344146728516e-01 5.511623620986938477e-01 8.913777470588684082e-01 8.156903982162475586e-01
4.913498163223266602e-01 1.181427240371704102e+00 1.019426345825195312e+00 7.185829877853393555e-01 1.009043931961059570e+00 7.903938889503479004e-01 1.141505479812622070e+00 1.081274986267089844e+00 9.181000590324401855e-01 7.820168733596801758e-01 9.066402316093444824e-01 1.145998239517211914e+00 7.374500036239624023e-01 3.660759329795837402e-01 6.856687664985656738e-01 1.296601533889770508e+00 1.065638303756713867e+00 6.263732314109802246e-01 1.203927516937255859e+00 1.247619867324829102e+00
9.313409328460693359e-01 7.573467493057250977e-01 1.084330201148986816e+00 4.842848181724548340e-01 6.936929821968078613e-01 6.376494169235229492e-01 9.531037211418151855e-01 6.264890432357788086e-01 8.745447397232055664e-01 9.550451040267944336e-01 7.956227660179138184e-01 8.569889068603515625e-01 1.187388300895690918e+00 5.774654150009155273e-01 5.648515224456787109e-01 5.421026349067687988e-01 6.825227141380310059e-01 8.779475688934326172e-01 1.193834066390991211e+00 7.219643592834472656e-01
1.073011279106140137e+00 7.223213315010070801e-01 1.215029239654541016e+00 4.827927649021148682e-01 9.678067564964294434e-01 1.004750490188598633e+00 1.064813137054443359e+00 4.665189385414123535e-01 9.146537780761718750e-01 9.477539062500000000e-01 6.519869565963745117e-01 1.209307551383972168e+00 1.104137659072875977e+00 6.825014948844909668e-01 7.497910857200622559e-01 6.119806766510009766e-01 7.954929471015930176e-01 1.175329446792602539e+00 1.174849510192871094e+00 1.506475210189819336e+00
6.347653865814208984e-01 9.330492019653320312e-01 7.872127294540405273e-01 5.245888829231262207e-01 1.259856581687927246e+00 9.096362590789794922e-01 1.071622371673583984e+00 4.723876416683197021e-01 1.132917881011962891e+00 6.655249595642089844e-01 1.113067150115966797e+00 8.243283033370971680e-01 9.677060842514038086e-01 6.851088404655456543e-01 7.474396228790283203e-01 6.972914934158325195e-01 7.902249097824096680e-01 9.860408306121826172e-01 7.030507326126098633e-01 1.024277091026306152e+00
