2018-07-24 20:30:00
6.013973951339721680e-01 6.287686824798583984e-01 4.507104754447937012e-01 6.855689287185668945e-01 6.413226723670959473e-01 5.232892632484436035e-01 9.066783785820007324e-01 7.996014356613159180e-01 7.910758256912231445e-01 5.489869713783264160e-01 9.005330204963684082e-01 8.786762952804565430e-01 7.560797333717346191e-01 1.227299690246582031e+00 1.211920261383056641e+00 6.991776227951049805e-01 8.732736110687255859e-01 6.558057069778442383e-01 1.022645592689514160e+00 9.037733674049377441e-01
4.101533591747283936e-01 8.822121620178222656e-01 6.812660694122314453e-01 6.295060515403747559e-01 6.940369009971618652e-01 5.172890424728393555e-01 6.881976723670959473e-01 6.129812002182006836e-01 5.480123758316040039e-01 8.154841065406799316e-01 6.175053119659423828e-01 9.491869211196899414e-01 1.112470149993896484e+00 7.050145864486694336e-01 8.015897274017333984e-01 1.025024414062500000e+00 4.483219385147094727e-01 9.953403472900390625e-01 3.548978567123413086e-01 9.114805459976196289e-01
4.268455505371093750e-01 6.099666357040405273e-01 1.035655021667480469e+00 7.847532033920288086e-01 1.458095073699951172e+00 3.448436260223388672e-01 6.618305444717407227e-01 6.609954237937927246e-01 7.875634431838989258e-01 6.311550140380859375e-01 4.968224167823791504e-01 5.759416222572326660e-01 1.254035234451293945e+00 5.184412002563476562e-01 7.272282838821411133e-01 1.484021306037902832e+00 6.789540648460388184e-01 9.405221939086914062e-01 9.851134419441223145e-01 9.468963146209716797e-01
4.364913105964660645e-01 4.439364671707153320e-01 5.929286479949951172e-01 8.981858491897583008e-01 6.407512426376342773e-01 6.347059607505798340e-01 6.618771553039550781e-01 1.133211851119995117e+00 7.015109062194824219e-01 2.430983185768127441e-01 7.688238620758056641e-01 8.664206266403198242e-01 1.011332988739013672e+00 8.554798364639282227e-01 6.920294165611267090e-01 9.137741327285766602e-01 1.775139570236206055e+00 7.078778743743896484e-01 1.384272217750549316e+00 1.076099276542663574e+00
6.393381357192993164e-01 6.496414542198181152e-01 6.241643428802490234e-01 2.127521336078643799e-01 5.050045847892761230e-01 7.954533100128173828e-01 3.909986019134521484e-01 6.074349284172058105e-01 6.262799501419067383e-01 3.672749698162078857e-01 6.384737491607666016e-01 7.393471002578735352e-01 5.880931615829467773e-01 1.235357522964477539e+00 9.320386648178100586e-01 1.255151987075805664e+00 1.511104822158813477e+00 7.824980020523071289e-01 4.165413379669189453e-01 7.234295606613159180e-01
4.436993598937988281e-01 4.771580100059509277e-01 3.789188265800476074e-01 7.972858548164367676e-01 3.269276320934295654e-01 7.754625678062438965e-01 6.648097038269042969e-01 8.946574926376342773e-01 5.776252746582031250e-01 6.414427757263183594e-01 5.186402201652526855e-01 1.015966653823852539e+00 6.876485347747802734e-01 8.811153769493103027e-01 7.821375131607055664e-01 5.837235450744628906e-01 1.105128407478332520e+00 7.219135761260986328e-01 1.009287595748901367e+00 7.192680239677429199e-01
4.815606474876403809e-01 4.066546559333801270e-01 6.607308983802795410e-01 3.830259442329406738e-01 2.820850014686584473e-01 4.749028682708740234e-01 5.171487927436828613e-01 5.296634435653686523e-01 3.772456049919128418e-01 7.872228622436523438e-01 5.060849189758300781e-01 7.015835046768188477e-01 7.088996171951293945e-01 1.040382027626037598e+00 1.167038917541503906e+00 9.036818742752075195e-01 8.338569402694702148e-01 1.149849534034729004e+00 1.046168446540832520e+00 1.103050231933593750e+00
2.915060520172119141e-01 4.394458234310150146e-01 8.810014128684997559e-01 5.737852454185485840e-01 4.415787458419799805e-01 7.176610827445983887e-01 5.021060705184936523e-01 8.371671438217163086e-01 5.061193108558654785e-01 8.864191770553588867e-01 6.722987294197082520e-01 6.922824382781982422e-01 6.988319158554077148e-01 5.083423852920532227e-01 4.807015955448150635e-01 6.743382215499877930e-01 8.139587640762329102e-01 9.737425446510314941e-01 6.073368787765502930e-01 9.502523541450500488e-01
4.143123030662536621e-01 4.865438640117645264e-01 6.490421891212463379e-01 3.691087365150451660e-01 7.521885037422180176e-01 4.370946884155273438e-01 6.034218072891235352e-01 4.013861119747161865e-01 2.431363612413406372e-01 8.042412400245666504e-01 5.835806131362915039e-01 4.940970540046691895e-01 5.649231672286987305e-01 6.677623987197875977e-01 8.437666296958923340e-01 7.469700574874877930e-01 9.359030723571777344e-01 9.335108995437622070e-01 8.842831254005432129e-01 7.220944166183471680e-01
3.412511348724365234e-01 4.395635128021240234e-01 2.933631539344787598e-01 4.252492487430572510e-01 3.240597546100616455e-01 5.464142560958862305e-01 2.297021448612213135e-01 3.877373039722442627e-01 7.019433379173278809e-01 7.777211070060729980e-01 8.187811970710754395e-01 6.063750982284545898e-01 6.055740118026733398e-01 7.394813299179077148e-01 8.726444244384765625e-01 4.447194337844848633e-01 8.114210367202758789e-01 4.835085272789001465e-01 1.194368004798889160e+00 4.307069778442382812e-01
5.168157815933227539e-01 5.650236606597900391e-01 4.964994788169860840e-01 6.761100292205810547e-01 2.931025028228759766e-01 4.203596413135528564e-01 6.851847171783447266e-01 6.327509284019470215e-01 6.667888164520263672e-01 8.233898878097534180e-01 5.663648843765258789e-01 5.378308296203613281e-01 9.016893506050109863e-01 8.035359978675842285e-01 7.968928813934326172e-01 4.460113346576690674e-01 7.191359996795654297e-01 5.875948071479797363e-01 9.802584648132324219e-01 9.373248815536499023e-01
4.558680057525634766e-01 4.454701542854309082e-01 5.294541716575622559e-01 2.287435084581375122e-01 4.310963749885559082e-01 6.145625114440917969e-01 7.492820024490356445e-01 6.242896318435668945e-01 6.651375293731689453e-01 6.523998975753784180e-01 4.686020910739898682e-01 2.925003170967102051e-01 4.661628901958465576e-01 4.936314225196838379e-01 5.506007671356201172e-01 5.199729800224304199e-01 8.733555674552917480e-01 3.181817233562469482e-01 5.161384940147399902e-01 1.099814057350158691e+00
3.290735185146331787e-01 4.943849444389343262e-01 4.315825402736663818e-01 6.705546379089355469e-01 6.745176315307617188e-01 6.615134477615356445e-01 5.345067977905273438e-01 9.120658636093139648e-01 3.985341191291809082e-01 7.074417471885681152e-01 6.413367986679077148e-01 6.528233289718627930e-01 5.486952066421508789e-01 5.000617504119873047e-01 2.890695333480834961e-01 4.748213589191436768e-01 5.521203279495239258e-01 7.795509696006774902e-01 5.239349603652954102e-01 9.442782998085021973e-01
6.713998317718505859e-01 6.825757026672363281e-01 3.770970702171325684e-01 6.998429894447326660e-01 3.766217231750488281e-01 4.761647880077362061e-01 6.363472342491149902e-01 8.582804203033447266e-01 8.087137937545776367e-01 5.235865116119384766e-01 6.636034846305847168e-01 5.588006973266601562e-01 6.664928197860717773e-01 4.079756140708923340e-01 5.085725784301757812e-01 3.286599218845367432e-01 3.771052360534667969e-01 5.345893502235412598e-01 2.260221540927886963e-01 4.781880080699920654e-01
3.467538356781005859e-01 3.508901894092559814e-01 6.460931301116943359e-01 3.435238599777221680e-01 6.962143182754516602e-01 1.963090747594833374e-01 7.370992302894592285e-01 9.787916541099548340e-01 8.751589059829711914e-01 6.032172441482543945e-01 9.470360279083251953e-01 4.919932484626770020e-01 7.801505923271179199e-01 2.573368847370147705e-01 3.575673997402191162e-01 3.633140921592712402e-01 4.626206159591674805e-01 6.795020699501037598e-01 6.618762612342834473e-01 5.944023132324218750e-01
8.340466022491455078e-01 4.181580841541290283e-01 6.842223405838012695e-01 4.915485680103302002e-01 3.355053365230560303e-01 7.357179522514343262e-01 8.953073024749755859e-01 8.941867351531982422e-01 6.762766838073730469e-01 9.277125000953674316e-01 4.891828894615173340e-01 4.510779976844787598e-01 5.194108486175537109e-01 2.521232366561889648e-01 4.636368155479431152e-01 5.124870538711547852e-01 5.249918699264526367e-01 2.234542667865753174e-01 4.979440569877624512e-01 3.267305791378021240e-01
5.503754615783691406e-01 7.454404234886169434e-01 5.388063192367553711e-01 6.844835281372070312e-01 7.738103866577148438e-01 9.063476324081420898e-01 1.081637501716613770e+00 6.934510469436645508e-01 5.049483776092529297e-01 7.544708251953125000e-01 8.365740776062011719e-01 7.985181808471679688e-01 5.388985872268676758e-01 4.158451557159423828e-01 6.654603481292724609e-01 4.604191780090332031e-01 5.412964224815368652e-01 3.873840272426605225e-01 6.442491412162780762e-01 5.370823144912719727e-01
5.931944847106933594e-01 5.417448282241821289e-01 6.401966214179992676e-01 7.259314656257629395e-01 7.582035660743713379e-01 6.515417098999023438e-01 6.748365163803100586e-01 4.765362739562988281e-01 7.665360569953918457e-01 4.146819710731506348e-01 3.860255479812622070e-01 6.293405294418334961e-01 3.622443079948425293e-01 4.029225111007690430e-01 5.582376718521118164e-01 3.733083605766296387e-01 4.973735809326171875e-01 3.455348312854766846e-01 5.148063898086547852e-01 6.069030165672302246e-01
7.723091840744018555e-01 5.537727475166320801e-01 9.914255738258361816e-01 6.224099397659301758e-01 6.670233607292175293e-01 4.839093685150146484e-01 8.828997015953063965e-01 7.985182404518127441e-01 6.900004744529724121e-01 8.044252991676330566e-01 8.536679148674011230e-01 5.647903084754943848e-01 4.640182852745056152e-01 3.353631794452667236e-01 5.743536353111267090e-01 4.570204317569732666e-01 4.887961447238922119e-01 3.630411326885223389e-01 2.735483348369598389e-01 6.382055282592773438e-01
5.261703729629516602e-01 9.876229166984558105e-01 7.211856842041015625e-01 7.367548942565917969e-01 8.893135786056518555e-01 5.730707049369812012e-01 6.645111441612243652e-01 7.898074388504028320e-01 7.549990415573120117e-01 8.883932828903198242e-01 7.864358425140380859e-01 7.010917663574218750e-01 1.210591912269592285e+00 6.207095384597778320e-01 3.607438206672668457e-01 3.875696659088134766e-01 4.728200435638427734e-01 2.517037391662597656e-01 5.668556690216064453e-01 4.031399488449096680e-01
