2018-07-24 21:15:00
4.749830663204193115e-01 3.838121294975280762e-01 6.702927350997924805e-01 3.537837862968444824e-01 3.273484706878662109e-01 2.907819151878356934e-01 7.882416248321533203e-01 4.511017799377441406e-01 1.677015423774719238e-01 8.115893602371215820e-01 7.242147922515869141e-01 2.999771237373352051e-01 4.606171548366546631e-01 5.589553117752075195e-01 6.654748916625976562e-01 4.666568636894226074e-01 6.274040937423706055e-01 3.792080283164978027e-01 3.526300191879272461e-01 5.298222303390502930e-01
4.077898263931274414e-01 2.203008383512496948e-01 3.015364110469818115e-01 5.440981388092041016e-01 5.836257934570312500e-01 3.676238656044006348e-01 2.836146354675292969e-01 3.955104947090148926e-01 5.665185451507568359e-01 3.755654692649841309e-01 5.621857643127441406e-01 5.619592666625976562e-01 6.652946472167968750e-01 5.297799706459045410e-01 6.901165246963500977e-01 4.039089977741241455e-01 6.573222279548645020e-01 5.516708493232727051e-01 3.256597816944122314e-01 5.185858011245727539e-01
7.009195089340209961e-01 5.135311484336853027e-01 5.421820878982543945e-01 3.891376256942749023e-01 3.661897480487823486e-01 5.829997658729553223e-01 3.244746625423431396e-01 4.498557150363922119e-01 2.324172109365463257e-01 4.337934255599975586e-01 6.436058282852172852e-01 6.942715644836425781e-01 4.891291260719299316e-01 6.532318592071533203e-01 6.372636556625366211e-01 6.528561115264892578e-01 2.586044073104858398e-01 6.240745782852172852e-01 7.007551789283752441e-01 6.021972894668579102e-01
4.474328160285949707e-01 2.684348821640014648e-01 5.266481637954711914e-01 5.622090101242065430e-01 5.608134865760803223e-01 3.696869015693664551e-01 3.540534675121307373e-01 3.542926013469696045e-01 5.010182857513427734e-01 4.077869057655334473e-01 4.338981211185455322e-01 4.467239975929260254e-01 7.433972954750061035e-01 6.137478351593017578e-01 4.736393094062805176e-01 7.931048870086669922e-01 7.760164737701416016e-01 4.000626802444458008e-01 6.985984444618225098e-01 7.599899768829345703e-01
2.604472637176513672e-01 2.667360305786132812e-01 2.258760333061218262e-01 6.388835310935974121e-01 3.630522191524505615e-01 1.570247113704681396e-01 3.478911519050598145e-01 3.808778524398803711e-01 1.767754107713699341e-01 2.812253534793853760e-01 2.198716402053833008e-01 3.977836370468139648e-01 5.450894832611083984e-01 6.772012114524841309e-01 8.105139732360839844e-01 6.912640333175659180e-01 7.630898952484130859e-01 7.714532613754272461e-01 5.664605498313903809e-01 6.993576288223266602e-01
5.123630762100219727e-01 2.054791450500488281e-01 5.542873144149780273e-01 6.604206562042236328e-01 5.547171235084533691e-01 4.528478085994720459e-01 3.078824579715728760e-01 3.242005109786987305e-01 4.774987697601318359e-01 2.648004293441772461e-01 2.345651090145111084e-01 5.140362977981567383e-01 3.977765440940856934e-01 6.865100860595703125e-01 4.451253712177276611e-01 3.650789260864257812e-01 9.395748376846313477e-01 6.660740375518798828e-01 2.766069769859313965e-01 6.141463518142700195e-01
6.178491711616516113e-01 5.566300153732299805e-01 3.966167569160461426e-01 3.324986100196838379e-01 3.951779901981353760e-01 7.014844417572021484e-01 4.908286035060882568e-01 3.317705988883972168e-01 3.062935173511505127e-01 4.356451630592346191e-01 5.886123180389404297e-01 5.003779530525207520e-01 5.910660624504089355e-01 5.728516578674316406e-01 6.159600019454956055e-01 8.296054005622863770e-01 8.636812567710876465e-01 5.793647766113281250e-01 6.582834124565124512e-01 6.130286455154418945e-01
2.309838384389877319e-01 3.845945000648498535e-01 3.987123370170593262e-01 1.676392257213592529e-01 4.787756204605102539e-01 2.622187733650207520e-01 3.556341826915740967e-01 2.401586472988128662e-01 3.682441711425781250e-01 5.824086070060729980e-01 3.236246109008789062e-01 4.075926244258880615e-01 3.380879759788513184e-01 1.789443045854568481e-01 5.525931715965270996e-01 8.626974821090698242e-01 6.113648414611816406e-01 8.698363304138183594e-01 5.359450578689575195e-01 5.581607818603515625e-01
3.452288508415222168e-01 4.678927659988403320e-01 2.695494592189788818e-01 3.128543496131896973e-01 4.159444868564605713e-01 4.802853763103485107e-01 5.497667789459228516e-01 3.883287906646728516e-01 2.195382416248321533e-01 1.584734320640563965e-01 6.209681630134582520e-01 2.372705340385437012e-01 4.557785689830780029e-01 5.037171244621276855e-01 7.206259369850158691e-01 8.332120180130004883e-01 7.304230928421020508e-01 7.603756189346313477e-01 4.272607564926147461e-01 4.784986972808837891e-01
3.467014133930206299e-01 4.724560379981994629e-01 4.850244224071502686e-01 3.728515207767486572e-01 3.757592439651489258e-01 2.830267548561096191e-01 3.811972141265869141e-01 4.721895456314086914e-01 4.571185111999511719e-01 5.233062505722045898e-01 4.969837665557861328e-01 4.413710236549377441e-01 4.921182394027709961e-01 4.873277544975280762e-01 6.282001137733459473e-01 8.168274164199829102e-01 4.854815006256103516e-01 5.572789907455444336e-01 9.541785120964050293e-01 3.405130505561828613e-01
4.495857954025268555e-01 6.179429292678833008e-01 4.194550216197967529e-01 4.503640234470367432e-01 4.568244814872741699e-01 4.365781247615814209e-01 2.980338931083679199e-01 4.376290440559387207e-01 2.799750566482543945e-01 5.865814685821533203e-01 3.591985106468200684e-01 5.082020163536071777e-01 4.362941682338714600e-01 5.926048159599304199e-01 4.986565709114074707e-01 4.301745891571044922e-01 3.869788646697998047e-01 5.929508209228515625e-01 7.193301916122436523e-01 6.111015081405639648e-01
4.871173799037933350e-01 3.405573368072509766e-01 4.962107241153717041e-01 2.762484848499298096e-01 4.936886131763458252e-01 4.059380292892456055e-01 5.929336547851562500e-01 4.393345117568969727e-01 6.696898341178894043e-01 5.770652294158935547e-01 6.490447521209716797e-01 5.242934226989746094e-01 5.291547775268554688e-01 3.241190612316131592e-01 3.171313703060150146e-01 4.687029123306274414e-01 4.759332537651062012e-01 2.936843633651733398e-01 7.058852314949035645e-01 7.006647586822509766e-01
3.886505663394927979e-01 4.170761704444885254e-01 2.504523396492004395e-01 1.514256596565246582e-01 5.557687282562255859e-01 5.681437253952026367e-01 4.464035332202911377e-01 4.882794916629791260e-01 6.753007173538208008e-01 4.091539978981018066e-01 6.029293537139892578e-01 3.641185164451599121e-01 3.693004250526428223e-01 3.576222956180572510e-01 3.487952053546905518e-01 3.492707908153533936e-01 6.532595753669738770e-01 2.736090123653411865e-01 1.531513035297393799e-01 7.334502339363098145e-01
4.846565723419189453e-01 3.956840336322784424e-01 6.281732916831970215e-01 3.457999825477600098e-01 3.856967091560363770e-01 3.224381208419799805e-01 6.491718292236328125e-01 3.554165959358215332e-01 4.992845058441162109e-01 2.451915293931961060e-01 4.730023741722106934e-01 3.302901983261108398e-01 3.162176907062530518e-01 5.724796056747436523e-01 4.106604754924774170e-01 3.120173513889312744e-01 5.530674457550048828e-01 4.641395807266235352e-01 2.656679749488830566e-01 3.139286637306213379e-01
3.065576851367950439e-01 3.043429255485534668e-01 3.814243078231811523e-01 2.385570853948593140e-01 4.425371587276458740e-01 5.747612714767456055e-01 7.317986488342285156e-01 3.637605905532836914e-01 6.478078365325927734e-01 4.937436878681182861e-01 5.172774195671081543e-01 5.038501024246215820e-01 4.427403807640075684e-01 2.834146022796630859e-01 4.939006567001342773e-01 2.603003978729248047e-01 3.395909070968627930e-01 1.892290115356445312e-01 5.293735265731811523e-01 4.831362366676330566e-01
7.734517455101013184e-01 5.196732282638549805e-01 3.068749308586120605e-01 5.346529483795166016e-01 6.601795554161071777e-01 5.478698015213012695e-01 5.885413885116577148e-01 5.330248475074768066e-01 5.859397649765014648e-01 7.261154651641845703e-01 4.534852504730224609e-01 3.971079587936401367e-01 2.873266339302062988e-01 4.191555380821228027e-01 3.590304553508758545e-01 4.038223028182983398e-01 5.224809050559997559e-01 6.058337688446044922e-01 5.951296687126159668e-01 4.264477491378784180e-01
2.063017040491104126e-01 5.854088068008422852e-01 6.550453305244445801e-01 2.955103516578674316e-01 8.366984128952026367e-01 5.570913553237915039e-01 2.884285449981689453e-01 6.361643075942993164e-01 7.988792657852172852e-01 3.587184548377990723e-01 5.634405612945556641e-01 5.947920083999633789e-01 4.124191403388977051e-01 3.277541399002075195e-01 4.144503474235534668e-01 5.387698411941528320e-01 3.626321554183959961e-01 5.997874140739440918e-01 6.238199472427368164e-01 4.705568552017211914e-01
5.409562587738037109e-01 3.759242892265319824e-01 5.711259841918945312e-01 3.599673509597778320e-01 6.104081273078918457e-01 6.029103994369506836e-01 4.725766181945800781e-01 4.128613770008087158e-01 7.154641747474670410e-01 6.479780077934265137e-01 3.950496315956115723e-01 5.947788357734680176e-01 5.386780500411987305e-01 3.562633991241455078e-01 4.383103847503662109e-01 5.113446712493896484e-01 1.454301476478576660e-01 2.792261540889739990e-01 5.197781920433044434e-01 7.934491038322448730e-01
3.263972401618957520e-01 4.350219666957855225e-01 5.776888132095336914e-01 5.204018354415893555e-01 5.766570568084716797e-01 5.825094580650329590e-01 3.494055271148681641e-01 2.437195479869842529e-01 3.216232061386108398e-01 7.274714708328247070e-01 1.117797851562500000e+00 5.166782140731811523e-01 3.784169852733612061e-01 1.903123557567596436e-01 2.943883538246154785e-01 4.715116024017333984e-01 5.487822890281677246e-01 4.931029379367828369e-01 5.817785263061523438e-01 3.148273825645446777e-01
3.341847658157348633e-01 4.515280723571777344e-01 6.219803094863891602e-01 6.322488784790039062e-01 6.169403791427612305e-01 1.799596548080444336e-01 2.503656148910522461e-01 5.173307657241821289e-01 5.189181566238403320e-01 5.099133253097534180e-01 4.991149902343750000e-01 3.272750973701477051e-01 5.380534529685974121e-01 4.431076943874359131e-01 4.510952234268188477e-01 3.663600683212280273e-01 4.699001312255859375e-01 3.174088299274444580e-01 2.285009622573852539e-01 7.476391196250915527e-01
