2018-07-24 22:00:00
4.231850802898406982e-01 5.784599184989929199e-01 7.260030508041381836e-01 4.578233957290649414e-01 3.761123418807983398e-01 4.383165240287780762e-01 9.801519513130187988e-01 7.471514940261840820e-01 6.196615695953369141e-01 7.171006798744201660e-01 4.832713007926940918e-01 8.759374618530273438e-01 9.011925458908081055e-01 1.276717662811279297e+00 8.771952390670776367e-01 8.332459330558776855e-01 3.750666379928588867e-01 1.312195181846618652e+00 5.055538415908813477e-01 7.226338386535644531e-01
5.105370283126831055e-01 7.669185400009155273e-01 4.390247762203216553e-01 3.755543231964111328e-01 6.537468433380126953e-01 5.155749320983886719e-01 3.329218327999114990e-01 4.866998195648193359e-01 7.427109479904174805e-01 5.673758983612060547e-01 4.035012125968933105e-01 5.641084909439086914e-01 7.347284555435180664e-01 9.963780641555786133e-01 1.710540771484375000e+00 1.686739087104797363e+00 1.120476603507995605e+00 1.309274435043334961e+00 9.110841751098632812e-01 9.751260280609130859e-01
3.678804934024810791e-01 4.657791554927825928e-01 1.085473775863647461e+00 3.458708524703979492e-01 5.184514522552490234e-01 4.329987764358520508e-01 5.302135944366455078e-01 5.125305652618408203e-01 5.574216842651367188e-01 5.153195261955261230e-01 7.083461880683898926e-01 6.689127683639526367e-01 9.874275922775268555e-01 5.206248760223388672e-01 9.565602540969848633e-01 1.408572912216186523e+00 5.803068876266479492e-01 9.617938995361328125e-01 1.195426940917968750e+00 1.688964843750000000e+00
3.952361643314361572e-01 4.959072470664978027e-01 4.887349605560302734e-01 6.743628978729248047e-01 4.598636627197265625e-01 3.122955858707427979e-01 5.588042140007019043e-01 4.992650747299194336e-01 5.350784063339233398e-01 6.697738170623779297e-01 3.768557906150817871e-01 1.143237113952636719e+00 9.474669694900512695e-01 4.799275100231170654e-01 1.025887489318847656e+00 1.112275362014770508e+00 7.025804519653320312e-01 1.411252737045288086e+00 1.193383097648620605e+00 1.002481579780578613e+00
3.484942317008972168e-01 5.862032175064086914e-01 6.089924573898315430e-01 3.630200028419494629e-01 5.828972458839416504e-01 7.014746069908142090e-01 2.796258330345153809e-01 3.612295985221862793e-01 8.680722713470458984e-01 3.583784699440002441e-01 4.822003841400146484e-01 7.736346721649169922e-01 9.375857114791870117e-01 8.762781620025634766e-01 9.967716336250305176e-01 1.020987272262573242e+00 1.327202320098876953e+00 1.091213822364807129e+00 9.267852306365966797e-01 1.080869078636169434e+00
3.877335190773010254e-01 4.294270277023315430e-01 5.462816953659057617e-01 4.075858592987060547e-01 2.934626936912536621e-01 6.707257032394409180e-01 2.660012245178222656e-01 4.670742750167846680e-01 6.749411225318908691e-01 4.326285719871520996e-01 6.039294600486755371e-01 6.861075162887573242e-01 6.178243160247802734e-01 4.950917363166809082e-01 9.692309498786926270e-01 8.507340550422668457e-01 1.003019690513610840e+00 9.687648415565490723e-01 6.002812981605529785e-01 9.258322119712829590e-01
4.033650755882263184e-01 3.689612150192260742e-01 1.716049760580062866e-01 2.323885858058929443e-01 1.649559736251831055e-01 6.166810393333435059e-01 3.171530365943908691e-01 2.901329696178436279e-01 7.828994989395141602e-01 4.714335203170776367e-01 5.874062776565551758e-01 6.845557093620300293e-01 4.557144343852996826e-01 7.123399972915649414e-01 8.665068149566650391e-01 7.518720626831054688e-01 1.378806114196777344e+00 1.418910384178161621e+00 7.820783853530883789e-01 9.168835878372192383e-01
2.927737236022949219e-01 3.016019463539123535e-01 5.066810846328735352e-01 4.435136318206787109e-01 4.928309321403503418e-01 5.519055128097534180e-01 2.921671867370605469e-01 3.897747099399566650e-01 4.545567631721496582e-01 4.331996142864227295e-01 6.351612806320190430e-01 3.818652331829071045e-01 9.803901910781860352e-01 6.574360728263854980e-01 9.008464217185974121e-01 9.906619787216186523e-01 8.717986941337585449e-01 1.276461124420166016e+00 8.730654716491699219e-01 1.443915128707885742e+00
3.905800282955169678e-01 2.999530136585235596e-01 3.598863780498504639e-01 2.939824461936950684e-01 4.095764160156250000e-01 4.302259385585784912e-01 4.370841383934020996e-01 3.302991390228271484e-01 4.914056658744812012e-01 2.323904782533645630e-01 6.568272709846496582e-01 5.315618515014648438e-01 1.006251811981201172e+00 4.787377119064331055e-01 5.992527604103088379e-01 8.973702192306518555e-01 9.350943565368652344e-01 1.217068076133728027e+00 7.685382366180419922e-01 6.414149403572082520e-01
5.091602802276611328e-01 4.919540584087371826e-01 6.010698080062866211e-01 3.637152612209320068e-01 2.857581377029418945e-01 2.524301409721374512e-01 5.032405257225036621e-01 6.107430458068847656e-01 5.022966265678405762e-01 3.440893292427062988e-01 4.198688268661499023e-01 6.784728765487670898e-01 6.069025397300720215e-01 6.115947961807250977e-01 5.810580253601074219e-01 8.951979875564575195e-01 7.147746086120605469e-01 8.067683577537536621e-01 8.639738559722900391e-01 6.497449874877929688e-01
2.342819422483444214e-01 4.649266004562377930e-01 4.018594622611999512e-01 5.583052635192871094e-01 6.605725288391113281e-01 3.080636262893676758e-01 5.034627318382263184e-01 4.173693954944610596e-01 1.826676130294799805e-01 6.586237549781799316e-01 6.877045631408691406e-01 5.378822088241577148e-01 6.910427212715148926e-01 1.009191393852233887e+00 4.889356195926666260e-01 5.607483386993408203e-01 1.107231616973876953e+00 8.113913536071777344e-01 1.029059171676635742e+00 8.271961212158203125e-01
4.534413814544677734e-01 1.575672030448913574e-01 2.714338898658752441e-01 3.866364359855651855e-01 4.272106587886810303e-01 5.155828595161437988e-01 4.192219972610473633e-01 5.758065581321716309e-01 5.212264060974121094e-01 4.850095510482788086e-01 3.095878362655639648e-01 3.877059817314147949e-01 6.399378180503845215e-01 4.558595418930053711e-01 5.375332236289978027e-01 3.389373421669006348e-01 8.637797236442565918e-01 5.727335214614868164e-01 6.596191525459289551e-01 8.702396154403686523e-01
4.391956627368927002e-01 3.404297530651092529e-01 2.462137341499328613e-01 3.513575494289398193e-01 3.235582709312438965e-01 3.355333805084228516e-01 6.132368445396423340e-01 6.210600733757019043e-01 4.483800530433654785e-01 5.172829627990722656e-01 3.411724567413330078e-01 6.723616123199462891e-01 3.177449107170104980e-01 3.798455595970153809e-01 4.567785561084747314e-01 4.804958403110504150e-01 5.568020343780517578e-01 5.281485915184020996e-01 5.100602507591247559e-01 9.667221307754516602e-01
4.953492283821105957e-01 2.587268054485321045e-01 1.908200830221176147e-01 2.206765115261077881e-01 5.024237632751464844e-01 5.683734416961669922e-01 4.801459908485412598e-01 5.889453291893005371e-01 6.393823623657226562e-01 6.200304031372070312e-01 3.580776453018188477e-01 2.932608723640441895e-01 4.503462314605712891e-01 2.766601443290710449e-01 2.962719500064849854e-01 2.910276651382446289e-01 4.059166312217712402e-01 4.480002224445343018e-01 5.460305213928222656e-01 4.946318864822387695e-01
4.368489384651184082e-01 5.909346342086791992e-01 4.569917917251586914e-01 5.854752063751220703e-01 5.363056063652038574e-01 3.961371481418609619e-01 7.216382622718811035e-01 7.176152467727661133e-01 4.430798888206481934e-01 6.108208894729614258e-01 6.067081093788146973e-01 3.134007155895233154e-01 5.431321859359741211e-01 4.786168634891510010e-01 4.554795920848846436e-01 3.223927021026611328e-01 2.406380176544189453e-01 7.266749143600463867e-01 4.461655616760253906e-01 2.755846381187438965e-01
4.743807315826416016e-01 3.069345057010650635e-01 8.186717629432678223e-01 7.794601917266845703e-01 3.880181908607482910e-01 6.850152611732482910e-01 6.770448684692382812e-01 5.836167335510253906e-01 4.298737049102783203e-01 5.954136848449707031e-01 6.107689142227172852e-01 4.086314439773559570e-01 3.709247708320617676e-01 5.690901875495910645e-01 4.123124778270721436e-01 3.268441855907440186e-01 3.313812017440795898e-01 3.669959008693695068e-01 6.393619179725646973e-01 5.353804230690002441e-01
4.880547225475311279e-01 3.421981930732727051e-01 4.977943897247314453e-01 9.525789022445678711e-01 4.025566875934600830e-01 6.538501977920532227e-01 9.953114986419677734e-01 9.500099420547485352e-01 6.069031953811645508e-01 4.933424592018127441e-01 7.299054861068725586e-01 7.886036038398742676e-01 7.979000806808471680e-01 4.444033503532409668e-01 3.853097856044769287e-01 7.218331098556518555e-01 5.607829093933105469e-01 3.774333000183105469e-01 3.392488062381744385e-01 4.831472337245941162e-01
5.884090065956115723e-01 4.119445085525512695e-01 6.323120594024658203e-01 6.356894373893737793e-01 6.071947813034057617e-01 3.643469214439392090e-01 5.771781802177429199e-01 4.618792235851287842e-01 6.867353916168212891e-01 1.264042496681213379e+00 3.213543891906738281e-01 3.630145192146301270e-01 4.946089684963226318e-01 2.764410674571990967e-01 3.148484826087951660e-01 4.180598258972167969e-01 3.386026322841644287e-01 6.056649088859558105e-01 5.763245820999145508e-01 6.286320090293884277e-01
8.487262725830078125e-01 4.623903036117553711e-01 1.110433340072631836e+00 6.493080854415893555e-01 7.665181159973144531e-01 6.527841091156005859e-01 1.066322803497314453e+00 7.557092905044555664e-01 6.437928080558776855e-01 8.061490058898925781e-01 5.063787102699279785e-01 4.931871294975280762e-01 3.919569551944732666e-01 4.672629833221435547e-01 2.861984968185424805e-01 5.443621277809143066e-01 1.741579771041870117e-01 5.662134289741516113e-01 4.429168701171875000e-01 4.169321060180664062e-01
5.679074525833129883e-01 5.601695179939270020e-01 6.873240470886230469e-01 6.464402079582214355e-01 2.805050015449523926e-01 5.929561853408813477e-01 9.488761425018310547e-01 5.029164552688598633e-01 9.824748635292053223e-01 3.132447600364685059e-01 5.934352874755859375e-01 3.940632343292236328e-01 5.647816658020019531e-01 8.539922833442687988e-01 3.845596015453338623e-01 3.416569232940673828e-01 5.070034265518188477e-01 3.083661794662475586e-01 5.088857412338256836e-01 2.457943260669708252e-01
