2018-07-24 22:45:00
6.532678604125976562e-01 9.187171459197998047e-01 9.839231371879577637e-01 7.212831974029541016e-01 8.993036746978759766e-01 5.539944767951965332e-01 5.888012051582336426e-01 7.221753001213073730e-01 5.467860102653503418e-01 8.438819646835327148e-01 6.981122493743896484e-01 8.793138265609741211e-01 8.027376532554626465e-01 7.990571260452270508e-01 1.337787866592407227e+00 9.563980698585510254e-01 1.901799917221069336e+00 4.381394386291503906e-01 5.163795351982116699e-01 1.048339605331420898e+00
6.431178450584411621e-01 7.761821746826171875e-01 7.398414611816406250e-01 7.165073156356811523e-01 9.338554739952087402e-01 6.504960060119628906e-01 4.714902937412261963e-01 7.769555449485778809e-01 5.847089290618896484e-01 8.620166182518005371e-01 4.176248908042907715e-01 7.113786935806274414e-01 6.514941453933715820e-01 6.170682907104492188e-01 1.162983655929565430e+00 1.085187435150146484e+00 7.569414377212524414e-01 5.772891044616699219e-01 1.082014560699462891e+00 1.166588068008422852e+00
8.282102346420288086e-01 6.192687153816223145e-01 8.674618601799011230e-01 8.593003153800964355e-01 5.666515231132507324e-01 4.669690132141113281e-01 5.198118686676025391e-01 7.538588047027587891e-01 4.609370827674865723e-01 5.097481608390808105e-01 6.738682985305786133e-01 3.901708722114562988e-01 8.038474917411804199e-01 1.227144598960876465e+00 1.137513160705566406e+00 8.635758161544799805e-01 6.769770383834838867e-01 1.609985828399658203e+00 1.281373143196105957e+00 1.170018672943115234e+00
6.919307708740234375e-01 8.432441949844360352e-01 7.312926054000854492e-01 7.597715854644775391e-01 6.290803551673889160e-01 9.346771240234375000e-01 5.221296548843383789e-01 9.190326333045959473e-01 6.684037446975708008e-01 8.270798921585083008e-01 7.089369297027587891e-01 7.710583806037902832e-01 8.538451194763183594e-01 1.167249083518981934e+00 1.073276281356811523e+00 1.324972629547119141e+00 8.119839429855346680e-01 9.791311621665954590e-01 1.605706453323364258e+00 1.354797363281250000e+00
7.886266112327575684e-01 8.403515815734863281e-01 5.783811807632446289e-01 8.159132003784179688e-01 6.392347216606140137e-01 4.849932193756103516e-01 3.413547575473785400e-01 3.514308631420135498e-01 3.144530057907104492e-01 3.153597414493560791e-01 5.539635419845581055e-01 6.035153865814208984e-01 9.774395227432250977e-01 9.638143777847290039e-01 1.001241922378540039e+00 1.018044471740722656e+00 1.037259578704833984e+00 1.195575356483459473e+00 1.209499120712280273e+00 1.052006125450134277e+00
6.556745171546936035e-01 3.650366067886352539e-01 5.710673332214355469e-01 3.674390017986297607e-01 6.846519112586975098e-01 5.448991060256958008e-01 1.934703886508941650e-01 4.861529171466827393e-01 4.655236005783081055e-01 4.047094583511352539e-01 6.129319667816162109e-01 8.589267730712890625e-01 7.831152677536010742e-01 1.036715745925903320e+00 6.855943202972412109e-01 7.632795572280883789e-01 1.724417209625244141e+00 1.276471495628356934e+00 9.187967777252197266e-01 1.446730613708496094e+00
7.073452472686767578e-01 4.413990974426269531e-01 5.494710206985473633e-01 5.451694726943969727e-01 4.376107156276702881e-01 5.491573810577392578e-01 3.754451572895050049e-01 3.437108993530273438e-01 4.332689046859741211e-01 6.431498527526855469e-01 5.168859958648681641e-01 5.872945189476013184e-01 1.017826080322265625e+00 7.463722229003906250e-01 1.289810180664062500e+00 9.903801679611206055e-01 1.654240012168884277e+00 1.111464738845825195e+00 1.776809573173522949e+00 1.084353446960449219e+00
3.166621923446655273e-01 5.782355070114135742e-01 1.890644580125808716e-01 4.732601344585418701e-01 5.274815559387207031e-01 5.014184713363647461e-01 5.051946640014648438e-01 4.067469239234924316e-01 4.162365496158599854e-01 5.361859798431396484e-01 6.867578625679016113e-01 5.075859427452087402e-01 3.130861520767211914e-01 7.314301729202270508e-01 1.441708803176879883e+00 9.016112089157104492e-01 8.517813682556152344e-01 1.270339727401733398e+00 9.812793731689453125e-01 1.107174992561340332e+00
5.056225061416625977e-01 5.987987518310546875e-01 3.537839055061340332e-01 6.522101163864135742e-01 4.502449035644531250e-01 6.824874877929687500e-01 3.933179378509521484e-01 5.256274938583374023e-01 5.153073072433471680e-01 4.301731288433074951e-01 7.220051884651184082e-01 6.799456477165222168e-01 2.993824481964111328e-01 8.497198820114135742e-01 1.044804334640502930e+00 1.058673381805419922e+00 8.574178218841552734e-01 1.457638025283813477e+00 4.788143038749694824e-01 1.523517370223999023e+00
6.131356954574584961e-01 4.488179683685302734e-01 2.490162849426269531e-01 5.065463185310363770e-01 6.152051687240600586e-01 7.108870148658752441e-01 3.732826709747314453e-01 7.800102829933166504e-01 8.016859292984008789e-01 2.707469463348388672e-01 1.193660616874694824e+00 7.963531017303466797e-01 4.637347459793090820e-01 1.209982395172119141e+00 1.081094503402709961e+00 5.629934072494506836e-01 9.696046113967895508e-01 1.676404476165771484e+00 8.116004467010498047e-01 8.420305252075195312e-01
4.690370559692382812e-01 3.813160657882690430e-01 4.232231378555297852e-01 2.611838877201080322e-01 5.212517976760864258e-01 4.537852406501770020e-01 4.399330615997314453e-01 6.149005889892578125e-01 5.014418959617614746e-01 8.696801662445068359e-01 6.106814146041870117e-01 8.127666711807250977e-01 4.070428907871246338e-01 8.809316754341125488e-01 8.715941309928894043e-01 9.696840047836303711e-01 7.949153184890747070e-01 6.677731275558471680e-01 1.307533025741577148e+00 4.665627479553222656e-01
3.144167065620422363e-01 4.259854853153228760e-01 3.603207468986511230e-01 5.730752944946289062e-01 4.178583621978759766e-01 4.930147826671600342e-01 7.948214411735534668e-01 5.710878372192382812e-01 4.332702457904815674e-01 6.100200414657592773e-01 7.595103979110717773e-01 9.069142341613769531e-01 7.963782548904418945e-01 5.802086591720581055e-01 4.969455003738403320e-01 8.334768414497375488e-01 7.581729888916015625e-01 9.292172193527221680e-01 1.134306907653808594e+00 9.642042517662048340e-01
2.058915197849273682e-01 4.530129432678222656e-01 4.695990085601806641e-01 4.506137371063232422e-01 4.951662421226501465e-01 6.014243364334106445e-01 5.532667636871337891e-01 6.674048900604248047e-01 7.333164811134338379e-01 7.812998294830322266e-01 5.995185375213623047e-01 5.175436735153198242e-01 8.944103717803955078e-01 6.840401887893676758e-01 5.871260166168212891e-01 4.266293048858642578e-01 5.244016647338867188e-01 4.328220486640930176e-01 4.235999584197998047e-01 1.147811651229858398e+00
4.218387305736541748e-01 4.934628307819366455e-01 5.264227390289306641e-01 4.286401867866516113e-01 5.620547533035278320e-01 6.517027020454406738e-01 8.792393207550048828e-01 6.244218349456787109e-01 4.164949059486389160e-01 1.008058309555053711e+00 5.416941642761230469e-01 8.294433355331420898e-01 4.395162165164947510e-01 4.359423220157623291e-01 5.552569031715393066e-01 5.496449470520019531e-01 7.915410995483398438e-01 4.551441073417663574e-01 6.666921377182006836e-01 6.813799142837524414e-01
3.713215887546539307e-01 6.580162048339843750e-01 4.554062485694885254e-01 5.211403369903564453e-01 7.257603406906127930e-01 8.402112722396850586e-01 5.912114381790161133e-01 7.122400403022766113e-01 7.298682928085327148e-01 8.014461994171142578e-01 8.528926372528076172e-01 6.947677135467529297e-01 4.599392414093017578e-01 4.844567775726318359e-01 5.786789655685424805e-01 3.433584570884704590e-01 5.110177993774414062e-01 4.543407261371612549e-01 7.223606705665588379e-01 6.225547790527343750e-01
6.486873030662536621e-01 4.360671341419219971e-01 5.091617107391357422e-01 6.010729074478149414e-01 6.613883972167968750e-01 1.165588021278381348e+00 1.379312992095947266e+00 1.130780577659606934e+00 9.393181800842285156e-01 6.782089471817016602e-01 8.416556119918823242e-01 6.884024143218994141e-01 4.088458418846130371e-01 3.527104556560516357e-01 6.337870359420776367e-01 7.190020084381103516e-01 4.118926823139190674e-01 7.457143068313598633e-01 2.565302848815917969e-01 4.093185067176818848e-01
3.669581711292266846e-01 3.687903583049774170e-01 4.507572650909423828e-01 5.783622264862060547e-01 8.579199314117431641e-01 1.073866724967956543e+00 4.678528010845184326e-01 1.418749570846557617e+00 1.620370626449584961e+00 7.954021692276000977e-01 1.175953388214111328e+00 6.781855821609497070e-01 6.683927774429321289e-01 7.985635399818420410e-01 5.151073932647705078e-01 1.820520460605621338e-01 5.761312246322631836e-01 4.460281729698181152e-01 8.924865722656250000e-01 5.702027082443237305e-01
7.195843458175659180e-01 6.608064770698547363e-01 7.473976612091064453e-01 9.583708643913269043e-01 1.233233928680419922e+00 8.739397525787353516e-01 8.902052640914916992e-01 1.213742494583129883e+00 1.105253815650939941e+00 6.199722886085510254e-01 6.015284061431884766e-01 7.119274139404296875e-01 3.855837583541870117e-01 3.959105610847473145e-01 4.729476571083068848e-01 3.391236662864685059e-01 2.027653157711029053e-01 3.796928822994232178e-01 6.250022649765014648e-01 5.927390456199645996e-01
4.871784746646881104e-01 8.871173858642578125e-01 9.915440082550048828e-01 7.400687336921691895e-01 7.900496721267700195e-01 5.017120838165283203e-01 1.115433454513549805e+00 5.994222760200500488e-01 1.055442333221435547e+00 4.844902157783508301e-01 5.439161658287048340e-01 6.946453452110290527e-01 8.282896876335144043e-01 4.940856099128723145e-01 4.301223754882812500e-01 6.259159445762634277e-01 4.573627412319183350e-01 6.014335155487060547e-01 3.114084601402282715e-01 2.883381545543670654e-01
6.542425155639648438e-01 6.814092993736267090e-01 8.112304210662841797e-01 5.881348848342895508e-01 9.994802474975585938e-01 7.775516510009765625e-01 6.102476119995117188e-01 7.851831912994384766e-01 7.305698394775390625e-01 6.432223916053771973e-01 3.596382737159729004e-01 8.674800395965576172e-01 5.502600669860839844e-01 8.975517153739929199e-01 5.776501893997192383e-01 2.965238094329833984e-01 5.875102281570434570e-01 5.641826391220092773e-01 5.510279536247253418e-01 6.302370429039001465e-01
